637  1.0
679  0.7422172639893897
788  0.7409946642198166
722  0.5746802034224119
514  0.5400535342001631
515  0.5399847711276695
442  0.539955914570883
643  0.5398664623839997
441  0.5396552373914402
552  0.5133422801804322
593  0.5127384220253876
561  0.5115581983784288
571  0.5105752286708171
429  0.5105104846092785
796  0.5095513904476395
798  0.5093723595893986
793  0.5088571307227447
623  0.5088542427848328
235  0.5088424028763057
792  0.5087638379666644
586  0.5086855731351965
242  0.5086688019113689
369  0.5086678140533432
375  0.5086642378080428
373  0.5086396072321491
948  0.5086253058311927
562  0.5082266582385577
85  0.5081413492347591
196  0.508121622623372
88  0.5080597236144632
321  0.5080499782441121
86  0.5080299055501456
150  0.5080194461988055
356  0.5080154915665063
307  0.5079942644547368
191  0.5079916769345888
87  0.5079479612583617
97  0.5079070550522127
194  0.507900325164933
89  0.507896572834722
939  0.5076087754487921
152  0.5075997774141835
348  0.5075281586971178
965  0.5074850992874929
149  0.5074776928843006
891  0.5066476531290689
626  0.5061144376725888
560  0.506086303674109
674  0.5058644665571959
343  0.5058575102784642
487  0.5058491570392276
339  0.5058332197477079
368  0.5055406850328489
4  0.5044277934559381
907  0.5043548252829719
819  0.5040670639343818
908  0.5040321157775745
910  0.5039798462562798
812  0.5039774396753858
444  0.5039635795105835
567  0.5038873777487525
943  0.5038801070035015
238  0.5038192785421522
677  0.5037892845048807
828  0.5033429880707105
241  0.5030876503865354
863  0.5030138085942898
401  0.5029826408479481
407  0.50295843235854
542  0.5028309051138513
60  0.5028201885369764
494  0.5025509234632972
854  0.5025401111461987
871  0.5024904813166742
341  0.5024890149994734
364  0.5024719824172003
931  0.5024444085583217
390  0.5024261678975681
867  0.5024254394094779
433  0.502410198978323
860  0.5023761722522
869  0.5023517071101806
857  0.5023226241737241
614  0.5023145315312822
271  0.5023034480416755
875  0.5020695167203562
377  0.5020645814504019
387  0.5020516254206693
899  0.5020302133403536
966  0.5020205799317219
386  0.5020093090164037
416  0.5019921667740115
924  0.5019882905719342
702  0.5019786768581445
374  0.5019681287730221
669  0.5019490326470375
947  0.5019413437978726
975  0.5018995122388374
278  0.5018967409343535
388  0.5017670503467961
381  0.5017634466564784
406  0.5017521385358849
370  0.5017357391620537
865  0.5016976342147113
300  0.5016815349638231
116  0.5016735670057199
873  0.5016698601926151
305  0.5016530866781848
409  0.5016062723107269
751  0.5015812746081668
942  0.5015470070070105
262  0.5015244294769456
436  0.5015241638987473
261  0.5015135913676978
23  0.5014775661964969
421  0.5014768282276416
324  0.5014525666607502
21  0.5014432712295915
962  0.501442781020787
424  0.5014304200074026
596  0.5013670350627472
239  0.5013474419753969
940  0.5013428507304305
690  0.5013125753803667
685  0.5012958050304052
432  0.5012946440220215
754  0.5012846018435677
398  0.501261288252826
245  0.5012475171423572
841  0.5012469773079633
881  0.5012451134887239
334  0.5012327487795392
483  0.5012297906210377
839  0.5012286252762361
412  0.5012272102073706
756  0.5012168140672086
937  0.5012115175360887
933  0.5012113318360384
243  0.5011698188437135
248  0.50116937861696
428  0.5011355472600374
707  0.5011271144891782
250  0.5011082513526853
887  0.5010604702985962
829  0.5009935580678431
559  0.5009857190602842
961  0.5009722470150743
546  0.500953721270317
827  0.5009014388733746
826  0.5008994281865811
850  0.5008602728420063
372  0.5008582705470191
306  0.5008477710120933
301  0.5008164813230309
848  0.5008137653105895
126  0.5007499567518254
247  0.5007442020549124
973  0.5007410158891408
974  0.5007371362373512
830  0.5007222168447787
84  0.5007111175638704
660  0.500703631520854
53  0.5006914039960078
260  0.5006893000079701
155  0.5006863777191046
210  0.5006863618896775
293  0.5006823373060487
257  0.5006758392982569
415  0.5006711235008057
423  0.5006637092742691
268  0.5006626469887365
63  0.5006603411544952
65  0.5006601369658212
968  0.500655995324379
274  0.5006538522669296
319  0.5006485974496923
212  0.5006484116680375
101  0.500648067567738
237  0.5006470213706751
874  0.5006466426966614
68  0.5006445709648432
928  0.5006379989507128
420  0.5006373278459271
92  0.5006363850004316
620  0.5006361698062726
54  0.5006359248853673
59  0.5006340485506204
912  0.5006338734210163
94  0.5006338475716179
323  0.5006327728805087
272  0.5006299594684986
67  0.5006293862484741
945  0.5006257042316538
311  0.5006246207809988
56  0.5006242782635595
944  0.5006241419027123
295  0.5006208753595913
66  0.5006182240287055
739  0.5006164432104003
264  0.5006144523367941
215  0.5006126769850521
70  0.5006102966884094
282  0.5006094190169652
949  0.5006090861937852
395  0.5006090050626104
294  0.5006071595481552
366  0.5006057327178322
100  0.5006055069431763
287  0.5006033023756669
833  0.5006024569954518
435  0.5006006220968957
380  0.5005950400832513
91  0.5005945779529832
389  0.5005942499369245
333  0.5005934824099798
90  0.5005887346782456
328  0.5005870971406865
297  0.5005854014199604
109  0.500584526892821
329  0.5005836374962251
222  0.5005834865699623
595  0.5005817610917075
284  0.5005814388761477
298  0.5005797108326244
244  0.5005757788674298
41  0.5005752520763225
256  0.5005741436929354
113  0.5005740533359144
292  0.5005687548227998
855  0.5005625576344781
218  0.5005606361863172
225  0.5005553337505724
208  0.5005506813738761
280  0.5005467748443677
61  0.500536369847824
95  0.5005327569273391
93  0.5005257694936189
888  0.5005167559455048
427  0.5005156548887115
18  0.5004890984309661
43  0.5004687322308377
950  0.5004646380293039
872  0.5004558037646634
115  0.5004493645031278
45  0.5004454508136875
926  0.5004359510176217
335  0.5004312364682909
246  0.5004266702775118
399  0.5004247618366777
414  0.5004196011016243
694  0.5003959272031006
932  0.5003730325160621
353  0.5003715421382922
318  0.500297686007334
837  0.5002522314618094
351  0.500223380170945
884  0.500217732181065
304  0.5002163466264085
73  0.5002160321495142
971  0.5002157927214297
953  0.5002132708126985
170  0.500208160375265
142  0.5002066728055548
64  0.500194348696944
384  0.5001903536997088
770  0.5001861407574982
958  0.50018597058523
146  0.5001823158039205
400  0.5001821091629883
265  0.500181183531069
817  0.5001787600366433
659  0.5001728080290844
276  0.5001727472378894
680  0.5001719914493011
882  0.5001712779001166
216  0.5001703428072364
960  0.5001698201018595
893  0.5001697951821573
858  0.50016763727239
903  0.5001635989122408
108  0.5001608444235529
964  0.5001603954147915
55  0.5001598951780138
52  0.5001575085546215
219  0.500157493055019
217  0.5001568837071417
822  0.5001563594540386
371  0.5001485113296067
430  0.5001458425525236
569  0.5001457425602078
128  0.5001443621150927
842  0.5001437125677426
167  0.5001434214507441
104  0.5001406544485627
815  0.5001400772585014
143  0.5001360999521862
913  0.5001343817746016
349  0.500133539550212
252  0.5001306949323123
230  0.5001293201790946
418  0.5001290375072548
749  0.5001287244402204
906  0.5001269627469553
309  0.5001264746013172
789  0.5001235058893514
405  0.5001203295017533
686  0.5001196729859765
955  0.5001193927349066
308  0.5001177729261999
124  0.5001173282292727
347  0.5001164187714391
352  0.5001155792221994
147  0.5001144071313608
895  0.5001140457153126
746  0.500111185069094
880  0.5001100579454305
144  0.5001049417492842
852  0.5001011739052523
57  0.5001007848197996
163  0.5000992834445077
379  0.5000949926654457
105  0.5000942943452036
892  0.5000942056346394
692  0.500091761233086
111  0.500090787539303
317  0.5000888751000419
159  0.5000874545169469
367  0.5000821113741489
923  0.5000809809516227
861  0.5000806222476246
102  0.5000785423246075
176  0.5000782948605098
853  0.500077737402651
970  0.500074727276546
213  0.5000732087198183
967  0.5000715120660608
345  0.5000681227006107
708  0.5000674430939374
312  0.5000674183586008
114  0.500067065898029
122  0.5000659420534487
107  0.5000604189930118
227  0.5000596060531144
315  0.5000584081608989
883  0.5000573108987536
125  0.5000557196624631
130  0.5000553147388376
283  0.5000546973705762
864  0.5000534870621564
885  0.5000511817391398
50  0.5000494654404931
425  0.5000488263367442
809  0.500047893406522
62  0.5000461160565426
358  0.5000441375151968
106  0.500043954859146
127  0.5000405105906185
624  0.5000369493550816
919  0.5000274756352909
121  0.50002168591138
123  0.5000147442642018
291  0.5000095979881946
270  0.500001019237348
224  0.49994723478488234
820  0.49993922090898213
682  0.4993805596758992
628  0.4992952536942469
698  0.49918960962415504
683  0.4991223014188677
589  0.49859847060577467
681  0.49831738762508104
705  0.49825276520882755
676  0.4981482081726155
675  0.4979207602938587
474  0.49776791346795046
696  0.4974673565975315
530  0.4973394683530461
625  0.49707656354533125
916  0.49697007013496497
732  0.49679818899968853
894  0.4967873936179712
594  0.4966565193973418
825  0.49639462685638447
277  0.49622622313235176
664  0.4961372886541854
602  0.4959303654582017
969  0.4958929838670033
635  0.4958646472750461
391  0.495845129829359
581  0.4956968398355065
524  0.4956859736175724
310  0.49564184735690087
688  0.4955688347894114
603  0.49556496162761277
453  0.4954771065915792
463  0.495442583265603
477  0.4953106681011118
716  0.4952266168765097
636  0.4950997412158513
133  0.4950990885564205
640  0.4950624196339578
535  0.49506079925747626
523  0.4950383318462791
543  0.4950183533723691
240  0.49501018242649275
303  0.49500051880243956
478  0.49484772607309135
662  0.4948316440040842
360  0.49481474850563634
678  0.4947373574058793
821  0.49469866104845794
110  0.4946666386679184
140  0.49466064086029593
738  0.49461968276329693
605  0.494612102734718
544  0.4945660342209728
497  0.494534748992156
665  0.49450097353309963
726  0.49448544841967024
612  0.49447774326844274
476  0.4944766881555658
475  0.4944682979331312
135  0.4944549051787127
563  0.49444933298594307
730  0.4944468788018991
838  0.49442760744949
534  0.4943765451071024
112  0.4943037610348766
672  0.4942660872424909
733  0.4942366247787997
577  0.4941894314709703
518  0.49418733284369243
464  0.49416976312660443
724  0.49415962807321023
701  0.4941574312081304
757  0.49415558974890716
529  0.494130153966555
528  0.4941267559377268
671  0.4940779706403938
699  0.49407726141531405
938  0.4940543355351701
120  0.49403189357712984
131  0.4939948877689222
723  0.4939901266931602
505  0.49398532145929996
743  0.4939586137720192
164  0.4939555059275178
507  0.49393667201970226
520  0.4939311426834063
658  0.49390909969866226
466  0.49385130789341825
509  0.4938415024201238
714  0.49383736226823205
511  0.4938287806311896
927  0.4938123653984149
504  0.49377197546105045
521  0.4937553892748172
734  0.4937518093907797
299  0.49373401357203006
458  0.493643558149232
590  0.4936425443481437
426  0.4935998131532028
918  0.4935872929272106
574  0.49358252742638686
584  0.4935739098211186
548  0.49356846112366626
557  0.4935326487538153
856  0.4935265210796673
727  0.49352567996419006
539  0.4935040794827472
455  0.49347274924174334
527  0.49346640324234536
462  0.49344812059146015
758  0.49342528366505123
741  0.4933425461439632
642  0.4933006318451675
627  0.4932760368158784
502  0.4932116955163782
448  0.49318921070074817
703  0.4931889536859949
129  0.49314537519948753
438  0.4931236443532899
646  0.4931136916917652
648  0.4930994473274183
976  0.49309584782243787
649  0.49305884655392873
721  0.49299492179846904
768  0.4929234043373193
740  0.4929133263983063
725  0.4929081085153496
118  0.4929072060485571
713  0.4929026849490683
641  0.49288686448961283
316  0.4928417490197122
417  0.4928333382953779
492  0.49259646731441886
486  0.4925803239417662
572  0.4925490323180177
327  0.4925265277079398
313  0.49248992555723625
630  0.49240982774440656
522  0.49231405843509
525  0.4923125659986869
666  0.49230684633015287
446  0.4922708049474628
619  0.49224838133084103
526  0.4922118254629445
251  0.4922001119427267
137  0.4921964151834859
735  0.49218474097996767
180  0.4921190340943271
457  0.4920659848839969
786  0.4920571362147351
745  0.49199146522382975
503  0.49198632763391703
607  0.4919763585254836
651  0.49186425700134695
634  0.491860561779094
843  0.4918249924665212
709  0.49182277386496875
711  0.49171359031326645
472  0.4916766912415941
508  0.49164716745282977
587  0.491610703246525
639  0.4915989574509776
564  0.49156885617577983
538  0.49156407485646025
459  0.4915457396936107
737  0.4915017611804263
936  0.491418288287388
785  0.491414283995532
249  0.49139190672216737
182  0.49137458596586026
972  0.491373328003501
657  0.49135647024489393
957  0.491355155135642
169  0.49133289298425464
748  0.4913079205196278
517  0.4912845324080404
516  0.4912748039522332
652  0.4912700971233449
467  0.4912652142506989
601  0.4912556776997551
609  0.49124093713892825
823  0.4911917084802454
460  0.4911816361849546
496  0.4911785827564119
777  0.4911540343862375
921  0.49112581033652947
775  0.4910741645057801
172  0.4910595849561864
26  0.49105523072260315
752  0.49104855207497955
532  0.49100677403102966
490  0.4909984788287791
747  0.49099379815693267
469  0.4909656212918637
566  0.4909465808686385
771  0.49089828315612827
767  0.4908939632224055
772  0.49086621361606053
610  0.4908272370066685
76  0.49082616320237227
946  0.49081525773004
598  0.4907950779412227
774  0.49079403579804626
952  0.49078981502143193
632  0.49078532380104023
633  0.4907748469572082
437  0.4907549979001161
693  0.4907522264393265
808  0.49074951330972694
513  0.4907192943020624
365  0.49069602217145836
760  0.49066438460816364
440  0.49064632645254735
787  0.4906171179921792
776  0.4906145742279173
223  0.49060378201583044
74  0.4906004454520261
540  0.4905911304050593
769  0.4905850876258857
531  0.4905811226119977
376  0.4905774893971958
731  0.49056034006434335
344  0.4905412844896142
742  0.49053536051316415
925  0.49053257281657703
99  0.4905302138592996
338  0.49052991604334595
139  0.4905281185566891
81  0.490520462192477
818  0.4905197829908844
229  0.490513250453114
661  0.4905092817275031
650  0.4905038833802
846  0.4904963267097351
764  0.4904923461121403
71  0.4904911519910665
800  0.4904882465066175
653  0.49048525610360105
413  0.4904794821311307
877  0.4904793745394166
233  0.49047778771911676
897  0.4904747496473336
810  0.4904670550207103
689  0.49045968891623626
744  0.49045323975878785
766  0.49045276246486114
72  0.49044924988387684
929  0.49044776218441866
138  0.49044669132328367
901  0.49044092431635244
325  0.4904401704606922
226  0.490439388118708
168  0.49043912214611707
410  0.49043772720707546
762  0.4904347137609364
876  0.49042763266240497
616  0.49042754482939144
879  0.49042187143394744
930  0.49042134367878787
439  0.4904164263394205
801  0.49041491637110257
79  0.4904052025323167
765  0.4904014977756729
799  0.4903981661991308
599  0.4903957756028363
836  0.4903943914694613
904  0.4903869128448983
451  0.4903851154647513
570  0.49038324565072366
845  0.4903803602966368
136  0.4903743035524417
78  0.4903700535998894
802  0.49036838973116237
181  0.4903639351813408
604  0.4903637645548079
778  0.49035957302325983
729  0.49035598234445765
909  0.4903549998125388
331  0.49034543716930346
193  0.49034154771352856
394  0.49034010780531745
392  0.4903395406865352
134  0.49033736923783333
184  0.4903368460721268
576  0.4903340047610698
806  0.4903324702436326
654  0.4903246498635998
759  0.49031951206879953
501  0.4903138399643716
397  0.49030701289307743
383  0.49030484254360407
668  0.49030100175038405
77  0.49029845190658194
773  0.4902927739620043
83  0.490290816434343
814  0.4902890411184271
396  0.49028572384653546
98  0.49028367362873093
422  0.4902832233483918
362  0.49027721268557556
761  0.4902758786131286
804  0.4902722353340273
896  0.4902683148769724
813  0.49026439462286187
495  0.4902634085296309
253  0.4902631207633258
336  0.4902613430506413
179  0.4902607453555229
920  0.4902580558535472
807  0.4902575424429647
805  0.4902438269507553
959  0.49024151052588283
500  0.49023745933072205
956  0.4902354287204709
346  0.4902261075986206
80  0.49022485743303557
103  0.49022118422928307
357  0.49021688650079676
96  0.4902113341743839
141  0.49020719801623724
832  0.4902066114923255
402  0.4902050663752946
922  0.49020182859915395
269  0.4901968412528973
824  0.4901877033906694
445  0.49018475094277003
835  0.4901758246699365
254  0.49017516140732253
279  0.4901726062249958
236  0.49017193043357343
359  0.49017161988187086
898  0.4901709807282487
434  0.49016215581064937
187  0.49016042524580294
695  0.4901476355003974
750  0.4901401335564394
189  0.4901360962314777
831  0.49013273956335235
667  0.49013050956182624
393  0.49012437027596967
803  0.4901191388018231
779  0.49011841105251375
204  0.49010537831068535
951  0.4901030356067113
385  0.4901009545427526
934  0.4901004759224611
12  0.4900992516915099
673  0.490099153370782
355  0.4900986092828179
156  0.49009262244775
889  0.4900876279729892
322  0.49008134229569666
342  0.49007806261214903
763  0.49007634973266057
166  0.49007478919514647
378  0.4900747304295332
285  0.4900740547854512
935  0.4900717210954054
461  0.4900690083921685
585  0.4900679136071995
670  0.49006609284411906
512  0.49005835870625325
915  0.490058122181938
199  0.490056021710487
717  0.49004665278735393
687  0.4900458194957311
195  0.4900233631101275
811  0.4900168111526484
797  0.49001169215103146
259  0.4900114376586904
443  0.49001042490749225
350  0.49000848994186075
484  0.49000616110496276
790  0.4900017651442643
886  0.48999963499132493
488  0.48999898723541024
320  0.4899975872700514
9  0.4899873760657084
536  0.4899861350695428
363  0.4899852515008818
206  0.48998154580370445
900  0.4899754090125866
890  0.48997170188030503
914  0.48996633355429864
258  0.48995782263684573
326  0.489954148450242
340  0.4899539213276465
704  0.48994871678527874
154  0.48994526545029293
480  0.4899443996325449
403  0.48993206391171207
332  0.48992969128397856
753  0.48991880922065156
201  0.48991346662264745
482  0.48991290554920586
834  0.489912501221084
870  0.4899044270789228
905  0.489871323830363
82  0.4898669077738823
553  0.4898526360355957
791  0.4898376004397369
197  0.489837517097798
361  0.4898361820386893
606  0.48981909144872005
15  0.48977233466249726
354  0.48976944079714246
781  0.4897542433272931
506  0.48969066516112936
452  0.4896759879674344
780  0.4896709476407126
782  0.48960697946548637
545  0.4896049155824287
784  0.48956925241418714
644  0.4895520747376597
783  0.4895395535667837
647  0.4895207553307017
579  0.4895193523672752
481  0.4895161773577962
684  0.48951527660427074
431  0.48941966025737904
330  0.4894049000490319
533  0.4893928796753796
592  0.4893806219015281
617  0.48937919173061595
221  0.4893399108837023
795  0.48927725329494476
621  0.4892744591196231
573  0.4891849397669792
537  0.48917811492998864
510  0.48909808130052634
697  0.48901538811719114
479  0.48900188089191565
618  0.48896662215027686
493  0.4888248009875895
755  0.4888122941985473
615  0.4888084041976045
715  0.48872955021736053
656  0.4887279250404778
69  0.48858178153361165
794  0.4885435612695277
419  0.4884933089094218
558  0.488418474094109
902  0.4884037214460375
622  0.48837462802944087
273  0.4878080301003319
468  0.4876979307773166
281  0.4874675714146215
549  0.4874085979436308
591  0.4873024229459786
575  0.4872925191142039
554  0.48721779191178516
491  0.4870060541715622
583  0.4868470747064991
578  0.48677000608537435
489  0.4867347761810874
471  0.4867064235881505
288  0.48658347655743195
608  0.4863723872488803
613  0.48629824437769176
556  0.48614623919535216
75  0.48611472810395306
498  0.4860326658422206
382  0.48577999901884883
470  0.48559022497568427
547  0.48555936338484207
499  0.4855065026450217
263  0.48526758405524273
449  0.4849536689572984
485  0.48423658506747447
580  0.4841859367408896
954  0.48384309309512674
736  0.48375837488277895
456  0.4837392218737525
337  0.48362045758173033
296  0.48353902284882366
473  0.4833588162513125
847  0.48319989402453634
663  0.4829518525702432
862  0.4819142758947038
541  0.48183754950381985
275  0.481622384389355
611  0.48151534857644973
631  0.4811258048999083
840  0.481070772081862
719  0.48099472459251824
700  0.48093963736665957
447  0.4809159499077772
555  0.48019205286530886
878  0.4799947762262582
849  0.4798566253338483
859  0.4797286021417869
706  0.47966653282610716
450  0.4796663016019639
712  0.4794240143445896
597  0.47919937633748655
408  0.4789074221259976
691  0.4785438389752793
411  0.4782140248974108
519  0.4777830227756289
844  0.4776897136174656
718  0.4774977656831416
851  0.4773024616705289
465  0.4772959555787041
629  0.47709697097137604
600  0.4770694477929909
565  0.47699456026411857
454  0.47671430061097586
645  0.47626096111417304
720  0.47603439286562177
710  0.4758814991042545
582  0.4758437375140787
568  0.4752730807925133
655  0.4751793444485878
551  0.4745064865763934
588  0.4744219651205699
638  0.4735780734072631
1  0.0
2  0.0
3  0.0
5  0.0
6  0.0
7  0.0
8  0.0
10  0.0
11  0.0
13  0.0
14  0.0
16  0.0
17  0.0
19  0.0
20  0.0
22  0.0
24  0.0
25  0.0
27  0.0
28  0.0
29  0.0
30  0.0
31  0.0
32  0.0
33  0.0
34  0.0
35  0.0
36  0.0
37  0.0
38  0.0
39  0.0
40  0.0
42  0.0
44  0.0
46  0.0
47  0.0
48  0.0
49  0.0
51  0.0
58  0.0
117  0.0
119  0.0
132  0.0
145  0.0
148  0.0
151  0.0
153  0.0
157  0.0
158  0.0
160  0.0
161  0.0
162  0.0
165  0.0
171  0.0
173  0.0
174  0.0
175  0.0
177  0.0
178  0.0
183  0.0
185  0.0
186  0.0
188  0.0
190  0.0
192  0.0
198  0.0
200  0.0
202  0.0
203  0.0
205  0.0
207  0.0
209  0.0
211  0.0
214  0.0
220  0.0
228  0.0
231  0.0
232  0.0
234  0.0
255  0.0
266  0.0
267  0.0
286  0.0
289  0.0
290  0.0
302  0.0
314  0.0
404  0.0
550  0.0
728  0.0
816  0.0
866  0.0
868  0.0
911  0.0
917  0.0
941  0.0
963  0.0
977  0.0
