740  0.744611129767359
101  0.6589189524988146
87  0.6583828042757868
1245  0.658373237552009
126  0.6583061380445936
1249  0.6582267912851905
128  0.65811942547459
85  0.658115286751688
86  0.6580702598548435
88  0.6580364690470016
897  0.6580120468658879
90  0.6578986111336773
92  0.6578145226552345
409  0.6577788813815173
925  0.6577271426186937
94  0.6577000038466045
331  0.5966423627267388
564  0.5965137664193054
327  0.596384143799511
611  0.5960903136025593
676  0.559512980729747
569  0.5594368668666703
668  0.5594354847781449
480  0.55942616588706
670  0.5594243616453562
685  0.5593964963930714
669  0.559377904099108
675  0.5593575252864089
534  0.5593402491535426
678  0.5593381387320442
686  0.5593278783770209
673  0.5593219330141124
589  0.5592931173100609
541  0.5592745105014741
646  0.559262303090361
667  0.5592508654071435
680  0.5591669303108477
305  0.559103715051445
687  0.5590757014133251
415  0.5590736569510522
177  0.558223995377382
320  0.5525263781259602
641  0.5524614079750756
585  0.5524218048845051
440  0.5523656659572731
537  0.5523606864496982
323  0.5522513418890731
444  0.5419896035012363
618  0.5418542286855053
457  0.5418349164071984
707  0.5416803645558628
195  0.5413863581374389
1259  0.5409665659291589
354  0.5374323212697614
1260  0.5373749049632641
1261  0.5372822997218167
112  0.5278333723087102
77  0.5219217025945071
82  0.5219094686751796
180  0.5218832952265782
1270  0.5218710530961985
79  0.5218663382449731
81  0.521860913770539
1193  0.5218489615887456
1268  0.521821137533933
115  0.5206254937548604
116  0.5204675140173336
795  0.5190446423712087
1212  0.5189734125072967
1289  0.5189366116186255
1282  0.5189288210667273
1287  0.5188860090938101
1286  0.5188712270802867
1285  0.5188041940246335
175  0.5178565645051303
173  0.5178361235146494
310  0.5177519157131804
174  0.5176491425221676
1192  0.5170103939924025
201  0.5169842530026441
172  0.5169692277486037
165  0.5169434870601883
167  0.5169189074157094
171  0.5169105282853428
1262  0.5168940222042325
166  0.5168891028850822
295  0.5168780333882061
802  0.5168477176140372
196  0.5168118969937558
186  0.5152609919128843
213  0.5151042874719114
1199  0.5142904336879477
1244  0.5130819124262982
1238  0.5130689120767966
1248  0.5130350779107302
1251  0.5130140472826445
1237  0.5129882289473526
565  0.5113793094066122
106  0.5105737815086333
1211  0.5103216302300988
862  0.510192787123662
1236  0.5101859543974017
436  0.5100990727790014
108  0.5099361052635705
72  0.509885638580533
1170  0.5098596287725661
105  0.5097308472035371
104  0.5096113146349643
1253  0.509604378327101
110  0.5095586430564998
151  0.5095290098729609
1234  0.5094416974383689
109  0.5093985432050973
107  0.5093346892429605
545  0.509288279984746
1281  0.5092062564155972
1216  0.5088108449381906
852  0.5087400068964476
1277  0.5084580623459163
598  0.5082918538081288
1219  0.5077001353968587
1218  0.5076960341794092
1034  0.5076681773581093
1020  0.5076636140792704
906  0.5076525989335869
1215  0.5076507400841643
1214  0.5076482500909263
1220  0.5076466633291954
1217  0.5076311060205636
246  0.5074045258380838
287  0.5069988232946248
603  0.5064238275802908
501  0.5064034334602324
748  0.5064007879133017
681  0.5063859981772662
517  0.5062804880873542
1189  0.5062517761489336
571  0.5059269730007762
1232  0.5059202803632152
1188  0.5059069875459661
874  0.5058857381318166
1208  0.5058840510861071
922  0.5058726548235106
1186  0.5058635277324551
1185  0.5058620162203691
1230  0.5058602662922591
1229  0.5058536867981809
1210  0.505842695980562
1191  0.5058324036879853
1187  0.5058076465755478
318  0.5057884687051374
233  0.5057494303991132
485  0.5057187676797679
746  0.5057180017738168
329  0.505580529505971
745  0.5051025222073323
479  0.5050968310185691
518  0.5050817472476578
336  0.5050749389775013
615  0.5050723514092157
549  0.5050700856885812
1158  0.5050679974184898
334  0.505066763722361
1159  0.5050615545694979
1160  0.5050611483370072
520  0.505035956487862
78  0.5050145259255172
348  0.5049577508700418
1225  0.5049560256007075
1182  0.5049526295603496
804  0.5049496032083125
1202  0.5049441892471603
1224  0.5049328613563222
1222  0.5049316287128829
528  0.5049314138031271
1221  0.5049220919940625
1203  0.5049156271649519
456  0.5047245518470538
481  0.5046062856469548
493  0.5045565831586811
656  0.504516294189144
628  0.5044362530593511
250  0.504424353741488
325  0.5044199561660981
1174  0.5044056951683361
254  0.5044036729694402
225  0.5043628199993307
530  0.5043476243182505
664  0.5041094093041206
324  0.5040952766742655
178  0.5040891196643515
1139  0.5040868242122535
1038  0.5040865955772058
450  0.5040836684254275
1147  0.5040805314207099
162  0.5040739248227313
314  0.5040728790393829
1143  0.5040676551565231
321  0.5040667311888012
1023  0.5040571170044092
1150  0.5040556874695636
1156  0.5040473871485647
524  0.5040448786456037
559  0.5040447589448922
1030  0.5040443858358515
308  0.5040429616133417
1145  0.5040426160287055
400  0.5040414691629936
601  0.504034858349693
1141  0.5040340247296011
500  0.5040304484496556
1154  0.504026066598597
1027  0.504025651868721
1144  0.5040247371265645
829  0.5040117110106664
397  0.504001963238166
636  0.5039993810271646
1169  0.5039592189891888
311  0.5039509283932767
710  0.5038717293275004
182  0.5038648418136934
849  0.5038613322609781
674  0.50385449172726
1115  0.5038471064013872
504  0.5038346782810434
296  0.503832534447425
1117  0.5038299641584499
859  0.5038279846913736
463  0.5038183311940632
977  0.5038176313121346
1021  0.5038112774498857
1114  0.50380988695835
367  0.5037986525886438
349  0.5037966656836159
1116  0.5037947958698535
1166  0.5037618729048855
1167  0.5037523652629406
176  0.5037427693361294
527  0.5036984816364135
1103  0.5036545729834803
798  0.5036406338997168
904  0.5036383500461612
212  0.5036070857299887
465  0.5035992053428899
467  0.5035598152078297
558  0.5035219195587932
476  0.5035161994927374
159  0.503491134972368
654  0.5034646328483874
662  0.503460838023084
1162  0.5034540461560171
1018  0.5034406169113734
1164  0.5034240539777768
1161  0.503422570053156
624  0.5034212375895286
1016  0.5034191612145634
606  0.5034142595231226
1017  0.5034118366674525
751  0.5034100300888038
698  0.503409327169632
1019  0.5034083703427096
781  0.5034027044949682
901  0.5034013019522592
80  0.5033982452060548
274  0.5033879003767092
396  0.5033818946971566
697  0.5033809272033276
704  0.5033476872644007
735  0.5033243723116534
1110  0.5032260262975715
995  0.5031801315243578
1204  0.5031548670705099
892  0.5031481485959228
932  0.5031368511741765
1133  0.5030784051089234
822  0.5030771336133738
1135  0.5030742588919469
394  0.5030725842498547
392  0.5030621899867459
390  0.503061076504077
767  0.5030547907531191
1138  0.5030494324746388
1131  0.5030489020105047
840  0.503040698481102
460  0.5030238396969358
1137  0.5030209340977043
747  0.5030149695795425
1288  0.5029675063219288
487  0.5029092331917033
1084  0.5029011615923857
1091  0.5028859658883511
793  0.5028840186222285
1089  0.5028829685223106
1105  0.5028822791658589
1102  0.5028812863713705
789  0.5028809834705092
808  0.5028790377722674
1083  0.502876242528466
454  0.5028751589177862
1087  0.5028705815077453
813  0.5028647727813362
1094  0.5028631363072542
417  0.5028597114615702
824  0.5028509572269071
858  0.5028504408127847
1095  0.5028494511053352
835  0.5028488880819099
1088  0.5028487699593263
1107  0.5028469059721683
1090  0.5028458219657364
1093  0.5028444034021184
1112  0.5028406780269421
1099  0.5028358631887837
1098  0.5028351849520707
192  0.502834272329687
1086  0.5028299510560497
242  0.5028275187663378
240  0.5028251384210077
1085  0.5028237982278043
227  0.5028237853696296
819  0.5028235000787037
1173  0.5028226675095102
344  0.5028184255958227
1113  0.5028174716575529
1177  0.5028118167991966
1092  0.5028107128156786
1082  0.5028100101320361
1109  0.5028089562367957
255  0.5028058464964806
346  0.5027989549932927
1149  0.5027286571535023
185  0.5027278109775917
772  0.5027099371745035
1153  0.5026993106701036
181  0.502695515962766
812  0.5026901241462962
760  0.5026804818665502
782  0.5026786970469034
515  0.5026753145416045
742  0.5026722542152358
794  0.50267007234407
839  0.5026683090369998
475  0.5026679136535568
366  0.5026652712650221
861  0.5026630137754599
896  0.5026569362221129
1126  0.5026468737734582
338  0.5026417802605339
1128  0.5026376434487733
1129  0.5026328764988153
410  0.5026312013964431
275  0.5026265148940112
550  0.5026231998754798
576  0.5026196054396872
191  0.502614700166178
638  0.5026014652666311
398  0.5025973151441226
204  0.5025198368317244
902  0.5025122967094371
1280  0.5025112345780847
1278  0.5025017637063426
779  0.5024940892250785
907  0.502489508027699
1274  0.5024891464459857
119  0.5024854609743354
870  0.5024758697954324
551  0.5024503574651192
341  0.5024454507153467
1198  0.5024331018910837
207  0.5024283133640343
988  0.5024252131341593
814  0.502413917444261
442  0.5024105651501849
969  0.5024068626892595
540  0.5023986281118169
967  0.5023981695392281
961  0.5023767745570713
491  0.5023716100894674
963  0.5023708430701073
979  0.5023539784805768
313  0.5022860420588909
197  0.502267439485188
821  0.5022528908000083
202  0.5022481221006008
869  0.5022435823370979
703  0.5022415476915956
1012  0.5022378641032292
1015  0.5022376107542685
271  0.5022352035443428
1014  0.5022339596997543
269  0.5021955219652857
657  0.5020593976403547
446  0.5020581830315736
1028  0.5020504831477828
333  0.502043823785067
1011  0.5020375077228385
1002  0.5020240332919992
887  0.5020210781238297
1005  0.5020194820278241
1006  0.5020166232592711
1001  0.5020155687810137
222  0.5019935820549355
665  0.5019928091006414
1010  0.5019847817595467
934  0.5019128288756746
971  0.5019090578223897
762  0.501899591366926
437  0.501899537390166
953  0.5018992445845247
800  0.5018932242467775
430  0.5018910229643774
945  0.5018876173590379
432  0.5018863583306684
547  0.5018845401936145
936  0.5018797268827782
391  0.5018793524659247
941  0.5018604790567504
1201  0.5018586226604247
582  0.5018532422998672
1196  0.5018167426039288
1031  0.5017888246642196
651  0.5017024147001271
810  0.5016407374289507
486  0.5015672775051352
203  0.5015259548938219
144  0.5015148740586832
96  0.501440947390563
265  0.5013282369259227
339  0.5012647647571157
340  0.5012565707059002
516  0.501220981258059
297  0.5011671975069358
1033  0.501165173414027
532  0.5011611576988738
714  0.5011562809257005
754  0.5011561158162399
905  0.5011540497780712
1026  0.5011520200055508
864  0.5011511035789531
647  0.5011503827121395
587  0.5011460353322108
619  0.5011434490155322
539  0.5011420698878828
506  0.5011353081544402
459  0.5011347629631542
908  0.5011298869968079
600  0.5011251035917021
1032  0.5011242192450719
1029  0.5011190406764878
671  0.5011073183790784
954  0.5010187154004382
1004  0.5009992992317309
554  0.5009554096971285
393  0.5009523570764444
1025  0.5009484732976598
142  0.5008813208410636
152  0.5008137102991017
962  0.5008080666072328
332  0.5007802052196755
543  0.5007794799600509
883  0.5007682747724047
604  0.5007423557093695
451  0.5007372114925756
749  0.5007337083862768
1037  0.5007333199387372
868  0.5007304216359084
1043  0.500723132664691
984  0.5007192910651197
306  0.500714773233929
317  0.5007145690897691
502  0.5007125218247062
1041  0.5007116834899052
682  0.5007102314175973
1040  0.5007083723306378
428  0.500707123124692
912  0.5007066710805848
434  0.5007051665368185
877  0.5007047667118447
989  0.5007047006309064
232  0.5007013122824926
928  0.5006999795240268
439  0.5006995158065286
421  0.5006980493164714
649  0.5006951959538284
198  0.5006949543212046
986  0.5006948918671017
837  0.500691881500637
220  0.500690921692317
370  0.5006855290711201
983  0.5006849754648783
999  0.5006825517066253
764  0.5006803269282489
385  0.5006770206709168
998  0.5006730525779128
376  0.5006704767153092
894  0.5006698320880971
889  0.5006677240883052
884  0.5006660874463886
426  0.5006635364907279
563  0.5006553884551104
383  0.5006531451260918
816  0.500647848075656
140  0.5006431544240684
326  0.500635111173247
612  0.5006348591427474
991  0.5006329361632
535  0.5006219821997762
478  0.5006209460182784
335  0.5006088615841258
640  0.5006073505309352
153  0.500593652740571
330  0.5005889870784812
784  0.5005751757802407
223  0.5005623468923843
981  0.5005555304610565
570  0.5005458335316373
395  0.5005448246094502
679  0.5005370198807362
579  0.5005320896402957
980  0.5005244173043479
978  0.5005192835179573
268  0.5005088352664948
483  0.5005061846911638
510  0.500488344309777
805  0.5004882145935927
927  0.5004868702381319
815  0.5004719668118138
630  0.5004701417226809
966  0.5004676387187845
968  0.5004668392266516
623  0.5004653184900631
776  0.5004650548259587
322  0.5004637115514663
974  0.500448437568155
443  0.5004448252934444
890  0.5004445622847625
972  0.5004345815371728
614  0.5004292504820383
787  0.5004244531073228
425  0.5004237146363317
970  0.5004218441101862
625  0.5004198629839136
420  0.5004153040234267
758  0.5004141788084884
838  0.5004120860345589
895  0.5004104114937329
561  0.5004066443520647
695  0.5004045514480755
914  0.5004021041600788
216  0.5003954649131352
574  0.5003915045475493
911  0.5003887920142396
917  0.5003885031329759
526  0.5003868037050804
919  0.5003852929742767
1007  0.5003781652925168
228  0.5003755762843691
427  0.5003699989514409
755  0.5003579352444307
557  0.5003500418028848
374  0.500346537031394
825  0.5003383055920247
943  0.5003381718640527
1000  0.5003353673809479
757  0.500331770437589
759  0.5003307996217972
273  0.5003294709460533
194  0.5003293510783609
939  0.5003274649480214
935  0.5003265666176662
955  0.500323468187738
299  0.500322091207162
438  0.5003219301198483
277  0.5003210967854964
280  0.50031569811293
951  0.5003154684419626
387  0.5003152625021416
944  0.5003152580776515
855  0.5003149437375333
830  0.5003136468940589
777  0.500313446443442
947  0.5003104675154699
577  0.5003103735937904
371  0.5003103621301139
431  0.5003103132586456
952  0.500309894130105
713  0.5003091821124919
433  0.5003091656814195
841  0.5003078031108616
975  0.5003037557664427
294  0.5003036342691665
490  0.5002999398217371
856  0.5002985234917854
844  0.5002974289580837
381  0.5002953785011881
378  0.5002900158764156
1050  0.5002866479565552
224  0.5002847528402697
994  0.5002835310121936
1046  0.5002808806064648
734  0.500279398510346
146  0.5002791288679556
1121  0.5002759641335826
1058  0.5002751601591088
653  0.5002748801269086
1063  0.5002736305959876
1111  0.5002734055368636
552  0.5002720402929115
248  0.5002696869316956
957  0.5002688985562237
743  0.5002687268809076
489  0.5002682771505608
1060  0.5002680115988991
304  0.5002672621780389
566  0.5002670692653137
1059  0.5002667122176037
368  0.5002664162982976
583  0.5002657742454796
1247  0.5002635930398122
1045  0.5002635499712282
1061  0.5002632897733127
1079  0.5002632349947695
737  0.5002631458803749
1100  0.5002631020178215
1120  0.5002616335109686
1078  0.5002615850832406
736  0.5002607687570516
1054  0.5002594064211924
783  0.500258972949134
1044  0.5002588627947137
833  0.5002586139050877
1076  0.5002581762636371
1122  0.5002579359078477
1123  0.5002578561199953
482  0.5002577574767695
891  0.5002576671695567
1048  0.500257263466145
691  0.5002565568843658
1065  0.5002559749452877
853  0.5002558479188421
1064  0.5002554610832219
1106  0.5002554227767375
960  0.500254608855089
729  0.5002546046440974
689  0.5002545980942619
832  0.5002545576043663
931  0.5002544041793592
1068  0.5002540941533782
1066  0.5002534695352046
854  0.500253119017935
949  0.500252981470537
363  0.500252686924339
1074  0.5002525847064061
343  0.5002524961836576
860  0.5002522385544936
684  0.5002520361030383
661  0.5002514682456788
1051  0.5002511369784162
1124  0.5002509136853761
1070  0.5002503835372789
573  0.500250358528393
731  0.5002493643239061
938  0.5002492222093061
494  0.5002483683291001
1055  0.5002481146653805
1056  0.5002481144668955
1175  0.5002480956108184
414  0.5002478000664348
1047  0.5002473312438007
965  0.500247311593722
484  0.500247173249184
1062  0.5002465654850412
1125  0.5002462111868429
739  0.5002460230215451
1049  0.5002458757443882
1057  0.5002457834480125
1022  0.500245309063952
328  0.5002453003305132
775  0.5002447111516859
732  0.5002440454909687
721  0.5002439752261195
519  0.5002435832114147
1072  0.5002426630165064
315  0.5002425465032339
659  0.500242015344935
1118  0.5002413023683432
342  0.5002412457985655
1081  0.5002405250786275
650  0.5002404976868621
364  0.5002402001485788
709  0.500240007413451
851  0.5002398728362087
959  0.5002397162263179
1096  0.5002395473098364
453  0.5002379939080266
847  0.5002366735287449
738  0.5002362592712095
572  0.5002361866222369
1097  0.5002348576980973
1080  0.5002347300654292
797  0.5002346639663702
1119  0.5002316158478279
365  0.5002316106868768
1101  0.5002305953669086
1104  0.500230212660677
548  0.5002300987220902
1069  0.5002286822268902
309  0.5002280239985294
756  0.5002268943405325
893  0.5002266521545368
712  0.5002262563411094
1052  0.5002257396388865
752  0.5002243914874702
1053  0.5002228398933347
521  0.500222672950497
1250  0.5002207655065188
723  0.5002203230346052
725  0.5002180239149028
718  0.5002142708771318
871  0.5002140965836241
402  0.5002114454413069
388  0.5002086028903951
355  0.5002040608280984
289  0.5001970956173216
933  0.5001921336702805
899  0.5001919435814921
799  0.5001909738374429
353  0.5001886943192122
184  0.50017287210681
416  0.50016606747941
447  0.5001653374693731
292  0.5001568886097629
806  0.5001555977215171
788  0.5001543187793649
696  0.5001204123750347
139  0.5001046317488435
990  0.5000796233811093
727  0.5000795713403792
129  0.500077847992903
888  0.5000774125110978
920  0.5000770389363636
809  0.5000769793500779
179  0.5000767019254304
373  0.5000766736799469
811  0.5000763279627092
929  0.5000760942599072
909  0.5000756053792496
580  0.5000739427522402
461  0.500073892064578
946  0.5000729131329016
873  0.5000721077362387
993  0.5000712795079465
1009  0.5000711715536712
594  0.50007078713547
923  0.5000707708842598
982  0.5000704129704328
948  0.5000691933510351
300  0.5000680549826366
666  0.5000679298082289
1008  0.5000673526895536
699  0.5000672279017332
875  0.5000669241543751
1013  0.5000661046150761
1132  0.5000655125949306
419  0.5000651090143807
422  0.5000649671999675
399  0.5000631172206755
1127  0.5000624890139681
898  0.5000624361957775
312  0.5000619488361959
377  0.5000614419347892
992  0.5000607719333756
831  0.500060508614396
658  0.5000604321918629
1003  0.5000601444946742
663  0.500059952760856
200  0.5000595348541436
1283  0.5000589257925541
239  0.500058570999709
352  0.5000583273706842
827  0.5000582919644958
1163  0.5000580201299307
412  0.5000576505892294
791  0.5000576271785173
823  0.5000575577202762
413  0.5000571641877039
389  0.5000571340052391
301  0.5000570935684697
596  0.5000566559222506
845  0.5000563030186405
817  0.5000561335318611
1171  0.500055953016706
768  0.5000554780271169
848  0.5000554596466462
303  0.5000546493567644
820  0.5000540638877988
807  0.5000525297823433
850  0.5000520097051067
1256  0.5000511794754009
302  0.5000506292121049
997  0.5000501729802258
380  0.5000493359725012
655  0.5000492653510555
836  0.5000492073060168
878  0.5000490093723331
834  0.5000485007033304
842  0.5000481489491126
916  0.5000477877136555
1024  0.5000468851064421
307  0.5000465240626442
924  0.500045482334208
1130  0.5000443318616146
885  0.5000442122864601
801  0.5000432454282957
189  0.5000417151262311
1165  0.5000415322787907
477  0.5000404230014519
217  0.500037683937981
763  0.5000376117653037
918  0.500034765475009
1195  0.5000346195799902
384  0.5000344827791459
780  0.5000341824749084
386  0.5000330551698284
926  0.5000178043184008
770  0.50001558789324
778  0.5000092371768108
773  0.5000074169429605
942  0.500004977905887
937  0.4999979699504471
881  0.4999978387417201
245  0.4999976959215231
471  0.49999320497815225
964  0.4999868283811817
319  0.49998069957670266
238  0.49997213079174163
337  0.4999720860510134
872  0.499972014435063
199  0.49997157002465553
441  0.49997107192486356
372  0.4999673435008133
876  0.4999621178052197
958  0.4999619127875865
987  0.49995928785917465
956  0.49995634877793227
369  0.49995482820732207
375  0.4999537184409788
359  0.49995353806526754
626  0.4999529539451486
622  0.49995117788295296
356  0.4999506266227828
1035  0.4999502056770233
701  0.49994749024456375
357  0.4999469896127433
361  0.4999468042640669
866  0.4999460095561744
147  0.4999357370032055
985  0.4999348208939134
155  0.4999346170302966
591  0.4999300670943647
716  0.4999237251782904
435  0.49992056763256876
148  0.4999076336920749
150  0.4997423442635218
190  0.49965095268183557
113  0.49956380895984
613  0.49938560745984717
629  0.49936505250833596
114  0.49912381880734147
617  0.4990518996111851
592  0.4990425979142613
744  0.4990000367413657
263  0.4988228845724654
578  0.4987373827959014
610  0.49871919627986727
149  0.49864585303259634
627  0.49854707233575135
33  0.49824401756109304
35  0.49777739958900213
546  0.49721439647087906
544  0.49683747295287717
553  0.4968234625151493
602  0.4967970936148324
512  0.4967198918736714
633  0.49665247712012817
562  0.4966419957510956
597  0.49658599729096486
581  0.49650437499788513
498  0.4964917396828058
1273  0.4963320481475929
584  0.49619297073142643
67  0.4961675524330381
599  0.4956891833646032
1178  0.49553058963468644
449  0.4954996307400361
1207  0.4954095596523804
705  0.4953669874278884
124  0.4953643547984542
1228  0.4953526486715609
523  0.4953094746524994
496  0.4953002188885164
879  0.4952377374109789
921  0.495190070743904
509  0.4951493298506636
692  0.495129140004549
1267  0.49511202841961766
1226  0.49506486340851186
973  0.49505662051878696
828  0.49503887423741944
1227  0.4950247763031107
1209  0.4950143755503217
700  0.49499888235288114
31  0.4949829773633091
1042  0.4949777731029257
168  0.4949481711490469
846  0.49493903238307335
1213  0.4948988749223898
976  0.49488025735665575
1272  0.494870966330365
143  0.49484987801904223
215  0.49481201067851943
915  0.49480762831864444
753  0.4947803619652543
379  0.49477378662237137
423  0.49477295118182085
84  0.4947519627534268
913  0.49474205759323453
522  0.4947365706645743
706  0.4947229548254003
1206  0.49471684315023523
145  0.49470241388666736
882  0.4946819088517299
83  0.4946394883384827
555  0.49462772449068393
495  0.49462628281199383
1039  0.4945703913829048
1255  0.4945210580237489
156  0.4945010450064683
411  0.4945000197860907
843  0.4944855685276799
609  0.4944854517515973
1240  0.49444814791711733
58  0.4944473236975211
1194  0.49442965227073987
249  0.49441122813012384
1242  0.49440997582743795
514  0.49440942256177
1264  0.494406250481901
1233  0.49438738363736756
1258  0.4943653135201087
903  0.4943590875879498
1276  0.49432916481975664
536  0.4943275543081107
169  0.49431973555550357
61  0.49431462040451013
1271  0.4943124779470288
996  0.4943119980112012
1279  0.49430869121143883
1239  0.4943071925602922
1275  0.4943066251064826
93  0.4942967267956856
100  0.4942868073389646
164  0.4942862165545443
1266  0.4942852121849026
1263  0.49427636570922917
1134  0.4942727674100319
188  0.49427272177865356
1241  0.49426725320155773
133  0.49426317907268835
98  0.49426168786926383
930  0.49425856139591584
154  0.4942541314735016
857  0.4942513714949345
298  0.494247979287046
694  0.4942389031920341
170  0.49423735757057374
429  0.4942362317132898
1246  0.494229904449651
1136  0.49422938931596994
161  0.49422534847513766
127  0.4942065315985843
89  0.49419506766808663
134  0.4941901250368178
1152  0.4941737538211143
1168  0.4941697351034482
542  0.49416704437434844
293  0.49416344373094767
590  0.49416185561721326
1265  0.4941536083104635
1243  0.49415275040253737
621  0.49414763196805567
826  0.49414557646255264
786  0.49414203164625337
645  0.49413806047023345
711  0.49413730851553284
677  0.49413023976514336
57  0.49412866940803823
121  0.49411500853439827
157  0.49411397869674056
1184  0.4941126451270641
715  0.4941121194106177
792  0.49411060784098104
1155  0.49409807036091247
1142  0.49409690692028296
158  0.49409071234564905
120  0.4940841369435124
91  0.4940823010575405
796  0.4940760163095239
880  0.49406749487480106
206  0.49405641234812403
160  0.4940551635584105
1146  0.49400056086051547
1257  0.4939991901311529
1252  0.4939920517427373
508  0.49399182437374634
135  0.4939852313055314
125  0.49397557259302427
418  0.4939754203504555
291  0.49396346228172594
290  0.4939609292239596
863  0.4939514117466359
1183  0.49394967992793437
1235  0.4939418921304488
316  0.49393909557416715
593  0.493933584513356
940  0.49392970432634686
1151  0.49392078687825924
1269  0.49391623340460333
867  0.49390640716520373
132  0.49390552599570536
131  0.49390539489345175
1231  0.4938874511821777
1148  0.4938639864991581
1075  0.49385082205092223
382  0.49384723437481937
183  0.493829927246036
130  0.49381972899995896
1036  0.4938092284100656
118  0.49380086684731206
1205  0.4937918313049279
285  0.4937817916472059
1172  0.49377226134064234
205  0.49376570655421426
452  0.4937641980682994
1157  0.4937600860613872
1067  0.4937441633553382
1071  0.49374185470327725
708  0.49373905468762613
1073  0.49372370446740454
468  0.49371540619083887
702  0.493711698358255
1108  0.4936963876716335
137  0.4936932467286057
111  0.4936910563017267
123  0.4936830824202869
499  0.4936534316428963
719  0.49363498987532284
1077  0.493611733054249
575  0.49360697083832583
69  0.4935952498777476
219  0.493586739770292
455  0.49357878382618103
488  0.49357756965007915
466  0.4935708869640998
138  0.49355196550217295
568  0.49354091915533493
733  0.49352561176182574
724  0.49352243724634937
473  0.49352123481347954
1190  0.49351772149617223
538  0.4934882082706854
531  0.4934835529604742
360  0.49348200626878624
728  0.49347826702614805
652  0.4934556209406914
469  0.49344843002656613
445  0.49343384519887923
900  0.49343074874070436
672  0.49342627209712964
750  0.49342622675671066
448  0.4934262147387669
1197  0.4934244327991618
358  0.49340865072401763
717  0.49340686073931994
136  0.49339266797736114
720  0.49339179328145
362  0.49338676331157794
71  0.49337633549680693
458  0.49337564883562124
503  0.49333119042640683
209  0.49330777603586207
470  0.49330652461654967
462  0.49328806522224866
122  0.4932772186179414
464  0.4932703000952935
1140  0.4932700964751804
660  0.4932614970633321
472  0.4932558629317496
586  0.4932327341839621
560  0.49321516112343844
769  0.4932028575883016
642  0.49319814744682766
1176  0.49318754593712266
505  0.49314093555251104
595  0.4930999949497181
726  0.4930257275741323
693  0.4930173368181445
683  0.4930120252916057
556  0.49300628746504616
722  0.4929950898322466
525  0.4929939306287562
730  0.49298349070408587
761  0.49262102489368775
616  0.49249035221894333
1179  0.49241522759369705
1181  0.49215016504124376
1180  0.49209426415681745
163  0.4920466877132458
950  0.4917244869119741
497  0.49166086757700767
567  0.49128819050925954
765  0.4911551364991017
76  0.4911149433313655
774  0.49107810201615076
1200  0.4909831677498385
588  0.49076173260525646
533  0.49030896732087037
607  0.4902853261583886
644  0.4902572473572476
507  0.48997210694519766
648  0.48988609471440114
771  0.48942419484616184
605  0.4889983495622736
141  0.48887853461969477
117  0.48859165729815013
513  0.4881780903765274
99  0.48794467493060045
785  0.4875174929808048
103  0.48717596544562813
210  0.48703388526412184
886  0.486605851568816
102  0.4865524634674502
766  0.486427516094591
97  0.4862167936257086
1223  0.48620669881930756
95  0.485996101161582
631  0.4857875606400741
688  0.48515414749160535
260  0.48494944997346134
74  0.48488593821994264
350  0.4846523635297808
690  0.4845800949272112
511  0.4844616194722323
1254  0.48357282201026497
639  0.483358517201142
643  0.48241891252522684
634  0.4823505271667875
608  0.47927231169719087
620  0.47719506727581906
741  0.47563755205402747
1  0.0
2  0.0
3  0.0
4  0.0
5  0.0
6  0.0
7  0.0
8  0.0
9  0.0
10  0.0
11  0.0
12  0.0
13  0.0
14  0.0
15  0.0
16  0.0
17  0.0
18  0.0
19  0.0
20  0.0
21  0.0
22  0.0
23  0.0
24  0.0
25  0.0
26  0.0
27  0.0
28  0.0
29  0.0
30  0.0
32  0.0
34  0.0
36  0.0
37  0.0
38  0.0
39  0.0
40  0.0
41  0.0
42  0.0
43  0.0
44  0.0
45  0.0
46  0.0
47  0.0
48  0.0
49  0.0
50  0.0
51  0.0
52  0.0
53  0.0
54  0.0
55  0.0
56  0.0
59  0.0
60  0.0
62  0.0
63  0.0
64  0.0
65  0.0
66  0.0
68  0.0
70  0.0
73  0.0
75  0.0
187  0.0
193  0.0
208  0.0
211  0.0
214  0.0
218  0.0
221  0.0
226  0.0
229  0.0
230  0.0
231  0.0
234  0.0
235  0.0
236  0.0
237  0.0
241  0.0
243  0.0
244  0.0
247  0.0
251  0.0
252  0.0
253  0.0
256  0.0
257  0.0
258  0.0
259  0.0
261  0.0
262  0.0
264  0.0
266  0.0
267  0.0
270  0.0
272  0.0
276  0.0
278  0.0
279  0.0
281  0.0
282  0.0
283  0.0
284  0.0
286  0.0
288  0.0
345  0.0
347  0.0
351  0.0
401  0.0
403  0.0
404  0.0
405  0.0
406  0.0
407  0.0
408  0.0
424  0.0
474  0.0
492  0.0
529  0.0
632  0.0
635  0.0
637  0.0
790  0.0
803  0.0
818  0.0
865  0.0
910  0.0
1284  0.0
