953  1.0
978  1.0
1136  0.6620647882714155
1135  0.660309254790867
206  0.6081837383137607
1243  0.5976194750793941
940  0.5975950529218703
1218  0.5975922067622146
1002  0.5975663902667124
1179  0.5975068027191173
1185  0.5974874775732606
1172  0.5974638516491959
1225  0.5974330729084089
1198  0.59735217237372
1234  0.5972273229125593
1221  0.5971231136232378
875  0.5968671524126267
1129  0.5934895648291888
947  0.5687891916833732
918  0.5687338545226942
1232  0.5683169283703509
16  0.565905574222223
18  0.5658164840790209
1651  0.5656686726854299
1080  0.5656587991389957
675  0.5655609551219816
1017  0.5578498015693156
439  0.5555660284861009
437  0.5554874898741866
433  0.5553611394327707
1200  0.5553205354306467
1506  0.5519467488529838
167  0.5494807608855821
810  0.5386137100493897
843  0.5379243177925404
882  0.5365964163876294
1328  0.5313612027503037
990  0.5301131078984772
695  0.5297967042934464
436  0.5264904180038947
1025  0.5259477652913458
1012  0.5258456322604549
1196  0.5252224877313252
692  0.5248525764296027
693  0.5235473998480505
1098  0.5224196199018383
691  0.5214928726762096
438  0.5213128218444592
1184  0.5208568363583461
659  0.5206494089382407
432  0.5205744632460172
701  0.5204883166772001
696  0.519490582801585
1072  0.5187429788758116
842  0.5185020873004887
136  0.5180290189255894
68  0.5180159118062335
140  0.5179856838612031
75  0.5179761591612635
204  0.5179505571123226
73  0.517924984309526
202  0.5178926809346218
1138  0.5176465645790913
1109  0.5172107417990462
1069  0.5169904796818848
847  0.5169751992724261
844  0.5169577936376476
825  0.5149790579326601
822  0.5148649784901738
170  0.5134757946433655
1607  0.5134418166768884
1620  0.5134011156092071
130  0.5133745177176028
132  0.5133685068012779
135  0.5133524498584143
138  0.5133469593173434
166  0.5133281758630294
1527  0.5133057644932189
168  0.5132981773002552
208  0.5132879565680818
155  0.5132334181755738
141  0.5132230140355829
824  0.5123048929840683
996  0.5119847392386836
180  0.5115749552001538
1000  0.5115232895104039
49  0.511506813977787
47  0.5114851746524189
596  0.5114720569830065
295  0.5113786052122793
428  0.510944443230545
1700  0.5104040311757243
1143  0.5099351205593897
66  0.5096738251631405
404  0.5096710004311065
575  0.5095346081362644
1142  0.5095016139991131
97  0.5091526119147698
100  0.5091388929544427
808  0.5090070649878337
96  0.5089852048350412
683  0.5088608275576738
518  0.5088349397791017
1144  0.5088310555758356
51  0.5088081529485591
528  0.5087883478011419
91  0.5087691052122657
523  0.5087537929205144
90  0.5087511108591061
526  0.5087506172435938
184  0.5087256466064645
188  0.5087231850425991
508  0.5086647127659124
53  0.5086476337052954
176  0.5083667410392436
182  0.5083471635028702
174  0.5083200628296645
383  0.5083137887099183
385  0.5082954886520608
186  0.5081721171696881
172  0.5081648784584685
178  0.5081503955489005
488  0.5080302856150782
1397  0.5080015320905421
785  0.5078437572371105
682  0.5078388370750386
967  0.507822355409545
681  0.5077728117247406
1447  0.5077600886415721
489  0.5077029372541956
1591  0.5076801956842563
1324  0.5076507293463841
126  0.5076373057750775
1655  0.5076164421337376
502  0.5075647019721423
127  0.5075012728975755
1316  0.5074714282494635
838  0.5073809531583237
591  0.50733756169197
118  0.5072097662500076
972  0.5069978587141226
998  0.506963849870212
1023  0.5069320997887172
1140  0.5069180639107985
750  0.5069135682686456
218  0.506751064661839
1512  0.5065150999927561
667  0.5062933164400663
1502  0.5060548608119484
220  0.5059635977872678
1157  0.5059628738180804
465  0.5058029811084478
461  0.5057798782710234
1669  0.5057634131989774
463  0.505712254761654
462  0.5056987081023343
1663  0.5056907550388281
464  0.5056512880770978
902  0.5056242353327077
120  0.5055389271897834
816  0.5054293462039683
600  0.5054112124159085
1028  0.5053864301214922
1230  0.5053755512642397
1182  0.5052860015016536
466  0.5051503190072231
1156  0.5051495492067828
468  0.5051145123933533
1652  0.5051138021158911
1338  0.5050462955309294
1630  0.5050426076495018
226  0.5050270115002675
199  0.5050261740966863
1729  0.5050080285312641
222  0.504996301014331
1639  0.5049886317506407
471  0.5049699647645969
224  0.5049600563343798
1313  0.5049523643365321
474  0.5049174732591319
472  0.5049163691078278
1587  0.5049132409220498
429  0.504911385272266
1307  0.5049104386364291
1177  0.5049063579463942
67  0.5048878555490957
469  0.5048753887712751
896  0.5048599306268089
1315  0.5048566710165592
1579  0.5048377900741052
1139  0.5047867452849495
124  0.5045352642437495
707  0.5044503364660535
973  0.5044403177914621
1692  0.5043558224014266
1548  0.504324382567716
98  0.5042533507271376
1216  0.5042475717397155
805  0.5041984199521173
1632  0.5041913396903855
890  0.5041829441276451
905  0.5041754266895908
1340  0.504157902673106
1659  0.5041537318879683
1106  0.5041528528079728
911  0.5041456490561318
1339  0.5041443664264743
1211  0.504126184645727
1163  0.5041058262978343
814  0.504100485584288
1588  0.5040816913950446
900  0.5040755861310502
255  0.5040630789441587
1101  0.5040095968561569
272  0.5040053195387617
1343  0.5039936245287147
1061  0.503986640207227
1376  0.5039782963795921
1645  0.5039652919620005
1709  0.503954784858725
1622  0.5039290869192783
1522  0.5039289141013916
543  0.5039218828123547
1420  0.5039094420762864
1103  0.5039088321815204
1423  0.503906232354263
1358  0.5039044814425124
1374  0.5038889158391368
247  0.5038880846514034
611  0.5038870579203049
1303  0.5038850110728195
245  0.5038781296782159
700  0.503858083984694
613  0.5038363774074499
534  0.503816244876933
231  0.5037965873324532
1457  0.5037963412316935
929  0.503746714147079
1207  0.5036883701002359
88  0.503552597841225
1535  0.5035411405951874
886  0.5033954876942499
1237  0.5033921427403385
1141  0.503382416864627
532  0.5033629277117164
1608  0.5033610034971219
999  0.503359052130105
246  0.5031481343075703
726  0.503121415038541
1004  0.5031148558925138
1214  0.503087397274798
584  0.503082371173034
1567  0.5030757337209248
1687  0.5030672854704132
1252  0.5030649354011094
1703  0.5030607009364864
573  0.5030559740062106
789  0.503050632522897
261  0.5030445401860065
1611  0.5030432806264333
1334  0.5030350609482346
853  0.5030227538004759
1702  0.503009145230513
579  0.5030050756226143
491  0.5030038277475376
1305  0.502997255147283
1434  0.502977461440548
1625  0.5029729568071712
1444  0.5029705093831025
587  0.5029641369068836
910  0.5029027213736279
1732  0.5028852594990544
1401  0.5028717936618563
622  0.5028646362112201
505  0.5028126825553904
1568  0.5028121725206468
980  0.5027885994801222
989  0.5027099678720219
1536  0.5027057078778769
813  0.502702304643714
1215  0.502683041343425
1258  0.5026794058868396
1525  0.5026452508078627
1227  0.5026439908178754
1323  0.5026393077128475
895  0.5026368046644105
1520  0.5026318280471898
1337  0.502630811889203
1251  0.50260499663455
964  0.502598662226805
1295  0.5025923164355643
271  0.5025903389592915
923  0.5025601387815328
1526  0.502558132328079
240  0.5025565100605915
454  0.5025482683586053
1618  0.5025431586510491
458  0.5025322754836341
1624  0.5025308458573778
1656  0.5025307899064679
459  0.5025277141129869
1350  0.5025255609801109
1368  0.5025242387032602
235  0.5025147921773072
215  0.5025123637966817
1556  0.5025076778828927
453  0.502500139462549
993  0.5024980905517031
1592  0.5024853054523735
238  0.5024820757948418
1468  0.502479217063259
1653  0.5024675127715581
1589  0.5024661605054863
1161  0.5024589007771865
846  0.5024486847174966
1631  0.5024416231998069
984  0.5024379425839485
1067  0.5023875951599408
1462  0.5023727993193048
943  0.5023692479532085
1467  0.5023632967440705
1595  0.502359945102647
1517  0.5023574392792929
1314  0.502357366332588
1681  0.5023530452749168
1671  0.5023467917164879
645  0.5023466101960921
366  0.502344989096829
1677  0.5023380230971493
1379  0.5023228458377507
1564  0.5023159848113997
1665  0.5023115466407102
1586  0.5023095003903139
122  0.5023071425855599
1698  0.5022719142294154
1541  0.502249545388823
150  0.5022405669920096
1285  0.5022395058364371
1576  0.5022380493830596
1287  0.5022294823748947
1489  0.5022293746540687
1348  0.5022267229337617
1644  0.5022216350749324
1464  0.502221420499426
1422  0.5022201108039344
1614  0.5022107536227618
1491  0.5022052920807056
1275  0.5022016079662007
1418  0.5022007898302623
1432  0.5022004127635926
297  0.5021937252381488
1428  0.5021844324891933
1455  0.5021738840699149
1558  0.5021695872865752
697  0.5021611227225179
1282  0.5021358055608036
1571  0.5021248984483698
597  0.5021202658898224
1033  0.5020939064043342
1690  0.5020826957435391
952  0.5020777521657407
1153  0.5020247203281425
1501  0.5020134814004287
1675  0.5020099842867776
899  0.5020059303878042
1390  0.502003774015327
1542  0.5019653768256864
643  0.5018464006745798
639  0.5018313262297145
662  0.5018242824490785
1585  0.501823324011049
501  0.5018210513723713
642  0.5017937306458695
829  0.5017821816752445
1288  0.5017700932723028
1283  0.5017617066833964
644  0.5017431719336773
1635  0.5017194892709529
970  0.5017134613960603
791  0.5017088904806357
1654  0.5017080166162083
633  0.5016674678042897
631  0.5016587921729816
629  0.5016325944112214
676  0.5016304711263346
1391  0.5016299081126063
627  0.5016201186632707
630  0.5016135381863875
1385  0.5016118536130143
116  0.5015988886645455
1171  0.5015980015360582
1151  0.5015951060684842
1381  0.5015949840779355
628  0.5015831227064198
1370  0.5015775069467505
702  0.50154703990493
1345  0.5015275210242182
1270  0.5015272434227613
1268  0.5014863994332999
1272  0.5014717311577199
919  0.5014502832312571
512  0.50143312525683
516  0.5014211601468463
507  0.5013998338179344
515  0.5013954958961202
1372  0.501386898247701
887  0.5013785869063623
1598  0.5013776488065488
903  0.5013672762835482
672  0.5013541164004955
1701  0.5013508002726681
221  0.5013300263378888
812  0.501320872620024
1036  0.5013124955637782
1394  0.5013070166794
684  0.5013039535739588
1168  0.50129729912647
784  0.5012463732046804
1016  0.501227376939229
671  0.5012152257412956
153  0.5011323825317653
1695  0.5010861781798746
339  0.5010031741629706
337  0.5009476613350874
342  0.5009344685892396
1365  0.5009220841822171
1369  0.5009134041703915
1088  0.5008860869980329
160  0.5008802316025871
1583  0.500865508498338
159  0.5008391134780968
796  0.5008387546395764
1572  0.50083235386773
1421  0.5008089869580248
1417  0.5008081865134283
1503  0.5008037493890922
1440  0.5007939248457187
1427  0.5007931649437376
1363  0.5007895194630747
1435  0.5007855984468907
1262  0.5007791050551578
1437  0.5007782238037517
1441  0.5007693356146558
762  0.5007641690764613
1430  0.5007601188088393
1577  0.5007507016155346
743  0.5007405804563091
717  0.5007343694584325
1575  0.5007222238151866
673  0.5007208796323901
748  0.5007143976077857
941  0.500714183405168
1274  0.5007108693263902
1693  0.5007089692509743
1668  0.5006693446382005
754  0.5006633654253662
1507  0.5006568807348417
1469  0.5006552355845294
936  0.5006470631541472
757  0.5006378543244041
1619  0.5006151531169252
355  0.5006044608707256
535  0.5005957242499229
963  0.5005941863494665
63  0.5005901495597898
496  0.5005896812458083
1317  0.5005822179239279
1459  0.5005683693612271
1573  0.5005614513650616
1442  0.5005613052153816
520  0.5005545887726648
1670  0.5005530308107935
402  0.5005483253234166
1197  0.5005455595215023
1070  0.5005454174595023
406  0.5005412996516139
1678  0.5005297733364649
582  0.500526410740357
1382  0.5005225752341153
1705  0.5005163226885458
1642  0.5005146664767195
1686  0.5005137991220037
371  0.5005136594499564
577  0.5005101382987875
1664  0.5005099423380954
1524  0.500508454873634
398  0.5005082312194762
426  0.5005059334489119
1402  0.5005041077812591
359  0.5005035229421484
1496  0.5005030734712358
599  0.5005030266339296
403  0.5005016632058272
413  0.5004996526569836
949  0.5004996357008137
394  0.5004990660006311
190  0.5004980293069673
1600  0.5004978708835834
407  0.5004978041497106
618  0.5004977196461939
444  0.5004967175546144
549  0.5004953672263769
1326  0.500495187585124
1697  0.5004951087792104
354  0.5004950907108319
1377  0.5004950736153646
1634  0.5004945912282689
1332  0.5004943635269972
1492  0.500493170173708
414  0.5004927333321485
372  0.5004907364714224
861  0.5004906596099644
365  0.5004899788360189
556  0.5004896153759149
1553  0.5004891059749172
434  0.500489066084536
415  0.5004877637365353
1597  0.500487713004592
390  0.5004861776982248
1371  0.5004861367426663
175  0.5004858071439615
1615  0.5004855206014011
566  0.5004852925924561
1405  0.5004843361798859
374  0.5004834482877109
1380  0.5004832807998694
388  0.5004813840790978
594  0.5004798308033382
405  0.5004791198376537
1707  0.5004771601194176
381  0.5004757103711578
894  0.5004755773497311
384  0.5004755064605406
510  0.5004751602152052
442  0.5004745671073674
546  0.5004741555311216
392  0.5004739806700866
368  0.5004734519162595
570  0.5004730201832037
1658  0.5004714870105256
451  0.5004714708864475
358  0.500470669546251
362  0.5004699795437165
1504  0.5004683989525636
360  0.5004681427710311
513  0.5004675977415141
1500  0.5004663978661696
866  0.5004662189685989
561  0.5004660609214542
1531  0.5004660174132958
1158  0.5004646444453146
1519  0.50046449879311
1679  0.5004643169750811
419  0.5004642131385786
1318  0.5004639223405403
1606  0.500462775408647
657  0.5004627029867617
944  0.5004626986775894
1674  0.5004616919972922
179  0.5004593540424065
607  0.5004585044275993
626  0.500457977726131
1509  0.5004573295085166
378  0.5004572882445678
1387  0.5004569271000379
1299  0.5004566604674415
227  0.5004560939596921
1487  0.5004560125596491
412  0.5004557634548924
1426  0.5004524816989422
57  0.5004508798672112
417  0.5004503385533589
447  0.5004498781437353
455  0.5004482888065298
164  0.5004478361779028
1404  0.5004475424210597
423  0.5004474037054968
1719  0.5004469975060459
503  0.5004464103525699
441  0.5004464078066941
187  0.5004458087919479
223  0.5004457501141311
1403  0.5004447792491179
1647  0.5004443099281475
548  0.5004442278652024
424  0.5004439832408164
1398  0.5004437844478911
1291  0.5004431583186499
416  0.5004416320525409
1375  0.5004412945183447
1696  0.5004384959419204
225  0.5004371420467602
1554  0.5004368448074383
1724  0.5004364963717132
396  0.5004364862747314
1661  0.5004342550581592
1699  0.5004330696921838
1684  0.5004326235700253
1475  0.5004319625031269
364  0.5004306267847659
230  0.5004303865905946
540  0.5004303456474954
408  0.5004294036538084
393  0.5004293936440736
173  0.5004286358225739
1667  0.5004282448853226
581  0.5004277011589886
1510  0.5004275345456024
171  0.5004265655998928
1662  0.5004262949392746
1560  0.5004252106520328
1682  0.5004243958168286
1213  0.5004242926588638
1347  0.5004225542432768
409  0.5004222461739882
376  0.5004219001328707
1302  0.5004216216590962
72  0.5004178006132077
1627  0.5004176263673747
1349  0.5004135626618572
1482  0.5004110123589032
356  0.500408787893815
620  0.5004084192942166
400  0.5004049023756856
1666  0.5004046740865367
183  0.5004037142954738
177  0.5004018590993555
1219  0.5004005460751371
770  0.5004002263540874
981  0.5003998136193403
617  0.5003997001767924
70  0.5003996984268431
1293  0.5003984203963234
500  0.5003977296162008
382  0.500395518682209
553  0.5003904866657636
212  0.5003884125932527
1180  0.5003879826617326
574  0.5003854040760489
621  0.5003853608640245
1359  0.5003852504273196
373  0.5003817645919761
1310  0.5003812128158291
449  0.5003800239504146
592  0.5003791495088872
440  0.50037910829411
239  0.5003775628484072
370  0.5003766854388234
1557  0.5003754399113793
616  0.5003747447560991
1538  0.5003739154028464
1047  0.5003708089613751
580  0.5003704120039207
395  0.5003671842932085
1308  0.5003636801482887
1448  0.5003621313593265
956  0.5003619023210133
214  0.5003586587890417
1685  0.5003514484246623
1269  0.5003509821585004
636  0.500350612948609
1726  0.5003495692969169
375  0.5003492171583235
1414  0.5003490161832717
1395  0.5003489268239559
1514  0.5003476085513395
931  0.5003472502965547
1534  0.5003464828223352
270  0.5003462592276872
614  0.5003461245564493
1399  0.5003444922963217
1284  0.5003439184456935
1603  0.5003421664973702
1286  0.5003406411274762
1518  0.5003398399878349
1466  0.500338970505958
746  0.500337989248478
648  0.5003377308776391
1131  0.5003374242461611
1478  0.5003372332871137
1515  0.5003351751487406
881  0.5003340974206084
865  0.5003323778789546
410  0.5003321992579546
1451  0.5003314256068492
1408  0.5003312295610198
609  0.5003310989511981
1255  0.5003303290217718
1431  0.5003302451939795
1582  0.5003290512592586
1646  0.5003283426778069
960  0.5003282880664363
608  0.5003272633635023
744  0.5003268025146049
492  0.5003267918186566
794  0.5003245864799089
1384  0.5003245769227762
1152  0.50032262425637
1290  0.5003222975361892
1731  0.500322158819928
1187  0.5003213863218603
1173  0.5003211819382549
995  0.5003198687734052
1277  0.5003184313376963
1322  0.5003161774270971
1610  0.5003139991372585
1532  0.5003137278395822
1637  0.500313724016563
1276  0.5003121015492482
625  0.5003111616247955
1613  0.5003109019297634
654  0.5003106452382993
1378  0.500308673572025
1260  0.5003079583553927
1362  0.5003077962184156
638  0.5003077724446096
1278  0.5003073916511348
565  0.5003054230116621
1471  0.5003039244703855
1559  0.5003024748023579
775  0.5003021208838225
1126  0.5003019227045484
1688  0.5003009963338318
1643  0.5003008626392911
1294  0.5003008223589762
1718  0.5003003440085256
635  0.5003002633494618
1091  0.500298405772126
615  0.5002982217388707
892  0.5002977842999208
802  0.5002972732963866
1480  0.5002952283842466
1626  0.5002940315512346
1544  0.5002937488984487
1411  0.5002930937939402
1393  0.5002922259019293
1493  0.5002913326819938
945  0.5002908416526113
1438  0.5002876955460163
610  0.5002844133441002
1602  0.5002836241194064
144  0.5002834826467488
928  0.5002833172849636
1657  0.5002829858705693
1463  0.5002822753832645
1433  0.5002820044608004
1484  0.5002816917525507
377  0.5002803678357561
651  0.5002800565141717
1596  0.5002796835827346
1499  0.50027942644953
612  0.5002782169107503
1273  0.5002779680363323
656  0.5002776633954475
551  0.5002775754376922
1436  0.5002741069392778
233  0.5002738155430115
1547  0.5002737116247202
1712  0.5002727220482164
273  0.5002726209515538
619  0.5002722593865448
1570  0.5002721748564716
601  0.5002721634053935
604  0.5002712854812182
1616  0.5002705780657246
1127  0.5002689367459312
1201  0.5002686387763204
1341  0.5002682098313239
157  0.5002681650991172
774  0.5002680355790767
841  0.5002674220080888
379  0.5002660705093256
647  0.5002657869494432
555  0.5002650922545375
1263  0.5002633252055508
1297  0.5002628170192952
1505  0.500262579483099
1446  0.5002610648432826
795  0.5002608802070915
1250  0.5002606356185544
1477  0.5002598995298875
1312  0.5002584410498878
1439  0.5002576857413723
1416  0.5002575145330854
1335  0.5002551640731314
1483  0.5002549989540717
1578  0.5002532193236768
1720  0.5002523551105913
1716  0.5002521874166888
495  0.5002521413164667
1453  0.5002520034427486
1590  0.5002509403482296
837  0.5002508966759466
1551  0.5002507247333294
139  0.5002479475860528
859  0.5002475760012817
210  0.5002474517529083
1361  0.5002466756087944
1486  0.5002433107392081
161  0.5002424426896921
1580  0.5002415793796233
1292  0.500241502890939
1593  0.5002411380965204
539  0.5002407528921071
738  0.5002407392233043
1386  0.5002402451605745
1342  0.5002384024628492
1019  0.5002382069631617
1495  0.5002361957693727
1280  0.5002354200007433
1311  0.5002348068959799
658  0.5002335238856781
1289  0.5002304323518849
1333  0.5002285678725591
1336  0.5002270256539351
624  0.5002259476442259
1281  0.5002259326199444
1413  0.5002233485169992
1011  0.5002225138765997
1529  0.5002220241714217
690  0.5002211898188668
1329  0.5002204352181554
1569  0.5002198821950828
1320  0.5002194509824105
632  0.500219357593504
1552  0.5002189325723392
779  0.5002187006091734
1424  0.5002184076607035
1407  0.5002167361932622
934  0.5002159582135495
1533  0.5002130157283615
1694  0.5002125386202081
637  0.5002111265100858
1715  0.5002088460125702
1672  0.5002081555440154
527  0.5002078372053383
1629  0.5002066611953861
1123  0.500204992069242
544  0.5002023598252183
1148  0.5002010376694588
830  0.500199737028451
1383  0.5001987916928748
1271  0.5001946133610982
1364  0.500191511389998
1146  0.5001893183911575
585  0.5001892566417967
494  0.5001882534918097
1612  0.5001877249273879
557  0.5001876659854003
1150  0.5001861318013567
1513  0.5001853167717997
1248  0.5001847238736905
1325  0.500180868377288
694  0.5001798156250246
1563  0.5001786295181407
1454  0.500178447006796
1410  0.5001782377743151
1546  0.5001781708086286
1676  0.5001770805059959
1389  0.5001755519127004
661  0.5001725516895181
1415  0.5001714982253591
653  0.5001713942594959
1673  0.5001694274018269
142  0.5001643970408945
578  0.5001641570228628
1543  0.500164143346074
1479  0.5001639634310746
588  0.5001632593634011
885  0.5001598931749649
568  0.5001597787801266
1054  0.5001596545025981
869  0.5001591774279384
1301  0.5001558352481212
1649  0.5001555912161131
1470  0.5001486513642568
589  0.5001468724060009
1623  0.500136129467502
1319  0.5001339920351414
1640  0.5001316621900301
542  0.5001309906002711
1331  0.500130885840955
572  0.5001300395208144
646  0.5001276562624947
1425  0.5001243813524041
1429  0.5001201037477401
567  0.5001185026424111
17  0.5001142549653703
1609  0.5001139864171689
1210  0.5001129513222978
1636  0.5001092790528399
558  0.5001090896653837
583  0.5001069595137992
1222  0.5001061416586285
1304  0.5001022915451441
576  0.5001010493706814
552  0.5000989981892374
1443  0.5000989606830506
1704  0.500096907886673
563  0.5000953111016507
1419  0.5000947707097827
586  0.500093305632898
571  0.500090607472923
1550  0.5000883148242272
1330  0.5000872286620512
537  0.5000866686499932
641  0.5000828513426021
1728  0.500081791979239
1521  0.5000704607480801
606  0.5000700630928312
1456  0.5000682014641014
787  0.5000669708168615
521  0.500064930693153
562  0.5000645030816246
603  0.5000625041676257
242  0.5000618449806182
1296  0.5000580334205571
1523  0.5000563222934284
74  0.5000539400736421
533  0.5000534956298963
1344  0.5000533604642474
623  0.500047516763624
1730  0.5000464636777104
898  0.500045083223805
1226  0.5000449281990936
889  0.5000438108667906
1708  0.5000402417619034
1300  0.5000304373262484
1641  0.5000299194626953
1265  0.5000284153021801
529  0.500026932960319
525  0.5000161809291923
1327  0.500010232292651
1660  0.50000920395853
1530  0.5000050719138843
1722  0.5000036783315434
798  0.5000030750918136
660  0.5000015913553928
1298  0.5000013467391573
137  0.4999957914509079
397  0.49999409027619046
481  0.4999916230122341
483  0.4999900966517772
545  0.49998700430332454
480  0.499971347150437
1511  0.49996987676326177
478  0.4999629395288644
485  0.4999515365938033
782  0.49994996853644946
1633  0.49994578888732166
1081  0.4999369565313193
486  0.4999301172258158
476  0.4999246885670051
926  0.4998745633933991
1650  0.4998395643125656
946  0.4996990594124625
1206  0.499649610516684
1160  0.499573861236131
1165  0.49948292369951475
1204  0.4994459600770297
1266  0.4994075687643248
731  0.4993944901220476
1264  0.49937952170881694
196  0.499374892934765
1648  0.499318068814962
399  0.4992927021303649
169  0.4992644704393884
1488  0.49923172023549456
862  0.4992139720416995
125  0.49920013945918973
401  0.49919856888811276
1710  0.4991983930040935
1132  0.4991916481207934
1089  0.4991902299109836
1711  0.49917209076284663
391  0.4991674378283587
884  0.49904150408754266
129  0.49887983751305043
1306  0.4988751276931319
1537  0.4988616992621365
1231  0.49883494819370855
1259  0.49880193507485815
94  0.4987927261088091
128  0.4987834287723937
93  0.4987542931965515
997  0.4987485451984808
1706  0.49873178175106425
92  0.4986707861603008
266  0.4986406726646315
156  0.49859036833256043
1465  0.498543264914854
777  0.49844514850259825
89  0.4984178093180719
649  0.498371890329244
904  0.4982888804633331
195  0.4981024191574399
194  0.4980891135814187
845  0.49808331718250687
1473  0.49806995226899486
193  0.4980431234512097
65  0.49801544217660265
778  0.49793272629229
916  0.49790205056930714
1015  0.497418238074016
783  0.4973893170200764
806  0.4973478468410284
1254  0.4973063768784255
809  0.497001908164434
687  0.4969883397216298
517  0.4969555730285643
686  0.49692675591351576
811  0.4968353658095007
912  0.49678322123958907
1360  0.49676599335887894
771  0.49669305896412086
1065  0.4966384490516711
873  0.49655884032455067
818  0.4965073548015142
879  0.49650620427527603
1202  0.496449361321075
780  0.49642035573001875
917  0.49637442983947966
1205  0.4963659771747524
1122  0.49635664952974823
1167  0.49626479294264414
1041  0.4961472745828658
112  0.49606299898482353
1239  0.4960389282762361
1119  0.49603080508465724
915  0.4960228077120785
1581  0.4959330136739275
668  0.4959079576497871
927  0.4958859175909972
1174  0.495877401723975
792  0.49585289379974207
664  0.49580049587068753
906  0.4957036985366803
1256  0.495670621527213
985  0.4955971656832159
897  0.49556897406342104
878  0.49556655784818415
907  0.4955477975725854
1030  0.49552843740869235
1071  0.4954952621587563
815  0.495430915461214
954  0.4954249125929433
1095  0.4953993611640537
877  0.49538100863319023
1048  0.4953396923740945
1045  0.4953222317927962
786  0.4953202022030905
788  0.4953064366654103
982  0.4952491382446904
876  0.49523675930698674
870  0.49522128400127174
1485  0.49519142511366177
1240  0.4951551645097244
965  0.4951144078865408
1133  0.49510691596614465
197  0.49505849764555565
43  0.49505494005438466
1076  0.4950468180918427
1115  0.49504644431929057
935  0.49504273689169165
1203  0.4949680487514885
1090  0.494951414050149
976  0.4949371136417402
1062  0.49492499118733235
921  0.4948912980390964
1164  0.49482239922662485
874  0.49481338487015525
234  0.4947996132332356
41  0.49458852584200463
674  0.4945848905756549
162  0.4945604462289249
1032  0.49448607691553503
42  0.49444484361713537
1055  0.4943986763342727
1178  0.4942908301536505
1079  0.4942717851936438
1229  0.4940306332750447
44  0.4940002737858483
219  0.49396774920004083
948  0.49393056454136763
962  0.49378165095838655
1003  0.49372006446646943
470  0.4936066791674305
937  0.4935467914091619
443  0.49339675483241896
776  0.4933721786718944
1352  0.4933693744289278
446  0.4933238897958284
445  0.4932733113326061
109  0.49324532967156987
836  0.4932050588023297
1189  0.49315513952416945
448  0.4931510889096621
1245  0.49311189022820967
975  0.49308821772994016
1100  0.4930769756687602
1022  0.4929437213462263
992  0.4928844958957218
450  0.49286901344061773
699  0.4928533622150587
1186  0.49282270862904654
863  0.49282149967152145
56  0.4928190223077884
1166  0.4928112668423912
1528  0.4927665214095994
678  0.4927472982463901
99  0.4927415531040852
69  0.4927320711927038
60  0.4927098325057273
237  0.4926726972398262
58  0.4926438878833873
71  0.4926433090886314
64  0.4926321244494878
745  0.49256879872369197
803  0.49253205654991516
680  0.49248733048795423
536  0.4924848851560185
102  0.4924829216780352
711  0.4924461119126968
1450  0.49244519675756804
1058  0.49242093213548965
679  0.4923912652707413
677  0.49235726423332615
119  0.4923495415426634
1549  0.4923229063335639
538  0.4923052373826704
797  0.49228619614806657
1199  0.4922546513778948
689  0.4922131740194423
145  0.4921486023726924
1108  0.4921468831843754
115  0.49211542295821054
1605  0.492090073329278
81  0.4920655513049009
823  0.4920511461382293
123  0.49199032011894994
117  0.4919891282205614
148  0.4919725769646035
121  0.4919627536040584
82  0.49194031216605016
154  0.4919289682523521
163  0.49190587314953127
938  0.4918826099164867
714  0.4918574791637874
151  0.49184308707883373
80  0.4918230898930118
78  0.491801022377241
590  0.4917904816370555
386  0.4917648464121409
46  0.49176397712671105
83  0.49175907366837057
38  0.49173520562454476
213  0.49173492880674685
380  0.49173165130784435
134  0.4917048285926765
76  0.4917017518993483
880  0.49170086546522696
54  0.4916852079455103
387  0.49167682167215254
62  0.49167102250121064
942  0.49163967349914073
55  0.49161661491451314
217  0.4916145921625916
531  0.4916086644515024
45  0.49159727781465523
31  0.491572171620445
1321  0.4915571237267059
634  0.49155646940877784
1604  0.4915539184676665
389  0.49154600683446437
1075  0.49154319624180254
357  0.4915321701282602
1584  0.49151684103375515
914  0.49151041715899224
968  0.49150535528166717
32  0.4915019113831687
541  0.49149669876953705
1035  0.4914805731317442
282  0.49145651280262426
363  0.4914517962815165
165  0.49144982854541797
33  0.49144095042100044
158  0.49142615821246094
77  0.4914170805422384
79  0.49140108513573166
191  0.49139788994852884
34  0.4913881495523894
284  0.4913834156837479
279  0.49136065928640194
95  0.4913394748157547
1713  0.4913328981353652
1351  0.49132550433952604
452  0.49130047833578916
107  0.49129372053445974
1092  0.4912853642090306
605  0.49128383111613183
30  0.49127924174325277
595  0.49124937955293846
1476  0.4912467820736611
257  0.4912455530992843
1691  0.49124270367810885
152  0.49123695474211904
361  0.4912334220205766
1038  0.4912252468978313
994  0.49122341285169635
143  0.4912065354950659
146  0.49120168700838185
602  0.4911959623604657
149  0.4911616717403273
1093  0.4911535963273611
1044  0.49114334771434265
554  0.491135831359918
1508  0.49113277082075124
920  0.49112344318218426
263  0.49111224767525774
688  0.4910897930657343
1183  0.4910871939308429
330  0.4910727385439736
326  0.49103213135006907
706  0.4909978034932492
1452  0.49099040245020675
1013  0.4909623849692667
685  0.4908850469741166
820  0.49088408821247054
704  0.4908536581896248
1020  0.49083367383728105
705  0.49081982405235736
1545  0.4907764364492274
216  0.4907594458792697
1024  0.4907393277726001
1555  0.4906951827145075
209  0.4906806284664488
1355  0.4906451286502965
1007  0.4905301905122291
101  0.49049346970562746
211  0.49040376205634617
367  0.4903359959218413
817  0.49024372892401546
718  0.4902242848533247
569  0.4901952202296027
1096  0.49013806967958673
369  0.49013765250663766
87  0.49003541741561785
1516  0.4900174819624191
564  0.48989673950596524
1223  0.4898901438692511
908  0.48984207811691083
1050  0.4898144994039153
1192  0.489736341683112
275  0.48968612484908614
1253  0.48960929961045896
799  0.4895666235990722
36  0.4895540359760008
37  0.489546898282896
666  0.4895441422838078
1445  0.48948946431491247
1116  0.48939909299350304
511  0.4893662294565385
1617  0.4893221142353871
504  0.48931609219185057
192  0.4892993094551471
1599  0.48927794635022526
40  0.4892443341995546
506  0.4891938672958499
85  0.48913519896774216
35  0.48904991318470237
514  0.4890157665262529
475  0.48895206666097657
1169  0.48890525860994494
959  0.48889386016093994
913  0.48886291527370773
1063  0.48879900141391297
804  0.4887873913524038
988  0.48878302684050645
1009  0.4887691056379264
522  0.48873807018862103
147  0.488716609742615
105  0.4886362786050591
111  0.4886234666966759
110  0.488573248732201
598  0.488556497750552
922  0.488550637031108
106  0.4885491025313149
763  0.4885221186305789
1175  0.48840193507572727
969  0.4883913916170126
104  0.48830169555883707
114  0.4882307917535399
113  0.4882063539079995
1085  0.4881474123795547
103  0.48798426657382854
108  0.4877806865668203
189  0.4877378311901527
987  0.4876843993312042
1051  0.4876816581473359
1354  0.4876736625284118
1472  0.48760949008969934
1031  0.48758465540272766
652  0.48739684959919516
1460  0.48739476978296303
420  0.48737783511848987
1059  0.48736453515136224
559  0.487361462456387
1074  0.4873517257508614
24  0.4872700708484963
477  0.48720445770372234
26  0.48719393866977867
431  0.48715426956947117
1498  0.4870234995352013
1010  0.486904906503393
1220  0.48690336920643107
655  0.4868529075837571
1497  0.48675548032498583
1680  0.4867138460016469
1628  0.4867105121058809
930  0.4866981047218052
425  0.48666941903002847
1112  0.48656130091769767
1244  0.4865450230289765
670  0.4863926452561982
1594  0.4863894967033888
1723  0.4862859007173209
1601  0.4861226510483452
1193  0.4861002778257194
1481  0.4860821296876897
1566  0.48606929586963865
467  0.4860658297157573
1539  0.48604736809432225
435  0.48600907848635067
709  0.4858739287369749
427  0.48585993571916897
1458  0.48584725014047025
422  0.4858433548652632
1717  0.48582127198845626
1574  0.48580101414161525
742  0.4857987395180655
1490  0.48578744307784805
883  0.48574789061195756
951  0.4857265850727449
1562  0.4857062005881255
1110  0.48565037373239783
39  0.4856226526187659
411  0.4855957298881489
1238  0.48557977991186463
1001  0.4855429794574593
1725  0.48552450697380356
1683  0.48550094681254075
473  0.48547141909114033
1052  0.4854588805704898
833  0.4854235233261268
991  0.4853928835532466
1006  0.48538773577161376
490  0.4853850448358028
735  0.4853438950514156
48  0.4853252722384853
1714  0.48530175249572904
710  0.4851569148511867
1191  0.48515665772217154
1721  0.48509919726413553
1066  0.4850740252835417
736  0.485062866114098
457  0.48505010255773096
1149  0.48501623323878695
1561  0.48500873971308067
1147  0.48496415017835526
1040  0.4849238305585769
834  0.48490666761916923
733  0.4848486622478424
1236  0.4847491838252157
708  0.48470213788901884
1027  0.4846933286621694
1043  0.4846143184485787
487  0.4845483321929044
730  0.48450367652857007
418  0.4844560232442594
665  0.48441329796980725
1170  0.4843774706550753
800  0.48434885586771503
1082  0.48433673242757347
725  0.48427306176064766
712  0.48423033121792924
1097  0.48422953160712845
1118  0.48421846649813116
819  0.48421443491110994
1121  0.48420593150469315
482  0.4841535899863101
721  0.4840912332505015
955  0.4839706751722147
1124  0.4839429118686761
1176  0.4838691985757385
781  0.48385880314581675
1235  0.48385795496942297
1217  0.4838320415467823
1621  0.48372572103269385
650  0.4836770844494819
724  0.48367591628622686
1449  0.48364276183270116
723  0.4836324342596626
1367  0.48362237695693366
698  0.4835494732681692
793  0.4835402994425313
1084  0.4834767492606181
720  0.4834168746458595
669  0.48337675253805834
901  0.48333137610737686
807  0.4833239607786647
1014  0.4832414497590346
1727  0.4832249179292546
203  0.48318403100124585
131  0.483171108000357
871  0.4829850604541541
1099  0.4829506640679391
1145  0.4828730198884982
1154  0.4827888877714154
961  0.48272238006533374
1057  0.48267285012326056
1257  0.48266221356168626
509  0.4826550285680177
300  0.4826381356789624
1087  0.48262052983428305
909  0.4825890520727377
888  0.4825619422803834
790  0.4825384227369536
1083  0.482518384646083
715  0.48234090594065004
737  0.48233755755659535
1018  0.4823255308437444
1078  0.48232500667897826
1208  0.4823085465084018
200  0.48229279818896
728  0.4820930114642462
205  0.48200833697959466
50  0.4818061890889107
1159  0.48177134239895625
519  0.4816773379342598
1105  0.4813967018325084
872  0.4812808556021503
1056  0.48127149479041376
1689  0.4811937352390204
848  0.4811307174424545
1039  0.4811238892363513
1233  0.4810900192727413
1212  0.481089481986823
867  0.4808774260070444
1104  0.48078610060688665
207  0.4806206129956506
1241  0.4806063005948581
758  0.4804938955314494
974  0.48040754358216353
1034  0.48036958505538885
977  0.4800600681730609
1242  0.4800101968658127
1209  0.47997872995832236
958  0.4797903704680556
1346  0.4796249773876551
835  0.4796139151692195
966  0.4795490475185492
1021  0.4794226687775207
133  0.47935984995813885
1190  0.47924501174425416
1107  0.4791791321098612
484  0.47906543613069597
1073  0.47903304516082124
826  0.47892623006502466
185  0.4787687737606672
1005  0.47875396576802465
1049  0.4787008807183495
1638  0.4785407998003145
479  0.4783506183388697
52  0.4782827966741605
1309  0.4780927980736064
1130  0.47728604943816
1261  0.47676344309464147
1008  0.47668036542129455
181  0.4761757122535578
1249  0.47536186386004686
1114  0.47531661930470703
773  0.4753012597798225
1396  0.4751779478193592
1392  0.4750873867973271
832  0.47506403100985406
1111  0.47453912758713057
1134  0.47396606911081707
831  0.47376681255455666
1228  0.47358787038028793
1060  0.4735635252212229
979  0.4735147802602142
198  0.47327005451066817
924  0.47322857689396514
983  0.47272681039740583
852  0.47267201570932804
821  0.47256344067522293
1494  0.4724600560900494
939  0.47243161779571174
1406  0.4723773889010888
1388  0.47209528808703316
950  0.47199093786255153
1037  0.47151522654754763
1117  0.47146564648398137
663  0.47137974548874384
1246  0.47063555705835447
713  0.470621989589214
933  0.4703058558254881
1409  0.4702526408666289
957  0.47018813885061894
1247  0.4699304967278831
1128  0.46962754322102085
1102  0.46949552420328755
1181  0.46916282709421875
1267  0.46827129789565636
1053  0.4682158824044096
1137  0.4682040160116092
1029  0.46794097778811483
828  0.467624143518821
1086  0.46740163971376936
1125  0.4673054549168004
801  0.46726236873874616
1162  0.46683688424948067
839  0.4666852662434472
1026  0.46668011905151985
840  0.46658723880284936
891  0.4664295676779079
857  0.46625650874914726
1412  0.46614942808856263
868  0.4660785941163087
1188  0.46587649034284884
856  0.46528349541984715
1356  0.46505469210875394
1224  0.465040182331099
1068  0.4645971707227713
772  0.46400991400769154
640  0.4638675661966384
1400  0.46348158355045865
849  0.4624291972902339
971  0.4623601433801655
1155  0.46195048556166485
932  0.4615122101576711
851  0.46102656827306276
827  0.46096857052352247
855  0.4609442217539469
864  0.46007984274875013
893  0.4599316621469083
1064  0.45961820328465497
1046  0.4585383697309672
593  0.45733365166531126
1474  0.45703173231171024
925  0.45677581387699184
860  0.4559296678080391
986  0.45534599078664173
858  0.4550140739835984
1195  0.4541742198992387
854  0.45400707916802285
850  0.4539593358008017
1194  0.4472692515452197
1  0.0
2  0.0
3  0.0
4  0.0
5  0.0
6  0.0
7  0.0
8  0.0
9  0.0
10  0.0
11  0.0
12  0.0
13  0.0
14  0.0
15  0.0
19  0.0
20  0.0
21  0.0
22  0.0
23  0.0
25  0.0
27  0.0
28  0.0
29  0.0
59  0.0
61  0.0
84  0.0
86  0.0
201  0.0
228  0.0
229  0.0
232  0.0
236  0.0
241  0.0
243  0.0
244  0.0
248  0.0
249  0.0
250  0.0
251  0.0
252  0.0
253  0.0
254  0.0
256  0.0
258  0.0
259  0.0
260  0.0
262  0.0
264  0.0
265  0.0
267  0.0
268  0.0
269  0.0
274  0.0
276  0.0
277  0.0
278  0.0
280  0.0
281  0.0
283  0.0
285  0.0
286  0.0
287  0.0
288  0.0
289  0.0
290  0.0
291  0.0
292  0.0
293  0.0
294  0.0
296  0.0
298  0.0
299  0.0
301  0.0
302  0.0
303  0.0
304  0.0
305  0.0
306  0.0
307  0.0
308  0.0
309  0.0
310  0.0
311  0.0
312  0.0
313  0.0
314  0.0
315  0.0
316  0.0
317  0.0
318  0.0
319  0.0
320  0.0
321  0.0
322  0.0
323  0.0
324  0.0
325  0.0
327  0.0
328  0.0
329  0.0
331  0.0
332  0.0
333  0.0
334  0.0
335  0.0
336  0.0
338  0.0
340  0.0
341  0.0
343  0.0
344  0.0
345  0.0
346  0.0
347  0.0
348  0.0
349  0.0
350  0.0
351  0.0
352  0.0
353  0.0
421  0.0
430  0.0
456  0.0
460  0.0
493  0.0
497  0.0
498  0.0
499  0.0
524  0.0
530  0.0
547  0.0
550  0.0
560  0.0
703  0.0
716  0.0
719  0.0
722  0.0
727  0.0
729  0.0
732  0.0
734  0.0
739  0.0
740  0.0
741  0.0
747  0.0
749  0.0
751  0.0
752  0.0
753  0.0
755  0.0
756  0.0
759  0.0
760  0.0
761  0.0
764  0.0
765  0.0
766  0.0
767  0.0
768  0.0
769  0.0
1042  0.0
1077  0.0
1094  0.0
1113  0.0
1120  0.0
1279  0.0
1353  0.0
1357  0.0
1366  0.0
1373  0.0
1461  0.0
1540  0.0
1565  0.0
