709  0.6037351049073305
710  0.576818510015684
707  0.5766717843986818
708  0.5760352400322881
1167  0.564910752955045
1058  0.5648687252883514
738  0.5648291066636746
876  0.5646901576907106
899  0.5646590402128838
1333  0.5646042405432865
1241  0.5645956995772521
1176  0.5644147907720689
744  0.5643620751046718
739  0.5639730050214742
59  0.5523477396407654
65  0.5522534509608203
1393  0.5522290161761916
918  0.5518807820305689
977  0.5517427661543042
15  0.5516902568806206
1669  0.5516014497534791
588  0.5513632523956478
984  0.5508178982081192
733  0.547480922016587
1441  0.5473559731933073
729  0.5471690051606637
1445  0.5471554354717512
553  0.5471004274732388
1447  0.5470982498255954
737  0.5470909981012789
1171  0.5469811184213322
734  0.5469266253995244
726  0.5469048034118364
748  0.5468549135800465
823  0.5467436605971956
1144  0.5453428135890135
800  0.5453223235057576
834  0.5445664049499581
860  0.5445513555636812
838  0.5440821115508214
727  0.5439715085040498
680  0.5436272193121205
446  0.5434599644930674
863  0.5433828946868043
449  0.5431340688488523
722  0.5431093211362531
719  0.54310266621339
441  0.5428456428904693
720  0.5425414701135487
844  0.5423596728639114
773  0.5421769056497582
784  0.5419731619337088
1032  0.5417534940868627
790  0.5415487595994779
878  0.5414413322554679
873  0.5414223790664867
427  0.5411042696223193
1068  0.5411036379097958
972  0.5410189230599565
781  0.540795076477957
60  0.5407249237134173
856  0.540670838077409
798  0.5402086402843177
129  0.5399444551334294
990  0.539706385858037
758  0.539629475030659
735  0.5393473410561401
841  0.5388318755978168
793  0.5387852281687613
1553  0.5381489721470768
865  0.5379283721167258
672  0.5378131179843473
1150  0.5377671574695589
740  0.5377170191923312
432  0.5377028546199698
436  0.5373647377916935
1079  0.537356405906481
431  0.5368821855052752
966  0.5368366442517598
1620  0.5367321429288703
493  0.5365446833792717
153  0.5362719521438374
490  0.5362178926977391
421  0.5361230033825615
1053  0.5360689536465651
1663  0.5360004930203142
1532  0.5359241029128521
433  0.5358895244537923
23  0.5357855784752269
845  0.535507912888652
849  0.5354186782569104
669  0.535137151108681
323  0.5350312766738187
325  0.5349691252185222
673  0.534852926294677
1228  0.5346205539375487
742  0.534584912194251
884  0.5339532269206004
847  0.5338776852827302
550  0.5333996943171331
968  0.5332503673585032
1233  0.5326857326539519
745  0.5323156353033182
1572  0.5321055768911058
1124  0.5317073237789591
1128  0.5316197762499685
600  0.5299367512026
1703  0.5290394253619141
1122  0.5290053281524985
938  0.5270840729633258
102  0.5270208820028355
474  0.5267926041434234
106  0.5267578154519555
47  0.5266176142135706
173  0.5265693558658449
43  0.5265138353983301
105  0.5264980568473548
45  0.5264661274826321
472  0.5264654703491851
168  0.5264112552360906
42  0.5263760030947873
837  0.5260873784019336
122  0.5247743888443098
1300  0.5241752716489916
51  0.5240639019883793
125  0.5240286326412196
49  0.5240000600063726
1283  0.523966908709905
177  0.523838049804237
1305  0.5234609448113172
920  0.523379649320552
222  0.5226758409345045
1237  0.5223581182909836
908  0.5223326237365644
1682  0.522321876614447
508  0.522291633137805
224  0.5221020482528815
1515  0.5220264525970726
879  0.5219402599186365
1350  0.5219100987781888
969  0.5193777453584427
869  0.5189904394573317
872  0.5187122669827333
450  0.5185490157118688
848  0.5185422511846451
25  0.518498818371568
26  0.5184100398105216
24  0.5183414438817182
1538  0.5183204354691577
917  0.5166885474473919
932  0.5163840434970949
935  0.5159753152301872
1269  0.5156432751467475
219  0.5155934070298693
171  0.515547085028011
166  0.5155315521992931
103  0.5154313800316007
299  0.5153151649382632
1365  0.5148834621668357
1006  0.5139667928032668
435  0.5128883654596219
179  0.5128368692924399
37  0.5127028943661186
176  0.5126376283350185
1559  0.5126099211327988
31  0.5125892522773539
33  0.5125855885115604
886  0.5125498252380326
1651  0.5122863074332024
616  0.5118151379509717
88  0.510614617999753
91  0.5105795551595331
94  0.5105654151506217
1723  0.5105440216082536
338  0.5105400575517194
341  0.5105302176308081
334  0.5105062916811511
1189  0.510475716726184
1738  0.5104223593026566
1691  0.5104186761939318
332  0.5103369257199251
1563  0.5103355387869294
1729  0.5102057801932631
1268  0.5101501356603737
1282  0.5100974022955691
578  0.5100784406358068
1151  0.5098430455951557
1158  0.5097853039300717
1194  0.5097249273648639
958  0.509489694985026
116  0.5094374793161416
99  0.509432172364159
119  0.5093153513580666
97  0.5092194332578919
112  0.508707900881199
675  0.5086229433672562
842  0.508578129492529
1373  0.5085388013646521
1143  0.5083083131260859
1136  0.5082384128157247
1593  0.5082073913636019
138  0.5081883268206907
862  0.5081132033196792
1307  0.5080039131955322
409  0.507968552096261
676  0.507943798392429
822  0.5078422477822724
194  0.5077021990712938
192  0.5075953528555968
11  0.5074512346873663
592  0.5072664453734661
204  0.5072166581479306
1412  0.5071503559940355
1289  0.5070302830722077
867  0.5069078109254113
136  0.5068960242745219
1294  0.5068651401852442
622  0.5067621579858139
1308  0.5067351208378781
1185  0.5067011516772392
575  0.5066644265356484
944  0.506656058759221
1607  0.5065930138584265
571  0.5065402898003185
654  0.5065258161986176
1419  0.5064367656207236
658  0.5064366029516356
903  0.5061049038053539
1768  0.5059939038433623
960  0.5059075897119536
127  0.5057099595746801
1406  0.5056979264563415
124  0.5056686415585386
203  0.505652291733486
655  0.50557315491299
1192  0.5055313502194201
864  0.5054877798696007
584  0.5054005113253213
109  0.5053650473681699
1186  0.5053382858262047
1301  0.5053104690419066
914  0.505230680481229
142  0.5051270111664004
70  0.50509719120387
146  0.5050952823911785
128  0.5049994142297458
1398  0.5049954890551037
114  0.5049894657268094
143  0.5049760591488446
115  0.5049749771759162
131  0.5049709340607629
107  0.5049691738080797
536  0.504967769520084
121  0.5049669959345735
118  0.5049517907245135
149  0.5049507693229488
147  0.5049477334656398
130  0.5049279201199597
1187  0.5049076366740177
140  0.5049071531449092
912  0.504878461823442
1567  0.5048460362985409
677  0.5047576122617409
916  0.5047503953139543
1507  0.5046151887872509
344  0.5045299574002846
346  0.5045213504604751
1511  0.5045159257077867
135  0.5044988299385207
92  0.5044736622247895
1510  0.5044306093092208
388  0.504315918799456
89  0.5042910417646169
390  0.504253074442518
392  0.5041916439592751
386  0.5041747767095487
134  0.5037516590767802
270  0.5037304740684726
268  0.5036354936765507
476  0.5035487974306898
465  0.5035447138307414
470  0.5035387042071151
473  0.5035386725372042
467  0.5035367510210156
481  0.5035283449202848
469  0.5035038979821442
479  0.5035031671827626
475  0.5034699299162659
478  0.5034696645619767
164  0.5033568071545218
911  0.503344921221373
161  0.5032977221553816
952  0.5032956245097973
482  0.5032813868802697
156  0.5032764708027644
87  0.5032559103244714
1505  0.5032547107488627
169  0.5032500816263616
174  0.5032478235878068
86  0.5032459777852194
158  0.5032443218790386
668  0.5032270163703445
283  0.5032220141764475
671  0.5032067883406894
281  0.5031921891141293
1056  0.5031613226943867
133  0.5030587407248147
663  0.5030212854306453
665  0.5030123723798392
139  0.502931350264783
93  0.5028562115342068
924  0.5028494389222999
652  0.5028429238735788
337  0.5028405462969661
462  0.5028363419923219
1214  0.5028320246278559
96  0.5027900614909508
1539  0.5027853953758721
649  0.502719659684522
909  0.5026421984927958
1540  0.5026377511962901
411  0.5026332577604876
1587  0.5026276227428151
415  0.5026036592728278
1256  0.5025888651121111
1715  0.5025712446281427
460  0.5025594488533283
82  0.502554689861775
413  0.5025494459034808
95  0.5025302711251974
647  0.5025230123789837
1217  0.5025111688801522
1667  0.5025089005003851
459  0.5024992537051923
458  0.5024734295922313
457  0.5024705401648082
456  0.502446321647307
262  0.5024143107898604
264  0.5023693761807032
84  0.50234732192495
495  0.5023032418451667
78  0.5022877030562234
85  0.5022774941684973
181  0.5022630046167852
188  0.5022600698413106
775  0.502252976543238
184  0.5022523862208879
186  0.5022234354156976
190  0.5022189795812666
1698  0.5021702218520347
183  0.5021675984110302
961  0.5021439787920703
1548  0.5021094291817143
1550  0.5020847627495115
463  0.5020578617817144
1385  0.5020524868040077
208  0.5020414294601988
50  0.5020363270668622
1388  0.50202780736854
505  0.5019784997999726
502  0.5019313902247006
251  0.5019104419369402
245  0.5018881479500061
1430  0.5018752900986312
1410  0.501863362643884
252  0.5018625088219613
885  0.5018615828710544
625  0.5018509030539716
646  0.5018429133887545
209  0.5018354767966988
249  0.5018280049191393
1679  0.5018091380471732
1255  0.5018006515340768
1756  0.5017926100285749
1558  0.5017910553221769
212  0.501782985560628
1416  0.5017643427014061
211  0.5017641002996118
1103  0.501756514924869
1375  0.501752456515601
1379  0.5017487088554107
1095  0.5017169438098683
1631  0.5014258155488567
1084  0.5014113082490186
1453  0.5014035987273229
1642  0.501400803867757
1372  0.5014002847278862
1286  0.5013994452800463
1488  0.5013989781722759
214  0.5013982469254509
1675  0.5013924482207043
523  0.5013891828361625
213  0.5013878440006299
484  0.5013868244475648
1275  0.5013813253024044
487  0.5013803793007382
1292  0.5013763247210583
520  0.5013716075059559
1686  0.5013560704792153
1434  0.5013530936204292
259  0.5013478418115234
1458  0.5013464245970571
1634  0.5013346998636319
1506  0.5011865521364196
1057  0.5011323239596367
562  0.5010416463533642
1629  0.5010152389527435
1571  0.5010087738644433
1224  0.5010019359404307
763  0.500995638824115
531  0.500995079135766
566  0.5009909120497127
1374  0.5009833515688533
1205  0.5009826293464507
218  0.5009818292999617
1326  0.5009762075476407
557  0.5009748195339239
568  0.5009745048923295
1722  0.5009740548677112
215  0.5009571750145632
1589  0.5009513039389196
728  0.5009493032540855
667  0.5009485284475983
1568  0.5009480839783695
1580  0.5009479318879253
597  0.5009468132990313
1677  0.5009465664319138
1384  0.5009427479436341
836  0.5009410536898862
563  0.500938439693859
216  0.5009256053537507
787  0.5009239888429545
1719  0.5009229718804256
189  0.5009197880133001
1302  0.5009176236184004
1533  0.5009147849941167
611  0.5009128278246554
1366  0.5009096375169757
660  0.5009064878815108
893  0.5008997769829844
1271  0.5008996354316577
558  0.5008954133774715
1762  0.5008916174596241
483  0.5008891145799308
244  0.500888824394035
1349  0.5008875540634428
440  0.5008872422472311
221  0.5008842228612823
910  0.5008814075467142
1541  0.5008811154407977
220  0.500874140523399
1523  0.5008738532271612
539  0.5008717460854129
1761  0.500870546076531
1576  0.5008647473904821
1626  0.5008645181185674
661  0.500863903327902
970  0.500862984539711
1512  0.5008601298306921
1376  0.5008588550063164
1616  0.5008564178793937
609  0.500853448455313
439  0.500852725946384
606  0.5008505177635505
603  0.5008450020870079
533  0.5008432868505732
1757  0.5008392501648946
1725  0.5008388063670051
1693  0.5008386215168147
1554  0.5008386190953844
1688  0.5008381331640719
485  0.5008302991304148
1653  0.5008299805919173
1760  0.5008271659333727
1381  0.5008268375680573
1495  0.5008257039200685
591  0.500823614834031
1595  0.5008205548309692
1635  0.5008101569201091
1650  0.5008085384051104
962  0.5007977138041493
1710  0.5007973642130727
1763  0.5007969114251073
152  0.5007965983556231
1342  0.5007946103888943
1422  0.5007932263319574
1487  0.5007925952102934
1749  0.5007912956025715
1628  0.5007911559627406
1673  0.5007898707322764
1699  0.500785267873578
1265  0.5007801352751013
1645  0.5007778473051836
1492  0.5007771748550423
205  0.5007740094560404
488  0.5007725958779059
276  0.5007716297449833
1482  0.5007699912619693
1630  0.5007493240514391
1658  0.5007315427808434
1083  0.5007305244148026
1157  0.5007253521533782
732  0.5007207763198411
1624  0.5007191241579603
1666  0.5007157755553044
1683  0.5007077976047511
1684  0.5006980074221815
377  0.5006922399449257
1425  0.5006884638780498
289  0.5006876396132737
380  0.5006863936675489
1751  0.5006838129300746
1013  0.5006803107569204
1494  0.5006715756028914
805  0.5006655921641381
1340  0.5006479569644311
1491  0.5006460203156433
1337  0.5006350135642342
702  0.5006329911302969
1451  0.5006264570696038
1687  0.5006244135058062
1471  0.5006161279418713
1339  0.5006120129795759
1022  0.500610695814618
1463  0.5005957193938027
1336  0.500595249489383
1236  0.5005905952701646
1599  0.5005895284839568
512  0.5005878033022639
1199  0.5005865532785843
704  0.5005811222125032
1335  0.5005757545891968
1334  0.5005730623344078
510  0.5005662524642971
1327  0.5005618573807851
1467  0.5005602701223211
522  0.5005599250697342
511  0.500559167747954
925  0.5005471718598912
1514  0.5005396176534356
182  0.5005065405640805
1516  0.5004946615979347
1692  0.5004939723019395
412  0.5004935604437298
1465  0.5004935185441668
1462  0.5004882212965
1527  0.5004777078825084
1592  0.5004762179501993
526  0.5004758726425774
178  0.5004749563464428
491  0.5004740541438873
1665  0.5004727876146464
451  0.5004725743487519
223  0.5004718922587921
422  0.5004715152590862
1405  0.5004699132303185
454  0.5004693186909928
1435  0.5004689697525262
1662  0.5004684432399292
165  0.5004683625363527
1717  0.500466633093828
404  0.5004662180620536
443  0.5004660100932392
1627  0.5004658289509698
1497  0.5004655868827168
408  0.5004653468681519
1344  0.5004651895300365
434  0.5004651545480673
670  0.5004651482106848
1474  0.5004650965827624
1529  0.5004650098229027
1528  0.5004648381960795
1608  0.5004647415831889
1490  0.5004640782491294
414  0.5004636342183124
1557  0.5004634977697194
630  0.500462438778639
396  0.5004623603934285
395  0.5004618175705551
417  0.5004617941607262
788  0.5004617328554184
387  0.5004613928305577
902  0.50046119167933
1475  0.5004590895288346
554  0.5004590421325237
1500  0.5004576103705808
1714  0.5004574316167585
1579  0.5004564223876854
1355  0.500455818891843
1681  0.5004550767425777
1454  0.5004549356330832
1530  0.5004546491456421
1449  0.5004542737484166
1536  0.5004542585392113
430  0.5004530546397863
565  0.5004523669733096
794  0.5004516074435943
1646  0.500450289849262
1397  0.5004501497623068
1537  0.5004498810094373
1716  0.5004498650645577
560  0.5004497299174759
537  0.5004495717317636
397  0.5004495064138401
589  0.5004493901349598
389  0.5004485889862305
423  0.5004476379259672
1360  0.5004451741805944
180  0.5004446798247264
141  0.5004438822825585
633  0.500443826113504
445  0.5004437216355796
1724  0.5004433299901125
170  0.5004431789015436
455  0.5004429101210003
391  0.5004424942737287
631  0.5004416466398498
570  0.5004415219646033
227  0.5004396307939981
1264  0.5004390673332781
514  0.5004390163923624
635  0.5004383408075139
448  0.500438084827252
1672  0.5004377148527108
1569  0.5004368442441052
1457  0.5004367577096114
231  0.5004359552268687
175  0.5004358389416798
41  0.5004356810058692
416  0.5004356720807467
547  0.5004349550948642
398  0.5004346781564142
157  0.5004338100862611
705  0.5004331725363981
225  0.5004328537956816
420  0.5004328363332875
1531  0.5004318914219177
419  0.5004314890088856
428  0.5004313176177316
993  0.5004310517995205
1485  0.5004306125197547
527  0.5004302721938221
1010  0.5004302300855336
1503  0.5004298222001512
659  0.5004287735124189
406  0.5004286805074679
1695  0.5004283787262133
437  0.5004283690247096
159  0.5004273312203407
233  0.5004262663765763
438  0.5004252258470161
1708  0.5004252130408695
1640  0.5004251127907089
144  0.5004250695861111
1618  0.5004238050075084
407  0.5004232679218605
405  0.500421935551226
1109  0.500421387795486
1332  0.5004212737969866
1520  0.5004211825646399
666  0.5004209682198212
1347  0.5004207000443623
452  0.5004202827549813
1660  0.5004202021652002
1744  0.5004201161423715
402  0.5004200471947294
426  0.5004196586039109
585  0.5004195048913027
1643  0.5004194842294056
1024  0.5004166674687924
906  0.5004156358423794
410  0.5004145455513667
1746  0.5004142035218534
664  0.5004136970741155
1622  0.5004136325704482
583  0.5004127423882313
1460  0.5004124477026104
393  0.5004099356164715
425  0.5004094468828375
581  0.5004091406921538
1690  0.5004080388899662
418  0.5004075633477658
1418  0.500404564280436
1604  0.5004031375986419
1029  0.5004030047777733
400  0.5004025743691067
1450  0.5004016375639544
1661  0.5004012982922854
1387  0.5004009395503339
1765  0.500399210813331
1638  0.5003985809597777
594  0.5003980402027053
230  0.5003961452766686
1480  0.5003951044829353
1625  0.500393000584892
567  0.5003918961235899
1436  0.500390748116847
150  0.5003904154104006
1440  0.5003897791885823
1619  0.5003892722675953
162  0.5003886063806189
1704  0.5003880985651246
875  0.5003863259817483
503  0.5003858420433012
580  0.5003856685702839
1042  0.5003832086022089
1444  0.5003821544704381
1448  0.500380413829042
1178  0.5003796650567871
756  0.5003764500423549
1364  0.5003748213702376
1369  0.5003747436411733
1012  0.5003736033555857
1218  0.5003732273149003
1478  0.5003713369396197
766  0.5003712438601842
1664  0.5003688702135183
1656  0.5003684631554672
1446  0.50036817876522
1605  0.5003664561219342
894  0.5003662493752693
546  0.5003605788470188
1654  0.5003593110953413
1613  0.5003549106520517
504  0.5003527121085919
1223  0.5003518280328132
1091  0.5003467819793073
1611  0.500344630603051
1706  0.5003441980947833
1632  0.5003432127893223
1562  0.5003428376659134
1317  0.5003422559788304
1736  0.5003398570115598
577  0.5003397268035543
69  0.5003394181678029
1636  0.5003366827086921
927  0.5003363669265041
1353  0.5003344531561915
1709  0.5003342193264717
1707  0.5003342071371482
1351  0.5003329321388713
1484  0.5003327683226908
1508  0.5003326859663477
217  0.5003324622438974
1728  0.5003322633981733
1002  0.5003320780155665
1399  0.5003301296420446
1743  0.5003296251842326
1678  0.5003283522630428
1501  0.5003283110668495
1721  0.5003276980026513
1603  0.5003276099714864
1504  0.5003271188966066
1598  0.5003268567005297
1481  0.5003264282852823
1319  0.5003261827707128
1354  0.5003253637362199
1577  0.5003253520073636
620  0.5003242869492461
859  0.5003238382871764
544  0.5003223860728354
1623  0.500322329475352
1343  0.5003217628253531
496  0.5003205267343946
228  0.5003205084471138
1671  0.5003201296609091
1718  0.5003189115209226
492  0.5003187932203452
564  0.5003180721909889
1476  0.5003176851669117
573  0.5003166831144542
1414  0.5003161530211623
486  0.5003150967405057
955  0.5003140692231572
965  0.5003137642589282
1689  0.5003134970050236
907  0.500312685908483
1431  0.5003121688804796
1766  0.5003119480870757
1676  0.5003112586950533
1298  0.5003109769585494
1438  0.5003105462863018
653  0.5003105395239578
1489  0.5003101675952295
1522  0.5003101406046059
1612  0.5003097362494004
1600  0.5003096379983019
1713  0.5003093025064549
1341  0.5003086571248189
1172  0.5003086158239372
795  0.5003084968196827
1633  0.5003084923607843
861  0.5003072723927946
1415  0.5003069912580855
1731  0.5003065307027208
1745  0.5003062850775799
1759  0.5003060770951218
541  0.5003060203074958
1363  0.5003051789469325
716  0.5003048844403988
1330  0.5003046380697955
1345  0.5003042244165721
561  0.5003042040661889
1362  0.5003041793890852
1755  0.5003039357107804
1253  0.5003039064491874
1753  0.5003037528257681
1240  0.5003036758768316
489  0.500303659743552
1348  0.5003033653613551
1323  0.5003032862791892
1551  0.5003030713571955
556  0.5003030019023433
662  0.5003029053780119
846  0.5003028114072836
648  0.5003023452373319
593  0.5003021390173923
529  0.5003012094522366
1320  0.5003008617112586
1325  0.5003006221919823
1318  0.500300591481105
1045  0.5003005751457785
1641  0.5003004070154384
1338  0.5003000800880015
1720  0.5002995277663331
1659  0.5002988969905386
736  0.5002985582690531
1402  0.5002982910608413
1417  0.5002975854863987
1391  0.5002970419883876
1390  0.5002961487289664
797  0.5002954780848701
644  0.5002942542248419
1647  0.5002941832122705
1028  0.5002939189646023
1741  0.5002934775000943
1291  0.5002920022461826
1243  0.5002919786879707
1359  0.5002910947134784
548  0.5002904834727011
108  0.5002898081430507
1594  0.5002897285520547
1322  0.5002891179829442
997  0.5002890025195481
1420  0.5002883210033232
1113  0.500288181168909
1734  0.5002873890642615
1674  0.5002873888141096
1525  0.5002873439637828
1582  0.5002868178589128
1615  0.5002867445471315
1370  0.5002863963027855
1509  0.5002863486232207
602  0.5002860499751652
191  0.5002857927149897
1230  0.5002857283004627
193  0.5002857096640237
731  0.5002855303038615
1408  0.5002850905332117
1486  0.5002850597578865
1120  0.5002843468237472
877  0.5002842508926093
574  0.5002838300444914
1358  0.5002836094975642
1694  0.5002828833792717
500  0.5002826086162533
123  0.5002822309522855
1008  0.5002820651195824
714  0.5002813399477799
1428  0.5002810996667341
1046  0.5002805494432354
1257  0.500280300560625
515  0.500280196265778
1377  0.5002801569438955
1067  0.5002800238104522
650  0.5002796219293
1427  0.5002795563111435
1602  0.5002795553105047
1711  0.5002791692130659
1610  0.5002787795640236
1479  0.5002782195791349
1590  0.5002775498218391
497  0.5002774653424229
1483  0.5002767765209359
1324  0.5002764898578698
1423  0.5002753783588263
604  0.5002748251642157
928  0.5002747356869477
1648  0.5002735910564702
1437  0.5002733909227806
1588  0.500273133934921
1466  0.5002722834370043
1394  0.5002715625797658
1455  0.5002711839156571
1670  0.5002710038295437
98  0.5002707780525717
608  0.5002705563366934
1767  0.5002699869315894
555  0.5002699531248112
1606  0.5002689366805196
1267  0.5002689206696169
1556  0.5002679988834138
605  0.5002674694823463
1597  0.5002665858416451
1179  0.5002652515190521
1368  0.5002650207740502
516  0.5002632577199275
534  0.5002630565178571
1668  0.5002626044135514
1356  0.5002624361803643
1328  0.5002622866889572
1092  0.5002622756811688
538  0.5002619461657192
1573  0.5002584099702214
1473  0.5002583124705413
1407  0.5002581284623598
607  0.5002578185756017
1367  0.5002574290385817
1701  0.5002565281733927
1439  0.5002564466986039
614  0.5002560566869119
1739  0.500254824923286
624  0.5002543200734373
1072  0.5002540235684034
348  0.5002537838521932
1584  0.5002537633679858
1311  0.500253545226415
518  0.500253462602555
1737  0.5002524240025293
628  0.5002513128339501
117  0.500250044727874
615  0.5002497763377525
1575  0.500248999989398
612  0.5002488136021552
656  0.5002485478337383
1730  0.5002479875178838
1727  0.5002477893865929
618  0.5002476635829676
1586  0.5002467498308454
1644  0.5002466438820918
579  0.5002463300247348
1518  0.5002463271379743
1696  0.5002455291018945
1382  0.500244686760001
530  0.5002432228647373
1591  0.5002422278820666
1565  0.5002409660702923
195  0.5002409563125565
1524  0.500240630331555
621  0.5002403126931212
1657  0.500239647292501
572  0.5002395990907482
989  0.500239104625259
1542  0.5002388793025374
1411  0.5002367210928897
559  0.5002359728118881
981  0.5002357982595622
1652  0.5002335487149192
517  0.5002334571999938
626  0.5002334145320702
1396  0.5002333028776563
1469  0.5002331132214173
1712  0.5002327721901132
599  0.5002327457213858
519  0.5002319349741153
210  0.5002304104792648
576  0.5002303387687359
1543  0.500230129080079
831  0.5002274576994232
1443  0.500227444860426
1685  0.500224905950599
640  0.5002230493246748
52  0.5002191784734609
1074  0.5002190178154537
1380  0.50021888382816
1221  0.50021240217034
657  0.5002089189034055
976  0.5002088894795895
501  0.5002085808926309
507  0.5002072908008451
1452  0.5002061016124943
590  0.5002044929096039
1566  0.500204265517997
1357  0.5002042549074532
636  0.5002039851941251
1260  0.5002035339641218
610  0.5002023276178648
1735  0.5002010519145303
601  0.5002008030753189
1561  0.5001991005519753
1535  0.5001990785769724
340  0.5001985976320129
506  0.500197599876633
825  0.5001967578167399
1617  0.5001951931093918
598  0.5001951081592964
1433  0.5001940095709507
642  0.5001932493489962
543  0.5001928848812105
498  0.5001902763378013
651  0.5001867749728339
532  0.5001833498495537
1152  0.500180809254527
1748  0.5001793038814737
1502  0.5001742538179593
1555  0.5001729734973704
1702  0.500170713833757
1215  0.5001697938105059
1383  0.5001692435438716
1051  0.5001654854325848
638  0.5001593480776059
552  0.5001557948430133
1331  0.500155450370158
197  0.5001540201867256
1549  0.5001465415596312
1574  0.5001394483395314
1655  0.5001384872705887
1442  0.500127355619195
1493  0.5001266300138056
1546  0.5001225769701229
1498  0.5001168559535611
897  0.49995155861719764
1206  0.499864171490215
1023  0.499683328354401
895  0.499561102073679
948  0.4995193509219159
1278  0.49947285750329096
896  0.4994191903702704
1750  0.49923243442031406
1477  0.4991831684076339
1018  0.49902028907479246
1116  0.49898856043616113
1048  0.49896374937929455
1279  0.49895247628913775
679  0.4988919769709226
1014  0.4988607983787948
1277  0.4988264759685349
898  0.4987587189740821
1464  0.4986761327194327
1468  0.4985882718262593
1164  0.49838244417337774
695  0.49829404115599907
930  0.49828806020200733
1153  0.4982356555573062
802  0.4982344769807697
725  0.4982283884324181
1316  0.49821892477309093
1276  0.4982038142561178
806  0.4981916093980038
698  0.4979781451293268
694  0.49797793181801764
931  0.497948664224365
1496  0.497946781210141
1346  0.49785833980796257
1461  0.4978559386649267
1107  0.497852150800425
688  0.4977243778609177
1118  0.49771088582972767
693  0.49765469889599867
1110  0.49763615354321544
1043  0.49762181115458215
1290  0.4976185132530768
1027  0.4975036434062817
919  0.49750004514294066
1281  0.4974816466591374
762  0.49747731339435175
857  0.49747432522078994
1125  0.4974601804034443
1104  0.4974466961907814
828  0.49744594538444986
113  0.497426365966516
1062  0.4974056851668607
1732  0.4973862755696993
1054  0.4973629635931728
684  0.4973579337094196
681  0.4972921373340471
746  0.4972857113920377
1472  0.4972484448368395
700  0.49722586980731054
1232  0.49718356905501315
1254  0.4971703732759911
687  0.49715766556239827
858  0.49703886125864394
743  0.49703571110315115
1195  0.4970169680820219
1201  0.4969819824710837
1021  0.49697184442064457
703  0.4969672688166332
682  0.49696724466110687
824  0.49694481955500625
240  0.496930137619797
48  0.4968791582248737
678  0.4968484361012807
1139  0.496846633830599
959  0.4968457586259456
689  0.4968420382386597
881  0.49683405954465576
1020  0.49683328096985613
772  0.4967923357220221
1570  0.4967858930130262
866  0.4967832856228469
770  0.49674381382620814
686  0.49672558451443694
1499  0.49668765136863546
1093  0.496665079696026
1272  0.49665403525175
683  0.4966006325805171
1740  0.49649855004909327
596  0.49639016994942275
1009  0.49636479241286047
1361  0.49636023016922226
634  0.4963458842887073
310  0.4963250349826186
701  0.49631524624895107
1235  0.4962539801766743
308  0.4962498511338005
1225  0.49624584689989504
749  0.4962361961835645
840  0.4962193870538666
645  0.4961943169672507
1198  0.49608632623619364
305  0.4960662173845932
1227  0.4960638145546723
1250  0.49602427738936616
639  0.4960226992935691
1263  0.4960073620594597
643  0.49599935597826206
724  0.49598656833664556
937  0.4959573053000087
1456  0.4959565709645034
1621  0.4959470004348169
1193  0.49593597125201017
1200  0.495934221179125
768  0.4959303769002582
964  0.4959264905976474
551  0.4959123894573343
373  0.495895024056463
1204  0.49586826367768866
632  0.495867656950001
1371  0.49584766069206343
1165  0.49580432469459634
229  0.4958022582061865
949  0.4957997948551037
79  0.49579493144722653
521  0.49579085047435956
696  0.4957895657804592
1246  0.4957636468208326
535  0.4957542273823462
80  0.4957529733689272
1039  0.49572841515757915
1229  0.4957256445584093
540  0.49570111795438854
637  0.495690023199425
132  0.49568029003936775
1220  0.4956760725937359
807  0.49566871613714314
940  0.4956685014409776
1459  0.4956635067316031
1127  0.495651443716709
771  0.495630163561237
1352  0.4956129921885857
1583  0.4955738668643229
1680  0.4955655614733129
1248  0.49555612372050284
1639  0.4955218506772069
1133  0.49551307391383015
1517  0.49547457472058365
1137  0.49545681216451487
38  0.4954462184657801
1108  0.4954143171830966
1400  0.49539062174539994
1239  0.49537800642377205
83  0.49537652248518016
1403  0.49537475351734417
239  0.4953626445181879
35  0.495360749377323
595  0.49535366715236906
381  0.49535049858056257
1131  0.49532440445195947
994  0.49531799505946306
706  0.49529422819842983
623  0.49526109329481893
77  0.4952182595025628
461  0.49521321786459416
1007  0.4952099362148107
1534  0.4951879284198918
68  0.49518569998580997
641  0.49515899798686447
232  0.49514531349843904
58  0.49513536893278876
163  0.4951350466822192
1614  0.49513126101477467
1754  0.49513060469093206
983  0.4951269479442537
1392  0.4951196168300369
1191  0.49511955397839147
1545  0.4951163269778981
752  0.4951092990762881
1637  0.49510698886795623
1005  0.4951030058391276
1521  0.49510054417621363
62  0.49508849226087204
951  0.49508652265689557
66  0.4950777445315021
1105  0.4950755867981965
741  0.4950729495262388
785  0.4950676529814988
101  0.49505735924328986
1526  0.4950440980262668
57  0.4950358414390762
67  0.49502822774860156
63  0.4950279548816834
942  0.495027421676523
1059  0.4950184097276904
1552  0.495014556817028
1295  0.49501202071378336
64  0.4950113828418723
1061  0.49499953232991833
61  0.49499823551826405
1395  0.49499252604046196
1119  0.4949855090273718
1123  0.4949754269573764
40  0.4949733569271436
922  0.4949680454089529
855  0.4949673178040852
1210  0.4949530938595801
947  0.49495178284681085
978  0.49494576368528853
76  0.4949323847930205
55  0.4949259826113199
399  0.4949259026655808
1309  0.49490114722658574
74  0.4948988532527516
22  0.4948812254316649
1242  0.49487462182227493
403  0.4948702192408795
72  0.4948632648261685
1297  0.4948580954996944
378  0.4948383129427183
690  0.49483650737652973
401  0.4948302880992125
874  0.4948257516107356
160  0.49478600912740067
1141  0.4947621030295636
73  0.4947565625434196
148  0.49475568322349206
369  0.49473988202292285
1037  0.49472255411265953
75  0.49470449097851543
71  0.49470237000731465
1064  0.4946650713539176
692  0.4946586062176499
1112  0.4946312141570145
1052  0.494626551426237
699  0.49462103512090294
691  0.49461929277773076
81  0.4946189544091626
1177  0.4945879306872295
1041  0.4945874484760554
111  0.494581582056718
20  0.4945814682720725
145  0.4945809838966737
260  0.4945543772786086
1299  0.49451217633748346
46  0.4945008050770776
1578  0.49448270562754737
1087  0.49447944421574885
1213  0.49445890632295475
883  0.4944540915040915
975  0.4944381244373518
1413  0.494375261990448
137  0.49435819522613267
1181  0.4943557221877395
988  0.4943230155927121
207  0.4943082681176163
1132  0.49429388871596003
1259  0.4942439188687149
1649  0.4942289481025933
394  0.49422704397420225
1310  0.4941930419710391
750  0.49416031407132965
730  0.494158037928753
1121  0.4941312358437677
1262  0.4940619087508259
90  0.4940401289493468
1168  0.494013650226663
1285  0.4939899579816547
1148  0.49393825145352166
998  0.49392271864034487
629  0.49389105033179126
957  0.4938813440425337
1173  0.49387325081846045
32  0.4938334881455849
1044  0.4937816727955876
982  0.49377674557523266
1429  0.49377487204439385
1050  0.49371426586860945
1080  0.49370730547284036
1238  0.4936689399229933
206  0.4936516873232132
1073  0.49363861736909054
619  0.49356329713041236
1758  0.4935262273025143
1209  0.4935030737242122
1146  0.4934987209068201
954  0.4934778266859372
941  0.4934684823041037
627  0.49346811071548136
226  0.4934641222843916
1274  0.49344016220303966
1432  0.49343395281084046
1004  0.4933965952619469
1208  0.4933857278842676
1036  0.4933844389689973
1560  0.49338321115786987
1126  0.493374003135989
1247  0.49333507435942137
617  0.4933304423008308
1049  0.4933155981227153
697  0.49320472248419833
499  0.4931581914623886
721  0.49313515135069075
1251  0.493081196451046
926  0.49304615157577614
1234  0.4929479641020065
1115  0.492875406172965
1585  0.49285944882161814
1252  0.4926527384163981
21  0.49263226395225346
1296  0.49263163992828085
1226  0.49229181276598166
442  0.49223899148131445
871  0.4920793103742669
1245  0.49207419986950696
56  0.4920388203990962
1222  0.4920217020401929
275  0.49193430905860935
272  0.49185160359304325
892  0.49181734729269355
765  0.49180647536027844
1596  0.491789298053536
887  0.49174850262856606
447  0.4915245005700225
542  0.49151885456110156
237  0.49144051968065416
1303  0.4913769296225421
545  0.49132849198552675
967  0.4912397984431056
4  0.49122820660172184
110  0.49121028941689093
1188  0.49118102010652887
1149  0.49116305339415633
549  0.49113769767501114
444  0.4911178516443112
757  0.4910883969797515
950  0.49107534456403035
277  0.4909893334734946
760  0.49097198387072183
1231  0.49096016642304074
905  0.49095412850179376
54  0.4909461503201539
1040  0.49090920973412444
1033  0.4908039326214607
882  0.4908021603255893
764  0.4906527849875082
1519  0.49062350618364803
1273  0.49059562948226465
943  0.49057206956870913
880  0.49055742221710374
767  0.4905503118810133
929  0.49053620462839775
956  0.4904332186057512
1409  0.49041200429372556
769  0.4903569400572705
1163  0.49030071642709083
1401  0.49019353118802644
1001  0.490057087927968
985  0.48991077702677055
1378  0.4898948475887931
936  0.48986911253495435
1404  0.489849043094285
1025  0.48980833245750355
303  0.4897821661907189
1140  0.4897680947421421
963  0.4897653627180948
1065  0.4896206275178352
1426  0.4895900674009094
754  0.48958783775001213
852  0.48958070291093236
1424  0.48957071943046804
979  0.48956207995868506
870  0.4895543052323157
934  0.48954432683445614
1094  0.4895400328324899
839  0.48953628753405387
1313  0.4895296034553931
759  0.48938333904060405
1609  0.4893341577916268
513  0.4892999757059896
1090  0.4892920933028152
53  0.4892743974290147
1047  0.4892572778051736
799  0.48925438603751437
715  0.4891599400323201
801  0.4891229961409631
1329  0.4890413863363383
1060  0.488953482640918
1219  0.4889087748887626
991  0.4888756899803497
187  0.48882668697930076
1170  0.48874991854932603
1304  0.48872309468345154
1174  0.48871632647943464
1161  0.48860131476964985
792  0.4885571192806095
185  0.4885512161457616
1197  0.4885114029080271
613  0.48850422137405436
1280  0.48846752305810714
202  0.48844305280118383
1145  0.48832610677719845
1183  0.48832506545960297
1601  0.48828460895707526
1315  0.48812026812925513
1196  0.4881145726630861
1421  0.48809780048809337
1142  0.48802185144367327
953  0.4879647596188822
1314  0.48795032493351653
1019  0.4879225388196742
939  0.48788993190941277
200  0.4878665796620786
1321  0.48786331833940677
685  0.48783935439665005
1055  0.4878342842718416
1069  0.4878225066869297
1159  0.4878096850218111
198  0.48773972234367646
201  0.48770952338120466
1581  0.4877059975335071
843  0.4876849437022872
913  0.48764798698953526
1564  0.4876360363761362
1306  0.4875870291520703
915  0.48758271381322715
1017  0.48751152970219214
1312  0.4874238266225345
1742  0.4873791360576144
1180  0.48734566507282195
1031  0.48733239838241926
1288  0.4873191779235091
1016  0.4873109546313429
973  0.4872768857615699
1287  0.4872102836429504
1270  0.48715845631445476
1098  0.4871377319214987
933  0.48712712771618105
1733  0.4870783053493185
1266  0.48705559274818966
199  0.48701174332075325
1747  0.4869274210207679
196  0.4869252406484159
1752  0.4868951911306193
44  0.4867965155043704
1211  0.4866635030300238
780  0.48662901350708165
429  0.4866201693057194
890  0.48658075095253606
1038  0.4864672249931993
835  0.4864281289720602
1190  0.48638359595166425
945  0.4862908188529447
1156  0.48627985221205394
1726  0.4858874338932031
1102  0.4856850718975625
712  0.48568499216119765
853  0.48563334440894335
946  0.4855069156963222
1129  0.48539071297378644
1135  0.4852964427163946
753  0.4851392104149408
1066  0.48511764871670815
167  0.48504407625839996
1147  0.48497728954295716
1154  0.4848724156365396
1063  0.48473962691440553
751  0.4846266830358382
1082  0.48461078777383026
1026  0.48430705593544476
1166  0.48430252455415035
717  0.4842900787281844
1249  0.48406917906535774
851  0.484066921272182
713  0.4840320565282551
1111  0.4839864233345681
1258  0.48396596043138407
755  0.4839165102308368
711  0.48372639585569566
1389  0.48350559391920556
1088  0.48341746701881005
1175  0.4833673161664006
1244  0.48336118564613995
718  0.48330767724485124
674  0.4832567408637345
921  0.4832515275009859
1081  0.48305735690248397
1700  0.4827873387660614
1544  0.48275765287370354
900  0.48274929621905827
854  0.48242487581846594
477  0.48225519675970374
761  0.48222402058367186
34  0.481895817043859
1011  0.4818221695398104
1097  0.481738344880852
480  0.48169671003529435
1099  0.48146659974351613
1076  0.4814348735939693
1089  0.4813068111404043
104  0.4811945295006821
901  0.4810601981587701
172  0.4809807166747516
471  0.48096622515454956
1085  0.4808758627703684
468  0.4803816610783126
1100  0.48034915468472017
1203  0.48033093731818055
888  0.4801171204555159
1138  0.47971927362539224
1697  0.4793805921941301
1078  0.47923506581193387
923  0.4779582367362041
850  0.4776934827525664
1077  0.47760208120147696
1547  0.4775242513965031
1386  0.4769308486872149
1086  0.4768554381926856
1513  0.4768176660315535
466  0.4766806848777425
1101  0.47665513516439717
1075  0.4763469287097145
904  0.4761917034078299
464  0.4759080940535141
1070  0.475776551027414
1216  0.4757072542290425
424  0.4752779925122056
1015  0.4743265363796677
1202  0.472958177526303
868  0.4728508241035648
1160  0.47181536674068214
992  0.47125985761482136
1003  0.46768432152918393
1071  0.4618950401918892
1106  0.4617510138303885
1117  0.46174847080918235
1000  0.4605450963818263
995  0.4591566396249417
1035  0.4576003797884034
1130  0.4572071011805007
980  0.4558746556011589
1182  0.45512746053496145
987  0.45410392847655623
974  0.4532248276106503
996  0.4528023108991519
154  0.45148218993169564
298  0.4498791392173085
301  0.44898841515839505
274  0.44697695000016413
155  0.4463683184595477
151  0.44484729988888816
1034  0.44443555068888263
1764  0.4211262309044179
1162  0.42112442925294813
1114  0.4194817289667174
1284  0.4191324306090284
1293  0.41822925133603517
889  0.4179176851769617
1134  0.41645021267978366
1184  0.41600258363294507
971  0.4157707733332745
1096  0.41558987673772474
1261  0.4152626493518021
1705  0.41394432136270287
1030  0.41391901629892536
126  0.41378921522050305
999  0.41357770569555674
1155  0.4134288633101133
586  0.41332649020849044
986  0.4116520499334134
891  0.41124274800580685
582  0.4104423509746765
1  0.0
2  0.0
3  0.0
5  0.0
6  0.0
7  0.0
8  0.0
9  0.0
10  0.0
12  0.0
13  0.0
14  0.0
16  0.0
17  0.0
18  0.0
19  0.0
27  0.0
28  0.0
29  0.0
30  0.0
36  0.0
39  0.0
100  0.0
120  0.0
234  0.0
235  0.0
236  0.0
238  0.0
241  0.0
242  0.0
243  0.0
246  0.0
247  0.0
248  0.0
250  0.0
253  0.0
254  0.0
255  0.0
256  0.0
257  0.0
258  0.0
261  0.0
263  0.0
265  0.0
266  0.0
267  0.0
269  0.0
271  0.0
273  0.0
278  0.0
279  0.0
280  0.0
282  0.0
284  0.0
285  0.0
286  0.0
287  0.0
288  0.0
290  0.0
291  0.0
292  0.0
293  0.0
294  0.0
295  0.0
296  0.0
297  0.0
300  0.0
302  0.0
304  0.0
306  0.0
307  0.0
309  0.0
311  0.0
312  0.0
313  0.0
314  0.0
315  0.0
316  0.0
317  0.0
318  0.0
319  0.0
320  0.0
321  0.0
322  0.0
324  0.0
326  0.0
327  0.0
328  0.0
329  0.0
330  0.0
331  0.0
333  0.0
335  0.0
336  0.0
339  0.0
342  0.0
343  0.0
345  0.0
347  0.0
349  0.0
350  0.0
351  0.0
352  0.0
353  0.0
354  0.0
355  0.0
356  0.0
357  0.0
358  0.0
359  0.0
360  0.0
361  0.0
362  0.0
363  0.0
364  0.0
365  0.0
366  0.0
367  0.0
368  0.0
370  0.0
371  0.0
372  0.0
374  0.0
375  0.0
376  0.0
379  0.0
382  0.0
383  0.0
384  0.0
385  0.0
453  0.0
494  0.0
509  0.0
524  0.0
525  0.0
528  0.0
569  0.0
587  0.0
723  0.0
747  0.0
774  0.0
776  0.0
777  0.0
778  0.0
779  0.0
782  0.0
783  0.0
786  0.0
789  0.0
791  0.0
796  0.0
803  0.0
804  0.0
808  0.0
809  0.0
810  0.0
811  0.0
812  0.0
813  0.0
814  0.0
815  0.0
816  0.0
817  0.0
818  0.0
819  0.0
820  0.0
821  0.0
826  0.0
827  0.0
829  0.0
830  0.0
832  0.0
833  0.0
1169  0.0
1207  0.0
1212  0.0
1470  0.0
