34  0.2704068720340729
35  0.2704068720340729
36  0.2704068720340729
37  0.2704068720340729
38  0.2704068720340729
39  0.2704068720340729
40  0.2704068720340729
41  0.2704068720340729
42  0.2704068720340729
43  0.2704068720340729
44  0.2704068720340729
45  0.2704068720340729
46  0.2704068720340729
47  0.2704068720340729
48  0.2704068720340729
49  0.2704068720340729
50  0.2704068720340729
51  0.2704068720340729
52  0.2704068720340729
53  0.2704068720340729
54  0.2704068720340729
55  0.2704068720340729
56  0.2704068720340729
57  0.2704068720340729
58  0.2704068720340729
59  0.2704068720340729
60  0.2704068720340729
61  0.2704068720340729
62  0.2704068720340729
63  0.2704068720340729
64  0.2704068720340729
65  0.2704068720340729
66  0.2704068720340729
67  0.2704068720340729
68  0.2704068720340729
69  0.2704068720340729
70  0.2704068720340729
71  0.2704068720340729
72  0.2704068720340729
73  0.2704068720340729
74  0.2704068720340729
75  0.2704068720340729
76  0.2704068720340729
77  0.2704068720340729
78  0.2704068720340729
79  0.2704068720340729
80  0.2704068720340729
81  0.2704068720340729
82  0.2704068720340729
83  0.2704068720340729
84  0.2704068720340729
85  0.2704068720340729
86  0.2704068720340729
87  0.2704068720340729
88  0.2704068720340729
89  0.2704068720340729
90  0.2704068720340729
91  0.2704068720340729
92  0.2704068720340729
93  0.2704068720340729
94  0.2704068720340729
95  0.2704068720340729
96  0.2704068720340729
97  0.2704068720340729
164  0.2704068720340729
165  0.2704068720340729
166  0.2704068720340729
167  0.2704068720340729
168  0.2704068720340729
169  0.2704068720340729
170  0.2704068720340729
171  0.2704068720340729
172  0.2704068720340729
173  0.2704068720340729
174  0.2704068720340729
175  0.2704068720340729
176  0.2704068720340729
177  0.2704068720340729
178  0.2704068720340729
179  0.2704068720340729
180  0.2704068720340729
181  0.2704068720340729
182  0.2704068720340729
183  0.2704068720340729
184  0.2704068720340729
185  0.2704068720340729
186  0.2704068720340729
187  0.2704068720340729
188  0.2704068720340729
189  0.2704068720340729
190  0.2704068720340729
191  0.2704068720340729
192  0.2704068720340729
193  0.2704068720340729
194  0.2704068720340729
195  0.2704068720340729
196  0.2704068720340729
197  0.2704068720340729
198  0.2704068720340729
199  0.2704068720340729
200  0.2704068720340729
201  0.2704068720340729
202  0.2704068720340729
203  0.2704068720340729
204  0.2704068720340729
205  0.2704068720340729
206  0.2704068720340729
207  0.2704068720340729
208  0.2704068720340729
209  0.2704068720340729
210  0.2704068720340729
211  0.2704068720340729
212  0.2704068720340729
213  0.2704068720340729
214  0.2704068720340729
215  0.2704068720340729
216  0.2704068720340729
217  0.2704068720340729
218  0.2704068720340729
219  0.2704068720340729
220  0.2704068720340729
221  0.2704068720340729
222  0.2704068720340729
223  0.2704068720340729
224  0.2704068720340729
225  0.2704068720340729
226  0.2704068720340729
227  0.2704068720340729
360  0.2704068720340729
361  0.2704068720340729
362  0.2704068720340729
363  0.2704068720340729
364  0.2704068720340729
365  0.2704068720340729
366  0.2704068720340729
367  0.2704068720340729
368  0.2704068720340729
369  0.2704068720340729
370  0.2704068720340729
371  0.2704068720340729
372  0.2704068720340729
373  0.2704068720340729
374  0.2704068720340729
375  0.2704068720340729
376  0.2704068720340729
377  0.2704068720340729
378  0.2704068720340729
379  0.2704068720340729
380  0.2704068720340729
381  0.2704068720340729
382  0.2704068720340729
383  0.2704068720340729
384  0.2704068720340729
385  0.2704068720340729
386  0.2704068720340729
387  0.2704068720340729
388  0.2704068720340729
389  0.2704068720340729
390  0.2704068720340729
588  0.2704068720340729
589  0.2704068720340729
590  0.2704068720340729
591  0.2704068720340729
592  0.2704068720340729
593  0.2704068720340729
594  0.2704068720340729
595  0.2704068720340729
596  0.2704068720340729
597  0.2704068720340729
598  0.2704068720340729
599  0.2704068720340729
600  0.2704068720340729
601  0.2704068720340729
602  0.2704068720340729
603  0.2704068720340729
604  0.2704068720340729
605  0.2704068720340729
606  0.2704068720340729
607  0.2704068720340729
608  0.2704068720340729
609  0.2704068720340729
610  0.2704068720340729
611  0.2704068720340729
612  0.2704068720340729
613  0.2704068720340729
614  0.2704068720340729
615  0.2704068720340729
616  0.2704068720340729
617  0.2704068720340729
618  0.2704068720340729
848  0.2704068720340729
849  0.2704068720340729
850  0.2704068720340729
851  0.2704068720340729
852  0.2704068720340729
853  0.2704068720340729
854  0.2704068720340729
855  0.2704068720340729
856  0.2704068720340729
857  0.2704068720340729
858  0.2704068720340729
859  0.2704068720340729
860  0.2704068720340729
861  0.2704068720340729
862  0.2704068720340729
863  0.2704068720340729
864  0.2704068720340729
865  0.2704068720340729
866  0.2704068720340729
867  0.2704068720340729
868  0.2704068720340729
869  0.2704068720340729
870  0.2704068720340729
871  0.2704068720340729
872  0.2704068720340729
873  0.2704068720340729
874  0.2704068720340729
875  0.2704068720340729
876  0.2704068720340729
877  0.2704068720340729
878  0.2704068720340729
879  0.2704068720340729
880  0.2704068720340729
881  0.2704068720340729
882  0.2704068720340729
883  0.2704068720340729
884  0.2704068720340729
885  0.2704068720340729
886  0.2704068720340729
887  0.2704068720340729
888  0.2704068720340729
889  0.2704068720340729
890  0.2704068720340729
891  0.2704068720340729
892  0.2704068720340729
893  0.2704068720340729
894  0.2704068720340729
895  0.2704068720340729
896  0.2704068720340729
897  0.2704068720340729
898  0.2704068720340729
899  0.2704068720340729
900  0.2704068720340729
901  0.2704068720340729
902  0.2704068720340729
903  0.2704068720340729
904  0.2704068720340729
905  0.2704068720340729
906  0.2704068720340729
907  0.2704068720340729
908  0.2704068720340729
909  0.2704068720340729
910  0.2704068720340729
911  0.2704068720340729
912  0.2704068720340729
913  0.2704068720340729
914  0.2704068720340729
915  0.2704068720340729
916  0.2704068720340729
917  0.2704068720340729
918  0.2704068720340729
919  0.2704068720340729
920  0.2704068720340729
921  0.2704068720340729
922  0.2704068720340729
923  0.2704068720340729
924  0.2704068720340729
925  0.2704068720340729
926  0.2704068720340729
927  0.2704068720340729
928  0.2704068720340729
929  0.2704068720340729
930  0.2704068720340729
931  0.2704068720340729
932  0.2704068720340729
933  0.2704068720340729
934  0.2704068720340729
935  0.2704068720340729
936  0.2704068720340729
937  0.2704068720340729
938  0.2704068720340729
939  0.2704068720340729
940  0.2704068720340729
941  0.2704068720340729
942  0.2704068720340729
943  0.2704068720340729
944  0.2704068720340729
735  0.2687222957611084
737  0.268304705619812
731  0.26787450909614563
733  0.2678118646144867
740  0.26756665110588074
744  0.26751813292503357
736  0.2673393487930298
738  0.26731327176094055
718  0.2672728896141052
734  0.26708313822746277
732  0.2670210003852844
742  0.2669970691204071
729  0.2669852375984192
719  0.26688140630722046
725  0.26683104038238525
722  0.26680707931518555
720  0.2667754888534546
724  0.2666837275028229
721  0.2665480971336365
730  0.26641207933425903
727  0.26634109020233154
749  0.2661696970462799
745  0.26607367396354675
726  0.26597437262535095
728  0.26596590876579285
748  0.2658992409706116
723  0.26589369773864746
739  0.2658233344554901
743  0.26579993963241577
746  0.26579752564430237
747  0.26573729515075684
741  0.2652755081653595
228  0.22974896430969238
391  0.15629644691944122
717  0.14955145120620728
309  0.1059526652097702
312  0.10584311932325363
310  0.10572007298469543
316  0.10550778359174728
299  0.10547372698783875
321  0.10540521889925003
318  0.10538799315690994
315  0.10536269098520279
320  0.10535429418087006
308  0.10535017400979996
314  0.10532937198877335
322  0.10524635761976242
317  0.10523733496665955
297  0.10523522645235062
311  0.10513590276241302
313  0.10512303560972214
302  0.10500704497098923
296  0.10496436059474945
305  0.10494863986968994
323  0.10494688153266907
300  0.10493353009223938
619  0.10490935295820236
304  0.10484334081411362
307  0.1048215925693512
319  0.10471786558628082
325  0.10468921065330505
306  0.10467621684074402
298  0.10462472587823868
324  0.10458098351955414
303  0.10455287992954254
301  0.10441792011260986
295  0.1042669489979744
700  0.07904457300901413
702  0.07763175666332245
699  0.0775095522403717
701  0.077290378510952
705  0.07726938277482986
704  0.07713096588850021
712  0.07702481001615524
691  0.07695919275283813
706  0.07682168483734131
713  0.07680774480104446
703  0.07679672539234161
685  0.07675489038228989
707  0.07663588970899582
710  0.0766143649816513
689  0.07655160874128342
709  0.07649525254964828
698  0.07630986720323563
711  0.0762600228190422
715  0.07600501924753189
708  0.0759572684764862
688  0.07593150436878204
696  0.07579649239778519
716  0.07574383914470673
687  0.07570233941078186
690  0.07569993287324905
686  0.07567612826824188
692  0.0755770280957222
714  0.07556866854429245
693  0.07549649477005005
694  0.0754007026553154
697  0.07523836940526962
695  0.07465115934610367
294  0.06168803945183754
587  0.03816321864724159
359  0.03750278428196907
33  0.029957372695207596
945  0.025352170690894127
98  0.01550901960581541
326  0.013279370963573456
750  0.01220789086073637
413  0.011553863063454628
407  0.011451262049376965
411  0.011363492347300053
415  0.01133462879806757
410  0.011329680681228638
408  0.011271041817963123
412  0.01126442663371563
406  0.011221246793866158
392  0.01120738871395588
417  0.01120180543512106
396  0.011200795881450176
419  0.011196312494575977
409  0.011179253458976746
414  0.011173340491950512
416  0.011159799061715603
420  0.01114159170538187
423  0.011131457053124905
398  0.011124509386718273
395  0.01112278364598751
394  0.011048012413084507
418  0.01102643832564354
403  0.011018479242920876
397  0.011010034941136837
400  0.011007573455572128
401  0.010999607853591442
393  0.010968330316245556
405  0.010962001048028469
421  0.010947623290121555
399  0.010923965834081173
404  0.01090705394744873
422  0.010890820994973183
537  0.010768340900540352
402  0.010730530135333538
538  0.01059198472648859
539  0.01056022010743618
536  0.010539080947637558
542  0.010528390295803547
540  0.010527838952839375
549  0.010519838891923428
553  0.010512248612940311
544  0.010510399006307125
546  0.010494764894247055
550  0.010484742000699043
535  0.010477566160261631
528  0.010461565107107162
547  0.010448290966451168
527  0.01044261734932661
548  0.010440745390951633
541  0.010440405458211899
525  0.010434279218316078
524  0.010433834977447987
533  0.01041826419532299
545  0.010412774980068207
551  0.010389118455350399
532  0.010384421795606613
526  0.01037035882472992
543  0.010368900373578072
531  0.010323099792003632
523  0.010314947925508022
530  0.0103075560182333
534  0.0103006511926651
552  0.010270512662827969
529  0.01024387776851654
765  0.00995898898690939
766  0.009901274926960468
767  0.009876316413283348
777  0.009871706366539001
764  0.009860046207904816
768  0.009855257347226143
772  0.009849266149103642
774  0.00983767956495285
770  0.009834015741944313
778  0.009829646907746792
763  0.009828288108110428
756  0.009827721863985062
769  0.009822224266827106
755  0.009798730723559856
773  0.00979595072567463
771  0.009795543737709522
781  0.009792240336537361
775  0.009789939038455486
752  0.00978921353816986
753  0.009783590212464333
776  0.009782416746020317
779  0.009781313128769398
780  0.009765567258000374
758  0.009758367203176022
761  0.009756846353411674
760  0.009751016274094582
754  0.009744765236973763
762  0.009744479320943356
751  0.009727970696985722
759  0.009722262620925903
757  0.009708228521049023
522  0.006218197755515575
16  0.00529573205858469
18  0.005251019727438688
15  0.005231870338320732
17  0.005227894056588411
28  0.005226381588727236
29  0.0052192071452736855
7  0.005207344423979521
22  0.00520470691844821
21  0.005203593522310257
20  0.0052010053768754005
27  0.0051999883726239204
5  0.00519945565611124
26  0.005196940619498491
1  0.005194234661757946
25  0.005193234421312809
14  0.0051924786530435085
32  0.00518701272085309
23  0.005183402448892593
4  0.005182964727282524
9  0.005179278086870909
31  0.005177052225917578
19  0.005174425430595875
2  0.005171571392565966
12  0.005170560907572508
8  0.005167002789676189
24  0.005165679380297661
6  0.0051655275747179985
30  0.005162220913916826
10  0.0051620835438370705
3  0.005153248552232981
11  0.005144099239259958
13  0.005140269640833139
277  0.0026548756286501884
279  0.0026408513076603413
282  0.0026332137640565634
281  0.0026257531717419624
280  0.0026234614197164774
286  0.0026186995673924685
276  0.002617565216496587
264  0.0026142795104533434
288  0.0026123332791030407
266  0.0026105819270014763
262  0.0026094364002346992
284  0.002609184244647622
271  0.0026079004164785147
278  0.0026050766464322805
275  0.002604023553431034
265  0.0026013425085693598
269  0.002599613508209586
263  0.0025954809971153736
268  0.0025934376753866673
267  0.002593419048935175
273  0.002591883996501565
274  0.002586170332506299
292  0.002585142618045211
293  0.0025810746010392904
287  0.002580297878012061
291  0.0025795248802751303
961  0.002576245227828622
283  0.002574802376329899
289  0.002574378391727805
270  0.0025712763890624046
290  0.002560292137786746
285  0.002556239254772663
960  0.0025540722999721766
272  0.002552637131884694
966  0.0025456605944782495
965  0.0025445299688726664
963  0.0025407352950423956
949  0.0025390558876097202
964  0.002538322936743498
962  0.0025378111749887466
977  0.0025303373113274574
946  0.0025297189131379128
957  0.00252852076664567
970  0.002527007134631276
947  0.0025239030364900827
951  0.0025215381756424904
972  0.002518191933631897
959  0.0025163982063531876
950  0.0025158633943647146
953  0.0025132247246801853
973  0.0025122221559286118
976  0.002511166036128998
975  0.0025091590359807014
630  0.0025080135092139244
948  0.0025077129248529673
958  0.002506599063053727
968  0.002503640716895461
633  0.002502976218238473
628  0.0025027606170624495
974  0.0025027331430464983
649  0.0025020893663167953
621  0.0025018693413585424
627  0.0025018465239554644
629  0.0025012088008224964
631  0.002501156646758318
650  0.002501056529581547
625  0.002500949427485466
632  0.002500263275578618
623  0.0025000397581607103
954  0.0024991740938276052
622  0.0024983840994536877
646  0.002497840905562043
626  0.002497129375115037
969  0.002497062785550952
971  0.0024970341473817825
955  0.0024965032935142517
648  0.002496501198038459
651  0.0024963300675153732
637  0.002496021334081888
634  0.0024959654547274113
624  0.0024953922256827354
642  0.002494220854714513
645  0.0024940548464655876
644  0.00249379756860435
647  0.002493782201781869
967  0.0024935496039688587
643  0.002493090694770217
636  0.0024928690399974585
956  0.0024927561171352863
620  0.0024912746157497168
638  0.0024910694919526577
639  0.0024897439870983362
640  0.002488889032974839
641  0.002488193102180958
635  0.002487644087523222
952  0.0024705317337065935
472  0.0020914406049996614
474  0.002075734781101346
473  0.0020752204582095146
479  0.002074540127068758
477  0.002070249291136861
475  0.0020696327555924654
476  0.0020693137776106596
478  0.0020688045769929886
457  0.002067972905933857
463  0.002066889777779579
461  0.0020660676527768373
481  0.002064413856714964
485  0.002063468098640442
484  0.0020622066222131252
470  0.002061923034489155
482  0.00206177681684494
480  0.002061070641502738
471  0.0020610077772289515
487  0.002058865036815405
465  0.0020567774772644043
460  0.002056466182693839
483  0.0020552962087094784
462  0.002055221004411578
466  0.002053785603493452
469  0.0020527520682662725
468  0.0020525194704532623
458  0.0020517294760793447
464  0.002050192328169942
488  0.002049463801085949
459  0.002049163216724992
486  0.0020476970821619034
467  0.0020435776095837355
554  0.0016929211560636759
782  0.0012394345831125975
424  0.0010075384052470326
489  0.0005610082880593836
847  0.00041241029975935817
261  0.0003708904259838164
163  0.00022606291167903692
456  0.00022140434884931892
440  0.00019725403399206698
439  0.0001967896387213841
445  0.0001952978054760024
441  0.000195213477127254
443  0.00019514758605509996
436  0.0001945508411154151
444  0.0001942207309184596
442  0.0001941324444487691
449  0.0001931201695697382
428  0.00019309860363136977
430  0.00019308351329527795
448  0.0001930684084072709
425  0.0001930573780555278
454  0.00019274745136499405
438  0.00019255200459156185
429  0.00019254667859058827
427  0.0001924543612403795
451  0.00019245014118496329
453  0.00019242499547544867
432  0.00019241985864937305
447  0.00019237289961893111
426  0.0001923092786455527
446  0.00019211774633731693
433  0.00019208643061574548
452  0.00019191726460121572
435  0.00019168079597875476
455  0.00019167752179782838
437  0.0001914395106723532
434  0.0001911989093059674
450  0.00019081025675404817
431  0.0001890042331069708
342  0.00014562062278855592
348  0.00014426301640924066
346  0.00014399035717360675
347  0.00014344439841806889
345  0.0001429780531907454
351  0.00014290594845078886
341  0.00014258282317314297
344  0.0001423269131919369
350  0.00014214571274351329
352  0.00014202133752405643
349  0.00014196081610862166
329  0.0001418923493474722
343  0.00014179563731886446
330  0.00014179198478814214
354  0.0001417546736774966
353  0.00014162632578518242
358  0.00014142888539936393
327  0.00014137764810584486
355  0.00014134246157482266
333  0.00014123859000392258
331  0.00014114999794401228
334  0.00014054348866920918
336  0.00014044488489162177
332  0.00014029283192940056
340  0.00014013747568242252
335  0.00014008056314196438
356  0.00013981954543851316
339  0.0001396061124978587
338  0.00013955208123661578
328  0.0001395129511365667
357  0.00013917242176830769
337  0.0001375972933601588
652  0.00013496111205313355
505  0.00012825510930269957
507  0.00012780669203493744
492  0.00012765481369569898
509  0.00012751454778481275
508  0.00012745971616823226
512  0.0001273228117497638
514  0.00012731869355775416
495  0.00012724538100883365
494  0.00012724149564746767
510  0.0001272382214665413
499  0.00012721978418994695
497  0.000127204621094279
503  0.0001271510118385777
493  0.0001270269276574254
504  0.00012701141531579196
506  0.00012696067278739065
511  0.00012694796896539629
515  0.00012692957534454763
521  0.00012687257549259812
519  0.00012686592526733875
490  0.00012682830856647342
502  0.0001267574552912265
491  0.00012675080506596714
520  0.00012670416617766023
516  0.00012669195712078363
517  0.00012662324297707528
496  0.00012661841174121946
501  0.00012660138600040227
518  0.00012641598004847765
498  0.00012638837506528944
513  0.0001262189180124551
500  0.0001256920222658664
244  7.839773752493784e-05
247  7.807975634932518e-05
245  7.797900616424158e-05
249  7.796785212121904e-05
243  7.79262263677083e-05
229  7.791849930072203e-05
246  7.791203825036064e-05
256  7.78823159635067e-05
253  7.786301284795627e-05
242  7.782248576404527e-05
260  7.781788008287549e-05
257  7.780007581459358e-05
235  7.778835424687713e-05
254  7.776974234730005e-05
251  7.772703975206241e-05
231  7.771739910822362e-05
248  7.768857904011384e-05
234  7.768731302348897e-05
232  7.766806083964184e-05
240  7.763584289932624e-05
255  7.759846630506217e-05
252  7.759728032397106e-05
239  7.758130232105032e-05
258  7.754594116704538e-05
230  7.752087549306452e-05
233  7.751282100798562e-05
250  7.741752779111266e-05
241  7.735494727967307e-05
259  7.735243707429618e-05
237  7.732692029094324e-05
238  7.731394725851715e-05
236  7.729860953986645e-05
570  5.638716174871661e-05
575  5.600977237918414e-05
574  5.59726104256697e-05
577  5.59569125471171e-05
557  5.594170943368226e-05
572  5.593408059212379e-05
573  5.589654028881341e-05
579  5.571288784267381e-05
564  5.567130938288756e-05
581  5.563426384469494e-05
568  5.562572187045589e-05
561  5.555193274631165e-05
559  5.551581489271484e-05
576  5.548850822378881e-05
569  5.547728869714774e-05
571  5.547432374441996e-05
558  5.5459146096836776e-05
562  5.542874350794591e-05
555  5.5340060498565435e-05
585  5.533119838219136e-05
580  5.523056097445078e-05
567  5.5230506404768676e-05
560  5.522818901226856e-05
584  5.5193806474562734e-05
566  5.5043536121957004e-05
563  5.499924736795947e-05
586  5.4899166570976377e-05
582  5.489607428899035e-05
578  5.483271525008604e-05
556  5.481760672410019e-05
583  5.4514777730219066e-05
565  5.439129381556995e-05
146  5.299809708958492e-05
147  5.283253631205298e-05
152  5.2828152547590435e-05
149  5.277090531308204e-05
153  5.249434616416693e-05
150  5.246597356745042e-05
148  5.245941792964004e-05
139  5.2453018724918365e-05
157  5.2370447519933805e-05
151  5.236420111032203e-05
136  5.234672789811157e-05
135  5.23240196343977e-05
143  5.230650640442036e-05
155  5.2265921112848446e-05
134  5.22492264281027e-05
160  5.2245442930143327e-05
158  5.2240164222894236e-05
159  5.2231247536838055e-05
156  5.221769606578164e-05
154  5.219574450165965e-05
140  5.213982512941584e-05
161  5.213634722167626e-05
145  5.2040079026483e-05
142  5.203457112656906e-05
137  5.202514512347989e-05
133  5.201547173783183e-05
132  5.200659506954253e-05
141  5.1936021918663755e-05
144  5.187359784031287e-05
162  5.17838416271843e-05
138  5.160991713637486e-05
684  5.060720650362782e-05
798  4.329174043959938e-05
807  4.298878775443882e-05
797  4.2939704144373536e-05
803  4.2938965634675696e-05
785  4.2934050725307316e-05
800  4.2931187635986134e-05
802  4.2925006709992886e-05
804  4.286364128347486e-05
801  4.2731044231913984e-05
786  4.272085789125413e-05
809  4.2715320887509733e-05
792  4.270835415809415e-05
808  4.270803037798032e-05
806  4.267802432877943e-05
805  4.266280302545056e-05
790  4.262319635017775e-05
814  4.262238144292496e-05
789  4.261737922206521e-05
788  4.2612871766323224e-05
799  4.2600924643920735e-05
811  4.259731213096529e-05
787  4.257672117091715e-05
783  4.254295345162973e-05
795  4.250418351148255e-05
810  4.250256097293459e-05
796  4.248862023814581e-05
784  4.245395030011423e-05
791  4.239286499796435e-05
812  4.239132613292895e-05
813  4.2294777813367546e-05
794  4.226683813612908e-05
793  4.211430859868415e-05
815  3.910499071935192e-05
830  3.7971214624121785e-05
833  3.7912672269158065e-05
831  3.791122799157165e-05
836  3.776857920456678e-05
837  3.76960015273653e-05
842  3.766538429772481e-05
820  3.7538589822361246e-05
839  3.75289237126708e-05
834  3.751096301130019e-05
818  3.7443023757077754e-05
832  3.7429923395393416e-05
838  3.742985427379608e-05
829  3.741614636965096e-05
835  3.741004547919147e-05
841  3.7405156035674736e-05
827  3.7388683267636225e-05
843  3.7322708521969616e-05
823  3.729950913111679e-05
844  3.7288162275217474e-05
817  3.720227687153965e-05
826  3.7180820072535425e-05
825  3.710438249981962e-05
845  3.7088779208716005e-05
821  3.707856376422569e-05
840  3.7042584153823555e-05
846  3.6969919165130705e-05
828  3.694768020068295e-05
824  3.6932779039489105e-05
819  3.69118970411364e-05
822  3.690112862386741e-05
816  3.6851331969955936e-05
131  2.857930667232722e-05
667  2.3754730136715807e-05
669  2.373998904658947e-05
668  2.3719439923297614e-05
673  2.3710392270004377e-05
671  2.3702255930402316e-05
681  2.366246008023154e-05
661  2.3648088244954124e-05
674  2.363722160225734e-05
664  2.3624557798029855e-05
670  2.3619490093551576e-05
660  2.3606697141076438e-05
676  2.359256541240029e-05
677  2.3568436517962255e-05
656  2.3560300178360194e-05
682  2.355097785766702e-05
672  2.353156014578417e-05
683  2.3494314518757164e-05
663  2.347550071135629e-05
653  2.3470374799217097e-05
662  2.3468295694328845e-05
655  2.3458158466382883e-05
679  2.3447581043001264e-05
678  2.3436577976099215e-05
665  2.3426211555488408e-05
675  2.3425049221259542e-05
666  2.34141516557429e-05
680  2.340626815566793e-05
654  2.339529055461753e-05
658  2.339406455575954e-05
657  2.335084354854189e-05
659  2.324309025425464e-05
114  7.512505817430792e-06
113  7.493308203265769e-06
120  7.48857883081655e-06
118  7.476598057110095e-06
127  7.4658955782069825e-06
122  7.461540008080192e-06
123  7.460643246304244e-06
119  7.450312295986805e-06
101  7.448663836839842e-06
130  7.444949915225152e-06
124  7.444240054610418e-06
116  7.440641184075503e-06
102  7.433045539073646e-06
125  7.429452580254292e-06
115  7.428870958392508e-06
117  7.4274762482673395e-06
99  7.419405392283807e-06
103  7.408785222651204e-06
105  7.407160410366487e-06
126  7.406898930639727e-06
121  7.404087682516547e-06
104  7.400170943583362e-06
100  7.398518846457591e-06
106  7.391988674498862e-06
111  7.390015070996014e-06
108  7.387097866740078e-06
107  7.383809133898467e-06
112  7.375391760433558e-06
128  7.370167622866575e-06
110  7.359625215030974e-06
109  7.351417480094824e-06
129  7.348305643972708e-06
