475  0.20088255405426025
476  0.20088255405426025
477  0.20088255405426025
478  0.20088255405426025
479  0.20088255405426025
480  0.20088255405426025
481  0.20088255405426025
482  0.20088255405426025
483  0.20088255405426025
484  0.20088255405426025
485  0.20088255405426025
486  0.20088255405426025
487  0.20088255405426025
488  0.20088255405426025
489  0.20088255405426025
490  0.20088255405426025
491  0.20088255405426025
492  0.20088255405426025
493  0.20088255405426025
494  0.20088255405426025
495  0.20088255405426025
496  0.20088255405426025
497  0.20088255405426025
498  0.20088255405426025
499  0.20088255405426025
500  0.20088255405426025
501  0.20088255405426025
502  0.20088255405426025
503  0.20088255405426025
504  0.20088255405426025
505  0.20088255405426025
506  0.20088255405426025
507  0.20088255405426025
508  0.20088255405426025
509  0.20088255405426025
510  0.20088255405426025
511  0.20088255405426025
512  0.20088255405426025
513  0.20088255405426025
514  0.20088255405426025
515  0.20088255405426025
516  0.20088255405426025
517  0.20088255405426025
518  0.20088255405426025
519  0.20088255405426025
520  0.20088255405426025
521  0.20088255405426025
522  0.20088255405426025
523  0.20088255405426025
524  0.20088255405426025
525  0.20088255405426025
526  0.20088255405426025
527  0.20088255405426025
528  0.20088255405426025
529  0.20088255405426025
530  0.20088255405426025
531  0.20088255405426025
532  0.20088255405426025
533  0.20088255405426025
534  0.20088255405426025
535  0.20088255405426025
536  0.20088255405426025
537  0.20088255405426025
538  0.20088255405426025
539  0.20088255405426025
540  0.20088255405426025
541  0.20088255405426025
542  0.20088255405426025
543  0.20088255405426025
544  0.20088255405426025
545  0.20088255405426025
546  0.20088255405426025
547  0.20088255405426025
548  0.20088255405426025
549  0.20088255405426025
550  0.20088255405426025
551  0.20088255405426025
552  0.20088255405426025
553  0.20088255405426025
554  0.20088255405426025
555  0.20088255405426025
556  0.20088255405426025
557  0.20088255405426025
558  0.20088255405426025
559  0.20088255405426025
560  0.20088255405426025
561  0.20088255405426025
562  0.20088255405426025
563  0.20088255405426025
564  0.20088255405426025
565  0.20088255405426025
566  0.20088255405426025
567  0.20088255405426025
568  0.20088255405426025
569  0.20088255405426025
570  0.20088255405426025
571  0.20088255405426025
572  0.20088255405426025
573  0.20088255405426025
574  0.20088255405426025
575  0.20088255405426025
576  0.20088255405426025
577  0.20088255405426025
578  0.20088255405426025
579  0.20088255405426025
580  0.20088255405426025
581  0.20088255405426025
582  0.20088255405426025
583  0.20088255405426025
584  0.20088255405426025
585  0.20088255405426025
586  0.20088255405426025
587  0.20088255405426025
588  0.20088255405426025
589  0.20088255405426025
590  0.20088255405426025
591  0.20088255405426025
592  0.20088255405426025
593  0.20088255405426025
594  0.20088255405426025
595  0.20088255405426025
596  0.20088255405426025
597  0.20088255405426025
598  0.20088255405426025
599  0.20088255405426025
600  0.20088255405426025
601  0.20088255405426025
602  0.20088255405426025
603  0.20088255405426025
604  0.20088255405426025
605  0.20088255405426025
606  0.20088255405426025
607  0.20088255405426025
608  0.20088255405426025
609  0.20088255405426025
610  0.20088255405426025
611  0.20088255405426025
612  0.20088255405426025
613  0.20088255405426025
614  0.20088255405426025
615  0.20088255405426025
616  0.20088255405426025
617  0.20088255405426025
618  0.20088255405426025
619  0.20088255405426025
620  0.20088255405426025
621  0.20088255405426025
622  0.20088255405426025
623  0.20088255405426025
624  0.20088255405426025
625  0.20088255405426025
626  0.20088255405426025
627  0.20088255405426025
628  0.20088255405426025
629  0.20088255405426025
630  0.20088255405426025
631  0.20088255405426025
632  0.20088255405426025
633  0.20088255405426025
634  0.20088255405426025
635  0.20088255405426025
636  0.20088255405426025
637  0.20088255405426025
638  0.20088255405426025
639  0.20088255405426025
640  0.20088255405426025
641  0.20088255405426025
642  0.20088255405426025
643  0.20088255405426025
644  0.20088255405426025
645  0.20088255405426025
646  0.20088255405426025
647  0.20088255405426025
648  0.20088255405426025
649  0.20088255405426025
650  0.20088255405426025
948  0.20088255405426025
949  0.20088255405426025
950  0.20088255405426025
951  0.20088255405426025
952  0.20088255405426025
953  0.20088255405426025
954  0.20088255405426025
955  0.20088255405426025
956  0.20088255405426025
957  0.20088255405426025
958  0.20088255405426025
959  0.20088255405426025
960  0.20088255405426025
961  0.20088255405426025
962  0.20088255405426025
963  0.20088255405426025
964  0.20088255405426025
965  0.20088255405426025
966  0.20088255405426025
967  0.20088255405426025
968  0.20088255405426025
969  0.20088255405426025
970  0.20088255405426025
971  0.20088255405426025
972  0.20088255405426025
973  0.20088255405426025
974  0.20088255405426025
975  0.20088255405426025
976  0.20088255405426025
977  0.20088255405426025
978  0.20088255405426025
979  0.20088255405426025
980  0.20088255405426025
981  0.20088255405426025
982  0.20088255405426025
983  0.20088255405426025
984  0.20088255405426025
985  0.20088255405426025
986  0.20088255405426025
987  0.20088255405426025
988  0.20088255405426025
989  0.20088255405426025
990  0.20088255405426025
991  0.20088255405426025
992  0.20088255405426025
993  0.20088255405426025
994  0.20088255405426025
995  0.20088255405426025
996  0.20088255405426025
997  0.20088255405426025
998  0.20088255405426025
999  0.20088255405426025
1000  0.20088255405426025
1001  0.20088255405426025
1002  0.20088255405426025
1003  0.20088255405426025
1004  0.20088255405426025
1005  0.20088255405426025
1185  0.20088255405426025
1186  0.20088255405426025
1187  0.20088255405426025
1188  0.20088255405426025
1189  0.20088255405426025
1190  0.20088255405426025
1191  0.20088255405426025
1192  0.20088255405426025
1193  0.20088255405426025
1194  0.20088255405426025
1195  0.20088255405426025
1196  0.20088255405426025
1197  0.20088255405426025
1198  0.20088255405426025
1199  0.20088255405426025
1200  0.20088255405426025
1201  0.20088255405426025
1202  0.20088255405426025
1203  0.20088255405426025
1204  0.20088255405426025
1205  0.20088255405426025
1206  0.20088255405426025
1207  0.20088255405426025
1208  0.20088255405426025
1209  0.20088255405426025
1210  0.20088255405426025
1211  0.20088255405426025
1212  0.20088255405426025
1213  0.20088255405426025
1214  0.20088255405426025
1215  0.20088255405426025
1216  0.20088255405426025
1217  0.20088255405426025
1218  0.20088255405426025
1219  0.20088255405426025
1220  0.20088255405426025
1221  0.20088255405426025
1222  0.20088255405426025
1223  0.20088255405426025
1224  0.20088255405426025
1225  0.20088255405426025
1226  0.20088255405426025
1227  0.20088255405426025
1228  0.20088255405426025
1229  0.20088255405426025
1230  0.20088255405426025
1231  0.20088255405426025
1232  0.20088255405426025
1233  0.20088255405426025
1234  0.20088255405426025
1235  0.20088255405426025
1236  0.20088255405426025
1237  0.20088255405426025
1238  0.20088255405426025
1239  0.20088255405426025
1240  0.20088255405426025
1241  0.20088255405426025
1242  0.20088255405426025
1303  0.20088255405426025
1304  0.20088255405426025
1305  0.20088255405426025
1306  0.20088255405426025
1307  0.20088255405426025
1308  0.20088255405426025
1309  0.20088255405426025
1310  0.20088255405426025
1311  0.20088255405426025
1312  0.20088255405426025
1313  0.20088255405426025
1314  0.20088255405426025
1315  0.20088255405426025
1316  0.20088255405426025
1317  0.20088255405426025
1318  0.20088255405426025
1319  0.20088255405426025
1320  0.20088255405426025
1321  0.20088255405426025
1322  0.20088255405426025
1323  0.20088255405426025
1324  0.20088255405426025
1325  0.20088255405426025
1326  0.20088255405426025
1327  0.20088255405426025
1328  0.20088255405426025
1329  0.20088255405426025
1330  0.20088255405426025
1331  0.20088255405426025
1332  0.20088255405426025
1333  0.20088255405426025
1334  0.20088255405426025
1335  0.20088255405426025
1336  0.20088255405426025
1337  0.20088255405426025
1338  0.20088255405426025
1339  0.20088255405426025
1340  0.20088255405426025
1341  0.20088255405426025
1342  0.20088255405426025
1343  0.20088255405426025
1344  0.20088255405426025
1345  0.20088255405426025
1346  0.20088255405426025
1347  0.20088255405426025
1348  0.20088255405426025
1349  0.20088255405426025
1350  0.20088255405426025
1351  0.20088255405426025
1352  0.20088255405426025
1353  0.20088255405426025
1354  0.20088255405426025
1355  0.20088255405426025
1356  0.20088255405426025
1357  0.20088255405426025
1358  0.20088255405426025
1359  0.20088255405426025
1360  0.20088255405426025
1361  0.20088255405426025
1362  0.20088255405426025
1363  0.20088255405426025
1364  0.20088255405426025
1365  0.20088255405426025
1366  0.20088255405426025
1367  0.20088255405426025
1368  0.20088255405426025
1369  0.20088255405426025
1370  0.20088255405426025
1371  0.20088255405426025
1372  0.20088255405426025
1373  0.20088255405426025
1374  0.20088255405426025
1375  0.20088255405426025
1376  0.20088255405426025
1377  0.20088255405426025
1378  0.20088255405426025
1379  0.20088255405426025
1380  0.20088255405426025
1381  0.20088255405426025
1382  0.20088255405426025
1383  0.20088255405426025
1384  0.20088255405426025
1385  0.20088255405426025
1386  0.20088255405426025
1387  0.20088255405426025
1388  0.20088255405426025
1389  0.20088255405426025
1390  0.20088255405426025
1391  0.20088255405426025
1392  0.20088255405426025
1393  0.20088255405426025
1394  0.20088255405426025
1395  0.20088255405426025
1396  0.20088255405426025
1397  0.20088255405426025
1398  0.20088255405426025
1399  0.20088255405426025
1400  0.20088255405426025
1401  0.20088255405426025
1402  0.20088255405426025
1403  0.20088255405426025
1404  0.20088255405426025
1405  0.20088255405426025
1406  0.20088255405426025
1407  0.20088255405426025
1408  0.20088255405426025
1409  0.20088255405426025
1410  0.20088255405426025
1411  0.20088255405426025
1412  0.20088255405426025
1413  0.20088255405426025
1414  0.20088255405426025
1415  0.20088255405426025
1416  0.20088255405426025
1417  0.20088255405426025
1418  0.20088255405426025
1419  0.20088255405426025
1420  0.20088255405426025
1540  0.20088255405426025
1541  0.20088255405426025
1542  0.20088255405426025
1543  0.20088255405426025
1544  0.20088255405426025
1545  0.20088255405426025
1546  0.20088255405426025
1547  0.20088255405426025
1548  0.20088255405426025
1549  0.20088255405426025
1550  0.20088255405426025
1551  0.20088255405426025
1552  0.20088255405426025
1553  0.20088255405426025
1554  0.20088255405426025
1555  0.20088255405426025
1556  0.20088255405426025
1557  0.20088255405426025
1558  0.20088255405426025
1559  0.20088255405426025
1560  0.20088255405426025
1561  0.20088255405426025
1562  0.20088255405426025
1563  0.20088255405426025
1564  0.20088255405426025
1565  0.20088255405426025
1566  0.20088255405426025
1567  0.20088255405426025
1568  0.20088255405426025
1569  0.20088255405426025
1570  0.20088255405426025
1571  0.20088255405426025
1572  0.20088255405426025
1573  0.20088255405426025
1574  0.20088255405426025
1575  0.20088255405426025
1576  0.20088255405426025
1577  0.20088255405426025
1578  0.20088255405426025
1579  0.20088255405426025
1580  0.20088255405426025
1581  0.20088255405426025
1582  0.20088255405426025
1583  0.20088255405426025
1584  0.20088255405426025
1585  0.20088255405426025
1586  0.20088255405426025
1587  0.20088255405426025
1588  0.20088255405426025
1589  0.20088255405426025
1590  0.20088255405426025
1591  0.20088255405426025
1592  0.20088255405426025
1593  0.20088255405426025
1594  0.20088255405426025
1595  0.20088255405426025
1596  0.20088255405426025
1597  0.20088255405426025
1658  0.20088255405426025
1659  0.20088255405426025
1660  0.20088255405426025
1661  0.20088255405426025
1662  0.20088255405426025
1663  0.20088255405426025
1664  0.20088255405426025
1665  0.20088255405426025
1666  0.20088255405426025
1667  0.20088255405426025
1668  0.20088255405426025
1669  0.20088255405426025
1670  0.20088255405426025
1671  0.20088255405426025
1672  0.20088255405426025
1673  0.20088255405426025
1674  0.20088255405426025
1675  0.20088255405426025
1676  0.20088255405426025
1677  0.20088255405426025
1678  0.20088255405426025
1679  0.20088255405426025
1680  0.20088255405426025
1681  0.20088255405426025
1682  0.20088255405426025
1683  0.20088255405426025
1684  0.20088255405426025
1685  0.20088255405426025
1686  0.20088255405426025
1687  0.20088255405426025
1688  0.20088255405426025
1689  0.20088255405426025
1690  0.20088255405426025
1691  0.20088255405426025
1692  0.20088255405426025
1693  0.20088255405426025
1694  0.20088255405426025
1695  0.20088255405426025
1696  0.20088255405426025
1697  0.20088255405426025
1698  0.20088255405426025
1699  0.20088255405426025
1700  0.20088255405426025
1701  0.20088255405426025
1702  0.20088255405426025
1703  0.20088255405426025
1704  0.20088255405426025
1705  0.20088255405426025
1706  0.20088255405426025
1707  0.20088255405426025
1708  0.20088255405426025
1709  0.20088255405426025
1710  0.20088255405426025
1711  0.20088255405426025
1712  0.20088255405426025
1713  0.20088255405426025
1714  0.20088255405426025
1715  0.20088255405426025
1716  0.20088255405426025
1717  0.20088255405426025
1718  0.20088255405426025
1719  0.20088255405426025
1720  0.20088255405426025
1721  0.20088255405426025
1722  0.20088255405426025
1723  0.20088255405426025
1724  0.20088255405426025
1725  0.20088255405426025
1726  0.20088255405426025
1727  0.20088255405426025
1728  0.20088255405426025
1729  0.20088255405426025
1730  0.20088255405426025
1731  0.20088255405426025
1732  0.20088255405426025
1733  0.20088255405426025
1734  0.20088255405426025
1735  0.20088255405426025
1736  0.20088255405426025
1737  0.20088255405426025
1738  0.20088255405426025
1739  0.20088255405426025
1740  0.20088255405426025
1741  0.20088255405426025
1742  0.20088255405426025
1743  0.20088255405426025
1744  0.20088255405426025
1745  0.20088255405426025
1746  0.20088255405426025
1747  0.20088255405426025
1748  0.20088255405426025
1749  0.20088255405426025
1750  0.20088255405426025
1751  0.20088255405426025
1752  0.20088255405426025
1753  0.20088255405426025
1754  0.20088255405426025
1755  0.20088255405426025
1756  0.20088255405426025
1757  0.20088255405426025
1758  0.20088255405426025
1759  0.20088255405426025
1760  0.20088255405426025
1761  0.20088255405426025
1762  0.20088255405426025
1763  0.20088255405426025
1764  0.20088255405426025
1765  0.20088255405426025
1766  0.20088255405426025
1767  0.20088255405426025
1768  0.20088255405426025
1769  0.20088255405426025
1770  0.20088255405426025
1771  0.20088255405426025
1772  0.20088255405426025
1773  0.20088255405426025
1774  0.20088255405426025
1775  0.20088255405426025
651  0.20085838437080383
695  0.20082888007164001
683  0.20079408586025238
680  0.20079196989536285
677  0.20079092681407928
667  0.20075678825378418
675  0.2007056474685669
682  0.20069706439971924
694  0.20068398118019104
684  0.20067761838436127
664  0.20067287981510162
691  0.200668603181839
705  0.2006639838218689
652  0.2006608098745346
702  0.2006605863571167
709  0.20065058767795563
688  0.2006491720676422
656  0.2006465643644333
670  0.20064081251621246
657  0.20062536001205444
653  0.20062308013439178
669  0.20061391592025757
663  0.20061329007148743
692  0.20060822367668152
696  0.20060580968856812
678  0.2005942165851593
710  0.20059365034103394
672  0.20059208571910858
654  0.2005908191204071
704  0.2005903422832489
674  0.20058053731918335
687  0.20058010518550873
661  0.20057740807533264
679  0.2005711942911148
700  0.20056739449501038
676  0.20056621730327606
681  0.20056597888469696
660  0.20056432485580444
693  0.2005573958158493
708  0.20054472982883453
706  0.20054370164871216
689  0.20054063200950623
686  0.20053429901599884
671  0.20051322877407074
690  0.2005101591348648
666  0.200509712100029
699  0.20050960779190063
658  0.20050688087940216
698  0.20050615072250366
665  0.20049913227558136
659  0.2004799097776413
685  0.20045839250087738
707  0.2004510760307312
701  0.20041291415691376
662  0.20040813088417053
697  0.20039601624011993
655  0.2003294825553894
668  0.20031823217868805
673  0.20030969381332397
703  0.20019254088401794
43  0.1109362319111824
2  0.1106378436088562
14  0.11026687175035477
38  0.11015279591083527
29  0.11014392226934433
42  0.11014188826084137
44  0.11007750779390335
37  0.11007337272167206
10  0.11001192033290863
35  0.11000964045524597
33  0.10993499308824539
26  0.10993307828903198
36  0.10987313091754913
6  0.1098126694560051
27  0.10977267473936081
12  0.10975958406925201
21  0.10964426398277283
56  0.10947870463132858
16  0.10941359400749207
40  0.10939327627420425
54  0.10930133610963821
24  0.10929428040981293
31  0.10917195677757263
30  0.1091291531920433
1  0.10912291705608368
41  0.10911309719085693
11  0.10910224169492722
32  0.10908670723438263
20  0.10895752161741257
34  0.10893058031797409
22  0.1088874340057373
52  0.10884162783622742
51  0.10881627351045609
17  0.10874740779399872
25  0.10867271572351456
39  0.10864614695310593
49  0.10864291340112686
3  0.10864176601171494
45  0.10863035172224045
13  0.10860972106456757
8  0.10859374701976776
15  0.10858174413442612
48  0.10841003060340881
5  0.10837798565626144
7  0.10829301178455353
59  0.10827340930700302
19  0.10827064514160156
57  0.10825274139642715
28  0.10819143056869507
18  0.10818830877542496
4  0.10816974937915802
58  0.10810256004333496
50  0.10805077105760574
47  0.10782451927661896
23  0.10765015333890915
46  0.1076345294713974
9  0.10761789977550507
53  0.10756194591522217
55  0.10686850547790527
947  0.08813093602657318
474  0.0645776316523552
270  0.06321924924850464
268  0.06295052170753479
239  0.06293004751205444
246  0.06291063874959946
263  0.06289399415254593
272  0.06284080445766449
242  0.0628366768360138
241  0.06278658658266068
277  0.06278219819068909
275  0.06278091669082642
240  0.06276442110538483
289  0.06275366991758347
278  0.06274264305830002
261  0.06272144615650177
271  0.06271427124738693
250  0.06269761174917221
244  0.06268861889839172
291  0.06267815083265305
265  0.06267205625772476
269  0.0626613199710846
279  0.06264104694128036
256  0.06263241171836853
249  0.06261879205703735
286  0.06260126829147339
274  0.06254871189594269
280  0.06254837661981583
273  0.06254679709672928
238  0.06249970197677612
266  0.06249678134918213
290  0.06249088793992996
262  0.062470778822898865
264  0.06247033178806305
252  0.062466058880090714
285  0.062465306371450424
260  0.0624576136469841
253  0.062452323734760284
248  0.06241784617304802
251  0.062413930892944336
243  0.06240775063633919
245  0.06239192932844162
293  0.06238142028450966
292  0.0623789019882679
276  0.06237281113862991
281  0.06236343830823898
255  0.06235245615243912
294  0.06230548396706581
259  0.06229710951447487
287  0.06229298189282417
257  0.06228752061724663
254  0.062281083315610886
258  0.06223970651626587
247  0.06223220005631447
295  0.062227245420217514
283  0.062189359217882156
288  0.06216727942228317
267  0.062123022973537445
282  0.062030140310525894
284  0.06194161996245384
925  0.05399709567427635
916  0.05389361083507538
930  0.05388148874044418
928  0.05388012155890465
892  0.05383998900651932
923  0.0538308285176754
926  0.0538148395717144
912  0.05380629375576973
903  0.053798891603946686
927  0.05377854034304619
921  0.053632911294698715
936  0.053630728274583817
891  0.053630609065294266
919  0.05362870916724205
929  0.05359196662902832
932  0.05357753485441208
914  0.05355092138051987
889  0.053505200892686844
897  0.05349695682525635
918  0.0534767284989357
924  0.053456660360097885
905  0.05345585197210312
922  0.053437355905771255
907  0.05341772362589836
915  0.053409505635499954
900  0.053394004702568054
913  0.05339000001549721
890  0.05338994041085243
908  0.05338384956121445
911  0.053352225571870804
893  0.05331060662865639
943  0.05330018326640129
910  0.05329176038503647
942  0.05329155921936035
946  0.053288187831640244
917  0.05327418074011803
904  0.05325708165764809
920  0.053251028060913086
941  0.0532325841486454
931  0.0532180517911911
909  0.0532124862074852
901  0.053210411220788956
937  0.05320623517036438
895  0.053201135247945786
902  0.053186919540166855
935  0.05317005515098572
933  0.053161729127168655
944  0.05314863473176956
906  0.05310304835438728
899  0.0530991293489933
894  0.05309378355741501
896  0.05305156111717224
939  0.05304828658699989
934  0.05301033332943916
945  0.05300283059477806
940  0.05299919471144676
898  0.05297131463885307
938  0.05289793014526367
60  0.03975621238350868
93  0.030557503923773766
95  0.030500192195177078
88  0.030488362535834312
83  0.030480725690722466
101  0.030457578599452972
76  0.030451104044914246
94  0.030450206249952316
103  0.030437491834163666
92  0.03043368272483349
80  0.030424775555729866
64  0.030417926609516144
61  0.030411485582590103
62  0.030410952866077423
87  0.030401909723877907
117  0.030397722497582436
98  0.030392609536647797
91  0.030392326414585114
75  0.0303815808147192
65  0.030379164963960648
111  0.030378757044672966
72  0.03037402592599392
96  0.030361121520400047
110  0.03034970909357071
79  0.03033987618982792
84  0.0303355660289526
89  0.03033287636935711
71  0.03033154271543026
70  0.03031662479043007
109  0.030314384028315544
86  0.030313776805996895
74  0.03031134232878685
114  0.03030967339873314
118  0.030309295281767845
90  0.03029395267367363
82  0.030283518135547638
77  0.03028176538646221
115  0.030278490856289864
104  0.03027261048555374
102  0.030268369242548943
85  0.03026411309838295
105  0.030244961380958557
99  0.030232785269618034
67  0.030228450894355774
97  0.030214514583349228
68  0.030212659388780594
106  0.030212407931685448
108  0.03021075762808323
112  0.03020511567592621
113  0.030175307765603065
116  0.03016972728073597
100  0.030161676928400993
63  0.03012901172041893
73  0.030118439346551895
107  0.030117809772491455
66  0.030083412304520607
78  0.03007427416741848
69  0.030071506276726723
81  0.030054569244384766
1184  0.029141293838620186
1006  0.022839045152068138
1103  0.018631894141435623
1075  0.018613794818520546
1102  0.018604181706905365
1100  0.018578559160232544
1089  0.018554560840129852
1091  0.018547866493463516
1079  0.018536332994699478
1067  0.01853356696665287
1066  0.01853145845234394
1107  0.018530402332544327
1098  0.01852952502667904
1097  0.018521219491958618
1119  0.0185183584690094
1105  0.01851750910282135
1071  0.018514061346650124
1106  0.01851026527583599
1077  0.018500246107578278
1108  0.018490800634026527
1104  0.018480617552995682
1090  0.018474936485290527
1092  0.01846855692565441
1086  0.018463769927620888
1095  0.018460286781191826
1101  0.018458135426044464
1109  0.018457114696502686
1085  0.01845661550760269
1113  0.018456468358635902
1096  0.018454818055033684
1068  0.018442142754793167
1072  0.018434515222907066
1110  0.01843384839594364
1111  0.018424535170197487
1094  0.018423371016979218
1076  0.0184207484126091
1088  0.018417660146951675
1070  0.01841503195464611
1123  0.018413541838526726
1081  0.018411068245768547
1080  0.018406467512249947
1117  0.018395332619547844
1121  0.01838887296617031
1069  0.01838500238955021
1082  0.018376044929027557
1084  0.01837523654103279
1114  0.018367918208241463
1083  0.018361017107963562
1115  0.018351521342992783
1093  0.018348274752497673
1118  0.018348241224884987
1073  0.01833832450211048
1087  0.018327338621020317
1124  0.018319524824619293
1078  0.018317604437470436
1122  0.018314501270651817
1112  0.018301060423254967
1120  0.01829775609076023
1116  0.01829116977751255
1074  0.018260030075907707
1099  0.01825527846813202
1539  0.017280083149671555
296  0.01364889182150364
1243  0.012844839133322239
1598  0.012406660243868828
237  0.008762558922171593
450  0.00623836787417531
443  0.006221781950443983
448  0.006219621282070875
419  0.006216930691152811
438  0.006216099951416254
447  0.006214698310941458
442  0.006214618682861328
444  0.006212183274328709
458  0.0062102023512125015
456  0.00621009711176157
420  0.006209678947925568
431  0.0062083047814667225
451  0.006208128295838833
466  0.00620685750618577
453  0.0062048607505857944
449  0.006204716861248016
434  0.006203766912221909
430  0.006202958524227142
422  0.006202482618391514
465  0.006202429533004761
472  0.006202321033924818
435  0.006201838608831167
446  0.006201759912073612
417  0.006201033480465412
464  0.00620088679715991
416  0.00620069308206439
432  0.006199092138558626
452  0.0061980136670172215
460  0.0061960285529494286
469  0.006195963826030493
445  0.006194777321070433
473  0.006194010842591524
463  0.006193782668560743
439  0.0061937058344483376
427  0.006193662062287331
441  0.006193327717483044
454  0.00619284063577652
470  0.006192670203745365
429  0.006192435510456562
423  0.006190718617290258
425  0.006189950276166201
459  0.006189581006765366
455  0.006189149338752031
426  0.006187055725604296
467  0.006186285056173801
471  0.006184473633766174
440  0.0061842272989451885
437  0.006183881312608719
421  0.0061835008673369884
418  0.006179876159876585
457  0.006174979265779257
468  0.006174113135784864
461  0.006174022331833839
436  0.006171796005219221
433  0.00617170287296176
424  0.0061709219589829445
428  0.006164056248962879
462  0.006160116754472256
1302  0.005871775094419718
1657  0.005602611694484949
415  0.004789379425346851
206  0.002872130600735545
215  0.0028719394467771053
218  0.002871396020054817
220  0.0028705729637295008
216  0.002869077492505312
211  0.0028688875027000904
182  0.00286860391497612
193  0.002867740811780095
213  0.002867466537281871
202  0.002866606693714857
217  0.002865883056074381
209  0.0028655068017542362
181  0.002863819245249033
219  0.0028625016566365957
226  0.0028608646243810654
214  0.00286032329313457
187  0.002859391737729311
204  0.002858671359717846
222  0.0028581751976162195
179  0.0028581724036484957
212  0.0028578683268278837
197  0.0028575879987329245
210  0.002857350278645754
190  0.002856980776414275
198  0.0028561849612742662
205  0.002856125356629491
180  0.002855625469237566
208  0.00285531859844923
195  0.0028547567781060934
183  0.0028542084619402885
200  0.002853839425370097
203  0.002853707643225789
194  0.002853231504559517
207  0.002852275036275387
201  0.0028517518658190966
232  0.0028517271857708693
234  0.0028508540708571672
231  0.0028508338145911694
233  0.0028506142552942038
236  0.002849612617865205
196  0.0028495367150753736
225  0.002848990960046649
221  0.0028489178512245417
189  0.0028486805967986584
199  0.002848603529855609
191  0.0028485034126788378
192  0.002848329721018672
186  0.0028481902554631233
185  0.0028480268083512783
230  0.0028478859458118677
223  0.002847138326615095
184  0.002846300369128585
229  0.0028457792941480875
227  0.002845680806785822
235  0.0028436491265892982
188  0.0028429816011339426
224  0.002840361325070262
228  0.002838779240846634
1463  0.0021376274526119232
1457  0.0021331780590116978
1422  0.0021320567466318607
1430  0.0021298422943800688
1449  0.0021292949095368385
1455  0.0021281717345118523
1453  0.0021256112959235907
1458  0.002124869031831622
1434  0.0021246103569865227
1462  0.002121979370713234
1426  0.002121003344655037
1446  0.0021209761034697294
1456  0.0021205502562224865
1447  0.0021199104376137257
1464  0.002119343960657716
1441  0.0021186410449445248
1460  0.002117463853210211
1451  0.002114832866936922
1432  0.0021147571969777346
1444  0.0021145229693502188
1421  0.0021138167940080166
1461  0.0021127748768776655
1474  0.0021126833744347095
1452  0.002111701527610421
1476  0.002111427253112197
1437  0.0021098966244608164
1445  0.002108775544911623
1436  0.0021081033628433943
1459  0.0021080882288515568
1423  0.002107397187501192
1465  0.0021072577219456434
1433  0.002106874715536833
1450  0.0021067054476588964
1469  0.002105504972860217
1439  0.002105023944750428
1454  0.0021041587460786104
1427  0.0021039044950157404
1442  0.00210366933606565
1428  0.0021033729426562786
1431  0.0021032169461250305
1472  0.002103111706674099
1468  0.002102980623021722
1440  0.0021024802699685097
1438  0.00210112938657403
1425  0.0021007054019719362
1424  0.002100536599755287
1479  0.0021000737324357033
1471  0.0020991123747080564
1448  0.0020966569427400827
1478  0.0020966159645467997
1435  0.0020962210837751627
1466  0.0020905998535454273
1470  0.0020898745860904455
1477  0.0020892166066914797
1467  0.0020879553630948067
1473  0.0020871865563094616
1429  0.002086193533614278
1443  0.002085857093334198
1475  0.0020807329565286636
393  0.001647934434004128
392  0.0016470968257635832
357  0.0016454322030767798
365  0.0016443523345515132
390  0.0016439353348687291
388  0.0016437582671642303
356  0.001643356983549893
397  0.0016431104158982635
361  0.001642876653932035
379  0.001642775721848011
398  0.0016420931788161397
391  0.0016419760650023818
399  0.0016418845625594258
395  0.0016413069097325206
381  0.0016411960823461413
369  0.001641159295104444
396  0.0016409342642873526
382  0.001640771864913404
376  0.0016406187787652016
386  0.0016404438065364957
367  0.0016401354223489761
385  0.001639849622733891
358  0.0016398411244153976
387  0.001639702939428389
394  0.0016396786086261272
380  0.0016395130660384893
409  0.0016393882688134909
384  0.0016389295924454927
372  0.0016388350632041693
362  0.0016386470524594188
366  0.0016382633475586772
371  0.001638209680095315
375  0.0016377229476347566
360  0.0016375756822526455
400  0.0016373572871088982
403  0.001636236091144383
370  0.0016358178108930588
411  0.0016356660053133965
413  0.0016354745021089911
404  0.0016352448146790266
401  0.0016348797362297773
407  0.0016346812481060624
359  0.0016343333991244435
373  0.0016341529553756118
378  0.00163386354688555
368  0.0016335734399035573
374  0.00163351371884346
414  0.0016331435181200504
377  0.0016331124352291226
363  0.0016326926415786147
389  0.001632295548915863
405  0.0016321555012837052
408  0.0016320545691996813
383  0.0016319544520229101
412  0.0016318697016686201
406  0.0016305068274959922
402  0.0016299845883622766
410  0.001629259204491973
364  0.001627993886359036
888  0.001487867208197713
1125  0.0011401274241507053
1280  0.0007410166435874999
1247  0.0007397237932309508
1283  0.0007395193679258227
1285  0.0007393318810500205
1246  0.0007391336257569492
1271  0.0007391187828034163
1278  0.000738448987249285
1258  0.0007384091732092202
1282  0.0007376682478934526
1267  0.0007375891436822712
1281  0.0007375649292953312
1276  0.0007367106736637652
1284  0.0007367082871496677
1287  0.0007365134079009295
1274  0.0007361952448263764
1291  0.000736057001631707
1252  0.0007345480262301862
1273  0.0007344884797930717
1269  0.0007341687451116741
1279  0.0007339417352341115
1262  0.0007334162364713848
1277  0.0007330605876632035
1244  0.0007321572047658265
1260  0.0007320326403714716
1245  0.000732027052436024
1263  0.0007319715805351734
1255  0.0007319385185837746
1259  0.000731675245333463
1266  0.0007316372357308865
1301  0.0007314810063689947
1248  0.0007314232061617076
1268  0.0007309207576327026
1270  0.0007308810600079596
1298  0.0007306195911951363
1265  0.0007299873395822942
1286  0.0007299282005988061
1299  0.0007296819821931422
1296  0.0007296768017113209
1256  0.0007292958325706422
1272  0.0007288511842489243
1251  0.0007288203341886401
1250  0.0007287768530659378
1292  0.000728749786503613
1297  0.0007285973988473415
1295  0.0007285007741302252
1249  0.0007280271383933723
1290  0.000727833597920835
1264  0.0007276484393514693
1254  0.0007276157848536968
1257  0.0007275364478118718
1288  0.0007274529198184609
1261  0.0007271767244674265
1275  0.0007270214846357703
1294  0.0007268991903401911
1289  0.0007266453467309475
1300  0.0007264134474098682
1293  0.0007256419630721211
1253  0.0007254400406964123
1638  0.0006861338042654097
1640  0.0006847985787317157
1626  0.0006845715106464922
1602  0.0006844752351753414
1636  0.0006844439194537699
1635  0.0006833831430412829
1631  0.0006832819199189544
1633  0.0006832522922195494
1637  0.0006830491474829614
1639  0.0006829765625298023
1622  0.0006829400663264096
1634  0.0006828887271694839
1613  0.0006825376767665148
1607  0.0006824011215940118
1629  0.0006820828421041369
1632  0.0006820588023401797
1601  0.000681689300108701
1646  0.0006809685728512704
1610  0.0006805646698921919
1600  0.0006805169978179038
1630  0.0006803552969358861
1617  0.0006801072740927339
1603  0.0006798176327720284
1614  0.0006793541833758354
1599  0.0006792509229853749
1624  0.000679080025292933
1627  0.0006788797909393907
1642  0.0006788512691855431
1618  0.0006788299651816487
1654  0.0006786876474507153
1628  0.0006786268786527216
1616  0.0006784694269299507
1652  0.0006784092402085662
1606  0.0006779923569411039
1615  0.000677869247738272
1620  0.0006776635418646038
1623  0.0006776561494916677
1625  0.0006775183137506247
1651  0.0006773491622880101
1621  0.0006771413027308881
1609  0.0006770158070139587
1650  0.0006768025923520327
1605  0.0006767984014004469
1641  0.0006763337878510356
1653  0.0006762899574823678
1604  0.0006761556142009795
1619  0.0006758872768841684
1608  0.00067565479548648
1645  0.0006756374496035278
1656  0.000675474526360631
1611  0.0006753809284418821
1649  0.0006749728927388787
1655  0.0006749603780917823
1612  0.0006748677114956081
1647  0.0006743199774064124
1643  0.0006741732358932495
1648  0.0006734446506015956
1644  0.0006726172287017107
804  0.0005852573667652905
807  0.0005851159803569317
806  0.0005848237778991461
793  0.0005847145803272724
789  0.0005845654523000121
774  0.0005842641112394631
772  0.0005840130615979433
775  0.0005840080557391047
808  0.0005839368095621467
802  0.0005833772011101246
813  0.0005830980953760445
794  0.000583045301027596
801  0.0005827978020533919
810  0.0005827455897815526
798  0.0005827200366184115
809  0.0005825248081237078
799  0.0005824076943099499
795  0.0005823844112455845
780  0.0005823574610985816
779  0.0005821884842589498
797  0.0005820645019412041
805  0.0005820539663545787
796  0.0005820494843646884
815  0.0005819487851113081
800  0.0005818661884404719
771  0.0005815518670715392
811  0.0005814382457174361
777  0.0005814185133203864
776  0.0005813040770590305
790  0.0005812475574202836
773  0.0005812299204990268
819  0.0005811669980175793
787  0.000581150408834219
820  0.0005810850416310132
784  0.0005810650764033198
785  0.0005809501162730157
788  0.000580949941650033
814  0.0005808386486023664
792  0.0005806861445307732
827  0.0005805848632007837
781  0.0005805483087897301
791  0.0005805453401990235
821  0.0005804927204735577
818  0.0005804758402518928
828  0.0005803497042506933
824  0.0005802075611427426
783  0.0005801212973892689
786  0.0005800010403618217
823  0.0005798866623081267
822  0.000579864252358675
817  0.0005797694902867079
803  0.0005796225159429014
816  0.0005795749602839351
778  0.0005792701267637312
812  0.0005790970753878355
826  0.0005790482391603291
825  0.000577381404582411
782  0.0005768329720012844
1162  0.0005760761559940875
1161  0.0005759306368418038
1159  0.0005757163162343204
1129  0.000575134705286473
1127  0.0005748973926529288
1130  0.0005747401737608016
1144  0.0005746856331825256
1163  0.0005744211375713348
1148  0.0005738578038290143
1168  0.0005738402833230793
1149  0.0005732409190386534
1157  0.0005731556448154151
1165  0.0005731370765715837
1153  0.0005729923723265529
1134  0.0005727013340219855
1164  0.0005722860805690289
1156  0.0005722547066397965
1135  0.0005721622728742659
1131  0.0005720071494579315
1150  0.0005717880558222532
1160  0.0005717751919291914
1151  0.0005716850282624364
1170  0.0005716700688935816
1152  0.0005715188453905284
1142  0.0005714837461709976
1154  0.0005714824073947966
1143  0.0005713769351132214
1126  0.0005713236168958247
1128  0.0005712503916583955
1155  0.0005711964331567287
1166  0.0005711434059776366
1174  0.0005710571422241628
1169  0.0005709787365049124
1182  0.0005708521930500865
1132  0.0005708443350158632
1139  0.0005707817617803812
1145  0.0005706615629605949
1171  0.0005702311755158007
1175  0.0005701298359781504
1173  0.0005700774490833282
1183  0.0005699331522919238
1147  0.0005699144094251096
1136  0.0005697319284081459
1140  0.0005695627769455314
1146  0.0005694892024621367
1138  0.0005694683641195297
1177  0.0005694075371138752
1176  0.0005688507226295769
1178  0.0005684318020939827
1141  0.0005683591589331627
1133  0.000568167946767062
1172  0.0005681565962731838
1181  0.0005681476905010641
1158  0.000567989016417414
1167  0.0005679140449501574
1179  0.0005677909357473254
1180  0.0005663224146701396
1137  0.0005648655351251364
770  0.0005459303501993418
753  0.00041414075531065464
739  0.0004132950271014124
747  0.00041329243686050177
712  0.00041301987948827446
745  0.0004128114669583738
720  0.00041262462036684155
754  0.00041220802813768387
737  0.0004121931560803205
743  0.0004121552046854049
724  0.000412099645473063
748  0.0004119201039429754
752  0.00041145351133309305
716  0.0004113985924050212
736  0.00041135368519462645
746  0.00041114920168183744
731  0.00041104736737906933
741  0.0004108772845938802
726  0.00041050792788155377
722  0.0004103825194761157
750  0.0004103074024897069
711  0.0004103007959201932
742  0.00041028455598279834
734  0.00041013030568137765
713  0.00040997451287694275
751  0.0004099641228094697
729  0.00040966959204524755
744  0.00040961531340144575
759  0.0004095766635145992
732  0.00040952590643428266
766  0.0004094640025869012
727  0.0004093961324542761
764  0.00040924354107119143
718  0.0004091633891221136
740  0.00040908402297645807
735  0.00040908282971940935
723  0.0004090587026439607
749  0.0004090497095603496
721  0.0004089884751010686
761  0.0004088304121978581
714  0.00040879883454181254
769  0.00040865392656996846
730  0.00040865119080990553
755  0.00040862237801775336
758  0.00040848643402568996
717  0.0004083217354491353
715  0.00040813980740495026
728  0.00040782574797049165
762  0.0004077775520272553
738  0.0004074152384418994
767  0.0004067638365086168
768  0.0004066409601364285
760  0.000406374892918393
725  0.0004063458472955972
757  0.00040629200520925224
756  0.00040621202788315713
763  0.00040592459845356643
719  0.0004057750920765102
733  0.00040570119745098054
765  0.00040485934005118906
119  0.00029125591390766203
178  0.00026537547819316387
1480  0.00021714880131185055
1499  0.00012467749183997512
1485  0.00012457255797926337
1503  0.00012453919043764472
1517  0.00012444220192264766
1514  0.00012442737352102995
1523  0.00012428282934706658
1484  0.0001242809375980869
1515  0.00012422382133081555
1516  0.00012410814815666527
1507  0.0001239308767253533
1508  0.00012392330972943455
1518  0.000123914098367095
1512  0.0001239013217855245
1482  0.00012387202878016979
1505  0.00012386766320560127
1519  0.00012385360605549067
1509  0.0001238055556314066
1521  0.00012380153930280358
1520  0.00012378064275253564
1511  0.0001236860261997208
1504  0.00012364014401100576
1481  0.00012351488112471998
1490  0.00012350958422757685
1529  0.0001234687224496156
1530  0.00012342481932137161
1525  0.00012335598876234144
1495  0.00012331234756857157
1537  0.00012331188190728426
1531  0.00012327473086770624
1494  0.00012324687850195915
1513  0.00012324487033765763
1489  0.0001232434733537957
1510  0.00012320200039539486
1506  0.0001231381029356271
1491  0.00012312529725022614
1487  0.00012310205784160644
1538  0.0001230961934197694
1497  0.00012303341645747423
1500  0.0001229793269885704
1524  0.00012297746434342116
1486  0.00012297218199819326
1498  0.0001229435729328543
1493  0.000122902070870623
1501  0.000122891302453354
1502  0.0001228695036843419
1483  0.0001228644687216729
1534  0.00012284034164622426
1528  0.00012275790504645556
1533  0.0001226619497174397
1488  0.0001226166932610795
1532  0.00012249703286215663
1496  0.00012247553968336433
1526  0.0001224284787895158
1535  0.0001223946310346946
1522  0.0001223875005962327
1527  0.00012238201452419162
1536  0.00012231143773533404
1492  0.00012168406829005107
829  9.567357483319938e-05
863  3.6428791645448655e-05
862  3.6293833545641974e-05
831  3.627853948273696e-05
861  3.624299279181287e-05
857  3.6223744245944545e-05
852  3.621876749093644e-05
855  3.618790287873708e-05
864  3.618079790612683e-05
860  3.6155168345430866e-05
867  3.605985693866387e-05
866  3.605793244787492e-05
858  3.604208541219123e-05
870  3.602239303290844e-05
853  3.601998832891695e-05
871  3.600096533773467e-05
865  3.599921183194965e-05
844  3.598469265853055e-05
883  3.598126204451546e-05
872  3.5962017136625946e-05
830  3.59294172085356e-05
869  3.592815119191073e-05
859  3.592058055801317e-05
845  3.591047425288707e-05
880  3.590968844946474e-05
833  3.5906126868212596e-05
848  3.588901017792523e-05
886  3.587799074011855e-05
856  3.5862871300196275e-05
841  3.5858254705090076e-05
840  3.585309241316281e-05
851  3.5846598620992154e-05
854  3.584242585930042e-05
843  3.583887155400589e-05
887  3.5833712900057435e-05
836  3.582346107577905e-05
868  3.582158387871459e-05
879  3.580798875191249e-05
849  3.578415999072604e-05
834  3.576863673515618e-05
842  3.5732191463466734e-05
885  3.572929563233629e-05
884  3.571492197806947e-05
832  3.5690511140273884e-05
839  3.5688433854375035e-05
846  3.566570740076713e-05
878  3.566005761967972e-05
874  3.563690552255139e-05
873  3.561560879461467e-05
837  3.561465200618841e-05
847  3.560093682608567e-05
877  3.559546894393861e-05
835  3.5580604162532836e-05
838  3.5561981349019334e-05
875  3.554676004569046e-05
876  3.553486385499127e-05
882  3.549141183611937e-05
881  3.54618787241634e-05
850  3.542489866958931e-05
336  2.7862522983923554e-05
340  2.7850965125253424e-05
305  2.7822059564641677e-05
320  2.7820546165457927e-05
329  2.778965608740691e-05
298  2.778753150778357e-05
301  2.7775002308771946e-05
333  2.7763560865423642e-05
303  2.7755753762903623e-05
351  2.775074972305447e-05
309  2.7740405130316503e-05
327  2.7728267014026642e-05
322  2.7723635867005214e-05
339  2.7723584935301915e-05
346  2.7717902412405238e-05
328  2.7713407689589076e-05
353  2.7709073037840426e-05
317  2.7707463232218288e-05
350  2.77069048024714e-05
307  2.7699854399543256e-05
345  2.769974889815785e-05
355  2.769848106254358e-05
321  2.769605089270044e-05
323  2.7693435185938142e-05
324  2.7693091396940872e-05
312  2.7688998670782894e-05
349  2.7687783585861325e-05
325  2.7685568056767806e-05
331  2.7672920623444952e-05
306  2.7665058951242827e-05
335  2.7657884857035242e-05
354  2.764454075077083e-05
338  2.763989868981298e-05
302  2.7639111067401245e-05
319  2.7632417186396196e-05
318  2.7629726901068352e-05
334  2.7628753741737455e-05
337  2.76219034276437e-05
313  2.762143049039878e-05
297  2.761987707344815e-05
311  2.7618032618192956e-05
332  2.760910319921095e-05
326  2.759757626336068e-05
341  2.7590444005909376e-05
299  2.758599839580711e-05
330  2.758513073786162e-05
315  2.758091977739241e-05
343  2.7563353796722367e-05
300  2.756322646746412e-05
310  2.7559310183278285e-05
347  2.7558256988413632e-05
308  2.754593333520461e-05
344  2.7526919438969344e-05
304  2.7515372494235635e-05
314  2.7514062821865082e-05
316  2.7508684070198797e-05
352  2.750663952610921e-05
348  2.7478374249767512e-05
342  2.745129313552752e-05
153  2.3325583242694847e-05
121  2.329288690816611e-05
151  2.3276077627087943e-05
152  2.326606772840023e-05
147  2.32653346756706e-05
142  2.326151661691256e-05
154  2.3246082491823472e-05
145  2.323338412679732e-05
150  2.3225056793307886e-05
157  2.3204178432933986e-05
155  2.3186858015833423e-05
143  2.3180820790003054e-05
160  2.3178456103778444e-05
162  2.3176356990006752e-05
173  2.3171187422121875e-05
156  2.3160184355219826e-05
161  2.3159254851634614e-05
148  2.3153294023359194e-05
130  2.3148393665906042e-05
120  2.3146383682615124e-05
123  2.3136959498515353e-05
133  2.313676304765977e-05
146  2.3136497475206852e-05
134  2.3134689399739727e-05
176  2.3130603949539363e-05
177  2.3129172404878773e-05
135  2.3125377992982976e-05
149  2.3124208382796496e-05
144  2.3122029233491048e-05
131  2.3120415789890103e-05
170  2.3114531359169632e-05
138  2.310794297954999e-05
158  2.310381933057215e-05
139  2.3101374608813785e-05
124  2.309412775503006e-05
141  2.3092565243132412e-05
159  2.3081776816979982e-05
174  2.3079332095221616e-05
126  2.307678005308844e-05
175  2.305568523297552e-05
169  2.3055024939822033e-05
129  2.3050253730616532e-05
132  2.304480403836351e-05
163  2.30298210226465e-05
125  2.3028416762826964e-05
168  2.3023783796816133e-05
164  2.3022113964543678e-05
127  2.3019259970169514e-05
165  2.3013772079139017e-05
136  2.300628875673283e-05
137  2.2989444914855994e-05
128  2.298692379554268e-05
167  2.298157778568566e-05
171  2.29766228585504e-05
122  2.2975375031819567e-05
172  2.2950673155719414e-05
166  2.2935970264370553e-05
140  2.2904099751031026e-05
1050  1.9703795715031447e-06
1046  1.9680433069879655e-06
1008  1.9661056285258383e-06
1015  1.9652602532005403e-06
1030  1.964995817616e-06
1011  1.9646925011329586e-06
1039  1.9644694475573488e-06
1055  1.964066768778139e-06
1065  1.9638587218651082e-06
1032  1.963682734640315e-06
1013  1.9636584056570427e-06
1035  1.963360546142212e-06
1043  1.963347585842712e-06
1027  1.962956275747274e-06
1019  1.962806436495157e-06
1033  1.9627148049039533e-06
1038  1.9625967979663983e-06
1063  1.9625836102932226e-06
1060  1.96245650840865e-06
1037  1.9623348634922877e-06
1061  1.9618987607827876e-06
1047  1.9616761619545287e-06
1016  1.96166661226016e-06
1022  1.9616575173131423e-06
1056  1.9613412405306008e-06
1059  1.9610549770732177e-06
1049  1.9607764443207998e-06
1041  1.960608187800972e-06
1064  1.9602698557719123e-06
1017  1.9602566680987366e-06
1031  1.9601632175181294e-06
1036  1.9594081095419824e-06
1048  1.9593614979385165e-06
1044  1.9590568172134226e-06
1040  1.95901952793065e-06
1012  1.958957909664605e-06
1007  1.9587207589211175e-06
1034  1.9584479105105856e-06
1045  1.958302391358302e-06
1021  1.9576038994273404e-06
1053  1.957445192601881e-06
1051  1.9573760710045462e-06
1023  1.957189624590683e-06
1028  1.9570345557440305e-06
1029  1.956521373358555e-06
1054  1.9564897684176685e-06
1042  1.9563367459340952e-06
1025  1.9560361579351593e-06
1057  1.9559449810913065e-06
1009  1.9557285213522846e-06
1024  1.9555570816010004e-06
1018  1.954704885065439e-06
1026  1.954693516381667e-06
1010  1.9546230305422796e-06
1020  1.9545593659131555e-06
1014  1.954278104676632e-06
1062  1.9539108961907914e-06
1058  1.953752644112683e-06
1052  1.9519852685334627e-06
