108  0.3682025969028473
109  0.3682025969028473
110  0.3682025969028473
111  0.3682025969028473
112  0.3682025969028473
113  0.3682025969028473
114  0.3682025969028473
115  0.3682025969028473
116  0.3682025969028473
117  0.3682025969028473
118  0.3682025969028473
119  0.3682025969028473
120  0.3682025969028473
121  0.3682025969028473
122  0.3682025969028473
123  0.3682025969028473
124  0.3682025969028473
125  0.3682025969028473
126  0.3682025969028473
127  0.3682025969028473
128  0.3682025969028473
129  0.3682025969028473
130  0.3682025969028473
131  0.3682025969028473
132  0.3682025969028473
133  0.3682025969028473
134  0.3682025969028473
135  0.3682025969028473
136  0.3682025969028473
137  0.3682025969028473
138  0.3682025969028473
139  0.3682025969028473
140  0.3682025969028473
141  0.3682025969028473
142  0.3682025969028473
714  0.3682025969028473
715  0.3682025969028473
716  0.3682025969028473
717  0.3682025969028473
718  0.3682025969028473
719  0.3682025969028473
720  0.3682025969028473
721  0.3682025969028473
722  0.3682025969028473
723  0.3682025969028473
724  0.3682025969028473
725  0.3682025969028473
726  0.3682025969028473
727  0.3682025969028473
728  0.3682025969028473
729  0.3682025969028473
730  0.3682025969028473
731  0.3682025969028473
732  0.3682025969028473
733  0.3682025969028473
734  0.3682025969028473
735  0.3682025969028473
736  0.3682025969028473
737  0.3682025969028473
738  0.3682025969028473
739  0.3682025969028473
740  0.3682025969028473
741  0.3682025969028473
742  0.3682025969028473
743  0.3682025969028473
744  0.3682025969028473
745  0.3682025969028473
746  0.3682025969028473
747  0.3682025969028473
748  0.3682025969028473
821  0.3682025969028473
822  0.3682025969028473
823  0.3682025969028473
824  0.3682025969028473
825  0.3682025969028473
826  0.3682025969028473
827  0.3682025969028473
828  0.3682025969028473
829  0.3682025969028473
830  0.3682025969028473
831  0.3682025969028473
832  0.3682025969028473
833  0.3682025969028473
834  0.3682025969028473
835  0.3682025969028473
836  0.3682025969028473
837  0.3682025969028473
838  0.3682025969028473
839  0.3682025969028473
840  0.3682025969028473
841  0.3682025969028473
842  0.3682025969028473
843  0.3682025969028473
844  0.3682025969028473
845  0.3682025969028473
846  0.3682025969028473
847  0.3682025969028473
848  0.3682025969028473
849  0.3682025969028473
850  0.3682025969028473
851  0.3682025969028473
852  0.3682025969028473
853  0.3682025969028473
854  0.3682025969028473
855  0.3682025969028473
1035  0.3682025969028473
1036  0.3682025969028473
1037  0.3682025969028473
1038  0.3682025969028473
1039  0.3682025969028473
1040  0.3682025969028473
1041  0.3682025969028473
1042  0.3682025969028473
1043  0.3682025969028473
1044  0.3682025969028473
1045  0.3682025969028473
1046  0.3682025969028473
1047  0.3682025969028473
1048  0.3682025969028473
1049  0.3682025969028473
1050  0.3682025969028473
1051  0.3682025969028473
1052  0.3682025969028473
1053  0.3682025969028473
1054  0.3682025969028473
1055  0.3682025969028473
1056  0.3682025969028473
1057  0.3682025969028473
1058  0.3682025969028473
1059  0.3682025969028473
1060  0.3682025969028473
1061  0.3682025969028473
1062  0.3682025969028473
1063  0.3682025969028473
1064  0.3682025969028473
1065  0.3682025969028473
1066  0.3682025969028473
1067  0.3682025969028473
1068  0.3682025969028473
1069  0.3682025969028473
429  0.3650837242603302
448  0.36507704854011536
443  0.3646751046180725
450  0.3646451532840729
457  0.36435166001319885
989  0.3643244802951813
430  0.36430415511131287
981  0.36423319578170776
454  0.36418643593788147
984  0.36411774158477783
455  0.36407992243766785
982  0.3640277087688446
451  0.36400046944618225
970  0.3638927936553955
968  0.3638542592525482
440  0.36383652687072754
446  0.3638349175453186
449  0.36382928490638733
447  0.3638262450695038
458  0.36382079124450684
463  0.36379778385162354
431  0.3637939393520355
432  0.36375272274017334
973  0.3636791706085205
986  0.36363866925239563
456  0.3636355996131897
974  0.3636242747306824
438  0.36357375979423523
976  0.363552063703537
987  0.36354440450668335
967  0.36347490549087524
444  0.3634742498397827
436  0.3634503185749054
460  0.3634241819381714
453  0.3633469343185425
983  0.3633037507534027
964  0.36325687170028687
965  0.36324435472488403
441  0.36323603987693787
971  0.3632107377052307
990  0.3632059097290039
462  0.36313295364379883
975  0.36311689019203186
434  0.3631022572517395
442  0.36309221386909485
993  0.36302754282951355
996  0.3630058169364929
985  0.3628270924091339
969  0.3628259003162384
435  0.3628254532814026
461  0.3628239929676056
992  0.36276018619537354
988  0.3627454340457916
994  0.3626353144645691
459  0.36257031559944153
978  0.36249929666519165
995  0.3624939024448395
979  0.3624485433101654
980  0.36243823170661926
439  0.36241111159324646
452  0.3624061048030853
437  0.362328439950943
966  0.3622613549232483
997  0.3621833622455597
991  0.36200299859046936
445  0.3619510531425476
433  0.3619488477706909
977  0.36181405186653137
972  0.36169761419296265
963  0.19336707890033722
22  0.17849577963352203
1  0.17814935743808746
21  0.17767301201820374
25  0.17721444368362427
20  0.1771571785211563
6  0.17709732055664062
23  0.17702431976795197
26  0.17688262462615967
30  0.17646463215351105
3  0.17642495036125183
28  0.17621813714504242
14  0.17610394954681396
8  0.1760721504688263
27  0.17599889636039734
13  0.17593593895435333
11  0.17585435509681702
7  0.17579403519630432
34  0.17576667666435242
24  0.17574827373027802
31  0.1757446825504303
2  0.17573940753936768
9  0.1757228970527649
16  0.1756591945886612
5  0.17558152973651886
19  0.17556199431419373
12  0.17554275691509247
35  0.1754218190908432
18  0.17540031671524048
4  0.17508254945278168
17  0.17486532032489777
29  0.17444372177124023
10  0.17430822551250458
33  0.17408059537410736
32  0.17375776171684265
15  0.17353025078773499
998  0.17102393507957458
820  0.13963136076927185
1034  0.12277330458164215
856  0.09223278611898422
667  0.07213977724313736
668  0.07206783443689346
669  0.07195175439119339
675  0.07194957882165909
643  0.07185567170381546
666  0.07177191972732544
664  0.07169334590435028
662  0.07166385650634766
665  0.0716487318277359
663  0.071600042283535
644  0.07147754728794098
658  0.07126723974943161
651  0.07126086950302124
650  0.07116677612066269
647  0.07115483283996582
673  0.07113447040319443
677  0.07110562175512314
661  0.07099790126085281
652  0.07096508890390396
676  0.0709354355931282
674  0.07075521349906921
654  0.07068279385566711
645  0.07067839801311493
672  0.07064712792634964
653  0.07063481956720352
646  0.07063312083482742
671  0.07063256949186325
656  0.07054842263460159
670  0.07046540081501007
649  0.07042325288057327
657  0.07038882374763489
655  0.07035970687866211
660  0.07022131979465485
659  0.07017948478460312
648  0.06984306871891022
866  0.05792733654379845
879  0.05792640522122383
882  0.05791236460208893
878  0.05783017352223396
877  0.05776215344667435
858  0.05762697011232376
863  0.057595811784267426
872  0.05749724432826042
880  0.05747552961111069
883  0.057445842772722244
857  0.05739954486489296
888  0.057399362325668335
873  0.0573771670460701
810  0.057376962155103683
875  0.05737080052495003
881  0.057364411652088165
889  0.057363156229257584
876  0.057315416634082794
806  0.057314351201057434
890  0.057268355041742325
887  0.05726451426744461
860  0.05718442425131798
785  0.05718011409044266
812  0.05717777460813522
809  0.05716989189386368
864  0.05714530497789383
807  0.057134706526994705
874  0.05713232234120369
805  0.0571146160364151
886  0.05709639564156532
861  0.05709453672170639
870  0.05707426741719246
868  0.057046886533498764
884  0.0570240244269371
865  0.05697973072528839
859  0.05697168782353401
802  0.05687057226896286
867  0.056849878281354904
787  0.05682205408811569
790  0.05678004026412964
869  0.05677839368581772
800  0.05674821883440018
885  0.05673910677433014
796  0.056718118488788605
801  0.056715451180934906
819  0.05669644847512245
815  0.05657191202044487
788  0.056551896035671234
798  0.05653023719787598
814  0.05651228874921799
795  0.056502267718315125
817  0.0564848817884922
862  0.056463371962308884
789  0.056402139365673065
816  0.05637982487678528
871  0.056348007172346115
804  0.05633539333939552
791  0.05632936209440231
793  0.056276749819517136
808  0.05623490363359451
792  0.0562041737139225
794  0.05617370456457138
818  0.056159358471632004
811  0.05611015856266022
803  0.056060854345560074
813  0.05601614713668823
797  0.05596538260579109
786  0.05586760863661766
799  0.05580825358629227
383  0.052157413214445114
384  0.05207667499780655
390  0.052017539739608765
382  0.05183812975883484
359  0.05182942375540733
377  0.05181004852056503
379  0.051805946975946426
381  0.051786839962005615
376  0.05178217962384224
366  0.051710814237594604
378  0.05170529708266258
367  0.05169327184557915
358  0.05168020352721214
380  0.05167100951075554
365  0.05166977271437645
373  0.051661137491464615
362  0.05160770192742348
391  0.051502227783203125
368  0.0514991469681263
389  0.05144568160176277
371  0.051444586366415024
361  0.051433514803647995
360  0.05140417069196701
369  0.051393941044807434
388  0.051393620669841766
372  0.05131473019719124
370  0.051300209015607834
364  0.05122959241271019
375  0.05120668560266495
385  0.05119897425174713
387  0.051184482872486115
386  0.051097624003887177
374  0.05098460614681244
363  0.050766438245773315
560  0.050025276839733124
561  0.04991421476006508
559  0.049826573580503464
562  0.04981591925024986
568  0.04961507394909859
557  0.049606990069150925
540  0.0495651476085186
536  0.049563296139240265
558  0.049521565437316895
539  0.04951423779129982
554  0.04951390251517296
546  0.04943762719631195
548  0.04943600296974182
551  0.0494353361427784
547  0.04943442344665527
544  0.04942549392580986
565  0.049425262957811356
543  0.04942111670970917
537  0.04939645528793335
555  0.0493963360786438
564  0.04939589649438858
549  0.04939420148730278
550  0.049379363656044006
569  0.04935743659734726
566  0.0493558868765831
538  0.04932323470711708
545  0.04931265115737915
570  0.04925818741321564
556  0.04924920201301575
553  0.04922093078494072
563  0.04910832643508911
541  0.049063123762607574
567  0.04905844107270241
542  0.049038972705602646
552  0.04891369491815567
392  0.046793341636657715
891  0.03685775026679039
36  0.033985551446676254
642  0.022914797067642212
428  0.021685484796762466
1026  0.013560307212173939
999  0.013559420593082905
1020  0.013552972115576267
1021  0.013537134043872356
1024  0.013511572033166885
1023  0.013485772535204887
1014  0.013455142267048359
1019  0.013438941910862923
1013  0.013436551205813885
1030  0.013417594134807587
1016  0.013412433676421642
1004  0.013406427577137947
1010  0.013391947373747826
1027  0.013389957137405872
1006  0.013384767808020115
1001  0.013378397561609745
1002  0.013364802114665508
1031  0.013362846337258816
1015  0.013348188251256943
1028  0.013344507664442062
1025  0.01334377285093069
1017  0.013339794240891933
1009  0.013337227515876293
1003  0.013301088474690914
1033  0.013300381600856781
1011  0.01329970546066761
1018  0.013293987140059471
1022  0.01329393032938242
1029  0.013288583606481552
1000  0.013283888809382915
1012  0.013281533494591713
1007  0.013273886404931545
1005  0.013270990923047066
1008  0.013242047280073166
1032  0.013241461478173733
713  0.012643215246498585
275  0.008568398654460907
274  0.008535424247384071
276  0.00852782092988491
273  0.008510127663612366
254  0.008495503105223179
277  0.008493130095303059
280  0.008492972701787949
251  0.008489985950291157
256  0.008489754050970078
265  0.008484657853841782
255  0.008484508842229843
263  0.008483613841235638
269  0.008483173325657845
262  0.008476810529828072
261  0.008470412343740463
253  0.008467989973723888
272  0.008467049337923527
279  0.008464227430522442
264  0.008460425771772861
268  0.008459283038973808
281  0.008456419222056866
266  0.008454348891973495
259  0.00845426507294178
278  0.008450652472674847
258  0.008448882028460503
252  0.008447878994047642
283  0.008447163738310337
284  0.008441598154604435
260  0.008441152051091194
257  0.008421064354479313
267  0.008420574478805065
282  0.008419865742325783
270  0.008419814519584179
271  0.008412218652665615
285  0.008394512347877026
535  0.007274837698787451
571  0.0066814543679356575
250  0.006502541247755289
143  0.004875760059803724
215  0.0046062348410487175
236  0.004605052061378956
226  0.004593870136886835
240  0.004590014461427927
237  0.004587342031300068
239  0.004580316599458456
242  0.004579820670187473
229  0.004566510207951069
218  0.004563756287097931
244  0.004559964872896671
234  0.0045588999055325985
247  0.004556435626000166
232  0.004554057493805885
231  0.004552378319203854
235  0.004548246506601572
217  0.004544683266431093
233  0.0045413062907755375
249  0.00453856959939003
220  0.004534837789833546
246  0.004533391445875168
243  0.004531246144324541
230  0.004531168844550848
241  0.004529457073658705
245  0.004523071926087141
222  0.0045218029990792274
225  0.00451932055875659
228  0.004518882837146521
224  0.004514864645898342
238  0.004513459280133247
216  0.004510077647864819
227  0.004504700656980276
221  0.004501904360949993
248  0.004501271527260542
219  0.0045008533634245396
223  0.004486265126615763
578  0.0044769770465791225
597  0.004472335334867239
589  0.00447170902043581
581  0.004471210762858391
594  0.004468670580536127
592  0.00446752505376935
598  0.004467291757464409
575  0.004467001650482416
590  0.0044585587456822395
604  0.004454831127077341
573  0.004453996196389198
583  0.004452509805560112
576  0.004452032502740622
579  0.004448394291102886
595  0.004446367267519236
588  0.004443557001650333
582  0.004442088771611452
584  0.004441715776920319
591  0.0044410135596990585
603  0.004440668039023876
601  0.00443926639854908
593  0.004438553936779499
572  0.0044369930401444435
587  0.0044334870763123035
574  0.0044298330321908
602  0.00442943349480629
596  0.004421553108841181
585  0.004421168938279152
577  0.004420241340994835
600  0.0044192238710820675
599  0.004418997094035149
586  0.0044148871675133705
605  0.004411495290696621
580  0.0044105337001383305
606  0.0043889912776649
628  0.0041933320462703705
634  0.004184184595942497
629  0.004183922428637743
607  0.004182241857051849
632  0.004180730786174536
631  0.004174866713583469
610  0.004173386376351118
639  0.004170284140855074
618  0.004168096464127302
624  0.004166845697909594
636  0.004164575133472681
609  0.0041623408906161785
627  0.004162314813584089
623  0.004162180703133345
638  0.004156677983701229
637  0.004156153183430433
622  0.004155393224209547
617  0.004155284725129604
612  0.004155075643211603
619  0.004154686816036701
641  0.004154400900006294
611  0.004152889829128981
621  0.0041509224101901054
626  0.004149777349084616
630  0.004149323794990778
620  0.004147507715970278
625  0.004143407568335533
640  0.004143023397773504
615  0.004140761680901051
613  0.004137001931667328
616  0.0041364990174770355
633  0.004136259667575359
635  0.0041322545148432255
614  0.004128592554479837
608  0.004127600695937872
913  0.0041096387431025505
914  0.004100614693015814
892  0.004098675213754177
916  0.004088176414370537
917  0.0040881335735321045
912  0.004084588494151831
919  0.004083035048097372
909  0.0040819221176207066
908  0.00407395139336586
897  0.004072393756359816
895  0.0040711951442062855
921  0.004069159738719463
907  0.004068518057465553
894  0.0040680584497749805
903  0.004066090565174818
911  0.004064449109137058
902  0.0040602898225188255
926  0.00406024930998683
918  0.004059167578816414
924  0.0040589249692857265
904  0.004057859070599079
896  0.004057666286826134
899  0.004056995734572411
922  0.004055169876664877
910  0.004053937271237373
898  0.004050552379339933
925  0.004049836657941341
915  0.004049802199006081
920  0.0040481965988874435
906  0.004044748842716217
923  0.004044190049171448
893  0.0040435949340462685
901  0.004040692001581192
900  0.004040529020130634
905  0.004040110856294632
357  0.0028001959435641766
214  0.002473255852237344
393  0.002347235567867756
414  0.0023427132982760668
398  0.0023408117704093456
412  0.002340593608096242
413  0.0023405845277011395
415  0.0023396615870296955
417  0.0023375866003334522
422  0.0023358925245702267
406  0.0023352480493485928
419  0.0023336068261414766
418  0.0023331250995397568
426  0.0023331171832978725
416  0.0023319621104747057
397  0.002330523682758212
405  0.002330381888896227
399  0.0023299038875848055
401  0.0023297378793358803
400  0.0023294207639992237
411  0.002329004229977727
394  0.0023287171497941017
403  0.002328404923900962
420  0.0023274258710443974
408  0.0023269420489668846
423  0.002326057758182287
427  0.0023259748704731464
395  0.002325500128790736
404  0.002324772300198674
410  0.002323945052921772
409  0.0023234905675053596
421  0.0023232796229422092
396  0.002320784144103527
424  0.002318328944966197
407  0.0023180819116532803
425  0.0023173994850367308
402  0.002316131955012679
678  0.0021915084216743708
186  0.002113832626491785
202  0.002113371156156063
205  0.002109795343130827
189  0.0021054267417639494
181  0.0021037603728473186
211  0.002103651175275445
200  0.0021029736381024122
203  0.0021021701395511627
197  0.002101699123159051
180  0.002100512385368347
196  0.0021004043519496918
191  0.002099646022543311
183  0.0020990746561437845
199  0.0020988858304917812
212  0.0020985573064535856
184  0.0020973943173885345
206  0.0020972536876797676
190  0.0020956695079803467
204  0.002095147967338562
195  0.00209508603438735
209  0.0020945449359714985
198  0.0020941433031111956
194  0.0020899802912026644
187  0.002089502988383174
210  0.00208934280090034
208  0.0020888180006295443
182  0.0020882603712379932
201  0.002087329514324665
193  0.00208719028159976
188  0.002086952095851302
213  0.0020854889880865812
192  0.002084823092445731
185  0.002083728089928627
207  0.002080467762425542
683  0.0018089200602844357
696  0.001808634027838707
705  0.0018083001486957073
691  0.0018080462468788028
685  0.001807675464078784
682  0.001807549735531211
701  0.0018052281811833382
690  0.0018047179328277707
698  0.0018043090822175145
697  0.001802304876036942
689  0.001802114536985755
686  0.00180194026324898
702  0.0018014232628047466
711  0.00180132279638201
708  0.0018003996228799224
704  0.001800328609533608
699  0.0018002403667196631
688  0.0017987234750762582
680  0.001798488898202777
709  0.0017980530392378569
684  0.001797759672626853
707  0.0017973660724237561
710  0.001796396099962294
693  0.0017957130912691355
679  0.0017947168089449406
695  0.0017946920124813914
700  0.0017939890967682004
703  0.0017933966591954231
692  0.0017926250584423542
706  0.0017924562562257051
687  0.0017911300528794527
681  0.0017909363377839327
694  0.0017905887216329575
712  0.0017858996288850904
66  0.0016808385262265801
63  0.0016804055776447058
37  0.0016797826392576098
61  0.0016795555129647255
59  0.0016791854286566377
58  0.0016789990477263927
60  0.0016787091735750437
40  0.001677502878010273
65  0.0016770940274000168
62  0.0016769709764048457
64  0.001674200757406652
39  0.0016735745593905449
54  0.0016727494075894356
49  0.0016725804889574647
48  0.0016719168052077293
57  0.0016714296070858836
56  0.0016711782664060593
45  0.0016704673180356622
51  0.0016701126005500555
42  0.0016699027037248015
67  0.00166914367582649
50  0.0016690094489604235
46  0.0016688553150743246
69  0.0016676521627232432
43  0.0016670688055455685
52  0.0016664545983076096
70  0.0016663267742842436
71  0.0016660492401570082
55  0.0016659635584801435
38  0.0016658661188557744
41  0.0016657797386869788
44  0.0016647143056616187
47  0.0016611265018582344
68  0.0016604365082457662
53  0.0016590955201536417
927  0.0016360016306862235
749  0.0015947920037433505
107  0.0011598869459703565
521  0.0010606651194393635
525  0.001056927489116788
500  0.001056311884894967
520  0.0010560021037235856
529  0.0010559693910181522
517  0.0010551251471042633
522  0.0010550512233749032
524  0.0010545237455517054
534  0.0010542173404246569
519  0.0010539833456277847
505  0.0010534538887441158
502  0.0010531648295000196
527  0.001052275882102549
510  0.00105227530002594
512  0.0010518878698349
503  0.001051705447025597
533  0.0010516273323446512
523  0.0010515032336115837
516  0.001051495666615665
508  0.001050700549967587
506  0.001050508813932538
526  0.0010501291835680604
511  0.0010501191718503833
530  0.0010501121869310737
515  0.001049914164468646
507  0.0010496251052245498
501  0.0010493001900613308
513  0.001049034297466278
532  0.001049026264809072
518  0.0010489342967048287
509  0.0010486326646059752
504  0.0010478496551513672
514  0.0010472170542925596
528  0.0010467411484569311
531  0.0010427316883578897
179  0.0008651047246530652
72  0.0007690935744903982
960  0.0007228088215924799
949  0.0007225739536806941
952  0.0007218616083264351
950  0.0007217364036478102
948  0.0007216294179670513
928  0.0007214479264803231
954  0.0007214114884845912
951  0.0007210942567326128
958  0.0007207521703094244
936  0.0007205883739516139
947  0.0007204413996078074
953  0.0007198206731118262
962  0.0007195083308033645
956  0.0007191367330960929
937  0.0007188140298239887
955  0.0007187459268607199
939  0.0007182278786785901
961  0.0007180178072303534
935  0.0007178960368037224
957  0.0007178912055678666
929  0.0007178313680924475
943  0.0007178063970059156
930  0.0007177458610385656
932  0.000716279842890799
931  0.0007162398542277515
934  0.0007161723333410919
945  0.0007161378161981702
959  0.0007160159875638783
940  0.0007155572529882193
941  0.0007151028839871287
933  0.0007145297131501138
946  0.0007144878036342561
938  0.0007143846014514565
944  0.000713682733476162
942  0.0007134862244129181
93  0.000562051369342953
98  0.0005610623047687113
95  0.0005592501838691533
99  0.0005584240425378084
82  0.000557603663764894
74  0.0005574609967879951
94  0.0005568795022554696
79  0.0005567459738813341
89  0.0005566591862589121
105  0.000556515995413065
92  0.000556350511033088
88  0.0005556914838962257
104  0.0005556136020459235
73  0.0005556128453463316
91  0.0005550065543502569
81  0.0005548452027142048
80  0.0005545462481677532
77  0.0005541901336982846
96  0.0005538513651117682
76  0.0005538133555091918
97  0.0005534669035114348
103  0.0005530265625566244
90  0.0005529794143512845
100  0.0005522823194041848
75  0.0005520888371393085
84  0.0005518224206753075
106  0.0005514233489520848
102  0.0005512803909368813
83  0.0005508066969923675
86  0.0005507284076884389
101  0.0005503020365722477
87  0.0005495535442605615
85  0.0005490807816386223
78  0.0005462306435219944
286  0.00020771469280589372
784  0.0001536529161967337
299  0.00014091507182456553
305  0.00014042733528185636
291  0.0001403494388796389
310  0.00014032656326889992
309  0.00014012733299750835
304  0.00014012651809025556
293  0.00014006227138452232
307  0.00013999376096762717
306  0.00013993956963531673
312  0.00013991542800795287
297  0.00013988408318255097
316  0.00013960490468889475
298  0.00013956738985143602
313  0.00013951482833363116
290  0.00013942865189164877
319  0.00013942147779744118
315  0.0001394136343151331
287  0.00013929283886682242
308  0.00013928685802966356
296  0.00013902824139222503
317  0.0001389780081808567
294  0.00013896873861085624
311  0.00013894899166189134
292  0.00013876812590751797
288  0.0001387620432069525
301  0.00013860005128663033
314  0.0001382618647767231
318  0.00013816144200973213
320  0.0001378260349156335
300  0.00013781066809315234
303  0.00013780237350147218
289  0.0001377129228785634
302  0.00013770977966487408
295  0.00013764150207862258
464  0.0001236418029293418
770  9.94813526631333e-05
775  9.937668073689565e-05
771  9.92046479950659e-05
759  9.907683124765754e-05
772  9.901931480271742e-05
751  9.900949953589588e-05
776  9.898099233396351e-05
782  9.875906107481569e-05
769  9.872825467027724e-05
766  9.870642679743469e-05
750  9.869334462564439e-05
765  9.867810149444267e-05
757  9.858873818302527e-05
773  9.855979442363605e-05
768  9.85533042694442e-05
781  9.853525989456102e-05
756  9.851281356532127e-05
758  9.849852358456701e-05
754  9.846594912232831e-05
780  9.843684529187158e-05
774  9.842942381510511e-05
752  9.833597869146615e-05
783  9.833410877035931e-05
753  9.82765486696735e-05
777  9.821930871112272e-05
767  9.816640522331e-05
779  9.813981887418777e-05
761  9.802637941902503e-05
763  9.797058010008186e-05
760  9.796142694540322e-05
778  9.78326061158441e-05
762  9.764954302227125e-05
764  9.758867236087099e-05
755  9.750309254741296e-05
321  6.411451613530517e-05
178  2.198151923948899e-05
160  2.1977642973070033e-05
175  2.1970601665088907e-05
161  2.19633129745489e-05
150  2.1960546291666105e-05
165  2.1949743313598447e-05
174  2.194559965573717e-05
151  2.194524131482467e-05
145  2.1942647435935214e-05
176  2.1939635189482942e-05
164  2.1935995391686447e-05
177  2.1935031327302568e-05
148  2.1927713532932103e-05
163  2.1925954570178874e-05
144  2.1924868633504957e-05
149  2.192338251916226e-05
153  2.192198189732153e-05
171  2.1921563529758714e-05
172  2.1917738195043057e-05
152  2.1915711840847507e-05
147  2.190887971664779e-05
159  2.1907248083152808e-05
156  2.1905410903855227e-05
157  2.190465784224216e-05
154  2.1899833882343955e-05
158  2.1897494661970995e-05
173  2.189730730606243e-05
146  2.189640872529708e-05
170  2.1886722606723197e-05
155  2.187701829825528e-05
162  2.187353493354749e-05
166  2.1858082618564367e-05
167  2.185430821555201e-05
168  2.1846934032510035e-05
169  2.18456843867898e-05
499  1.2907532436656766e-05
322  1.110318953578826e-05
343  1.1099643415946048e-05
349  1.1097991773567628e-05
344  1.109584354708204e-05
347  1.1076823284383863e-05
351  1.1063563761126716e-05
346  1.1060218639613595e-05
350  1.10595547084813e-05
348  1.105649698729394e-05
336  1.105190040107118e-05
342  1.1048738997487817e-05
333  1.1048085070797242e-05
327  1.1042250662285369e-05
324  1.1040386198146734e-05
354  1.1038438969990239e-05
339  1.1036070645786822e-05
325  1.1035692295990884e-05
341  1.1020778401871212e-05
340  1.101749967347132e-05
345  1.1014778465323616e-05
352  1.101352881960338e-05
353  1.1010294656443875e-05
329  1.100521330954507e-05
337  1.1003302461176645e-05
330  1.1000836821040139e-05
331  1.0997669960488565e-05
356  1.0995278898917604e-05
335  1.098694610845996e-05
334  1.098669417842757e-05
328  1.0981173545587808e-05
323  1.0976452358590905e-05
332  1.097161748475628e-05
326  1.0970738003379665e-05
355  1.0967987691401504e-05
338  1.095057450584136e-05
485  6.4138184825424105e-06
474  6.411616595869418e-06
490  6.411164577002637e-06
466  6.405126441677567e-06
487  6.398776349669788e-06
465  6.387887424352812e-06
481  6.38576784695033e-06
486  6.385725555446697e-06
489  6.378993475664174e-06
471  6.378476427926216e-06
496  6.3779471020097844e-06
497  6.371733888954623e-06
488  6.371697509166552e-06
468  6.371004474203801e-06
480  6.370487881213194e-06
472  6.370470146066509e-06
484  6.367584319377784e-06
495  6.362194653775077e-06
482  6.360538463923149e-06
498  6.360101906466298e-06
467  6.3587613112758845e-06
491  6.357512120302999e-06
469  6.356664016493596e-06
494  6.3540028349962085e-06
483  6.347812814055942e-06
476  6.346523605316179e-06
492  6.341532298392849e-06
473  6.3387628870259505e-06
493  6.336961632769089e-06
470  6.335058515105629e-06
478  6.3306561060016975e-06
475  6.327957635221537e-06
479  6.312503501249012e-06
477  6.308561751211528e-06
