340  0.27411627769470215
341  0.27411627769470215
342  0.27411627769470215
343  0.27411627769470215
344  0.27411627769470215
345  0.27411627769470215
346  0.27411627769470215
347  0.27411627769470215
348  0.27411627769470215
349  0.27411627769470215
350  0.27411627769470215
351  0.27411627769470215
352  0.27411627769470215
353  0.27411627769470215
354  0.27411627769470215
355  0.27411627769470215
356  0.27411627769470215
357  0.27411627769470215
358  0.27411627769470215
359  0.27411627769470215
360  0.27411627769470215
361  0.27411627769470215
362  0.27411627769470215
363  0.27411627769470215
364  0.27411627769470215
365  0.27411627769470215
366  0.27411627769470215
367  0.27411627769470215
368  0.27411627769470215
369  0.27411627769470215
370  0.27411627769470215
371  0.27411627769470215
372  0.27411627769470215
373  0.27411627769470215
374  0.27411627769470215
375  0.27411627769470215
376  0.27411627769470215
377  0.27411627769470215
378  0.27411627769470215
379  0.27411627769470215
380  0.27411627769470215
381  0.27411627769470215
382  0.27411627769470215
383  0.27411627769470215
384  0.27411627769470215
385  0.27411627769470215
386  0.27411627769470215
534  0.27411627769470215
535  0.27411627769470215
536  0.27411627769470215
537  0.27411627769470215
538  0.27411627769470215
539  0.27411627769470215
540  0.27411627769470215
541  0.27411627769470215
542  0.27411627769470215
543  0.27411627769470215
544  0.27411627769470215
545  0.27411627769470215
546  0.27411627769470215
547  0.27411627769470215
548  0.27411627769470215
549  0.27411627769470215
550  0.27411627769470215
551  0.27411627769470215
552  0.27411627769470215
553  0.27411627769470215
554  0.27411627769470215
555  0.27411627769470215
556  0.27411627769470215
557  0.27411627769470215
558  0.27411627769470215
559  0.27411627769470215
560  0.27411627769470215
561  0.27411627769470215
562  0.27411627769470215
563  0.27411627769470215
564  0.27411627769470215
565  0.27411627769470215
566  0.27411627769470215
567  0.27411627769470215
568  0.27411627769470215
569  0.27411627769470215
570  0.27411627769470215
571  0.27411627769470215
572  0.27411627769470215
573  0.27411627769470215
574  0.27411627769470215
575  0.27411627769470215
576  0.27411627769470215
577  0.27411627769470215
578  0.27411627769470215
579  0.27411627769470215
580  0.27411627769470215
775  0.27411627769470215
776  0.27411627769470215
777  0.27411627769470215
778  0.27411627769470215
779  0.27411627769470215
780  0.27411627769470215
781  0.27411627769470215
782  0.27411627769470215
783  0.27411627769470215
784  0.27411627769470215
785  0.27411627769470215
786  0.27411627769470215
787  0.27411627769470215
788  0.27411627769470215
789  0.27411627769470215
790  0.27411627769470215
791  0.27411627769470215
792  0.27411627769470215
793  0.27411627769470215
794  0.27411627769470215
795  0.27411627769470215
796  0.27411627769470215
797  0.27411627769470215
798  0.27411627769470215
799  0.27411627769470215
800  0.27411627769470215
801  0.27411627769470215
802  0.27411627769470215
803  0.27411627769470215
804  0.27411627769470215
805  0.27411627769470215
806  0.27411627769470215
807  0.27411627769470215
808  0.27411627769470215
809  0.27411627769470215
810  0.27411627769470215
811  0.27411627769470215
812  0.27411627769470215
813  0.27411627769470215
814  0.27411627769470215
815  0.27411627769470215
816  0.27411627769470215
817  0.27411627769470215
818  0.27411627769470215
819  0.27411627769470215
820  0.27411627769470215
821  0.27411627769470215
822  0.27411627769470215
1017  0.27411627769470215
1018  0.27411627769470215
1019  0.27411627769470215
1020  0.27411627769470215
1021  0.27411627769470215
1022  0.27411627769470215
1023  0.27411627769470215
1024  0.27411627769470215
1025  0.27411627769470215
1026  0.27411627769470215
1027  0.27411627769470215
1028  0.27411627769470215
1029  0.27411627769470215
1030  0.27411627769470215
1031  0.27411627769470215
1032  0.27411627769470215
1033  0.27411627769470215
1034  0.27411627769470215
1035  0.27411627769470215
1036  0.27411627769470215
1037  0.27411627769470215
1038  0.27411627769470215
1039  0.27411627769470215
1040  0.27411627769470215
1041  0.27411627769470215
1042  0.27411627769470215
1043  0.27411627769470215
1044  0.27411627769470215
1045  0.27411627769470215
1046  0.27411627769470215
1047  0.27411627769470215
1048  0.27411627769470215
1049  0.27411627769470215
1050  0.27411627769470215
1051  0.27411627769470215
1052  0.27411627769470215
1053  0.27411627769470215
1054  0.27411627769470215
1055  0.27411627769470215
1056  0.27411627769470215
1057  0.27411627769470215
1058  0.27411627769470215
1059  0.27411627769470215
1060  0.27411627769470215
1061  0.27411627769470215
1062  0.27411627769470215
1063  0.27411627769470215
1064  0.27411627769470215
1162  0.27411627769470215
1163  0.27411627769470215
1164  0.27411627769470215
1165  0.27411627769470215
1166  0.27411627769470215
1167  0.27411627769470215
1168  0.27411627769470215
1169  0.27411627769470215
1170  0.27411627769470215
1171  0.27411627769470215
1172  0.27411627769470215
1173  0.27411627769470215
1174  0.27411627769470215
1175  0.27411627769470215
1176  0.27411627769470215
1177  0.27411627769470215
1178  0.27411627769470215
1179  0.27411627769470215
1180  0.27411627769470215
1181  0.27411627769470215
1182  0.27411627769470215
1183  0.27411627769470215
1184  0.27411627769470215
1185  0.27411627769470215
1186  0.27411627769470215
1187  0.27411627769470215
1188  0.27411627769470215
1189  0.27411627769470215
1190  0.27411627769470215
1191  0.27411627769470215
1192  0.27411627769470215
1193  0.27411627769470215
1194  0.27411627769470215
1195  0.27411627769470215
1196  0.27411627769470215
1197  0.27411627769470215
1198  0.27411627769470215
1199  0.27411627769470215
1200  0.27411627769470215
1201  0.27411627769470215
1202  0.27411627769470215
1203  0.27411627769470215
1204  0.27411627769470215
1205  0.27411627769470215
1206  0.27411627769470215
1207  0.27411627769470215
1208  0.27411627769470215
1209  0.27411627769470215
1421  0.27292904257774353
1078  0.2728741765022278
1442  0.27286797761917114
1451  0.2728567123413086
1444  0.27259036898612976
1081  0.27250921726226807
1445  0.27250200510025024
1079  0.2724214792251587
1419  0.27242136001586914
1068  0.2723350524902344
1409  0.2722998857498169
691  0.27228522300720215
1447  0.27224230766296387
1075  0.2722207307815552
1416  0.27218955755233765
1109  0.27218490839004517
1441  0.2720697820186615
1438  0.2720583975315094
1420  0.2720458507537842
1102  0.27197080850601196
1418  0.27185556292533875
1411  0.27183833718299866
1108  0.27183017134666443
1436  0.27181002497673035
1440  0.27178293466567993
1082  0.2717669904232025
1446  0.271763414144516
1450  0.27172937989234924
1407  0.2717117667198181
1413  0.27170053124427795
1412  0.2716521918773651
1095  0.27164390683174133
1073  0.2716372609138489
1408  0.2716310918331146
1424  0.2716033160686493
1105  0.27159425616264343
1112  0.2715861201286316
1437  0.2715325951576233
1432  0.27151525020599365
1405  0.2714973986148834
1111  0.2714832127094269
1425  0.2714739441871643
1435  0.2714541256427765
1074  0.27145397663116455
1410  0.2714538872241974
1076  0.2714536488056183
1086  0.2714484930038452
1431  0.27143988013267517
1065  0.2714371681213379
1101  0.2714127004146576
1439  0.27140283584594727
1426  0.2713982164859772
1422  0.2713721692562103
692  0.2713097631931305
1449  0.2713046371936798
695  0.2713027894496918
1069  0.2712927758693695
1443  0.2712320387363434
1415  0.27122923731803894
1414  0.2712218463420868
1433  0.27120962738990784
1107  0.2711990177631378
1404  0.27119192481040955
1103  0.2711721956729889
1110  0.271171897649765
1106  0.2711520791053772
1448  0.2711515724658966
681  0.27113616466522217
1080  0.27113115787506104
1423  0.2710963785648346
1072  0.27104508876800537
1067  0.2710445523262024
1077  0.27103424072265625
1434  0.27100688219070435
694  0.27099481225013733
1104  0.2709912657737732
1094  0.2709769606590271
1417  0.27096399664878845
1406  0.2709299325942993
1098  0.2709219753742218
1070  0.2709069848060608
1066  0.27090445160865784
1087  0.2708982527256012
1092  0.2708791494369507
1099  0.27086642384529114
1427  0.2708612382411957
1083  0.27085021138191223
1100  0.2708399295806885
688  0.2708074152469635
721  0.2708036005496979
1088  0.27080047130584717
1084  0.2707829773426056
1428  0.2706659436225891
1096  0.2706550061702728
1097  0.27061495184898376
1071  0.2706086337566376
715  0.2704888880252838
1430  0.27046477794647217
1089  0.27043911814689636
1093  0.27043667435646057
686  0.27039143443107605
1085  0.2703853249549866
722  0.2703607976436615
699  0.2702987790107727
687  0.2702782452106476
1090  0.27025529742240906
724  0.2702476680278778
682  0.27024662494659424
1091  0.27024295926094055
723  0.2701382040977478
1429  0.2701003849506378
708  0.2700958847999573
689  0.2700393497943878
725  0.26994454860687256
690  0.26992976665496826
714  0.26986202597618103
719  0.2696875035762787
683  0.2696828544139862
718  0.269659161567688
697  0.26959189772605896
717  0.26955747604370117
693  0.2695493698120117
720  0.26938432455062866
685  0.26935383677482605
709  0.2692772448062897
679  0.2692382335662842
710  0.2691926658153534
700  0.26919206976890564
707  0.2691771984100342
716  0.26916325092315674
711  0.2691039443016052
712  0.269050270318985
696  0.2690419852733612
705  0.2690374553203583
680  0.2689814865589142
701  0.2689765691757202
713  0.268893837928772
706  0.2687985301017761
684  0.2687908709049225
703  0.2687263488769531
698  0.26846185326576233
702  0.26846054196357727
387  0.26813605427742004
704  0.26794859766960144
533  0.21972255408763885
400  0.1911502182483673
404  0.19035978615283966
407  0.19032293558120728
434  0.1902189552783966
405  0.19018472731113434
427  0.1901485025882721
421  0.19001828134059906
410  0.18989942967891693
392  0.18986760079860687
401  0.18983858823776245
393  0.18981747329235077
403  0.18976330757141113
431  0.18976294994354248
388  0.18969784677028656
399  0.18969354033470154
419  0.18965263664722443
433  0.1896408051252365
396  0.18963053822517395
420  0.18958225846290588
424  0.18957741558551788
426  0.1895647495985031
430  0.18954017758369446
395  0.18943248689174652
416  0.18940061330795288
411  0.18936458230018616
425  0.1893187314271927
394  0.18930713832378387
409  0.18929904699325562
413  0.18922579288482666
406  0.18919822573661804
402  0.18917939066886902
435  0.1891670972108841
389  0.18916261196136475
429  0.18913885951042175
391  0.18910646438598633
428  0.18903112411499023
422  0.189016193151474
398  0.18896527588367462
414  0.18896017968654633
423  0.18883170187473297
390  0.18877407908439636
432  0.1887626051902771
417  0.18864589929580688
397  0.18863803148269653
412  0.1884974092245102
408  0.18836794793605804
415  0.188329815864563
418  0.1881733238697052
678  0.157303586602211
114  0.13630123436450958
145  0.13613131642341614
139  0.13597549498081207
106  0.13586795330047607
136  0.13586053252220154
132  0.13585326075553894
130  0.13582974672317505
140  0.13580501079559326
118  0.13580204546451569
134  0.1357676386833191
115  0.13575443625450134
131  0.13572224974632263
113  0.13569578528404236
109  0.13566997647285461
141  0.13566528260707855
101  0.13565954566001892
127  0.13564074039459229
143  0.13563698530197144
124  0.1356121003627777
142  0.13558745384216309
135  0.13557641208171844
112  0.1355394721031189
105  0.13553465902805328
123  0.1355123370885849
103  0.13549907505512238
98  0.13548284769058228
133  0.13547080755233765
129  0.13544222712516785
125  0.135405033826828
144  0.1353824883699417
100  0.13536593317985535
137  0.1353612244129181
107  0.13535796105861664
108  0.13534776866436005
104  0.13533611595630646
110  0.13528622686862946
128  0.13526366651058197
117  0.13526101410388947
116  0.1352580189704895
122  0.13515329360961914
99  0.13514502346515656
138  0.13511326909065247
121  0.1351083517074585
102  0.13510113954544067
111  0.1350661814212799
126  0.13497507572174072
120  0.13495823740959167
119  0.1346489042043686
1323  0.027285631746053696
1324  0.027244631201028824
1315  0.027233527973294258
1339  0.027207965031266212
1349  0.027205204591155052
1319  0.02719823829829693
1326  0.027180565521121025
1353  0.027169086039066315
1351  0.027167532593011856
1320  0.027166496962308884
1350  0.02716023288667202
1340  0.02714928798377514
1322  0.027142934501171112
1352  0.02713531255722046
1346  0.027132635936141014
1348  0.027118699625134468
1345  0.027115648612380028
1354  0.02711479552090168
1343  0.02711373008787632
1313  0.027112780138850212
1338  0.02710592746734619
1307  0.027105048298835754
1321  0.027099698781967163
1330  0.027097899466753006
1312  0.02708536759018898
1310  0.027083540335297585
1344  0.027081361040472984
1318  0.027080301195383072
1342  0.02707732655107975
1311  0.0270747821778059
1329  0.02706710621714592
1341  0.027063073590397835
1327  0.02705790288746357
1309  0.027050554752349854
1308  0.027047768235206604
1314  0.027046680450439453
1336  0.0270413625985384
1317  0.027038099244236946
1335  0.02703525871038437
1328  0.0270262211561203
1332  0.0270245224237442
1331  0.027015147730708122
1333  0.0270093884319067
1334  0.027005447074770927
1325  0.026995915919542313
1347  0.026961158961057663
1337  0.026946166530251503
1316  0.026906998828053474
259  0.01781153678894043
281  0.01776888407766819
251  0.017757635563611984
282  0.017755722627043724
255  0.017744233831763268
262  0.01774289645254612
286  0.017742829397320747
260  0.017738260328769684
258  0.01772613450884819
285  0.01772470586001873
274  0.01772286184132099
284  0.017719773575663567
279  0.017718156799674034
275  0.017716795206069946
276  0.017710547894239426
290  0.01770969294011593
289  0.01770385354757309
287  0.017698273062705994
254  0.017695050686597824
288  0.017679359763860703
249  0.01767621375620365
265  0.017674531787633896
277  0.017673157155513763
246  0.017671188339591026
243  0.0176682248711586
248  0.017667992040514946
266  0.01766279526054859
247  0.017661448568105698
250  0.01766120083630085
256  0.017660487443208694
280  0.017658188939094543
269  0.017653193324804306
268  0.017653167247772217
257  0.0176529698073864
278  0.01764843985438347
244  0.017648091539740562
261  0.01764495112001896
271  0.01764490082859993
245  0.017643149942159653
272  0.017641082406044006
253  0.01762092299759388
263  0.01761762984097004
267  0.01761408895254135
264  0.01760801114141941
283  0.017589742317795753
270  0.01757761649787426
273  0.017540477216243744
252  0.017513921484351158
436  0.015344707295298576
13  0.015108822844922543
18  0.015067079104483128
20  0.015053781680762768
40  0.015035389922559261
17  0.015020058490335941
47  0.0150178587064147
23  0.01501548197120428
14  0.015012308023869991
32  0.014991501346230507
44  0.01499132439494133
39  0.014990642666816711
5  0.014988726004958153
34  0.014982884749770164
29  0.014982758089900017
43  0.01498021837323904
37  0.014978395774960518
2  0.014973570592701435
12  0.014969849027693272
48  0.014968127012252808
33  0.014967944473028183
46  0.014965343289077282
24  0.014964338392019272
1  0.01496350858360529
9  0.014958322048187256
11  0.014952387660741806
4  0.0149477394297719
27  0.014946095645427704
42  0.014945168979465961
16  0.014944333583116531
38  0.014943624846637249
8  0.014943378046154976
7  0.014941209927201271
41  0.014938641339540482
22  0.014936985448002815
26  0.014936640858650208
15  0.014933492988348007
19  0.014931716956198215
6  0.014927173033356667
45  0.014918839558959007
36  0.014914607629179955
30  0.014912168495357037
3  0.014910886064171791
25  0.014906797558069229
35  0.014902302995324135
21  0.01489260420203209
28  0.0148758664727211
31  0.014875669963657856
10  0.014872267842292786
910  0.0113622285425663
913  0.011346865445375443
915  0.011344939470291138
909  0.011341255158185959
888  0.011332453228533268
906  0.011331298388540745
904  0.011328024789690971
875  0.01132248342037201
887  0.01131933368742466
889  0.011317103169858456
877  0.011311652138829231
912  0.011305275373160839
908  0.011301619932055473
892  0.011300411075353622
914  0.011298167519271374
903  0.011296384036540985
884  0.011294711381196976
917  0.01129056978970766
878  0.011287583969533443
899  0.011285440064966679
880  0.011284679174423218
879  0.011283875443041325
881  0.011282837949693203
886  0.011282290332019329
883  0.011281987652182579
918  0.011280439794063568
893  0.011280125007033348
907  0.011276780627667904
900  0.01127388421446085
905  0.011268803849816322
894  0.011267406865954399
885  0.011267018504440784
916  0.011265361681580544
876  0.011264336295425892
902  0.011263789609074593
890  0.011262986809015274
873  0.01126137375831604
901  0.011258108541369438
891  0.01125659141689539
911  0.011252081021666527
874  0.011251010000705719
882  0.011248712427914143
897  0.011247296817600727
872  0.011239738203585148
895  0.01123785600066185
896  0.011226581409573555
898  0.011225581169128418
919  0.010552555322647095
1306  0.009347734972834587
1297  0.008335400372743607
1302  0.008323771879076958
1296  0.008320112712681293
1299  0.008313454687595367
1276  0.008297614753246307
1271  0.008294300176203251
1274  0.008293299935758114
1300  0.00829145684838295
1291  0.00828703586012125
1262  0.008286315016448498
1264  0.008283301256597042
1280  0.00828214269131422
1272  0.008276480250060558
1275  0.008275843225419521
1281  0.008275087922811508
1279  0.008274809457361698
1293  0.00827076006680727
1290  0.00826579425483942
1295  0.008262277580797672
1287  0.0082585783675313
1265  0.008255875669419765
1268  0.008254580199718475
1294  0.008251742459833622
1305  0.008248384110629559
1267  0.00824607815593481
1304  0.008243395946919918
1263  0.008243266493082047
1301  0.00823541171848774
1270  0.008233756758272648
1286  0.008232269436120987
1273  0.008230085484683514
1260  0.008222787640988827
1289  0.00822259671986103
1277  0.008219202049076557
1266  0.008213086985051632
1303  0.008212966844439507
1284  0.008211766369640827
1282  0.00820862129330635
1292  0.008207697421312332
1298  0.008204557932913303
1288  0.008196258917450905
1269  0.0081937862560153
1259  0.008188311941921711
1261  0.008187634870409966
1278  0.008184472098946571
1283  0.008175186812877655
1285  0.008148514665663242
1016  0.006253215949982405
473  0.00512290233746171
482  0.005119596142321825
449  0.005100570619106293
479  0.005099939182400703
448  0.0050980886444449425
453  0.0050940606743097305
444  0.005088684149086475
469  0.00508493185043335
475  0.005083609838038683
481  0.005081953015178442
447  0.005081246607005596
477  0.005076724104583263
480  0.0050740609876811504
450  0.005073283798992634
446  0.005073100794106722
451  0.005072681698948145
442  0.005071271676570177
439  0.0050696865655481815
438  0.005068332422524691
452  0.005067608784884214
476  0.005064587574452162
441  0.005064558703452349
455  0.0050606513395905495
467  0.0050598615780472755
466  0.0050579821690917015
459  0.005057559814304113
472  0.0050570969469845295
454  0.00505472207441926
437  0.005054645240306854
464  0.005054228473454714
460  0.0050530461594462395
456  0.005050589330494404
458  0.005049640778452158
440  0.0050493101589381695
465  0.005047569051384926
471  0.005045751575380564
443  0.00504473177716136
470  0.005042339209467173
461  0.005037726368755102
474  0.005035969894379377
462  0.005034768953919411
483  0.005034059286117554
468  0.00503115588799119
478  0.005030704662203789
463  0.005026751197874546
445  0.0050155711360275745
457  0.005013962741941214
726  0.003993550315499306
646  0.0019660962279886007
638  0.0019595844205468893
672  0.0019593634642660618
677  0.001958969049155712
662  0.0019587641581892967
674  0.0019576139748096466
673  0.0019561517983675003
647  0.001955987187102437
668  0.001955324551090598
663  0.001954980194568634
671  0.001954725245013833
650  0.001954095670953393
666  0.001954059349372983
669  0.00195342511869967
642  0.0019530737772583961
645  0.0019528851844370365
641  0.0019521797075867653
661  0.0019516476895660162
636  0.0019516011234372854
649  0.0019513214938342571
675  0.001950985286384821
664  0.0019509706180542707
665  0.0019507117103785276
637  0.001950527774170041
659  0.0019505221862345934
676  0.0019503477960824966
633  0.0019500110065564513
644  0.0019496127497404814
667  0.0019489455735310912
635  0.0019486794481053948
634  0.001948578399606049
643  0.0019472806015983224
656  0.0019471796695142984
630  0.001946665346622467
653  0.0019464745419099927
632  0.0019461633637547493
654  0.0019455715082585812
631  0.0019454717403277755
655  0.0019452993292361498
657  0.0019449449609965086
658  0.0019447235390543938
652  0.0019446291262283921
648  0.0019434838322922587
640  0.0019424768397584558
651  0.0019418391166254878
670  0.0019416192080825567
660  0.0019386874046176672
639  0.0019381800666451454
339  0.001679540378972888
936  0.0014795158058404922
937  0.001478360267356038
928  0.0014778774930164218
964  0.001477290177717805
962  0.001476856879889965
963  0.001476422417908907
933  0.001476329518482089
939  0.0014761987840756774
952  0.001476152567192912
932  0.0014760300982743502
959  0.001475952914915979
956  0.0014758164761587977
943  0.0014757814351469278
951  0.0014757441822439432
966  0.0014751828275620937
958  0.001474844990298152
953  0.0014748253161087632
948  0.0014748035464435816
926  0.0014746962115168571
935  0.0014746225206181407
965  0.0014744147192686796
934  0.001474410411901772
922  0.001474344520829618
942  0.0014739864272996783
955  0.0014734994620084763
944  0.0014732307754456997
923  0.001473178155720234
941  0.001473163370974362
961  0.0014728872338309884
927  0.0014728604583069682
924  0.0014728120295330882
940  0.0014727714005857706
921  0.001472765812650323
931  0.0014727035304531455
946  0.0014727027155458927
949  0.0014725716318935156
920  0.0014725280925631523
967  0.001472417381592095
960  0.0014716632431373
925  0.0014716513687744737
957  0.001471565105021
945  0.0014707547379657626
938  0.0014707406517118216
947  0.0014707260997965932
930  0.0014705214416608214
954  0.0014701742911711335
950  0.001468683360144496
929  0.0014675564598292112
968  0.0011459002271294594
484  0.0010495370952412486
1113  0.001047541736625135
978  0.0010189289459958673
1012  0.001018834882415831
1013  0.0010185150895267725
1014  0.0010181318502873182
982  0.0010180051904171705
1004  0.0010171933099627495
1005  0.0010171598987653852
1001  0.0010165141429752111
1006  0.001016344758681953
984  0.0010163220576941967
981  0.0010159889934584498
970  0.001015487127006054
1009  0.0010153831681236625
991  0.0010153522016480565
1008  0.0010153489420190454
975  0.001015137997455895
1007  0.0010150161106139421
989  0.0010145434644073248
969  0.0010143640683963895
979  0.0010143042309209704
1000  0.0010142482351511717
992  0.0010142360115423799
990  0.0010142226237803698
980  0.0010141911916434765
998  0.0010140114463865757
1011  0.001013739500194788
987  0.0010137163335457444
997  0.0010136713972315192
985  0.0010135569609701633
974  0.0010132378665730357
973  0.001012949738651514
1010  0.0010127534624189138
994  0.0010127206332981586
983  0.001012706197798252
986  0.0010125681292265654
1003  0.0010123125975951552
1015  0.001012201770208776
999  0.0010114116594195366
996  0.0010112561285495758
976  0.0010103731183335185
971  0.001009942963719368
1002  0.0010098778875544667
972  0.0010091066360473633
988  0.0010089114075526595
977  0.0010084722889587283
995  0.001008261344395578
993  0.0010081975487992167
581  0.0006635094759985805
242  0.0005959390546195209
1403  0.00037535271258093417
1258  0.00029741154867224395
208  0.0002972680958919227
235  0.00029669248033314943
211  0.0002965915482491255
232  0.0002964422747027129
207  0.0002964239101856947
215  0.0002963552251458168
233  0.00029633232043124735
198  0.00029632102814503014
217  0.00029626284958794713
238  0.000296214857371524
226  0.00029613886727020144
227  0.00029612871003337204
204  0.0002961191057693213
206  0.0002960519341286272
231  0.00029602425638586283
196  0.0002959308912977576
230  0.0002958766999654472
240  0.0002958372060675174
212  0.0002957638935185969
220  0.0002957616525236517
225  0.00029554488719440997
223  0.00029548711609095335
210  0.0002954471274279058
218  0.00029539980459958315
239  0.00029539980459958315
200  0.0002953975345008075
237  0.00029536543297581375
224  0.0002953496586997062
234  0.0002953268412966281
209  0.00029528490267693996
201  0.00029526688740588725
205  0.0002952607173938304
203  0.00029524636920541525
241  0.00029524241108447313
229  0.0002952336799353361
199  0.00029517008806578815
216  0.00029515402275137603
195  0.0002951433416455984
213  0.0002947963075712323
221  0.0002947870234493166
222  0.00029472153983078897
236  0.0002946218301076442
202  0.0002944227308034897
228  0.0002943980507552624
219  0.00029420695500448346
214  0.0002940345148090273
197  0.00029396358877420425
871  0.0002010689495364204
774  0.00018010353960562497
97  0.00014099394320510328
49  0.00013369381485972553
823  0.00013121847587171942
1161  0.00011813924356829375
291  8.562292350688949e-05
1210  7.582764374092221e-05
765  5.36170118721202e-05
770  5.3551197197521105e-05
750  5.3538587962975726e-05
744  5.353644155547954e-05
767  5.3530569857684895e-05
730  5.352883454179391e-05
749  5.352368316380307e-05
760  5.352321750251576e-05
732  5.347873593564145e-05
764  5.347403566702269e-05
768  5.347041951608844e-05
731  5.346894249669276e-05
772  5.3462310461327434e-05
728  5.345497265807353e-05
739  5.344971941667609e-05
763  5.344008604879491e-05
755  5.343585871742107e-05
759  5.342709118849598e-05
742  5.342408621800132e-05
743  5.341761789168231e-05
747  5.3412986744660884e-05
734  5.340585266822018e-05
754  5.3399387979879975e-05
773  5.339632843970321e-05
740  5.339230483514257e-05
757  5.3391184337669984e-05
733  5.3387979278340936e-05
769  5.338090340956114e-05
746  5.337433685781434e-05
738  5.336273170541972e-05
729  5.336258254828863e-05
748  5.335775131243281e-05
766  5.334940578904934e-05
756  5.334594243322499e-05
741  5.3333533287514e-05
762  5.3331088565755635e-05
745  5.333032822818495e-05
736  5.332508953870274e-05
752  5.3321531595429406e-05
727  5.332036016625352e-05
761  5.3314666729420424e-05
758  5.32991107320413e-05
737  5.328340921550989e-05
771  5.3274208767106757e-05
753  5.32563281012699e-05
735  5.3238811233313754e-05
751  5.321373464539647e-05
1355  5.311816494213417e-05
532  5.067718302598223e-05
501  5.066776066087186e-05
526  5.0648970500333235e-05
523  5.0639500841498375e-05
519  5.0587663281476125e-05
527  5.0577342335600406e-05
522  5.0548311264719814e-05
517  5.054436405771412e-05
488  5.053380664321594e-05
505  5.053298446000554e-05
496  5.052407504990697e-05
502  5.050692197983153e-05
493  5.050341133028269e-05
528  5.0501577788963914e-05
500  5.048713137512095e-05
521  5.047201193519868e-05
499  5.046691148891114e-05
514  5.0448052206775174e-05
492  5.044045246904716e-05
512  5.043920100433752e-05
530  5.043539931648411e-05
516  5.042775592301041e-05
515  5.042366683483124e-05
511  5.0420592742739245e-05
518  5.041294207330793e-05
520  5.040261021349579e-05
487  5.039992174715735e-05
497  5.039914685767144e-05
490  5.039900497649796e-05
494  5.0393860874464735e-05
531  5.038713425165042e-05
503  5.0384252972435206e-05
525  5.03759911225643e-05
510  5.0372771511320025e-05
485  5.0359751185169443e-05
504  5.035845606471412e-05
495  5.0354708946542814e-05
524  5.034746209275909e-05
486  5.0345828640274704e-05
491  5.033454726799391e-05
529  5.0333394028712064e-05
489  5.033013439970091e-05
498  5.030503962188959e-05
513  5.0300717703066766e-05
509  5.028546729590744e-05
508  5.0278129492653534e-05
507  5.0269209168618545e-05
506  5.01879803778138e-05
629  4.0276376239489764e-05
337  2.3150380002334714e-05
304  2.312377000635024e-05
335  2.311223761353176e-05
307  2.3105210857465863e-05
303  2.3102189516066574e-05
331  2.3092301489668898e-05
328  2.308985494892113e-05
321  2.3089658498065546e-05
309  2.3089503883966245e-05
334  2.3085342036210932e-05
306  2.3083866835804656e-05
293  2.308230432390701e-05
333  2.3081820472725667e-05
302  2.3081423933035694e-05
327  2.308010334672872e-05
305  2.308001603523735e-05
329  2.3077418518369086e-05
301  2.307585600647144e-05
299  2.3074051568983123e-05
320  2.3072994736139663e-05
294  2.3072776457411237e-05
336  2.3071168470778503e-05
308  2.3069385861163028e-05
319  2.3069167582434602e-05
324  2.3068880182108842e-05
313  2.306388705619611e-05
332  2.3063073967932723e-05
322  2.306259011675138e-05
297  2.306089663761668e-05
323  2.305300222360529e-05
314  2.305036468897015e-05
330  2.304627741978038e-05
310  2.3044232875690795e-05
296  2.3042057364364155e-05
315  2.304093686689157e-05
318  2.304016743437387e-05
300  2.303417022631038e-05
292  2.3034126570564695e-05
295  2.302802022313699e-05
312  2.302716347912792e-05
325  2.3024991605780087e-05
338  2.302213579241652e-05
316  2.3018865249468945e-05
326  2.3018797946861014e-05
298  2.301276254002005e-05
311  2.3000016881269403e-05
317  2.2990805518929847e-05
1159  1.4703280612593517e-05
1130  1.468021855544066e-05
1150  1.4678916159027722e-05
1127  1.466997400711989e-05
1152  1.4666281458630692e-05
1126  1.4664631635241676e-05
1125  1.464618162572151e-05
1146  1.463254102418432e-05
1154  1.4630350051447749e-05
1158  1.4620086403738242e-05
1123  1.4617702618124895e-05
1156  1.4616587577620521e-05
1157  1.461062129237689e-05
1124  1.4604966054321267e-05
1119  1.4595844731957186e-05
1136  1.459496979805408e-05
1128  1.4592964362236671e-05
1153  1.4591822946385946e-05
1144  1.4581419236492366e-05
1120  1.45800004247576e-05
1129  1.4578095942852087e-05
1149  1.4570605344488285e-05
1115  1.4569061022484675e-05
1117  1.4565727724402677e-05
1139  1.456011705158744e-05
1151  1.4554661902366206e-05
1137  1.4554023437085561e-05
1132  1.4552982065652031e-05
1142  1.4551885215041693e-05
1143  1.4551248568750452e-05
1145  1.4547376849805005e-05
1148  1.4546598322340287e-05
1131  1.4544519217452034e-05
1134  1.4544339137501083e-05
1135  1.4541620657837484e-05
1121  1.4534951333189383e-05
1114  1.4534673937305342e-05
1118  1.451978096156381e-05
1138  1.4501791156362742e-05
1141  1.4498251402983442e-05
1116  1.4494089555228129e-05
1133  1.4493163689621724e-05
1160  1.4476254364126362e-05
1122  1.4466663742496166e-05
1140  1.4458925761573482e-05
1147  1.4449304217123426e-05
1214  1.4446370187215507e-05
1218  1.4442003703152295e-05
1231  1.4433838259719778e-05
1213  1.4433687283599284e-05
1155  1.442845768906409e-05
1223  1.4424426808545832e-05
1253  1.4412325981538743e-05
1239  1.4408808056032285e-05
1215  1.4405510228243656e-05
1257  1.440285996068269e-05
1249  1.439902825950412e-05
1224  1.4398644452739973e-05
1255  1.4397846825886518e-05
1227  1.4395582184079103e-05
1251  1.4392136108654086e-05
1220  1.4388430827239063e-05
1247  1.4388156159839127e-05
1244  1.4386165275936946e-05
1240  1.4382503650267608e-05
1225  1.4380474567587953e-05
1219  1.4377991647052113e-05
1241  1.4376319995790254e-05
1254  1.437323498976184e-05
1221  1.436801267118426e-05
1222  1.4367768017109483e-05
1246  1.436361617379589e-05
1234  1.4363327863975428e-05
1237  1.4362998626893386e-05
1217  1.436036927771056e-05
1256  1.4354988707054872e-05
1211  1.4350266610563267e-05
1250  1.4348173863254488e-05
1245  1.4347447176987771e-05
1229  1.4346721400215756e-05
1235  1.4346380339702591e-05
1243  1.4343766451929696e-05
1252  1.4340497727971524e-05
1232  1.4337285392684862e-05
1233  1.4334892512124497e-05
1226  1.4332268619909883e-05
1242  1.4328987163025886e-05
1216  1.4328564247989561e-05
1248  1.4323537470772862e-05
1212  1.4322239621833432e-05
1228  1.4308791833173018e-05
1236  1.4304862816061359e-05
1230  1.4297579582489561e-05
1238  1.4295971595856827e-05
851  1.2074015103280544e-05
843  1.2064600014127791e-05
829  1.2061884262948297e-05
860  1.2061527741025202e-05
859  1.2059239452355541e-05
842  1.205843364004977e-05
846  1.205680200655479e-05
835  1.205676653626142e-05
855  1.2054882063239347e-05
839  1.2054548278683797e-05
862  1.2054536455252673e-05
858  1.2054317267029546e-05
824  1.2053938007738907e-05
840  1.2053675163770095e-05
849  1.2053581485815812e-05
869  1.2052697456965689e-05
863  1.2052099918946624e-05
856  1.2051835255988408e-05
866  1.205030730488943e-05
865  1.2050007171637844e-05
864  1.2049180440953933e-05
837  1.2049167708028108e-05
828  1.2048388271068688e-05
850  1.2047020391037222e-05
832  1.2046893061778974e-05
853  1.204614727612352e-05
841  1.2045917173963971e-05
867  1.2045527000736911e-05
833  1.204542422783561e-05
861  1.2045366020174697e-05
825  1.2044447430525906e-05
830  1.2044379218423273e-05
870  1.204374621011084e-05
836  1.2043528840877116e-05
844  1.2042369235132355e-05
826  1.2042344678775407e-05
848  1.2042116395605262e-05
857  1.204061209136853e-05
845  1.203965803142637e-05
852  1.2039383364026435e-05
838  1.2038820386806037e-05
831  1.2038050044793636e-05
868  1.2037959095323458e-05
847  1.2030212019453757e-05
827  1.2029845493088942e-05
834  1.2026989679725375e-05
854  1.2022070222883485e-05
618  1.1637823263299651e-05
589  1.1637002899078652e-05
627  1.1627539606706705e-05
624  1.1618571988947224e-05
584  1.1610684850893449e-05
598  1.1603601706156041e-05
593  1.1603402526816353e-05
594  1.1601256119320169e-05
615  1.159523890237324e-05
592  1.1590783287829254e-05
586  1.1587346307351254e-05
609  1.1586363143578637e-05
626  1.1585799256863538e-05
597  1.1585721040319186e-05
587  1.1583633749978617e-05
614  1.1582672414078843e-05
625  1.1576555152714718e-05
620  1.1574004929570947e-05
622  1.1573331903491635e-05
612  1.1573155461519491e-05
600  1.1572602488740813e-05
621  1.1572117728064768e-05
583  1.157081533165183e-05
611  1.1569964954105671e-05
603  1.156943562818924e-05
606  1.1567946785362437e-05
623  1.156768121290952e-05
605  1.1567241017473862e-05
595  1.1564251508389134e-05
582  1.1563258340174798e-05
601  1.1561219253053423e-05
599  1.1555530363693833e-05
596  1.1552809155546129e-05
585  1.1548679140105378e-05
591  1.1545221241249237e-05
604  1.1545044799277093e-05
628  1.1544824701559264e-05
590  1.15429966172087e-05
617  1.1541973435669206e-05
610  1.1541345884324983e-05
588  1.1533732504176442e-05
616  1.1531565178302117e-05
608  1.1529355106176808e-05
619  1.1527959031809587e-05
607  1.152505683421623e-05
613  1.1520364751049783e-05
602  1.148196588474093e-05
86  9.600862540537491e-06
95  9.596458767191507e-06
88  9.595782103133388e-06
66  9.588784450897947e-06
62  9.581910489941947e-06
61  9.578721801517531e-06
90  9.57681277213851e-06
89  9.571982445777394e-06
60  9.57179054239532e-06
59  9.570612746756524e-06
64  9.57043084781617e-06
63  9.568513632984832e-06
92  9.567200322635472e-06
79  9.565193067828659e-06
82  9.56337771640392e-06
72  9.56218264036579e-06
93  9.5607510957052e-06
80  9.556768418406136e-06
94  9.554900316288695e-06
68  9.554653843224514e-06
51  9.552849405736197e-06
67  9.552531082590576e-06
55  9.549015885568224e-06
54  9.548378329782281e-06
57  9.547185072733555e-06
85  9.546220098854974e-06
65  9.544709428155329e-06
87  9.544608474243432e-06
73  9.544199201627634e-06
53  9.53878497966798e-06
52  9.538011909171473e-06
50  9.537910955259576e-06
77  9.537147889204789e-06
70  9.534164746582974e-06
69  9.533691809338052e-06
78  9.53199287323514e-06
84  9.5316645456478e-06
81  9.530583156447392e-06
56  9.529056114843115e-06
71  9.528865120955743e-06
75  9.5276118372567e-06
96  9.520472303847782e-06
74  9.512820724921767e-06
76  9.511551979812793e-06
91  9.509964002063498e-06
83  9.507842150924262e-06
58  9.506999049335718e-06
1376  5.7077008932537865e-06
1379  5.704833711206447e-06
1380  5.704066097678151e-06
1397  5.70134170629899e-06
1364  5.701211193809286e-06
1381  5.700950168829877e-06
1362  5.700373549188953e-06
1385  5.699004304915434e-06
1402  5.6988842516148e-06
1374  5.698525910702301e-06
1387  5.6977919484779704e-06
1393  5.6961134760058485e-06
1386  5.695787422155263e-06
1389  5.694983428838896e-06
1382  5.693522780347848e-06
1365  5.692447757610353e-06
1400  5.692203558282927e-06
1356  5.69149233342614e-06
1375  5.691220849257661e-06
1384  5.691220849257661e-06
1361  5.691133992513642e-06
1377  5.690900707122637e-06
1378  5.690819307346828e-06
1383  5.690596935892245e-06
1394  5.690406851499574e-06
1359  5.690233138011536e-06
1395  5.689787940355018e-06
1391  5.688914825441316e-06
1371  5.687949396815384e-06
1363  5.687569228030043e-06
1366  5.687385055352934e-06
1373  5.686799340764992e-06
1390  5.68525956623489e-06
1357  5.6850585679057986e-06
1358  5.684424650098663e-06
1388  5.683790277544176e-06
1369  5.683622021024348e-06
1396  5.683194103767164e-06
1399  5.682798018824542e-06
1360  5.6821095313353e-06
1370  5.680321919498965e-06
1372  5.678436991729541e-06
1368  5.675432930729585e-06
1392  5.66894641451654e-06
1401  5.667919140250888e-06
1398  5.6675357882340904e-06
1367  5.6633539315953385e-06
194  8.895040082279593e-07
146  6.042488731594631e-09
159  9.487813867892214e-10
163  9.423500868521728e-10
162  9.387443045127952e-10
160  9.367998599074667e-10
183  9.359891750548854e-10
149  9.352361107772822e-10
156  9.346921014952159e-10
154  9.327687511273552e-10
192  9.323756211543355e-10
189  9.322013161394693e-10
158  9.320786364952482e-10
167  9.312398630001439e-10
186  9.311723614402467e-10
155  9.307853376938624e-10
188  9.305581305518729e-10
191  9.301358017133055e-10
182  9.299708225718462e-10
190  9.293891212180938e-10
176  9.292472902266979e-10
161  9.290684332974308e-10
157  9.287423607950984e-10
150  9.284944479936996e-10
165  9.281633239766052e-10
185  9.280288204571718e-10
151  9.270239575975836e-10
175  9.265784806089528e-10
193  9.258982469617649e-10
179  9.25326260059478e-10
147  9.249627730412158e-10
153  9.249556676138582e-10
187  9.24181509098787e-10
177  9.24118115364081e-10
168  9.236035269921672e-10
178  9.232388742397291e-10
180  9.229942365962529e-10
169  9.227706376790934e-10
173  9.220879615412514e-10
184  9.217380747550408e-10
174  9.216290508540226e-10
181  9.205819995194986e-10
148  9.195063044309393e-10
164  9.186666427574153e-10
171  9.180588511625842e-10
166  9.177349991063011e-10
152  9.170402770486419e-10
170  9.169720538437787e-10
172  9.153712787757229e-10
