436  0.35515835881233215
437  0.35515835881233215
438  0.35515835881233215
439  0.35515835881233215
440  0.35515835881233215
441  0.35515835881233215
442  0.35515835881233215
443  0.35515835881233215
444  0.35515835881233215
445  0.35515835881233215
446  0.35515835881233215
447  0.35515835881233215
448  0.35515835881233215
449  0.35515835881233215
450  0.35515835881233215
451  0.35515835881233215
452  0.35515835881233215
453  0.35515835881233215
454  0.35515835881233215
455  0.35515835881233215
456  0.35515835881233215
457  0.35515835881233215
458  0.35515835881233215
459  0.35515835881233215
460  0.35515835881233215
461  0.35515835881233215
462  0.35515835881233215
463  0.35515835881233215
464  0.35515835881233215
465  0.35515835881233215
466  0.35515835881233215
467  0.35515835881233215
468  0.35515835881233215
469  0.35515835881233215
470  0.35515835881233215
471  0.35515835881233215
472  0.35515835881233215
473  0.35515835881233215
474  0.35515835881233215
475  0.35515835881233215
476  0.35515835881233215
477  0.35515835881233215
478  0.35515835881233215
479  0.35515835881233215
480  0.35515835881233215
481  0.35515835881233215
482  0.35515835881233215
483  0.35515835881233215
726  0.35515835881233215
727  0.35515835881233215
728  0.35515835881233215
729  0.35515835881233215
730  0.35515835881233215
731  0.35515835881233215
732  0.35515835881233215
733  0.35515835881233215
734  0.35515835881233215
735  0.35515835881233215
736  0.35515835881233215
737  0.35515835881233215
738  0.35515835881233215
739  0.35515835881233215
740  0.35515835881233215
741  0.35515835881233215
742  0.35515835881233215
743  0.35515835881233215
744  0.35515835881233215
745  0.35515835881233215
746  0.35515835881233215
747  0.35515835881233215
748  0.35515835881233215
749  0.35515835881233215
750  0.35515835881233215
751  0.35515835881233215
752  0.35515835881233215
753  0.35515835881233215
754  0.35515835881233215
755  0.35515835881233215
756  0.35515835881233215
757  0.35515835881233215
758  0.35515835881233215
759  0.35515835881233215
760  0.35515835881233215
761  0.35515835881233215
762  0.35515835881233215
763  0.35515835881233215
764  0.35515835881233215
765  0.35515835881233215
766  0.35515835881233215
767  0.35515835881233215
768  0.35515835881233215
769  0.35515835881233215
770  0.35515835881233215
771  0.35515835881233215
772  0.35515835881233215
919  0.35515835881233215
920  0.35515835881233215
921  0.35515835881233215
922  0.35515835881233215
923  0.35515835881233215
924  0.35515835881233215
925  0.35515835881233215
926  0.35515835881233215
927  0.35515835881233215
928  0.35515835881233215
929  0.35515835881233215
930  0.35515835881233215
931  0.35515835881233215
932  0.35515835881233215
933  0.35515835881233215
934  0.35515835881233215
935  0.35515835881233215
936  0.35515835881233215
937  0.35515835881233215
938  0.35515835881233215
939  0.35515835881233215
940  0.35515835881233215
941  0.35515835881233215
942  0.35515835881233215
943  0.35515835881233215
944  0.35515835881233215
945  0.35515835881233215
946  0.35515835881233215
947  0.35515835881233215
948  0.35515835881233215
949  0.35515835881233215
950  0.35515835881233215
951  0.35515835881233215
952  0.35515835881233215
953  0.35515835881233215
954  0.35515835881233215
955  0.35515835881233215
956  0.35515835881233215
957  0.35515835881233215
958  0.35515835881233215
959  0.35515835881233215
960  0.35515835881233215
961  0.35515835881233215
962  0.35515835881233215
963  0.35515835881233215
964  0.35515835881233215
965  0.35515835881233215
966  0.35515835881233215
1354  0.35515835881233215
1355  0.35515835881233215
1356  0.35515835881233215
1357  0.35515835881233215
1358  0.35515835881233215
1359  0.35515835881233215
1360  0.35515835881233215
1361  0.35515835881233215
1362  0.35515835881233215
1363  0.35515835881233215
1364  0.35515835881233215
1365  0.35515835881233215
1366  0.35515835881233215
1367  0.35515835881233215
1368  0.35515835881233215
1369  0.35515835881233215
1370  0.35515835881233215
1371  0.35515835881233215
1372  0.35515835881233215
1373  0.35515835881233215
1374  0.35515835881233215
1375  0.35515835881233215
1376  0.35515835881233215
1377  0.35515835881233215
1378  0.35515835881233215
1379  0.35515835881233215
1380  0.35515835881233215
1381  0.35515835881233215
1382  0.35515835881233215
1383  0.35515835881233215
1384  0.35515835881233215
1385  0.35515835881233215
1386  0.35515835881233215
1387  0.35515835881233215
1388  0.35515835881233215
1389  0.35515835881233215
1390  0.35515835881233215
1391  0.35515835881233215
1392  0.35515835881233215
1393  0.35515835881233215
1394  0.35515835881233215
1395  0.35515835881233215
1396  0.35515835881233215
1397  0.35515835881233215
1398  0.35515835881233215
1399  0.35515835881233215
1400  0.35515835881233215
1117  0.3551241159439087
1142  0.3551139533519745
1137  0.355111300945282
1129  0.3551051616668701
1122  0.3551049828529358
1150  0.3550977110862732
1120  0.35509753227233887
1156  0.35509681701660156
1146  0.3550962507724762
1148  0.35509586334228516
1114  0.35509341955184937
1125  0.3550890386104584
1113  0.3550882041454315
1124  0.35508525371551514
1149  0.3550845980644226
1155  0.3550835847854614
1128  0.3550829589366913
1158  0.35508275032043457
1118  0.35508155822753906
1144  0.35508066415786743
1119  0.3550799489021301
1116  0.35507941246032715
1159  0.3550782799720764
1133  0.3550761342048645
1143  0.3550761342048645
1112  0.3550730347633362
1152  0.3550710678100586
1115  0.3550688326358795
1154  0.3550686538219452
1151  0.355068176984787
1134  0.35506799817085266
1141  0.3550677001476288
1147  0.3550640940666199
1121  0.35506361722946167
1135  0.35506296157836914
1127  0.3550621271133423
1123  0.35506200790405273
1140  0.35505905747413635
1138  0.3550570011138916
1153  0.35505589842796326
1157  0.35505518317222595
1145  0.3550548553466797
1139  0.3550509810447693
1131  0.35504743456840515
1132  0.3550430238246918
1126  0.3550426661968231
1136  0.3550366163253784
1130  0.3550319969654083
1353  0.19618350267410278
972  0.14222761988639832
969  0.1419512927532196
968  0.14178504049777985
992  0.14175856113433838
984  0.14171192049980164
971  0.14164739847183228
1005  0.14161665737628937
980  0.14156246185302734
998  0.14153724908828735
967  0.1415242999792099
970  0.14152315258979797
1011  0.14151990413665771
1003  0.14148665964603424
979  0.14144399762153625
976  0.14143262803554535
977  0.14140470325946808
1009  0.1413857787847519
982  0.1413469761610031
1013  0.14132781326770782
981  0.1412946581840515
997  0.14127576351165771
973  0.1412597894668579
975  0.141243115067482
1012  0.1412249207496643
1014  0.14121773838996887
993  0.1412024050951004
994  0.14117306470870972
1002  0.14116279780864716
999  0.1411483734846115
1001  0.14114300906658173
1008  0.14113283157348633
1000  0.14112801849842072
1010  0.1411113142967224
983  0.14110830426216125
990  0.14109490811824799
978  0.14109261333942413
996  0.14106164872646332
988  0.14104951918125153
985  0.1410406529903412
974  0.1410398632287979
989  0.14103281497955322
1006  0.14103248715400696
1007  0.14100292325019836
1004  0.1409284472465515
987  0.14089706540107727
995  0.14078950881958008
991  0.14076419174671173
986  0.14056020975112915
773  0.08622519671916962
1307  0.0697849914431572
1306  0.06975171715021133
1330  0.06972672790288925
1308  0.0697169378399849
1349  0.0696403831243515
1311  0.06962352246046066
1331  0.06960766017436981
1320  0.0695943832397461
1347  0.06959154456853867
1310  0.06959132850170135
1336  0.06956569105386734
1316  0.06955962628126144
1317  0.06955863535404205
1332  0.06953410804271698
1340  0.06953281164169312
1343  0.06953268498182297
1319  0.06953265517950058
1350  0.0695314109325409
1315  0.06953031569719315
1322  0.06952651590108871
1312  0.06949552148580551
1344  0.0694953054189682
1313  0.0694919005036354
1323  0.06947200000286102
1309  0.06946323066949844
1351  0.06945440173149109
1341  0.06945392489433289
1335  0.06944159418344498
1338  0.0694340169429779
1328  0.0694323405623436
1327  0.06943192332983017
1329  0.06940794736146927
1337  0.06940413266420364
1345  0.06937796622514725
1324  0.06937730312347412
1339  0.06937360763549805
1318  0.06937037408351898
1333  0.0693625882267952
1348  0.06935484707355499
1346  0.06934764236211777
1321  0.06934351474046707
1325  0.0693366602063179
1352  0.06932923197746277
1314  0.06931229680776596
1342  0.06926166266202927
1326  0.06923689693212509
1334  0.0692029744386673
1015  0.0647137388586998
1017  0.04443367198109627
1021  0.04441090300679207
1018  0.044363223016262054
1016  0.0443117618560791
1024  0.04429436847567558
1047  0.044261571019887924
1031  0.04424595087766647
1020  0.0442446805536747
1061  0.0442441962659359
1034  0.044243570417165756
1055  0.044239889830350876
1026  0.044234003871679306
1062  0.044233161956071854
1046  0.044228583574295044
1044  0.04421763867139816
1039  0.044210854917764664
1045  0.04420839995145798
1051  0.04420522227883339
1032  0.04420360550284386
1040  0.04419771954417229
1060  0.04419206082820892
1053  0.04419199004769325
1023  0.0441860593855381
1058  0.04417644441127777
1043  0.04417027533054352
1019  0.044168271124362946
1038  0.044161226600408554
1030  0.04414227232336998
1057  0.044136907905340195
1029  0.044134512543678284
1028  0.044122498482465744
1049  0.044117480516433716
1054  0.044113852083683014
1052  0.04411226138472557
1022  0.04411182180047035
1050  0.044109366834163666
1048  0.04410844296216965
1041  0.0440848134458065
1059  0.044081106781959534
1025  0.04407714307308197
1056  0.04407421499490738
1036  0.044072821736335754
1027  0.04405832663178444
1037  0.04404236376285553
1033  0.044031232595443726
1042  0.044014617800712585
1035  0.04399974271655083
1305  0.03272844851016998
918  0.027972964569926262
1401  0.024457739666104317
6  0.018344329670071602
3  0.018322912976145744
4  0.01829494722187519
26  0.01828840933740139
45  0.018278969451785088
18  0.018267113715410233
39  0.018264971673488617
16  0.0182592011988163
5  0.018256401643157005
2  0.018250780180096626
37  0.018248599022626877
13  0.018243130296468735
48  0.018231594935059547
15  0.018231231719255447
43  0.018226034939289093
17  0.018222324550151825
11  0.018219612538814545
32  0.018213193863630295
36  0.018210073933005333
7  0.018208982422947884
24  0.018208427354693413
47  0.018205901607871056
1  0.01820552535355091
14  0.018204886466264725
27  0.01819722168147564
31  0.018195444718003273
9  0.018195169046521187
10  0.018193524330854416
46  0.018190275877714157
28  0.018190259113907814
22  0.01818060874938965
33  0.018174154683947563
12  0.0181732214987278
40  0.018170200288295746
8  0.018169188871979713
35  0.018165018409490585
30  0.018161850050091743
41  0.018158147111535072
44  0.018156439065933228
42  0.018154190853238106
19  0.018153836950659752
25  0.018151776865124702
34  0.018147367984056473
29  0.01814599335193634
23  0.018145574256777763
21  0.01814446970820427
20  0.018112538382411003
38  0.018088635057210922
1160  0.016403649002313614
1211  0.008694685995578766
1236  0.008679669350385666
1209  0.008679365739226341
1230  0.008678688667714596
1220  0.008675509132444859
1234  0.008673032745718956
1240  0.008672532625496387
1225  0.00867202877998352
1226  0.008671192452311516
1214  0.008670352399349213
1215  0.008666791953146458
1210  0.008664780296385288
1213  0.008663899265229702
1252  0.008661557920277119
1243  0.008660394698381424
1212  0.008659322746098042
1248  0.00865861400961876
1249  0.008658475242555141
1222  0.008656841702759266
1254  0.008654358796775341
1223  0.008652469143271446
1239  0.0086502805352211
1219  0.008649531751871109
1228  0.008649132214486599
1233  0.008647913113236427
1238  0.008646155707538128
1247  0.00864572636783123
1251  0.00864464696496725
1216  0.008642996661365032
1227  0.008641486056149006
1253  0.008640279993414879
1224  0.00863819383084774
1218  0.008635804988443851
1232  0.00863436795771122
1246  0.008633363991975784
1241  0.008633151650428772
1221  0.008631846867501736
1237  0.008626583963632584
1245  0.008624312467873096
1231  0.008621292188763618
1255  0.008619067259132862
1235  0.008617042563855648
1242  0.008611866272985935
1217  0.008611321449279785
1250  0.00861003901809454
1244  0.008609537966549397
1229  0.008607873693108559
876  0.0074478862807154655
871  0.007444400805979967
872  0.007439543958753347
873  0.007437396328896284
902  0.007421818561851978
905  0.0074193356558680534
882  0.007412687409669161
886  0.0074120135977864265
887  0.007411849219352007
898  0.007410979364067316
916  0.007406827062368393
901  0.007403059862554073
911  0.00740194832906127
884  0.0074012731201946735
896  0.007400642614811659
878  0.007400509901344776
914  0.007400162052363157
892  0.007400001864880323
881  0.007399349473416805
895  0.007399090565741062
903  0.007397049106657505
885  0.0073970286175608635
899  0.007396195083856583
900  0.007394277490675449
1208  0.007394084241241217
909  0.007393093779683113
888  0.007391365244984627
893  0.007389935199171305
910  0.007388245780020952
875  0.00738762691617012
915  0.007387207355350256
874  0.007386434357613325
894  0.007384864613413811
889  0.007384680211544037
877  0.007382851559668779
908  0.007381367031484842
907  0.007381126284599304
913  0.007381014060229063
904  0.007380899041891098
917  0.007379631046205759
906  0.00737525150179863
880  0.007374340668320656
890  0.007372766733169556
883  0.0073724351823329926
879  0.00736897811293602
891  0.007360441144555807
912  0.007354085799306631
897  0.0073515865951776505
1162  0.00635118130594492
1166  0.006341015454381704
1163  0.0063395132310688496
1185  0.006333646364510059
1161  0.0063298968598246574
1171  0.006323358975350857
1199  0.006319806445389986
1186  0.006319357082247734
1191  0.006318425759673119
1175  0.0063171060755848885
1179  0.0063165402971208096
1205  0.0063161603175103664
1177  0.00631528627127409
1183  0.0063133323565125465
1195  0.006312754936516285
1204  0.006311839912086725
1165  0.00631182873621583
1192  0.006311705801635981
1206  0.006311522796750069
1178  0.006311364937573671
1202  0.006309229880571365
1193  0.006309035234153271
1172  0.006308697629719973
1176  0.006307752802968025
1190  0.006307621486485004
1174  0.006307562347501516
1170  0.006306662689894438
1198  0.006306303199380636
1184  0.006306163035333157
1164  0.006305834278464317
1196  0.00630565220490098
1168  0.006304839625954628
1187  0.006304382812231779
1200  0.0063038356602191925
1167  0.006303077097982168
1169  0.006299667526036501
1194  0.006299479398876429
1180  0.006299351342022419
1188  0.006298599299043417
1182  0.00629592826589942
1189  0.0062951440922915936
1203  0.006292692385613918
1201  0.006291547790169716
1173  0.006291127298027277
1207  0.006290701683610678
1197  0.006289971061050892
1181  0.00628818292170763
49  0.003675418673083186
196  0.003371326019987464
200  0.00336647336371243
1256  0.0033634332939982414
197  0.0033615524880588055
195  0.0033575580455362797
225  0.0033527840860188007
219  0.003352769650518894
230  0.003352175233885646
238  0.0033514329697936773
199  0.0033505461178719997
202  0.0033501542638987303
236  0.0033498755656182766
213  0.0033497947733849287
224  0.0033497214317321777
234  0.003348228521645069
209  0.003347523510456085
237  0.003347377059981227
239  0.003347201971337199
205  0.0033469332847744226
211  0.003346680663526058
226  0.0033461591228842735
208  0.0033457837998867035
240  0.0033457058016210794
201  0.0033454387448728085
229  0.0033445372246205807
220  0.00334441801533103
204  0.0033440396655350924
233  0.003343305317685008
232  0.003342949552461505
218  0.00334281288087368
210  0.0033423982094973326
198  0.0033422159031033516
241  0.0033420061226934195
206  0.0033414994832128286
227  0.003341458272188902
217  0.003340685274451971
212  0.003339761169627309
203  0.0033395453356206417
222  0.00333734811283648
231  0.0033370463643223047
214  0.0033367895521223545
216  0.0033366645220667124
207  0.0033362917602062225
228  0.003334644716233015
215  0.0033331825397908688
235  0.0033327611163258553
223  0.0033325774129480124
221  0.0033313152380287647
98  0.00201233197003603
115  0.002011985285207629
100  0.0020119594410061836
137  0.0020112444180995226
123  0.0020108886528760195
101  0.0020099920220673084
141  0.0020099750254303217
129  0.0020087144803255796
114  0.0020068695303052664
103  0.002006357768550515
125  0.0020060378592461348
113  0.002005739137530327
142  0.0020056599751114845
110  0.002002454362809658
109  0.002002197317779064
121  0.002002026652917266
127  0.0020018608774989843
111  0.0020017295610159636
117  0.0020015884656459093
105  0.0020014408510178328
102  0.002001433167606592
138  0.002000936307013035
130  0.0020005409605801105
128  0.0020003467798233032
122  0.001999383559450507
112  0.0019989716820418835
143  0.001998497173190117
118  0.001998467603698373
135  0.001997916027903557
119  0.001997321145609021
136  0.0019971916917711496
99  0.0019971556030213833
106  0.001996963517740369
134  0.0019965425599366426
107  0.0019958994816988707
116  0.0019954266026616096
120  0.001995338359847665
131  0.0019942494109272957
104  0.0019940112251788378
140  0.0019936952739953995
132  0.0019921474158763885
139  0.0019897872116416693
124  0.0019894633442163467
126  0.001989295007660985
133  0.0019888652022928
144  0.0019883967470377684
108  0.0019856244325637817
489  0.0019093042938038707
486  0.001907692989334464
509  0.0019052965799346566
488  0.0019041517516598105
485  0.0019029630348086357
526  0.0019026931840926409
528  0.0019021400948986411
487  0.0019020322943106294
499  0.0019013842102140188
500  0.0019008938688784838
529  0.001900730887427926
522  0.0019002289045602083
501  0.0018998944433405995
502  0.001899564522318542
484  0.0018993531120941043
498  0.001899349270388484
490  0.0018993373960256577
496  0.0018990609096363187
507  0.0018981093307957053
511  0.0018978870939463377
494  0.0018976775463670492
493  0.0018975791754201055
515  0.0018975422717630863
519  0.0018972326070070267
530  0.0018969598459079862
510  0.0018969487864524126
495  0.0018964271293953061
520  0.001896318863146007
506  0.001895127003081143
492  0.0018951044185087085
497  0.001894888118840754
517  0.0018944678595289588
516  0.0018941279267892241
523  0.0018941180314868689
491  0.0018935943953692913
514  0.001893579144962132
518  0.0018931617960333824
503  0.0018926230259239674
508  0.0018922726158052683
527  0.0018921727314591408
505  0.0018918709829449654
512  0.0018915937980636954
531  0.0018913398962467909
524  0.0018906370969489217
504  0.0018905055476352572
513  0.0018899812130257487
525  0.0018897022819146514
521  0.0018836170202121139
97  0.0018550441600382328
51  0.001763714011758566
55  0.0017611015355214477
870  0.0017610857030376792
52  0.0017551581840962172
68  0.0017519646789878607
50  0.0017515452345833182
80  0.001750839059241116
88  0.0017495796782895923
82  0.0017489674501121044
85  0.0017487243749201298
92  0.0017487169243395329
74  0.001748235197737813
63  0.0017480903770774603
94  0.001747388974763453
66  0.0017473424086347222
57  0.0017471296014264226
95  0.001746205729432404
89  0.0017460329690948129
79  0.001745905727148056
81  0.001745905727148056
72  0.0017451670719310641
75  0.0017450633458793163
84  0.00174466532189399
90  0.0017445709090679884
96  0.0017440932570025325
73  0.001743866829201579
93  0.0017437415663152933
65  0.0017433539032936096
54  0.0017428734572604299
56  0.0017428734572604299
67  0.0017424594843760133
60  0.0017424512188881636
86  0.0017422380624338984
64  0.0017420911462977529
69  0.001741786953061819
61  0.0017415988259017467
58  0.0017415432957932353
91  0.001741537475027144
53  0.0017414188478142023
78  0.0017410964937880635
87  0.0017405388643965125
62  0.0017399844946339726
59  0.0017391705187037587
83  0.0017389338463544846
77  0.0017384281381964684
71  0.0017381642246618867
70  0.0017378174234181643
76  0.00172934599686414
145  0.0013356354320421815
194  0.001330520841293037
344  0.000850981508847326
341  0.0008499753894284368
381  0.0008499097893945873
364  0.0008492030901834369
357  0.0008491002954542637
340  0.0008489778265357018
370  0.0008486696169711649
353  0.0008484913851134479
355  0.0008484274731017649
354  0.0008483777637593448
383  0.0008482936536893249
356  0.0008482658304274082
343  0.0008482293924316764
385  0.0008481481345370412
345  0.0008480176911689341
374  0.0008480128599330783
349  0.000847966002766043
377  0.000847881892696023
348  0.0008477817755192518
351  0.000847778981551528
347  0.0008477696683257818
375  0.0008477595984004438
384  0.0008476513321511447
342  0.0008476432412862778
352  0.0008475786307826638
379  0.0008475281065329909
361  0.0008474615751765668
365  0.0008472915505990386
372  0.0008472721674479544
382  0.0008472095942124724
363  0.0008471530745737255
373  0.000847069954033941
366  0.000846965063828975
346  0.0008468892192468047
350  0.0008467633160762489
362  0.0008463918347842991
369  0.0008462551049888134
359  0.0008462080149911344
378  0.000846128212288022
380  0.0008461016113869846
368  0.0008460907265543938
371  0.0008460278040729463
367  0.0008459633099846542
386  0.0008458778611384332
360  0.0008457396761514246
376  0.0008455772767774761
358  0.0008453846676275134
725  0.0007479855557903647
242  0.000730713945813477
339  0.00048389448784291744
532  0.00045306803076528013
1063  0.0003694196348078549
435  0.0003380084235686809
554  0.0002349551796214655
563  0.00023492585751228034
533  0.00023487076396122575
534  0.00023485867131967098
535  0.0002348190319025889
538  0.00023477427021134645
570  0.00023475948546547443
549  0.00023473396140616387
575  0.00023473174951504916
550  0.00023471000895369798
540  0.00023468249128200114
539  0.00023467556457035244
537  0.00023464536934625357
569  0.00023464289552066475
545  0.00023461291857529432
564  0.00023457400675397366
557  0.00023456774943042547
573  0.00023454784241039306
568  0.00023452637833543122
544  0.00023443314421456307
543  0.0002344195090699941
579  0.0002344065287616104
536  0.00023439737560693175
565  0.0002343951491639018
542  0.00023438531206920743
541  0.00023436607443727553
576  0.00023433480237144977
558  0.00023430980218108743
578  0.00023430284636560827
574  0.00023429837892763317
553  0.00023426466214004904
546  0.00023426399275194854
556  0.00023423205129802227
571  0.00023422624508384615
562  0.0002342206717003137
567  0.00023417019110638648
560  0.0002341226499993354
559  0.00023404053354170173
577  0.00023400058853439987
548  0.00023394370509777218
566  0.00023377090110443532
552  0.0002336997858947143
551  0.00023365567903965712
572  0.00023360933118965477
561  0.00023357370810117573
547  0.00023349467664957047
555  0.00023319610045291483
824  0.00022037929738871753
825  0.0002201228926423937
866  0.00021995966380927712
823  0.00021989592642057687
847  0.00021972699323669076
828  0.00021968594228383154
848  0.00021955421834718436
833  0.0002192933316109702
853  0.00021920804283581674
827  0.0002191413805121556
864  0.00021914034732617438
834  0.000218977642362006
861  0.00021893149823881686
832  0.0002189268998336047
858  0.00021884845045860857
830  0.0002188475918956101
829  0.00021878292318433523
839  0.00021877686958760023
860  0.00021873618243262172
867  0.0002187103236792609
836  0.00021868471230845898
857  0.00021867926989216357
844  0.0002185721241403371
852  0.0002185510820709169
865  0.00021842213755007833
837  0.00021839025430381298
826  0.00021833674691151828
849  0.0002183009492000565
840  0.00021828389435540885
850  0.00021819400717504323
841  0.00021815051150042564
846  0.00021814221690874547
854  0.00021813740022480488
868  0.00021807420125696808
845  0.0002180704614147544
862  0.00021803013805765659
855  0.00021795798966195434
842  0.00021791915060020983
835  0.00021786242723464966
869  0.00021779451344627887
863  0.00021776792709715664
856  0.00021776107314508408
838  0.0002173992688767612
831  0.00021739510702900589
859  0.00021732051391154528
843  0.00021705876861233264
851  0.00021629415277857333
822  0.00021251336147543043
777  0.00016659240645822138
779  0.00016569715808145702
780  0.00016559087089262903
806  0.00016543889068998396
821  0.0001653852523304522
775  0.00016534520545974374
776  0.00016531714936718345
781  0.00016520197095815092
819  0.0001651991333346814
796  0.00016515408060513437
783  0.00016510793648194522
804  0.00016506010433658957
801  0.00016499731282237917
794  0.00016495278396178037
809  0.00016491739370394498
774  0.00016484649677295238
782  0.00016479965415783226
778  0.00016478663019370288
812  0.00016475866141263396
818  0.0001647427852731198
817  0.0001647390308789909
791  0.0001646911259740591
797  0.00016463569772895426
795  0.0001646275195525959
787  0.00016462503117509186
784  0.00016459378821309656
810  0.00016458828758914024
799  0.00016458453319501132
793  0.00016456490266136825
798  0.00016450826660729945
805  0.00016445682558696717
808  0.0001643931755097583
820  0.0001643657305976376
785  0.00016433691780548543
816  0.00016432673146482557
800  0.00016432077973149717
792  0.00016431872791144997
815  0.00016431481344625354
803  0.00016417355800513178
790  0.0001641715207369998
788  0.00016411251272074878
789  0.00016410514945164323
786  0.0001639165566302836
811  0.0001637618988752365
802  0.00016370990488212556
813  0.00016366636555176228
814  0.00016358695575036108
807  0.0001631834456929937
245  0.0001596083166077733
243  0.00015955201524775475
274  0.00015947096107993275
248  0.00015925531624816358
268  0.00015922830789349973
259  0.00015918973076622933
246  0.0001591830514371395
270  0.00015915589756332338
260  0.00015913130482658744
264  0.0001591125037521124
254  0.00015894115495029837
286  0.00015891401562839746
247  0.000158874478074722
244  0.0001587790611665696
250  0.00015877165424171835
266  0.00015875302779022604
256  0.00015874560631345958
253  0.00015868718037381768
273  0.00015867598995100707
255  0.0001586390717420727
282  0.0001586224534548819
258  0.00015862032887525856
277  0.00015861987776588649
249  0.0001586192665854469
288  0.00015860158600844443
283  0.00015857497055549175
287  0.00015853747026994824
280  0.00015851116040721536
267  0.00015847037138883024
272  0.00015846447786316276
281  0.0001584463461767882
257  0.00015844391600694507
275  0.00015830982010811567
251  0.0001582832628628239
276  0.00015810148033779114
279  0.0001580928947078064
252  0.00015806261217221618
289  0.00015805009752511978
263  0.00015802147390786558
262  0.00015801211702637374
285  0.00015801121480762959
265  0.00015794087084941566
271  0.00015781908587086946
278  0.00015781683032400906
269  0.00015780885587446392
261  0.00015773031918797642
284  0.00015765785065013915
631  0.00013543138629756868
634  0.00013540350482799113
632  0.00013539045176003128
638  0.00013535161269828677
630  0.00013531625154428184
653  0.00013530567230191082
660  0.00013530424621421844
647  0.0001352825784124434
633  0.0001352615508949384
642  0.00013523716188501567
635  0.00013523511006496847
655  0.0001352347171632573
673  0.00013522556400857866
643  0.0001351915270788595
649  0.0001351844402961433
664  0.0001351844402961433
656  0.00013517581101041287
629  0.00013517348270397633
637  0.00013517258048523217
667  0.00013516523176804185
654  0.00013514758029486984
665  0.0001351331447949633
639  0.00013511316501535475
644  0.00013510299322661012
676  0.00013509565906133503
661  0.00013509101700037718
646  0.0001350885722786188
672  0.0001350885722786188
675  0.00013506565301213413
674  0.0001350640959572047
659  0.0001350595848634839
650  0.0001350507081951946
651  0.00013503151421900839
645  0.00013501374633051455
636  0.0001350075617665425
671  0.00013500293425749987
668  0.00013500165368895978
657  0.0001349818194285035
640  0.00013495363236870617
652  0.0001349387166555971
669  0.00013492545986082405
648  0.00013490962737705559
658  0.00013490926357917488
670  0.00013490744458977133
641  0.0001349070662399754
662  0.0001348934310954064
663  0.00013487233081832528
666  0.0001348230871371925
1260  0.00010579494119156152
1266  0.00010566085256868973
1304  0.00010558369831414893
1259  0.00010555580956861377
1288  0.00010555239714449272
1292  0.0001055443353834562
1262  0.00010551816376391798
1265  0.00010547220153966919
1270  0.00010546486009843647
1301  0.00010545017721597105
1263  0.00010544755787122995
1258  0.00010542946256464347
1284  0.00010541981464484707
1277  0.00010538996866671368
1287  0.00010538413334870711
1300  0.00010538011702010408
1295  0.00010537418711464852
1275  0.00010536615445744246
1264  0.0001053381129167974
1261  0.00010532546730246395
1257  0.00010531691805226728
1289  0.00010531552106840536
1293  0.00010530106374062598
1271  0.00010529564315220341
1267  0.00010524373647058383
1274  0.00010524084063945338
1279  0.00010523742093937472
1281  0.00010523520177230239
1268  0.00010522427328396589
1286  0.00010521845251787454
1278  0.00010521383956074715
1276  0.00010519687930354849
1282  0.00010518876661080867
1302  0.00010518415365368128
1273  0.00010518194903852418
1272  0.00010518053022678941
1296  0.00010516719339648262
1303  0.00010512699373066425
1298  0.00010512619337532669
1269  0.00010505794489290565
1291  0.00010502099030418321
1285  0.0001050151840900071
1280  0.00010501307406229898
1299  0.00010500365897314623
1283  0.00010493850277271122
1297  0.00010493800073163584
1294  0.00010480299533810467
1290  0.0001047832120093517
290  8.41320725157857e-05
387  6.738257070537657e-05
159  4.600579268299043e-05
150  4.598162922775373e-05
149  4.5972465159138665e-05
151  4.596102371579036e-05
148  4.5957865950185806e-05
193  4.5957778638694435e-05
147  4.5946344471303746e-05
182  4.59314942418132e-05
166  4.590648677549325e-05
184  4.590639946400188e-05
176  4.5892920752521604e-05
154  4.5888366003055125e-05
155  4.588394585880451e-05
190  4.588154115481302e-05
178  4.58810172858648e-05
177  4.5876859076088294e-05
146  4.587073271977715e-05
163  4.5868415327277035e-05
152  4.586771683534607e-05
180  4.586504655890167e-05
181  4.586360591929406e-05
167  4.585953865898773e-05
175  4.5858883822802454e-05
162  4.585590795613825e-05
172  4.585468195728026e-05
171  4.5850312744732946e-05
161  4.584816997521557e-05
168  4.584580892696977e-05
157  4.584440466715023e-05
187  4.584401540341787e-05
164  4.5837416109861806e-05
173  4.583697591442615e-05
169  4.583457121043466e-05
191  4.5833829062758014e-05
158  4.583330519380979e-05
160  4.583015834214166e-05
156  4.583007103065029e-05
153  4.582596375257708e-05
186  4.582181281875819e-05
188  4.5820805098628625e-05
174  4.5819055230822414e-05
185  4.581875691656023e-05
189  4.5818404032615945e-05
170  4.58138165413402e-05
192  4.578979132929817e-05
183  4.57838577858638e-05
179  4.5769054850097746e-05
165  4.571570752887055e-05
1404  2.9539820388890803e-05
1405  2.9489860025933012e-05
1407  2.948257497337181e-05
1433  2.9478806027327664e-05
1449  2.9422608349705115e-05
1402  2.940513331850525e-05
1408  2.9388005714281462e-05
1446  2.9383774744928814e-05
1411  2.9350083423196338e-05
1445  2.9332004487514496e-05
1432  2.932730785687454e-05
1427  2.9316066502360627e-05
1420  2.9300104870344512e-05
1403  2.9290496968314983e-05
1447  2.9283430194482207e-05
1437  2.9279884984134696e-05
1421  2.9278822694323026e-05
1419  2.927575224020984e-05
1422  2.9270839149830863e-05
1443  2.9267321224324405e-05
1434  2.9263637770782225e-05
1410  2.9262524549267255e-05
1415  2.926173692685552e-05
1425  2.9259785151225515e-05
1409  2.925973058154341e-05
1418  2.9258781069074757e-05
1444  2.9257245842018165e-05
1429  2.9248098144307733e-05
1414  2.9245922632981092e-05
1423  2.9233375244075432e-05
1440  2.9230837753857486e-05
1424  2.9215483664302155e-05
1406  2.921300256275572e-05
1431  2.921146915468853e-05
1416  2.9180093406466767e-05
1439  2.9155222364352085e-05
1442  2.9140659535187297e-05
1428  2.9132963391020894e-05
1438  2.913274147431366e-05
1412  2.911288356699515e-05
1441  2.9108745366102085e-05
1426  2.910733201133553e-05
1413  2.909850809373893e-05
1430  2.9067357900203206e-05
1436  2.9058961445116438e-05
1417  2.9035885745543055e-05
1448  2.9028800781816244e-05
1435  2.8936454327777028e-05
388  1.1670020285237115e-05
398  1.1668640581774525e-05
409  1.1652805369521957e-05
390  1.1644484402495436e-05
419  1.1642852769000456e-05
391  1.1638878277153708e-05
393  1.1637956959020812e-05
389  1.1636092494882178e-05
415  1.1628281754383352e-05
394  1.1627462299657054e-05
404  1.1626586456259247e-05
413  1.1623769751167856e-05
422  1.1619647921179421e-05
433  1.1617298696364742e-05
392  1.1613155038503464e-05
399  1.1610165529418737e-05
395  1.1609168723225594e-05
428  1.1608118256845046e-05
425  1.160808460554108e-05
401  1.160718693427043e-05
431  1.1606633961491752e-05
412  1.160521696874639e-05
396  1.1602649465203285e-05
418  1.1602505765040405e-05
434  1.1602273843891453e-05
426  1.1601787264226004e-05
403  1.160084593720967e-05
405  1.1600016478041653e-05
400  1.1599265235417988e-05
411  1.1595968317124061e-05
423  1.159458770416677e-05
417  1.1590517715376336e-05
402  1.1590174835873768e-05
421  1.1587025255721528e-05
432  1.1584108506212942e-05
427  1.1583611922105774e-05
430  1.1579855708987452e-05
416  1.1577768418646883e-05
424  1.1577040822885465e-05
429  1.1575406460906379e-05
397  1.157440146926092e-05
420  1.1573110896279104e-05
414  1.1571289178391453e-05
410  1.1565189197426662e-05
408  1.156088910647668e-05
406  1.1549714145075995e-05
407  1.1539552360773087e-05
580  8.380215149372816e-06
304  8.241461728175636e-06
293  8.237918336817529e-06
295  8.230402272602078e-06
296  8.230402272602078e-06
292  8.230339517467655e-06
322  8.227993930631783e-06
300  8.216294190788176e-06
307  8.214664376282599e-06
309  8.214595254685264e-06
313  8.213920409616549e-06
297  8.212534339691047e-06
316  8.210256055463105e-06
308  8.209080988308415e-06
302  8.208931831177324e-06
321  8.208486178773455e-06
294  8.20847799332114e-06
327  8.207038263208233e-06
334  8.206920938391704e-06
291  8.203805919038132e-06
338  8.203125617001206e-06
333  8.203102879633661e-06
311  8.20295372250257e-06
332  8.202749995689373e-06
314  8.201428499887697e-06
312  8.20107561594341e-06
301  8.199363946914673e-06
320  8.19900378701277e-06
324  8.198073373932857e-06
319  8.196298949769698e-06
305  8.194320798793342e-06
323  8.194320798793342e-06
299  8.193656867661048e-06
317  8.193516805476975e-06
325  8.193516805476975e-06
328  8.192813766072504e-06
315  8.190548214770388e-06
318  8.186862032744102e-06
329  8.186480044969358e-06
330  8.186174454749562e-06
326  8.18376247480046e-06
336  8.183365025615785e-06
303  8.18317766970722e-06
335  8.180774784705136e-06
337  8.180071745300665e-06
298  8.177381459972821e-06
306  8.174916729331017e-06
310  8.165699000528548e-06
331  8.16355077404296e-06
677  2.9501120479835663e-06
1111  1.6353528735635336e-06
679  1.0283453093506978e-06
680  1.0261675242873025e-06
683  1.0256832183586084e-06
702  1.0254250355501426e-06
678  1.0239972425551969e-06
721  1.0233753755528596e-06
703  1.0224368907074677e-06
682  1.0222564696960035e-06
688  1.022085939439421e-06
708  1.0219367823083303e-06
722  1.0214262147201225e-06
716  1.0211593917119899e-06
713  1.021134039547178e-06
694  1.0209723768639378e-06
712  1.0203232250205474e-06
695  1.0201684972344083e-06
696  1.020136323859333e-06
692  1.0200780025115819e-06
719  1.0197481969953515e-06
689  1.0196869197898195e-06
709  1.019514797917509e-06
685  1.019120304590615e-06
707  1.0188656460741186e-06
684  1.0188092574026086e-06
687  1.0185576684307307e-06
691  1.0172936981689418e-06
697  1.0171258963964647e-06
710  1.0168843118663062e-06
715  1.0168348580918973e-06
701  1.0168281505684718e-06
700  1.0167466371058254e-06
723  1.0166768333874643e-06
699  1.0165014145968598e-06
681  1.016492774397193e-06
720  1.0159421890421072e-06
717  1.0156844609809923e-06
704  1.0156040843867231e-06
686  1.0153164566872874e-06
690  1.0152816685149446e-06
693  1.0146708291358664e-06
718  1.0143960480490932e-06
724  1.0141649227080052e-06
705  1.0140634003619198e-06
698  1.0136224091183976e-06
711  1.0133778687304584e-06
714  1.0127575933438493e-06
706  1.0095378684127354e-06
1066  3.528045340317476e-07
1069  3.524793328324449e-07
1081  3.52352287791291e-07
1064  3.5222126371081686e-07
1089  3.5220276117797766e-07
1067  3.521896871916397e-07
1095  3.5208151416554756e-07
1106  3.519019742270757e-07
1094  3.518946130043332e-07
1087  3.518610185437865e-07
1102  3.517164088862046e-07
1107  3.5160473998985253e-07
1080  3.5159334288437094e-07
1108  3.5154036481799267e-07
1104  3.5153902899764944e-07
1096  3.515209527904517e-07
1109  3.51505519802231e-07
1071  3.514713000640768e-07
1085  3.514505522161926e-07
1091  3.514431625717407e-07
1070  3.5144248045071436e-07
1065  3.514186914799211e-07
1076  3.5139555620844476e-07
1079  3.513265198762383e-07
1098  3.513258661769214e-07
1090  3.511915451781533e-07
1083  3.5117679431095894e-07
1075  3.5115473906444095e-07
1082  3.5112157092953566e-07
1068  3.510907333748037e-07
1103  3.510308204113244e-07
1077  3.5102948459098116e-07
1105  3.509226758069417e-07
1086  3.5091937888864777e-07
1078  3.5088055483356584e-07
1073  3.508089321258012e-07
1099  3.507982455630554e-07
1093  3.50772467072602e-07
1101  3.5070490866928594e-07
1100  3.5065107795162476e-07
1072  3.5061694347859884e-07
1084  3.505233507894445e-07
1088  3.503525647374772e-07
1110  3.501958758533874e-07
1074  3.500509819787112e-07
1092  3.500265961520199e-07
1097  3.496129181712604e-07
628  1.5489028726278775e-07
583  6.843631439323872e-08
584  6.83983429894397e-08
586  6.828610565889903e-08
581  6.820345532787542e-08
612  6.818927289486965e-08
606  6.818719100465387e-08
587  6.818368092353921e-08
598  6.816794950736949e-08
625  6.814792641307577e-08
626  6.811102792880774e-08
608  6.80990694945649e-08
624  6.806660479696802e-08
582  6.805363028661304e-08
597  6.804142316241268e-08
604  6.801352725460674e-08
592  6.798499896376597e-08
623  6.797967699867513e-08
602  6.794934392928553e-08
611  6.794481066663138e-08
594  6.793742102217948e-08
600  6.793690232598237e-08
619  6.793470674892887e-08
613  6.790737216988418e-08
595  6.789273498952753e-08
585  6.789105810867113e-08
621  6.789014861396936e-08
588  6.788626194520475e-08
603  6.787693962451158e-08
620  6.787227846416499e-08
610  6.783604078464123e-08
599  6.782827455253937e-08
590  6.781585426551828e-08
615  6.780124550687106e-08
593  6.777059979867772e-08
616  6.775781002943404e-08
618  6.775767502631425e-08
596  6.774475735937813e-08
622  6.773997540676646e-08
601  6.771788463311168e-08
617  6.767126592421846e-08
605  6.764920357227311e-08
591  6.764468452047367e-08
607  6.759103854392379e-08
589  6.756538795116285e-08
609  6.749557712737442e-08
614  6.739318081372403e-08
627  6.735359647791483e-08
