1  0.29612529277801514
2  0.29612529277801514
3  0.29612529277801514
4  0.29612529277801514
5  0.29612529277801514
6  0.29612529277801514
7  0.29612529277801514
8  0.29612529277801514
9  0.29612529277801514
10  0.29612529277801514
11  0.29612529277801514
12  0.29612529277801514
13  0.29612529277801514
14  0.29612529277801514
15  0.29612529277801514
16  0.29612529277801514
17  0.29612529277801514
18  0.29612529277801514
19  0.29612529277801514
20  0.29612529277801514
21  0.29612529277801514
22  0.29612529277801514
23  0.29612529277801514
24  0.29612529277801514
25  0.29612529277801514
26  0.29612529277801514
27  0.29612529277801514
28  0.29612529277801514
29  0.29612529277801514
30  0.29612529277801514
31  0.29612529277801514
32  0.29612529277801514
33  0.29612529277801514
34  0.29612529277801514
35  0.29612529277801514
36  0.29612529277801514
37  0.29612529277801514
38  0.29612529277801514
39  0.29612529277801514
40  0.29612529277801514
41  0.29612529277801514
42  0.29612529277801514
43  0.29612529277801514
44  0.29612529277801514
45  0.29612529277801514
46  0.29612529277801514
47  0.29612529277801514
48  0.29612529277801514
49  0.29612529277801514
50  0.29612529277801514
51  0.29612529277801514
52  0.29612529277801514
53  0.29612529277801514
54  0.29612529277801514
55  0.29612529277801514
56  0.29612529277801514
57  0.29612529277801514
58  0.29612529277801514
119  0.29612529277801514
120  0.29612529277801514
121  0.29612529277801514
122  0.29612529277801514
123  0.29612529277801514
124  0.29612529277801514
125  0.29612529277801514
126  0.29612529277801514
127  0.29612529277801514
128  0.29612529277801514
129  0.29612529277801514
130  0.29612529277801514
131  0.29612529277801514
132  0.29612529277801514
133  0.29612529277801514
134  0.29612529277801514
135  0.29612529277801514
136  0.29612529277801514
137  0.29612529277801514
138  0.29612529277801514
139  0.29612529277801514
140  0.29612529277801514
141  0.29612529277801514
142  0.29612529277801514
143  0.29612529277801514
144  0.29612529277801514
145  0.29612529277801514
146  0.29612529277801514
147  0.29612529277801514
148  0.29612529277801514
149  0.29612529277801514
150  0.29612529277801514
151  0.29612529277801514
152  0.29612529277801514
153  0.29612529277801514
154  0.29612529277801514
155  0.29612529277801514
156  0.29612529277801514
157  0.29612529277801514
158  0.29612529277801514
159  0.29612529277801514
160  0.29612529277801514
161  0.29612529277801514
162  0.29612529277801514
163  0.29612529277801514
164  0.29612529277801514
165  0.29612529277801514
166  0.29612529277801514
167  0.29612529277801514
168  0.29612529277801514
169  0.29612529277801514
170  0.29612529277801514
171  0.29612529277801514
172  0.29612529277801514
173  0.29612529277801514
174  0.29612529277801514
175  0.29612529277801514
176  0.29612529277801514
237  0.29612529277801514
238  0.29612529277801514
239  0.29612529277801514
240  0.29612529277801514
241  0.29612529277801514
242  0.29612529277801514
243  0.29612529277801514
244  0.29612529277801514
245  0.29612529277801514
246  0.29612529277801514
247  0.29612529277801514
248  0.29612529277801514
249  0.29612529277801514
250  0.29612529277801514
251  0.29612529277801514
252  0.29612529277801514
253  0.29612529277801514
254  0.29612529277801514
255  0.29612529277801514
256  0.29612529277801514
257  0.29612529277801514
258  0.29612529277801514
259  0.29612529277801514
260  0.29612529277801514
261  0.29612529277801514
262  0.29612529277801514
263  0.29612529277801514
264  0.29612529277801514
265  0.29612529277801514
266  0.29612529277801514
267  0.29612529277801514
268  0.29612529277801514
269  0.29612529277801514
270  0.29612529277801514
271  0.29612529277801514
272  0.29612529277801514
273  0.29612529277801514
274  0.29612529277801514
275  0.29612529277801514
276  0.29612529277801514
277  0.29612529277801514
278  0.29612529277801514
279  0.29612529277801514
280  0.29612529277801514
281  0.29612529277801514
282  0.29612529277801514
283  0.29612529277801514
284  0.29612529277801514
285  0.29612529277801514
286  0.29612529277801514
287  0.29612529277801514
288  0.29612529277801514
289  0.29612529277801514
290  0.29612529277801514
291  0.29612529277801514
292  0.29612529277801514
293  0.29612529277801514
294  0.29612529277801514
591  0.29612529277801514
592  0.29612529277801514
593  0.29612529277801514
594  0.29612529277801514
595  0.29612529277801514
596  0.29612529277801514
597  0.29612529277801514
598  0.29612529277801514
599  0.29612529277801514
600  0.29612529277801514
601  0.29612529277801514
602  0.29612529277801514
603  0.29612529277801514
604  0.29612529277801514
605  0.29612529277801514
606  0.29612529277801514
607  0.29612529277801514
608  0.29612529277801514
609  0.29612529277801514
610  0.29612529277801514
611  0.29612529277801514
612  0.29612529277801514
613  0.29612529277801514
614  0.29612529277801514
615  0.29612529277801514
616  0.29612529277801514
617  0.29612529277801514
618  0.29612529277801514
619  0.29612529277801514
620  0.29612529277801514
621  0.29612529277801514
622  0.29612529277801514
623  0.29612529277801514
624  0.29612529277801514
625  0.29612529277801514
626  0.29612529277801514
627  0.29612529277801514
628  0.29612529277801514
629  0.29612529277801514
630  0.29612529277801514
631  0.29612529277801514
632  0.29612529277801514
633  0.29612529277801514
634  0.29612529277801514
635  0.29612529277801514
636  0.29612529277801514
637  0.29612529277801514
638  0.29612529277801514
639  0.29612529277801514
640  0.29612529277801514
641  0.29612529277801514
642  0.29612529277801514
643  0.29612529277801514
644  0.29612529277801514
645  0.29612529277801514
646  0.29612529277801514
647  0.29612529277801514
648  0.29612529277801514
1180  0.29612529277801514
1181  0.29612529277801514
1182  0.29612529277801514
1183  0.29612529277801514
1184  0.29612529277801514
1185  0.29612529277801514
1186  0.29612529277801514
1187  0.29612529277801514
1188  0.29612529277801514
1189  0.29612529277801514
1190  0.29612529277801514
1191  0.29612529277801514
1192  0.29612529277801514
1193  0.29612529277801514
1194  0.29612529277801514
1195  0.29612529277801514
1196  0.29612529277801514
1197  0.29612529277801514
1198  0.29612529277801514
1199  0.29612529277801514
1200  0.29612529277801514
1201  0.29612529277801514
1202  0.29612529277801514
1203  0.29612529277801514
1204  0.29612529277801514
1205  0.29612529277801514
1206  0.29612529277801514
1207  0.29612529277801514
1208  0.29612529277801514
1209  0.29612529277801514
1210  0.29612529277801514
1211  0.29612529277801514
1212  0.29612529277801514
1213  0.29612529277801514
1214  0.29612529277801514
1215  0.29612529277801514
1216  0.29612529277801514
1217  0.29612529277801514
1218  0.29612529277801514
1219  0.29612529277801514
1220  0.29612529277801514
1221  0.29612529277801514
1222  0.29612529277801514
1223  0.29612529277801514
1224  0.29612529277801514
1225  0.29612529277801514
1226  0.29612529277801514
1227  0.29612529277801514
1228  0.29612529277801514
1229  0.29612529277801514
1230  0.29612529277801514
1231  0.29612529277801514
1232  0.29612529277801514
1233  0.29612529277801514
1234  0.29612529277801514
1235  0.29612529277801514
1236  0.29612529277801514
1237  0.29612529277801514
1503  0.29473039507865906
1512  0.2945012152194977
1506  0.2937311828136444
746  0.29367637634277344
1497  0.29353564977645874
1529  0.29351508617401123
1505  0.2934752106666565
1480  0.2934196889400482
1530  0.2933998703956604
1520  0.2933848798274994
736  0.29334303736686707
739  0.2933203876018524
1494  0.2933194935321808
1499  0.29326796531677246
749  0.29324519634246826
1516  0.29322633147239685
1528  0.29322290420532227
1479  0.2931482195854187
1501  0.2931375503540039
1509  0.29313644766807556
1498  0.2931216359138489
1504  0.29311057925224304
750  0.2931082546710968
731  0.2930859327316284
1491  0.2930433452129364
743  0.29300457239151
1519  0.2929632067680359
1492  0.2929506003856659
1488  0.29293328523635864
1485  0.29291877150535583
1523  0.29291480779647827
1527  0.2929132878780365
1495  0.2929104268550873
742  0.29290297627449036
1517  0.29289311170578003
748  0.29288890957832336
1508  0.29286888241767883
1514  0.292791485786438
1526  0.2927433252334595
1522  0.2927069067955017
754  0.2927042543888092
1515  0.29267457127571106
1493  0.2926638424396515
1484  0.2926635146141052
1487  0.2926463782787323
737  0.292643666267395
1521  0.29264307022094727
1532  0.29263070225715637
712  0.29260340332984924
718  0.2925782799720764
740  0.29254740476608276
764  0.292531281709671
751  0.29252544045448303
735  0.29252538084983826
747  0.292515367269516
1502  0.2924913763999939
1500  0.2924773097038269
766  0.2924457788467407
1482  0.29244548082351685
729  0.29236647486686707
759  0.2923271358013153
728  0.2923184037208557
765  0.29226037859916687
1531  0.29225462675094604
727  0.29225265979766846
1510  0.29222601652145386
1476  0.29222387075424194
738  0.29222139716148376
722  0.29221609234809875
1490  0.29218289256095886
1511  0.29217106103897095
715  0.29214608669281006
724  0.2921299934387207
753  0.29212361574172974
1507  0.29211604595184326
734  0.29211026430130005
716  0.29207709431648254
1525  0.2920753061771393
714  0.2920706868171692
711  0.29205551743507385
732  0.29205191135406494
745  0.29204416275024414
719  0.29203659296035767
1513  0.2920266389846802
763  0.29201653599739075
733  0.2919701635837555
1481  0.2919515371322632
1477  0.29194149374961853
1489  0.29192492365837097
757  0.29189756512641907
1524  0.29184162616729736
1483  0.2918335497379303
1478  0.291818767786026
710  0.29180896282196045
761  0.29178428649902344
744  0.29173874855041504
1496  0.29173022508621216
762  0.29172483086586
723  0.29170575737953186
1475  0.2916925549507141
758  0.2916909158229828
760  0.2916732430458069
730  0.2916700839996338
717  0.2916633188724518
725  0.2916613817214966
709  0.2916513979434967
726  0.2916087508201599
741  0.29156821966171265
1518  0.29153525829315186
756  0.2914961576461792
752  0.2914285957813263
713  0.2913675308227539
720  0.2911968231201172
1486  0.29119065403938293
721  0.291110634803772
755  0.29086193442344666
1674  0.25420889258384705
1689  0.25400081276893616
1692  0.2539459466934204
1682  0.2539399564266205
1686  0.25388967990875244
1679  0.25385037064552307
1693  0.25383225083351135
1690  0.2537967562675476
1655  0.2535989582538605
1702  0.2535841464996338
1678  0.25350430607795715
1691  0.2535012364387512
1707  0.25345268845558167
1685  0.2534334361553192
1694  0.253386527299881
1661  0.25333505868911743
1683  0.25331369042396545
1670  0.25321125984191895
1708  0.253202885389328
1672  0.2531414330005646
1662  0.2531214952468872
1709  0.25310268998146057
1671  0.253060519695282
1665  0.2529718279838562
1697  0.25292709469795227
1654  0.2529180645942688
1687  0.25291508436203003
1706  0.25284990668296814
1673  0.2528371214866638
1680  0.25282883644104004
1677  0.2528265714645386
1681  0.2528265416622162
1688  0.2528264820575714
1676  0.25281113386154175
1696  0.25280284881591797
1657  0.2527962028980255
1659  0.25279250741004944
1658  0.25278186798095703
1675  0.2527655065059662
1684  0.2527410387992859
1700  0.25269657373428345
1660  0.252682089805603
1667  0.25266069173812866
1701  0.25259023904800415
1652  0.25258973240852356
1666  0.25258123874664307
1699  0.25248366594314575
1704  0.25245213508605957
1668  0.2524504065513611
1695  0.2524414658546448
1653  0.2524315118789673
1703  0.2524281442165375
1656  0.25238680839538574
1705  0.25227418541908264
1664  0.2522686719894409
1669  0.25218436121940613
1663  0.2520388960838318
1698  0.25136372447013855
295  0.14674241840839386
1651  0.13682924211025238
1238  0.13357533514499664
1103  0.12198593467473984
1092  0.12186809629201889
1105  0.12186429649591446
1071  0.12173419445753098
1099  0.1216798648238182
1073  0.12167869508266449
1093  0.12167765945196152
1077  0.12166143953800201
1090  0.12162066251039505
1074  0.12159066647291183
1104  0.12157084047794342
1102  0.12153198570013046
1100  0.12151012569665909
1112  0.12149503082036972
1085  0.12148171663284302
1096  0.1214519739151001
1088  0.12143000215291977
1068  0.12142325192689896
1076  0.12142165005207062
1094  0.12133156508207321
1101  0.12131324410438538
1087  0.12131014466285706
1079  0.12128251791000366
1075  0.12128236144781113
1117  0.12126597762107849
1084  0.12122529000043869
1089  0.12122119963169098
1080  0.12118558585643768
1095  0.12115789204835892
1082  0.12114284187555313
1086  0.12112542241811752
1064  0.12110812962055206
1069  0.12110435217618942
1062  0.12105579674243927
1098  0.12103451788425446
1097  0.12102300673723221
1111  0.12101353704929352
1072  0.12100306153297424
1109  0.12100043892860413
1066  0.12098290026187897
1081  0.12093663215637207
1067  0.12092854082584381
1108  0.12092840671539307
1083  0.12081334739923477
1107  0.12080101668834686
1063  0.1207847073674202
1106  0.12069366127252579
1118  0.1206895038485527
1113  0.12067269533872604
1078  0.12058006972074509
1114  0.12056916207075119
1116  0.1205647811293602
1091  0.12056062370538712
1110  0.12052977085113525
1065  0.12051456421613693
1115  0.12046875059604645
1070  0.1202598586678505
1119  0.12025534361600876
59  0.08008109033107758
177  0.07276356965303421
708  0.05285029113292694
590  0.03770996257662773
1250  0.03635696321725845
1276  0.036356035619974136
1271  0.036323510110378265
1243  0.03630641847848892
1244  0.03629119321703911
1282  0.03628681227564812
1280  0.03628571331501007
1273  0.03627634420990944
1278  0.03627261891961098
1261  0.03626846522092819
1269  0.036267515271902084
1265  0.03626497462391853
1264  0.03626246005296707
1281  0.03625955060124397
1279  0.03625951707363129
1286  0.036248140037059784
1246  0.03624695539474487
1239  0.03624185174703598
1253  0.03624015673995018
1262  0.03622973710298538
1248  0.036225806921720505
1242  0.03622286766767502
1267  0.03622260317206383
1266  0.036222077906131744
1277  0.03621711954474449
1249  0.036199238151311874
1254  0.03619665652513504
1252  0.036196060478687286
1263  0.036192551255226135
1245  0.036190662533044815
1274  0.03618817776441574
1270  0.0361870713531971
1296  0.036187056452035904
1292  0.03618637099862099
1291  0.03617871552705765
1275  0.03617827594280243
1259  0.03617612272500992
1293  0.03617051988840103
1257  0.036170266568660736
1295  0.03616470843553543
1287  0.03615572676062584
1260  0.03614937886595726
1294  0.036138057708740234
1283  0.036137450486421585
1258  0.03613265976309776
1241  0.036117009818553925
1268  0.03611418977379799
1256  0.036109328269958496
1290  0.03610777482390404
1247  0.03610638901591301
1289  0.03610081225633621
1255  0.03609149158000946
1285  0.03607751801609993
1272  0.0360771007835865
1288  0.03607156500220299
1251  0.03604863956570625
1284  0.03604677692055702
1240  0.03601069003343582
329  0.03150096535682678
345  0.031494807451963425
317  0.03148991987109184
340  0.03148603439331055
351  0.031485337764024734
297  0.031484223902225494
304  0.031483788043260574
319  0.031476158648729324
308  0.03147543594241142
353  0.03146904334425926
349  0.03146834298968315
330  0.03146624192595482
312  0.031463272869586945
350  0.031463004648685455
348  0.03145943209528923
316  0.03145739063620567
342  0.03145565092563629
296  0.03145284205675125
341  0.03145086020231247
323  0.031447816640138626
300  0.03144705295562744
347  0.0314410999417305
320  0.03143920376896858
310  0.031434401869773865
331  0.03143339604139328
309  0.0314321406185627
302  0.031430236995220184
344  0.03142866492271423
337  0.0314241461455822
313  0.031423650681972504
324  0.03142258897423744
303  0.03141957148909569
334  0.031419020146131516
306  0.031418852508068085
326  0.031418681144714355
336  0.03141847625374794
327  0.031417105346918106
301  0.031415943056344986
328  0.03141527995467186
352  0.03141342103481293
332  0.03141159191727638
346  0.03140547126531601
299  0.03140314668416977
318  0.03140239417552948
311  0.03140074014663696
315  0.03139908239245415
298  0.031397636979818344
335  0.03139694035053253
333  0.031396523118019104
314  0.03139548376202583
343  0.03139360621571541
339  0.031380072236061096
338  0.03137205168604851
322  0.03137168288230896
305  0.031368475407361984
307  0.03136182576417923
325  0.03136090189218521
321  0.03135395422577858
916  0.009903140366077423
894  0.009874959476292133
920  0.009873517788946629
908  0.009864786639809608
919  0.0098617784678936
918  0.009850033558905125
922  0.00984958279877901
924  0.009847480803728104
912  0.009841261431574821
906  0.009838901460170746
907  0.009838394820690155
888  0.00982772558927536
915  0.00982749368995428
893  0.009826834313571453
938  0.009826509281992912
936  0.009825034998357296
917  0.009823852218687534
910  0.009821932762861252
926  0.009816201403737068
891  0.009815349243581295
896  0.009814449585974216
890  0.009809988550841808
889  0.009809955954551697
942  0.009809303097426891
930  0.009808446280658245
898  0.009808200411498547
913  0.009805570356547832
901  0.009804454632103443
929  0.00980336219072342
885  0.009801298379898071
927  0.009799377992749214
914  0.00979851745069027
928  0.009792615659534931
933  0.009787831455469131
909  0.009787452407181263
905  0.009786990471184254
886  0.009785233996808529
897  0.009782000444829464
892  0.00978151522576809
939  0.009781482629477978
911  0.009780471213161945
904  0.009780245833098888
921  0.009777323342859745
934  0.009775624610483646
923  0.009773819707334042
887  0.009766461327672005
900  0.009764828719198704
932  0.009761574678122997
935  0.009760462678968906
925  0.009759441018104553
940  0.009757602587342262
899  0.00975614134222269
895  0.009754515253007412
902  0.009752056561410427
931  0.009752009995281696
903  0.009747958742082119
941  0.009740909561514854
937  0.009740128181874752
1297  0.008790156804025173
1533  0.008234621025621891
354  0.006117960903793573
1474  0.005953326355665922
943  0.005660219583660364
485  0.005246724933385849
497  0.0052392142824828625
509  0.005233449395745993
501  0.005233394913375378
528  0.005231841001659632
512  0.005230173468589783
504  0.005230143666267395
502  0.0052295830100774765
499  0.005219949875026941
515  0.005219115410000086
510  0.005216692108660936
503  0.005216469522565603
506  0.005216195248067379
483  0.005215093959122896
498  0.005214334465563297
529  0.005211676005274057
477  0.005209656897932291
507  0.005209226626902819
495  0.005208982620388269
492  0.0052085500210523605
488  0.005208305548876524
473  0.005207351874560118
500  0.005206828471273184
511  0.005205166060477495
475  0.005204679910093546
482  0.005204139277338982
524  0.005203820765018463
480  0.005203490145504475
505  0.005202245898544788
486  0.005200116895139217
518  0.005200020503252745
523  0.00519863236695528
508  0.005197961814701557
527  0.0051965415477752686
496  0.005195407662540674
520  0.005195333622395992
521  0.0051931533962488174
494  0.00519228121265769
484  0.005190278869122267
487  0.005188132170587778
478  0.0051879603415727615
526  0.00518757151439786
490  0.005185517482459545
493  0.005185438320040703
522  0.0051848976872861385
525  0.005184735171496868
491  0.00518433703109622
517  0.005181329324841499
481  0.00517905643209815
474  0.0051783048547804356
513  0.00517731299623847
514  0.0051769837737083435
489  0.005176079925149679
479  0.005172766279429197
519  0.005172628443688154
476  0.005163447465747595
516  0.005162526853382587
530  0.005160756874829531
1120  0.00394154479727149
1385  0.002948021749034524
1369  0.0029462650418281555
1381  0.002939346246421337
1396  0.0029361031483858824
1386  0.0029357459861785173
1383  0.002934690797701478
1393  0.002934029558673501
1412  0.0029323126655071974
1394  0.0029306376818567514
1399  0.002929117763414979
1387  0.0029265317134559155
1388  0.0029247996862977743
1366  0.0029244408942759037
1376  0.0029237763956189156
1389  0.0029225298203527927
1382  0.0029211489018052816
1391  0.002919625723734498
1379  0.002919078804552555
1413  0.0029190427158027887
1359  0.0029151844792068005
1390  0.0029151190537959337
1404  0.002913790289312601
1357  0.0029135202057659626
1402  0.0029131753835827112
1367  0.002912711352109909
1361  0.002912282245233655
1372  0.002911655232310295
1411  0.0029102542903274298
1392  0.0029098503291606903
1405  0.002908804453909397
1395  0.002907954156398773
1370  0.002907687332481146
1384  0.0029074717313051224
1408  0.0029073210898786783
1368  0.00290697137825191
1364  0.0029068496078252792
1362  0.00290565169416368
1407  0.0029048738069832325
1374  0.0029010367579758167
1398  0.002900700317695737
1373  0.0028998483903706074
1406  0.0028997946064919233
1410  0.0028993752785027027
1409  0.0028992306906729937
1378  0.0028987110126763582
1371  0.0028977408073842525
1380  0.002895018318668008
1401  0.002894829725846648
1377  0.0028944306541234255
1375  0.002892317483201623
1365  0.0028885025531053543
1358  0.002887276466935873
1397  0.002886886475607753
1400  0.002886774018406868
1414  0.0028837546706199646
1363  0.002882319735363126
1360  0.0028794019017368555
1403  0.002873694524168968
1575  0.0024017593823373318
1571  0.002398954937234521
1567  0.002397445961833
1356  0.0023959362879395485
1543  0.0023951693437993526
1564  0.002394515322521329
1556  0.0023941374383866787
1579  0.002393726259469986
1547  0.0023927208967506886
1561  0.00239259353838861
1573  0.002391164656728506
1568  0.00238982611335814
1565  0.002388446358963847
1562  0.002386583713814616
1550  0.0023862035013735294
1539  0.0023860172368586063
1563  0.0023858060594648123
1566  0.002383944345638156
1588  0.002383881015703082
1559  0.002383588347584009
1540  0.0023835792671889067
1558  0.0023834954481571913
1555  0.0023829080164432526
1574  0.0023827063851058483
1584  0.002382615813985467
1557  0.0023817443288862705
1572  0.0023815641179680824
1546  0.002381309401243925
1587  0.0023805946111679077
1582  0.0023802367504686117
1585  0.0023794816806912422
1586  0.002379113808274269
1552  0.002377818338572979
1560  0.0023777890019118786
1541  0.002377771772444248
1549  0.002377335447818041
1538  0.0023770953994244337
1589  0.0023769033141434193
1537  0.00237636873498559
1570  0.0023761913180351257
1590  0.0023757820017635822
1554  0.0023751072585582733
1576  0.002374768489971757
1544  0.0023744250647723675
1542  0.0023744115605950356
1569  0.0023743289057165384
1536  0.002374071627855301
1551  0.002373916795477271
1580  0.0023736581206321716
1583  0.002372760558500886
1548  0.0023721850011497736
1535  0.0023720553144812584
1553  0.0023697679862380028
1591  0.0023697365541011095
1577  0.0023694592528045177
1578  0.00236935424618423
1581  0.0023679682053625584
1534  0.0023634331300854683
1545  0.0023587774485349655
1324  0.0018848286708816886
1337  0.0018817317904904485
1327  0.0018799869576469064
1330  0.001877709524706006
1323  0.0018740989034995437
1354  0.0018738510552793741
1298  0.0018738294020295143
1313  0.001873468398116529
1329  0.001872626831755042
1322  0.0018720397492870688
1340  0.0018717189086601138
1336  0.0018708879360929132
1334  0.0018705585971474648
1325  0.00187034928239882
1309  0.0018702771048992872
1328  0.0018702192464843392
1300  0.0018700342625379562
1303  0.0018698463682085276
1343  0.0018698391504585743
1312  0.0018695401959121227
1302  0.0018691133009269834
1310  0.0018686461262404919
1307  0.0018679515924304724
1305  0.0018665369134396315
1332  0.001866427599452436
1320  0.0018658157205209136
1346  0.0018653965089470148
1326  0.0018650895217433572
1308  0.0018645382951945066
1311  0.0018637079047039151
1335  0.0018631863640621305
1316  0.0018623643554747105
1345  0.0018618644680827856
1348  0.001861071796156466
1351  0.00186053232755512
1341  0.0018603552598506212
1318  0.0018591460539028049
1338  0.0018575239228084683
1342  0.0018574843415990472
1339  0.0018572162371128798
1350  0.0018570070387795568
1347  0.0018567690858617425
1353  0.0018560764146968722
1355  0.0018559254240244627
1349  0.0018553275149315596
1315  0.0018549258820712566
1306  0.0018533477559685707
1319  0.0018525478662922978
1333  0.0018525233026593924
1317  0.0018521080492064357
1301  0.0018520092125982046
1352  0.001851846231147647
1331  0.0018514628754928708
1321  0.0018499105935916305
1304  0.0018485510954633355
1344  0.0018469310598447919
1314  0.0018453977536410093
1299  0.0018438822589814663
236  0.0017626774497330189
531  0.000763693533372134
1592  0.0006567563978023827
396  0.0005915355286560953
383  0.0005915189394727349
397  0.0005915053770877421
386  0.0005913247587159276
364  0.0005913032800890505
389  0.0005912987980991602
370  0.000591277377679944
368  0.0005912415799684823
377  0.0005911077605560422
359  0.0005909550818614662
366  0.0005908781895413995
382  0.0005908596212975681
355  0.0005908483872190118
380  0.0005907819140702486
357  0.0005907222512178123
398  0.0005906887236051261
385  0.0005905947764404118
391  0.0005905469297431409
402  0.0005904835416004062
395  0.000590412993915379
387  0.0005903310957364738
392  0.0005902469856664538
393  0.000590132491197437
360  0.0005899016978219151
379  0.0005898577510379255
369  0.0005897849914617836
362  0.0005896899965591729
373  0.0005896883667446673
405  0.000589658273383975
381  0.00058960315072909
390  0.0005894180503673851
410  0.0005893351626582444
394  0.0005892419721931219
361  0.0005890572210773826
384  0.0005890521570108831
378  0.0005890336469747126
365  0.0005890220636501908
409  0.0005889614694751799
375  0.0005888812011107802
401  0.000588866590987891
399  0.0005888068117201328
374  0.0005887027364224195
411  0.0005886339931748807
403  0.0005885983700864017
358  0.0005885941791348159
367  0.0005885176942683756
376  0.0005884256679564714
408  0.0005883720587007701
407  0.0005878715310245752
412  0.0005878471420146525
400  0.0005877462681382895
404  0.0005877031944692135
372  0.0005876536015421152
406  0.0005876342765986919
388  0.0005873957416042686
356  0.0005872597103007138
363  0.0005872242036275566
371  0.0005861125537194312
1639  0.0005053604254499078
1620  0.0005051957559771836
1627  0.0005051721818745136
1638  0.0005051261396147311
1616  0.0005047261947765946
1632  0.0005047245067544281
1630  0.0005047021550126374
1621  0.0005046290461905301
1626  0.000504612922668457
1623  0.000504582654684782
1634  0.0005045015714131296
1606  0.0005044852732680738
1624  0.000504310941323638
1646  0.0005041525582782924
1613  0.0005041059921495616
1625  0.0005039697862230241
1598  0.0005038689123466611
1618  0.0005038148374296725
1600  0.0005038141389377415
1622  0.0005037959199398756
1617  0.0005037879454903305
1599  0.0005037538940086961
1610  0.0005037219380028546
1607  0.0005037154769524932
1597  0.0005037051159888506
1609  0.0005036683869548142
1602  0.0005036300281062722
1611  0.0005036048241890967
1649  0.0005036007496528327
1608  0.0005035779322497547
1642  0.0005035553476773202
1645  0.0005034600617364049
1595  0.0005034471396356821
1641  0.0005033605266362429
1650  0.0005033574416302145
1601  0.0005033197230659425
1633  0.0005032996414229274
1644  0.0005032506887800992
1643  0.0005032147164456546
1603  0.0005031899781897664
1628  0.0005031228647567332
1637  0.0005030648317188025
1619  0.0005029969615861773
1648  0.0005029907333664596
1631  0.0005029526073485613
1647  0.0005028886371292174
1615  0.0005028433515690267
1629  0.0005028342711739242
1596  0.0005028207669965923
1605  0.0005027556326240301
1635  0.0005027125007472932
1612  0.0005026229191571474
1640  0.0005025501013733447
1594  0.0005024011479690671
1614  0.0005023865378461778
1604  0.0005020385142415762
1593  0.0005019516684114933
1636  0.0005016374052502215
568  0.00022682744020130485
571  0.00022675239597447217
561  0.00022651492326986045
544  0.00022650044411420822
560  0.0002263914211653173
588  0.000226374133490026
556  0.00022630704916082323
547  0.00022622891992796212
566  0.00022617998183704913
532  0.00022617113427259028
559  0.00022611916938330978
558  0.00022608360450249165
534  0.0002260021137772128
536  0.0002259566681459546
543  0.00022587932471651584
587  0.00022582356177736074
564  0.00022581775556318462
565  0.00022577661729883403
557  0.0002257234591525048
563  0.00022570646251551807
574  0.00022569354041479528
551  0.00022553950839210302
546  0.0002255012368550524
541  0.00022545846877619624
577  0.00022540558711625636
582  0.00022528934641741216
581  0.0002252631529700011
545  0.00022524276573676616
562  0.0002252298581879586
539  0.00022521891514770687
569  0.0002251940022688359
576  0.000225176612730138
567  0.00022510362032335252
579  0.00022509053815156221
549  0.0002250375400763005
580  0.00022496544988825917
553  0.0002248505043098703
537  0.00022478769824374467
570  0.00022475126024801284
542  0.00022473004355560988
540  0.0002247141965199262
554  0.00022461866319645196
550  0.0002246182266389951
585  0.00022456790611613542
583  0.00022446236107498407
552  0.00022445294598583132
584  0.0002244302595499903
575  0.0002243525959784165
535  0.00022429956879932433
555  0.00022427049407269806
573  0.0002242480404675007
572  0.0002242377813672647
586  0.00022419416927732527
533  0.00022408644144888967
538  0.00022405291383620352
548  0.00022404969786293805
578  0.00022393267136067152
589  0.0002237826120108366
219  0.0002062922139884904
206  0.0002060557308141142
220  0.00020599130948539823
208  0.00020595062233041972
221  0.00020584855519700795
215  0.00020583266450557858
209  0.00020573276560753584
187  0.0002056880621239543
193  0.00020565961312968284
180  0.0002056537487078458
212  0.00020564629812724888
218  0.00020564161241054535
191  0.00020563315774779767
189  0.00020555769151542336
216  0.00020551809575408697
200  0.00020546989981085062
203  0.00020545149163808674
178  0.00020543992286548018
214  0.00020536140073090792
205  0.00020535258227027953
201  0.00020532889175228775
225  0.00020527624292299151
184  0.0002052742929663509
192  0.00020526800653897226
228  0.00020524472347460687
182  0.00020523944112937897
204  0.00020522242994047701
210  0.0002052140043815598
202  0.00020515863434411585
198  0.00020513555500656366
233  0.0002051248011412099
196  0.00020509312162175775
190  0.00020508705347310752
183  0.0002050094335572794
185  0.00020494768978096545
217  0.00020488105656113476
188  0.0002048808673862368
213  0.00020480489183682948
224  0.00020478009537328035
197  0.0002046762383542955
232  0.00020465886336751282
222  0.00020462919201236218
227  0.0002045880537480116
181  0.00020458121434785426
199  0.00020455956109799445
195  0.00020452329772524536
211  0.00020450653391890228
207  0.00020440068328753114
234  0.00020433538884390146
226  0.0002042866835836321
229  0.00020409298304002732
231  0.00020406632393132895
230  0.00020403071539476514
179  0.00020399394270498306
223  0.0002039787796093151
235  0.00020395136380102485
194  0.00020372822473291308
186  0.0002035513607552275
472  0.00013337039854377508
1179  5.609791332972236e-05
649  4.4390664697857574e-05
413  3.4491960832383484e-05
1415  1.6029262042138726e-05
849  1.0159683370147832e-05
859  1.014513964037178e-05
857  1.0136011042050086e-05
884  1.0134087460755836e-05
861  1.012761549645802e-05
848  1.0127073437615763e-05
860  1.0124756045115646e-05
865  1.0119070793734863e-05
870  1.011263611871982e-05
830  1.0110533366969321e-05
863  1.0109713912243024e-05
856  1.0106802619702648e-05
854  1.0101859515998513e-05
835  1.0100588042405434e-05
837  1.0089709576277528e-05
868  1.008914114208892e-05
877  1.0087707778438926e-05
852  1.0087698683491908e-05
858  1.008767958410317e-05
846  1.0085756002808921e-05
867  1.0084265340992715e-05
853  1.0083543202199508e-05
829  1.0082004337164108e-05
883  1.0082004337164108e-05
832  1.0080706488224678e-05
851  1.0079659659822937e-05
847  1.007849641609937e-05
831  1.007673745334614e-05
838  1.0074277270177845e-05
842  1.0069138625112828e-05
871  1.006874481390696e-05
862  1.0068188203149475e-05
845  1.0067295079352334e-05
879  1.0066824870591518e-05
839  1.006679576676106e-05
834  1.0064856724056881e-05
864  1.0062879482575227e-05
840  1.0062659384857398e-05
875  1.006056754704332e-05
850  1.0060432941827457e-05
869  1.0059531632578e-05
874  1.0058734915219247e-05
881  1.0055503480543848e-05
828  1.005540707410546e-05
833  1.0049041520687751e-05
882  1.0045955605164636e-05
836  1.0039759217761457e-05
866  1.003959641820984e-05
855  1.0039578228315804e-05
880  1.0038294931291603e-05
843  1.003367196972249e-05
872  1.0030572411778849e-05
841  1.0025702977145556e-05
827  1.002507360681193e-05
844  1.0024203220382333e-05
876  1.0012375241785776e-05
878  9.984874850488268e-06
873  9.984684766095597e-06
826  8.799949682725128e-06
975  7.485380137950415e-06
967  7.483253284590319e-06
981  7.476162863895297e-06
983  7.474508493032772e-06
977  7.4743948061950505e-06
974  7.474280664609978e-06
953  7.4730046435433906e-06
965  7.472206107195234e-06
985  7.471786830137717e-06
972  7.470895525329979e-06
969  7.466123406629777e-06
978  7.465511316695483e-06
945  7.464044301741524e-06
971  7.463895599357784e-06
956  7.463140718755312e-06
966  7.46267778595211e-06
988  7.462287157977698e-06
968  7.462265330104856e-06
950  7.462059329554904e-06
987  7.461170298483921e-06
948  7.460956112481654e-06
982  7.459989319613669e-06
959  7.45925626688404e-06
976  7.458984782715561e-06
970  7.458259915438248e-06
997  7.458068012056174e-06
979  7.456580988218775e-06
952  7.456468210875755e-06
960  7.4558984124450944e-06
955  7.455721060978249e-06
989  7.454996193700936e-06
986  7.45421357351006e-06
949  7.454078968294198e-06
944  7.45312581784674e-06
947  7.452223599102581e-06
995  7.452195404766826e-06
957  7.451811143255327e-06
992  7.451307283190545e-06
946  7.451193596352823e-06
961  7.450902103300905e-06
993  7.450517841789406e-06
984  7.4500703703961335e-06
1000  7.449644272128353e-06
973  7.449430995620787e-06
963  7.448798896803055e-06
994  7.4487707024673e-06
1001  7.4483518801571336e-06
962  7.448216365446569e-06
951  7.448018095601583e-06
980  7.447776170010911e-06
964  7.446980816894211e-06
958  7.446412382705603e-06
999  7.443643426086055e-06
954  7.442244623234728e-06
990  7.4412228059372865e-06
996  7.440825811499963e-06
998  7.440818535542348e-06
991  7.439130513375858e-06
767  4.737481503980234e-06
1002  4.272313162800856e-06
1061  3.614184834077605e-06
678  2.4718303848203504e-06
687  2.471356765454402e-06
704  2.4684266008989653e-06
672  2.4680050501046935e-06
669  2.466285195623641e-06
662  2.465678335283883e-06
705  2.464984845573781e-06
667  2.46439958573319e-06
692  2.464134240653948e-06
702  2.464075350872008e-06
668  2.46361469180556e-06
676  2.4634384772070916e-06
680  2.4633327484480105e-06
681  2.463316150169703e-06
697  2.4632856820971938e-06
707  2.463212922521052e-06
679  2.462909833411686e-06
666  2.462604470565566e-06
654  2.462599923092057e-06
660  2.462477823428344e-06
685  2.462376869516447e-06
665  2.462209977238672e-06
674  2.4621656393719604e-06
694  2.4617756935185753e-06
655  2.4617618237243732e-06
701  2.4617074814159423e-06
684  2.461618578308844e-06
670  2.4616088012408e-06
703  2.461186568325502e-06
691  2.460860287101241e-06
663  2.4608298190287314e-06
698  2.460564473949489e-06
651  2.4605060389149003e-06
675  2.4604964892205317e-06
695  2.460360292388941e-06
690  2.460174982843455e-06
673  2.4599967218819074e-06
677  2.45998262471403e-06
688  2.459473762428388e-06
683  2.4594241949671414e-06
659  2.4592484351160238e-06
686  2.45915680352482e-06
699  2.4585731352999574e-06
689  2.4585240225860616e-06
706  2.4585074243077543e-06
664  2.4583080175943905e-06
657  2.4582823243690655e-06
671  2.457417622281355e-06
658  2.4571315861976473e-06
653  2.4571008907514624e-06
682  2.456976972098346e-06
700  2.4565131298004417e-06
661  2.4563817078160355e-06
693  2.456332822475815e-06
650  2.4557937194913393e-06
696  2.455775074849953e-06
652  2.4543260224163532e-06
656  2.4541993752791313e-06
1710  2.4001344627322396e-06
439  1.637467335058318e-06
425  1.6364261909984634e-06
456  1.6362421320081921e-06
461  1.635150169931876e-06
440  1.635036255720479e-06
446  1.634874138289888e-06
448  1.6344125697287382e-06
436  1.6339607782356325e-06
452  1.6338095747414627e-06
419  1.633617898733064e-06
418  1.6334637393811136e-06
424  1.6333063967977068e-06
451  1.6330540120179649e-06
457  1.6326289369317237e-06
442  1.632590056033223e-06
443  1.6324001990142278e-06
444  1.631780605748645e-06
455  1.6317541167154559e-06
462  1.6317200106641394e-06
414  1.63162667377037e-06
417  1.6316048458975274e-06
428  1.6310571027133847e-06
416  1.6310463024638011e-06
423  1.6310416413034545e-06
427  1.630892370485526e-06
453  1.6308097201545024e-06
466  1.6306169072777266e-06
467  1.6305797316817916e-06
438  1.6305112922054832e-06
464  1.630323140489054e-06
433  1.6301721643685596e-06
470  1.6300712104566628e-06
458  1.629951498216542e-06
432  1.6298847640427994e-06
450  1.629727648833068e-06
454  1.62969661232637e-06
426  1.6293967064484605e-06
468  1.6292506188619882e-06
449  1.6288032611555536e-06
429  1.628772110962018e-06
434  1.6287161770378589e-06
471  1.6286121535813436e-06
431  1.6285843003061018e-06
441  1.62841024575755e-06
430  1.628355903449119e-06
463  1.6279118426609784e-06
435  1.6278078192044632e-06
421  1.6276090946121258e-06
420  1.6275857888103928e-06
469  1.62699313932535e-06
459  1.6262530380117823e-06
460  1.6258561572612962e-06
437  1.6254313095487305e-06
465  1.6249944110313663e-06
415  1.6247277017100714e-06
445  1.6246455061263987e-06
422  1.6243512845903751e-06
447  1.6229002994805342e-06
1733  1.139005121331138e-06
1739  1.1383156106603565e-06
1741  1.1382808224880137e-06
1762  1.138265588451759e-06
1754  1.1381820286260336e-06
1735  1.1381723652448272e-06
1749  1.1381398508092389e-06
1722  1.1380941487004748e-06
1725  1.1378922408766812e-06
1734  1.137866206590843e-06
1759  1.1378401723050047e-06
1743  1.1378239150872105e-06
1755  1.1378011777196662e-06
1712  1.1377663895473233e-06
1726  1.1377632063158671e-06
1747  1.1377317150618182e-06
1745  1.1376688462405582e-06
1767  1.1376524753359263e-06
1748  1.1375992698958726e-06
1763  1.1375841495464556e-06
1727  1.137562321673613e-06
1720  1.137560275310534e-06
1751  1.137555841523863e-06
1742  1.1375418580428232e-06
1728  1.137535377893073e-06
1711  1.1374735322533525e-06
1713  1.1374301038813428e-06
1756  1.1373911092960043e-06
1724  1.137352001023828e-06
1719  1.137342223955784e-06
1716  1.1373043662388227e-06
1738  1.137285835284274e-06
1750  1.1371535038051661e-06
1766  1.1371340633559157e-06
1730  1.1370797210474848e-06
1768  1.136973423854215e-06
1752  1.136895434683538e-06
1714  1.1368879313522484e-06
1765  1.136880314334121e-06
1740  1.1368499599484494e-06
1723  1.1368249488441506e-06
1746  1.1368000514266896e-06
1764  1.1367967545083957e-06
1753  1.1367458228050964e-06
1715  1.1367349088686751e-06
1744  1.1366743137841695e-06
1737  1.1365983709765715e-06
1758  1.1364943475200562e-06
1760  1.136295963988232e-06
1717  1.1362798204572755e-06
1731  1.1362516261215205e-06
1721  1.1362451459717704e-06
1732  1.136237528953643e-06
1761  1.1361323686287506e-06
1718  1.1360619964762009e-06
1729  1.1359948075551074e-06
1736  1.135703428190027e-06
1757  1.1355074320817948e-06
813  1.0302132977813017e-06
798  1.0292773140463396e-06
802  1.0286071301379707e-06
777  1.0280236892867833e-06
804  1.0278453146383981e-06
799  1.0277462934027426e-06
805  1.027544385578949e-06
808  1.02754233921587e-06
770  1.0275296062900452e-06
790  1.0275061868014745e-06
795  1.0272073041051044e-06
769  1.0270770189890754e-06
774  1.0267862080581835e-06
809  1.0266578556183958e-06
812  1.026625568556483e-06
810  1.0264669754178612e-06
801  1.0263877356919693e-06
775  1.026385803015728e-06
787  1.0262771183988662e-06
781  1.0262623391099623e-06
788  1.0260432645736728e-06
824  1.0259923328703735e-06
807  1.0259384453092935e-06
793  1.0258846714350511e-06
822  1.0257888334308518e-06
784  1.025743813443114e-06
796  1.0255774895995273e-06
783  1.025483697958407e-06
821  1.0254406106469105e-06
816  1.0253927484882297e-06
818  1.025300775836513e-06
782  1.0252597348880954e-06
794  1.0252499578200513e-06
823  1.0249733577438747e-06
771  1.024902985591325e-06
814  1.0247905493088183e-06
825  1.0243174983770587e-06
773  1.0242414418826229e-06
817  1.0241946029054816e-06
780  1.0241544714517659e-06
776  1.0241203654004494e-06
789  1.024111497827107e-06
797  1.0238908316750894e-06
806  1.0236037724098423e-06
800  1.0235929721602588e-06
811  1.0230903626506915e-06
792  1.023046479531331e-06
778  1.0229518920823466e-06
785  1.0228006885881769e-06
791  1.0227539632978733e-06
819  1.0224164270766778e-06
803  1.0222634045931045e-06
768  1.0221863249171292e-06
772  1.0220645663139294e-06
820  1.0220205695077311e-06
786  1.0217321460004314e-06
779  1.0205129683527048e-06
815  1.0197268238698598e-06
1454  6.039898039489344e-07
1447  6.036028707967489e-07
1424  6.03587295699981e-07
1467  6.035263027115434e-07
1462  6.03342698468623e-07
1439  6.032950068401988e-07
1468  6.030804229339992e-07
1473  6.028366215105052e-07
1434  6.026991741236998e-07
1426  6.025716174917761e-07
1423  6.025663878972409e-07
1458  6.025222205607861e-07
1437  6.024957883710158e-07
1461  6.024595791132015e-07
1436  6.024113190505886e-07
1422  6.023745413585857e-07
1453  6.023694254508882e-07
1460  6.023314540470892e-07
1446  6.023124683451897e-07
1429  6.02244142555719e-07
1466  6.022263505656156e-07
1459  6.022257252880081e-07
1432  6.022229399604839e-07
1433  6.021827516633493e-07
1430  6.021620038154651e-07
1464  6.021350600349251e-07
1417  6.020058549438545e-07
1456  6.019512852617481e-07
1457  6.019496368026012e-07
1449  6.01865167482174e-07
1421  6.018600515744765e-07
1443  6.018186695655459e-07
1440  6.018181579747761e-07
1469  6.018066756041662e-07
1416  6.017980354044994e-07
1431  6.017526743562485e-07
1442  6.01720614668011e-07
1441  6.01632791585871e-07
1428  6.016276188347547e-07
1420  6.01539284161845e-07
1419  6.014956852595787e-07
1463  6.014944915477827e-07
1438  6.014658424646768e-07
1451  6.013236202306871e-07
1465  6.012754170114931e-07
1418  6.012605240357516e-07
1445  6.01251372245315e-07
1435  6.011957225382503e-07
1471  6.010833430991624e-07
1450  6.009927915329172e-07
1427  6.009790354255529e-07
1470  6.009607318446797e-07
1455  6.008735908835661e-07
1425  6.008730224493775e-07
1472  6.007275032970938e-07
1452  6.006415560477762e-07
1448  6.004130455039558e-07
1444  6.002298960083863e-07
1151  4.771632688971295e-07
1152  4.770267878484447e-07
1164  4.766012011714338e-07
1162  4.7600840957784385e-07
1149  4.7579555939591955e-07
1158  4.7577378836649586e-07
1123  4.7568619265803136e-07
1130  4.7528308755317994e-07
1156  4.7524727619929763e-07
1168  4.751031781324855e-07
1148  4.7499761990366096e-07
1160  4.749844606521947e-07
1141  4.749427944261697e-07
1171  4.7493776378360053e-07
1145  4.7492738985965843e-07
1144  4.74794234150977e-07
1176  4.7470052777498495e-07
1163  4.746493402763008e-07
1136  4.745927810745343e-07
1154  4.744624675367959e-07
1150  4.7431996108571184e-07
1157  4.742955468373111e-07
1132  4.7422273041775043e-07
1128  4.7407934289367404e-07
1153  4.7404361680492e-07
1175  4.740309691442235e-07
1133  4.7396409286193375e-07
1155  4.73948261969781e-07
1147  4.7393061208822473e-07
1159  4.738556071970379e-07
1135  4.738013785754447e-07
1138  4.7374308564940293e-07
1177  4.7367217348437407e-07
1121  4.7360083499370376e-07
1124  4.7344724407594185e-07
1127  4.732378044991492e-07
1134  4.732143565888691e-07
1172  4.73212566021175e-07
1140  4.7321205443040526e-07
1146  4.731024603188416e-07
1166  4.7309072215284687e-07
1131  4.7307582917710533e-07
1143  4.730397051844193e-07
1142  4.729314753149083e-07
1139  4.728742339921155e-07
1165  4.7284672177738685e-07
1161  4.7282503601309145e-07
1125  4.7269790570680925e-07
1167  4.726446718450461e-07
1170  4.725023075025092e-07
1169  4.7242613732123573e-07
1122  4.7225628918567963e-07
1126  4.722509459043067e-07
1137  4.719011315046373e-07
1129  4.7177871920212056e-07
1178  4.717143440302607e-07
1174  4.7151829107860976e-07
1173  4.7076119358280266e-07
1044  1.8658938927273994e-07
1036  1.86552910008686e-07
1015  1.8640851351392485e-07
1014  1.8639961751887313e-07
1016  1.8636619358858297e-07
1037  1.8631840248417575e-07
1042  1.863153755721214e-07
1006  1.8631145337622002e-07
1048  1.8630828435561853e-07
1030  1.8629886255894235e-07
1018  1.8627503095558495e-07
1051  1.8626455755565985e-07
1019  1.862567415855665e-07
1046  1.8625532050009497e-07
1027  1.8624324127358705e-07
1026  1.8622176867211238e-07
1007  1.8621500430526794e-07
1039  1.8621429376253218e-07
1034  1.862036498323505e-07
1003  1.8620185926465638e-07
1004  1.861894389776353e-07
1058  1.861843088590831e-07
1031  1.8617348018779012e-07
1028  1.8617006958265847e-07
1033  1.861489664634064e-07
1032  1.8614309738040902e-07
1056  1.86140454161432e-07
1020  1.861237421962869e-07
1010  1.861225058519267e-07
1035  1.861049412354987e-07
1022  1.8609323149121337e-07
1024  1.8609162566463056e-07
1029  1.8607477159093833e-07
1041  1.8606893092965038e-07
1040  1.8606164076118148e-07
1052  1.8605543061767094e-07
1045  1.8604336560201773e-07
1050  1.860419445165462e-07
1021  1.8600769635668257e-07
1013  1.8600273676838697e-07
1025  1.8598251472212723e-07
1043  1.8597916096041445e-07
1009  1.8597667406083929e-07
1049  1.859692133621138e-07
1017  1.8596300321860326e-07
1057  1.8594988659970113e-07
1060  1.8593605943806324e-07
1059  1.8589670958135684e-07
1023  1.8589580008665507e-07
1054  1.858729348214183e-07
1008  1.8583500605018344e-07
1011  1.858220741723926e-07
1053  1.8577424043542123e-07
1047  1.8576857030438987e-07
1005  1.857225129242579e-07
1012  1.85717368594851e-07
1055  1.8569488702269155e-07
1038  1.8567664028523723e-07
118  1.4200343123604853e-08
69  6.661596829715677e-10
83  6.661126095153236e-10
93  6.660033635697005e-10
90  6.659716111911962e-10
91  6.655372919439628e-10
99  6.654344852918825e-10
94  6.652149386887629e-10
82  6.650119899198614e-10
95  6.646290739986682e-10
64  6.644782502007729e-10
104  6.643641747849927e-10
97  6.641145966490569e-10
66  6.639220284654357e-10
84  6.637004834608717e-10
81  6.636586835639946e-10
85  6.635144100819446e-10
88  6.634688354267837e-10
60  6.633347759965602e-10
68  6.632740467971132e-10
65  6.632676630147216e-10
87  6.632486782010005e-10
89  6.632486782010005e-10
108  6.631677429425054e-10
101  6.63095633957056e-10
111  6.630842541710535e-10
102  6.630463400547626e-10
71  6.629869431229451e-10
73  6.629438664695897e-10
113  6.629198856522578e-10
80  6.629135573810174e-10
92  6.62893295810818e-10
98  6.62669585871356e-10
105  6.626455495428729e-10
96  6.626354465133488e-10
86  6.626089121830603e-10
67  6.625975323970579e-10
72  6.625431869800025e-10
117  6.624610304761802e-10
114  6.624534809596128e-10
76  6.623031567620785e-10
103  6.622311032877803e-10
74  6.621161396935804e-10
79  6.617727477120638e-10
63  6.616781567103658e-10
109  6.615153425038045e-10
106  6.612642655667855e-10
116  6.611609038031929e-10
61  6.610952896224376e-10
115  6.610940683771105e-10
75  6.610360592240738e-10
78  6.607549507542387e-10
70  6.606125091401793e-10
110  6.604915503416464e-10
62  6.602320912207915e-10
100  6.598254720380226e-10
77  6.592531520688283e-10
107  6.590922252414089e-10
112  6.585781919810074e-10
