120  0.28244733810424805
121  0.28244733810424805
122  0.28244733810424805
123  0.28244733810424805
124  0.28244733810424805
125  0.28244733810424805
126  0.28244733810424805
127  0.28244733810424805
128  0.28244733810424805
129  0.28244733810424805
130  0.28244733810424805
131  0.28244733810424805
132  0.28244733810424805
133  0.28244733810424805
134  0.28244733810424805
135  0.28244733810424805
136  0.28244733810424805
137  0.28244733810424805
138  0.28244733810424805
139  0.28244733810424805
140  0.28244733810424805
141  0.28244733810424805
142  0.28244733810424805
143  0.28244733810424805
144  0.28244733810424805
145  0.28244733810424805
146  0.28244733810424805
147  0.28244733810424805
148  0.28244733810424805
149  0.28244733810424805
150  0.28244733810424805
151  0.28244733810424805
152  0.28244733810424805
153  0.28244733810424805
154  0.28244733810424805
155  0.28244733810424805
156  0.28244733810424805
157  0.28244733810424805
158  0.28244733810424805
159  0.28244733810424805
160  0.28244733810424805
161  0.28244733810424805
162  0.28244733810424805
163  0.28244733810424805
164  0.28244733810424805
165  0.28244733810424805
166  0.28244733810424805
167  0.28244733810424805
168  0.28244733810424805
169  0.28244733810424805
170  0.28244733810424805
171  0.28244733810424805
172  0.28244733810424805
173  0.28244733810424805
174  0.28244733810424805
175  0.28244733810424805
176  0.28244733810424805
177  0.28244733810424805
533  0.28244733810424805
534  0.28244733810424805
535  0.28244733810424805
536  0.28244733810424805
537  0.28244733810424805
538  0.28244733810424805
539  0.28244733810424805
540  0.28244733810424805
541  0.28244733810424805
542  0.28244733810424805
543  0.28244733810424805
544  0.28244733810424805
545  0.28244733810424805
546  0.28244733810424805
547  0.28244733810424805
548  0.28244733810424805
549  0.28244733810424805
550  0.28244733810424805
551  0.28244733810424805
552  0.28244733810424805
553  0.28244733810424805
554  0.28244733810424805
555  0.28244733810424805
556  0.28244733810424805
557  0.28244733810424805
558  0.28244733810424805
559  0.28244733810424805
560  0.28244733810424805
561  0.28244733810424805
562  0.28244733810424805
563  0.28244733810424805
564  0.28244733810424805
565  0.28244733810424805
566  0.28244733810424805
567  0.28244733810424805
568  0.28244733810424805
569  0.28244733810424805
570  0.28244733810424805
571  0.28244733810424805
572  0.28244733810424805
573  0.28244733810424805
574  0.28244733810424805
575  0.28244733810424805
576  0.28244733810424805
577  0.28244733810424805
578  0.28244733810424805
579  0.28244733810424805
580  0.28244733810424805
581  0.28244733810424805
582  0.28244733810424805
583  0.28244733810424805
584  0.28244733810424805
585  0.28244733810424805
586  0.28244733810424805
587  0.28244733810424805
588  0.28244733810424805
589  0.28244733810424805
590  0.28244733810424805
828  0.28244733810424805
829  0.28244733810424805
830  0.28244733810424805
831  0.28244733810424805
832  0.28244733810424805
833  0.28244733810424805
834  0.28244733810424805
835  0.28244733810424805
836  0.28244733810424805
837  0.28244733810424805
838  0.28244733810424805
839  0.28244733810424805
840  0.28244733810424805
841  0.28244733810424805
842  0.28244733810424805
843  0.28244733810424805
844  0.28244733810424805
845  0.28244733810424805
846  0.28244733810424805
847  0.28244733810424805
848  0.28244733810424805
849  0.28244733810424805
850  0.28244733810424805
851  0.28244733810424805
852  0.28244733810424805
853  0.28244733810424805
854  0.28244733810424805
855  0.28244733810424805
856  0.28244733810424805
857  0.28244733810424805
858  0.28244733810424805
859  0.28244733810424805
860  0.28244733810424805
861  0.28244733810424805
862  0.28244733810424805
863  0.28244733810424805
864  0.28244733810424805
865  0.28244733810424805
866  0.28244733810424805
867  0.28244733810424805
868  0.28244733810424805
869  0.28244733810424805
870  0.28244733810424805
871  0.28244733810424805
872  0.28244733810424805
873  0.28244733810424805
874  0.28244733810424805
875  0.28244733810424805
876  0.28244733810424805
877  0.28244733810424805
878  0.28244733810424805
879  0.28244733810424805
880  0.28244733810424805
881  0.28244733810424805
882  0.28244733810424805
883  0.28244733810424805
884  0.28244733810424805
885  0.28244733810424805
1359  0.28244733810424805
1360  0.28244733810424805
1361  0.28244733810424805
1362  0.28244733810424805
1363  0.28244733810424805
1364  0.28244733810424805
1365  0.28244733810424805
1366  0.28244733810424805
1367  0.28244733810424805
1368  0.28244733810424805
1369  0.28244733810424805
1370  0.28244733810424805
1371  0.28244733810424805
1372  0.28244733810424805
1373  0.28244733810424805
1374  0.28244733810424805
1375  0.28244733810424805
1376  0.28244733810424805
1377  0.28244733810424805
1378  0.28244733810424805
1379  0.28244733810424805
1380  0.28244733810424805
1381  0.28244733810424805
1382  0.28244733810424805
1383  0.28244733810424805
1384  0.28244733810424805
1385  0.28244733810424805
1386  0.28244733810424805
1387  0.28244733810424805
1388  0.28244733810424805
1389  0.28244733810424805
1390  0.28244733810424805
1391  0.28244733810424805
1392  0.28244733810424805
1393  0.28244733810424805
1394  0.28244733810424805
1395  0.28244733810424805
1396  0.28244733810424805
1397  0.28244733810424805
1398  0.28244733810424805
1399  0.28244733810424805
1400  0.28244733810424805
1401  0.28244733810424805
1402  0.28244733810424805
1403  0.28244733810424805
1404  0.28244733810424805
1405  0.28244733810424805
1406  0.28244733810424805
1407  0.28244733810424805
1408  0.28244733810424805
1409  0.28244733810424805
1410  0.28244733810424805
1411  0.28244733810424805
1412  0.28244733810424805
1413  0.28244733810424805
1414  0.28244733810424805
1415  0.28244733810424805
1416  0.28244733810424805
32  0.28222212195396423
28  0.2822020649909973
34  0.28219684958457947
1  0.2821868062019348
5  0.2821691334247589
36  0.28213679790496826
23  0.28212103247642517
24  0.2821079194545746
3  0.282103955745697
58  0.2820965051651001
9  0.2820848524570465
8  0.28208374977111816
14  0.2820799946784973
55  0.2820720076560974
13  0.2820640802383423
41  0.2820606231689453
37  0.28205713629722595
31  0.28205251693725586
50  0.28203824162483215
44  0.2820328176021576
46  0.282029926776886
4  0.2820281386375427
27  0.28202447295188904
59  0.28202110528945923
30  0.2820180654525757
33  0.28201645612716675
35  0.282013863325119
25  0.28201332688331604
20  0.28200092911720276
2  0.2819998562335968
45  0.2819948196411133
29  0.28199276328086853
6  0.2819870114326477
26  0.28197598457336426
54  0.2819734811782837
18  0.2819729447364807
39  0.2819722890853882
56  0.2819557189941406
38  0.28194937109947205
43  0.2819296717643738
57  0.28189975023269653
40  0.2818962037563324
11  0.2818833589553833
17  0.28187352418899536
47  0.28187039494514465
53  0.2818502187728882
12  0.2818455100059509
48  0.2818371057510376
21  0.2818330228328705
51  0.2818254828453064
49  0.2818187177181244
10  0.28181251883506775
52  0.281803160905838
42  0.28179535269737244
16  0.2817780077457428
7  0.2817745804786682
15  0.28173866868019104
19  0.28169140219688416
22  0.2816348373889923
591  0.2808075547218323
628  0.28078314661979675
687  0.2807159423828125
693  0.28070852160453796
634  0.2806122303009033
1166  0.2805599868297577
398  0.28050854802131653
1123  0.2803942859172821
1177  0.28033772110939026
338  0.2803291380405426
1152  0.2802964746952057
339  0.2802527844905853
1156  0.2802235186100006
1536  0.2801971137523651
663  0.28019335865974426
619  0.280168354511261
336  0.2801399827003479
330  0.2800931930541992
678  0.2800905704498291
323  0.2800872325897217
326  0.2800661325454712
1159  0.28004172444343567
623  0.27999094128608704
682  0.279983252286911
355  0.27995651960372925
332  0.27990448474884033
333  0.27981624007225037
604  0.27977612614631653
630  0.2796728312969208
337  0.27963295578956604
298  0.27961063385009766
649  0.2795572280883789
1165  0.2795294523239136
305  0.2795276641845703
301  0.27952417731285095
1563  0.27951547503471375
385  0.27949652075767517
392  0.2794933021068573
614  0.27948880195617676
702  0.27948611974716187
598  0.27948102355003357
680  0.27947619557380676
1559  0.2794751524925232
311  0.2794595956802368
389  0.27945733070373535
315  0.2794475257396698
391  0.27941036224365234
1567  0.27940016984939575
651  0.2793966829776764
397  0.279335618019104
351  0.27932387590408325
395  0.2793205678462982
382  0.2792744040489197
592  0.2792662978172302
696  0.2792556881904602
691  0.27922070026397705
708  0.27918389439582825
1171  0.279169499874115
699  0.2791692614555359
1160  0.2791452407836914
675  0.2791444659233093
694  0.27910667657852173
673  0.27908265590667725
324  0.2790788412094116
657  0.2790778577327728
1538  0.27906534075737
621  0.27905142307281494
342  0.27904120087623596
686  0.27904069423675537
683  0.2790398597717285
1148  0.2790227234363556
1126  0.27902188897132874
650  0.2790045738220215
1576  0.2789995074272156
328  0.2789943218231201
1540  0.27898696064949036
677  0.2789749503135681
357  0.2789698541164398
695  0.2789691388607025
348  0.27895382046699524
661  0.27894771099090576
350  0.2789437472820282
595  0.27893930673599243
320  0.27893710136413574
643  0.27891895174980164
1543  0.27890831232070923
1544  0.27887845039367676
1593  0.2788749933242798
341  0.27887266874313354
637  0.27886998653411865
601  0.2788686454296112
609  0.2788667380809784
1129  0.27886199951171875
300  0.27885061502456665
1572  0.2788446843624115
297  0.2788257896900177
1176  0.2788203954696655
1150  0.2788131833076477
1124  0.2787898778915405
353  0.27878695726394653
1130  0.2787855565547943
679  0.2787749171257019
689  0.27877354621887207
665  0.2787708044052124
627  0.2787625789642334
688  0.2787538468837738
633  0.2787526845932007
662  0.27874940633773804
668  0.27874743938446045
331  0.278742253780365
626  0.27873942255973816
396  0.2787187695503235
1146  0.27871793508529663
356  0.27871283888816833
1558  0.27870815992355347
1169  0.27870437502861023
618  0.2786993980407715
334  0.2786940634250641
340  0.2786932587623596
698  0.27869024872779846
659  0.27868130803108215
329  0.2786790132522583
393  0.27867332100868225
632  0.278658926486969
364  0.27864110469818115
629  0.2786347270011902
319  0.2786318361759186
335  0.2786295413970947
1149  0.2786273956298828
316  0.2786237895488739
615  0.2786220908164978
674  0.27860674262046814
685  0.27860522270202637
690  0.2785995602607727
636  0.27859681844711304
603  0.2785937786102295
658  0.278592973947525
327  0.2785892188549042
299  0.27858418226242065
654  0.27856212854385376
1566  0.27855899930000305
692  0.27855348587036133
387  0.2785498797893524
1170  0.2785460650920868
625  0.27850472927093506
344  0.2784949243068695
1155  0.27848944067955017
378  0.2784886062145233
667  0.27846232056617737
1168  0.2784620225429535
1161  0.27846023440361023
390  0.27845892310142517
617  0.2784545123577118
1581  0.2784530222415924
401  0.2784497141838074
354  0.2784464359283447
1560  0.2784450054168701
1131  0.27843669056892395
600  0.2784271836280823
597  0.27841895818710327
360  0.2784186899662018
701  0.2784157991409302
1173  0.27840596437454224
641  0.2783898115158081
635  0.2783798575401306
605  0.27836331725120544
624  0.27836090326309204
1140  0.2783468961715698
1180  0.27833154797554016
1128  0.27832701802253723
640  0.2783234715461731
1163  0.2783205211162567
345  0.27831897139549255
666  0.27831196784973145
409  0.27830564975738525
608  0.2783007025718689
1569  0.2782992124557495
1539  0.27827680110931396
1585  0.2782686650753021
652  0.2782655656337738
346  0.27826187014579773
410  0.2782566547393799
602  0.27824756503105164
400  0.27824172377586365
655  0.2782401740550995
660  0.27822694182395935
684  0.2782156765460968
374  0.2782145142555237
1135  0.2782091796398163
1151  0.27820882201194763
1568  0.2782022953033447
1141  0.2781970202922821
1162  0.2781912088394165
1174  0.2781824469566345
664  0.2781822383403778
1571  0.2781654894351959
1537  0.27815526723861694
383  0.2781400680541992
656  0.27813854813575745
1579  0.2781372666358948
386  0.2781298756599426
631  0.27812638878822327
412  0.2781233787536621
616  0.2781229019165039
676  0.27808845043182373
681  0.27807873487472534
620  0.27807483077049255
1549  0.27803394198417664
1167  0.27801674604415894
607  0.27801457047462463
1154  0.2780041992664337
306  0.27799639105796814
653  0.2779957354068756
639  0.2779885232448578
407  0.27798065543174744
375  0.277957022190094
642  0.2779507339000702
1164  0.27792078256607056
700  0.2779127061367035
670  0.27790457010269165
302  0.27790147066116333
359  0.27789202332496643
1562  0.27788975834846497
1565  0.2778882384300232
1147  0.2778768539428711
370  0.2778664529323578
399  0.2778421938419342
1158  0.2778393626213074
413  0.27782994508743286
1589  0.27780675888061523
593  0.2778019905090332
1134  0.27780038118362427
325  0.2777973711490631
1590  0.27776309847831726
672  0.27775871753692627
358  0.27775490283966064
1139  0.27775391936302185
312  0.27775174379348755
1570  0.27774688601493835
403  0.2777401804924011
1178  0.27772825956344604
365  0.2777269184589386
402  0.2777242362499237
599  0.2777215838432312
706  0.27771615982055664
394  0.2777104377746582
321  0.2777031660079956
1157  0.27769193053245544
380  0.27768823504447937
596  0.2776862680912018
388  0.2776695787906647
594  0.2776690423488617
1125  0.2776489555835724
1591  0.27764806151390076
697  0.27764585614204407
361  0.2776011526584625
308  0.2775997221469879
1541  0.27759650349617004
1561  0.2775946855545044
707  0.27759334444999695
622  0.27759024500846863
645  0.2775653302669525
1564  0.27755147218704224
309  0.27754029631614685
304  0.2775028347969055
373  0.27749285101890564
1143  0.27749040722846985
1138  0.27748969197273254
1578  0.27748164534568787
317  0.27748024463653564
606  0.27747997641563416
379  0.27747106552124023
648  0.2774709463119507
647  0.27746936678886414
343  0.2774145007133484
1580  0.27738291025161743
313  0.27737006545066833
349  0.2773306369781494
314  0.2773098051548004
669  0.27730271220207214
671  0.2772917151451111
405  0.2772825062274933
703  0.2772795557975769
363  0.27727892994880676
613  0.27727076411247253
404  0.27726784348487854
307  0.2772672176361084
366  0.2772569954395294
1132  0.27725544571876526
1555  0.27725398540496826
1127  0.2772158980369568
1136  0.27720558643341064
705  0.2771976590156555
1137  0.27719494700431824
646  0.2771931290626526
368  0.2771839499473572
318  0.27716827392578125
322  0.2771657705307007
704  0.27716535329818726
612  0.27711808681488037
362  0.27707067131996155
1575  0.27706554532051086
1153  0.27705755829811096
1145  0.2770487070083618
310  0.27701860666275024
384  0.27693694829940796
638  0.2769222855567932
303  0.276907354593277
1553  0.27689290046691895
1547  0.2768893539905548
1574  0.2768667936325073
1179  0.27681881189346313
611  0.2768007814884186
371  0.2767387330532074
377  0.2767285704612732
1142  0.27671435475349426
610  0.27670276165008545
1587  0.27668723464012146
381  0.2766707241535187
367  0.2766689956188202
1542  0.27661043405532837
1552  0.2765878438949585
347  0.2765807807445526
372  0.2765662670135498
1548  0.2765418589115143
1175  0.27652591466903687
1573  0.27649447321891785
352  0.2764827311038971
1477  0.27646875381469727
1583  0.2764546573162079
411  0.2763684093952179
1588  0.27635902166366577
406  0.27633342146873474
1582  0.2763028144836426
376  0.27627110481262207
369  0.27624472975730896
644  0.27622470259666443
408  0.2761825919151306
1144  0.27612829208374023
1172  0.2761067748069763
1133  0.27607449889183044
1586  0.27605879306793213
1556  0.27600425481796265
1551  0.27599406242370605
1584  0.27582022547721863
1546  0.27577051520347595
1554  0.2757660746574402
1577  0.2756377160549164
1513  0.27550020813941956
1508  0.27548083662986755
1550  0.2754162847995758
1592  0.27540919184684753
1520  0.27535906434059143
1557  0.27530667185783386
1481  0.2752305269241333
1510  0.27512308955192566
1522  0.2751225233078003
1526  0.27502328157424927
1545  0.27497410774230957
1485  0.27495837211608887
1499  0.27493828535079956
1502  0.2749331593513489
1504  0.27480077743530273
1535  0.2747752368450165
1484  0.27470821142196655
1501  0.27468451857566833
1530  0.2746811509132385
1507  0.2746756672859192
1479  0.27460792660713196
1500  0.27459824085235596
1519  0.27458712458610535
1531  0.27456730604171753
1534  0.2745510935783386
1494  0.274469792842865
1509  0.27446454763412476
1478  0.2744569480419159
1521  0.2744530737400055
1515  0.27445197105407715
1517  0.2744443118572235
1490  0.2744438350200653
1480  0.27439627051353455
1505  0.274332195520401
1482  0.2741456925868988
1496  0.2741257846355438
1503  0.27409425377845764
1512  0.2740132510662079
1532  0.27387821674346924
1506  0.27383333444595337
1511  0.2738216519355774
1525  0.2738032042980194
1516  0.2737129330635071
1514  0.2736407518386841
1523  0.2735864520072937
1488  0.27355697751045227
1497  0.2734917998313904
1491  0.2733944058418274
1493  0.27318134903907776
1527  0.27306029200553894
1492  0.273048460483551
1518  0.27301251888275146
1489  0.27295392751693726
1524  0.27295053005218506
1483  0.2729191482067108
1495  0.2728109657764435
1529  0.2727277874946594
1528  0.2727184593677521
1486  0.2726278603076935
1487  0.2725061774253845
1498  0.2720044255256653
1533  0.2719569802284241
1181  0.23661968111991882
1122  0.23086969554424286
178  0.22296306490898132
296  0.2187044769525528
221  0.21710270643234253
218  0.2169809341430664
180  0.2167978584766388
205  0.21651682257652283
209  0.2165084183216095
208  0.21637976169586182
214  0.21636027097702026
201  0.21632759273052216
220  0.21622410416603088
213  0.2161567509174347
185  0.216146782040596
210  0.2161339968442917
216  0.21610675752162933
212  0.21606144309043884
211  0.21596869826316833
223  0.2159309685230255
232  0.21590228378772736
235  0.21589842438697815
200  0.21585851907730103
186  0.21580615639686584
215  0.21578218042850494
179  0.21576641499996185
233  0.21575067937374115
182  0.2157256156206131
203  0.21572060883045197
222  0.21569755673408508
181  0.21562880277633667
197  0.2155909538269043
183  0.2155580371618271
224  0.21553370356559753
225  0.21552099287509918
236  0.21549445390701294
190  0.21548834443092346
204  0.21543225646018982
187  0.21542057394981384
217  0.21541468799114227
230  0.21541272103786469
231  0.21536287665367126
188  0.2153124213218689
207  0.21530748903751373
202  0.21526920795440674
198  0.21524302661418915
206  0.21524257957935333
226  0.21521687507629395
191  0.215209499001503
189  0.2151719182729721
227  0.21507754921913147
184  0.21505990624427795
195  0.21496210992336273
234  0.21489426493644714
199  0.21482107043266296
219  0.21478168666362762
228  0.21477733552455902
196  0.21474333107471466
193  0.21469897031784058
229  0.21469782292842865
194  0.21455225348472595
192  0.2144087553024292
119  0.20713533461093903
1100  0.20493969321250916
1106  0.2049037367105484
1093  0.20488432049751282
1064  0.20484596490859985
1112  0.2047986388206482
1107  0.2047441005706787
1091  0.2046971321105957
1115  0.20468632876873016
1076  0.20463469624519348
1104  0.20460496842861176
1111  0.20458540320396423
1090  0.20458529889583588
1070  0.20458416640758514
1096  0.2045777142047882
1071  0.20454663038253784
1092  0.20454083383083344
1095  0.20454032719135284
1088  0.20453420281410217
1109  0.20449653267860413
1108  0.20448313653469086
1072  0.2044803351163864
1101  0.20447605848312378
1114  0.2044525146484375
1121  0.2044335901737213
1075  0.2044207602739334
1097  0.20439951121807098
1103  0.2043934464454651
1065  0.20438352227210999
1110  0.20437085628509521
1087  0.20434246957302094
1080  0.20433104038238525
1119  0.2043289691209793
1081  0.20430591702461243
1069  0.2042926400899887
1102  0.2042902261018753
1089  0.20427976548671722
1078  0.20427678525447845
1067  0.204264298081398
1099  0.2042473405599594
709  0.20423810184001923
1074  0.20423074066638947
1118  0.20422935485839844
1094  0.2042199820280075
1082  0.20420634746551514
1066  0.2041868269443512
1098  0.20418620109558105
1105  0.20416493713855743
1079  0.2041434347629547
1085  0.20411783456802368
1083  0.204075887799263
1086  0.2040645331144333
1117  0.20405763387680054
1073  0.20402996242046356
1116  0.20401732623577118
1068  0.20397362112998962
1077  0.20394106209278107
1084  0.20393428206443787
1120  0.2039230316877365
1113  0.20370224118232727
1063  0.18458838760852814
1034  0.17280445992946625
1041  0.17277546226978302
1048  0.1727333664894104
1047  0.17264221608638763
1005  0.17263014614582062
1032  0.17241929471492767
1017  0.17233140766620636
1038  0.1722727119922638
1053  0.17218177020549774
1056  0.17217333614826202
1042  0.1721665859222412
1052  0.1721397042274475
1012  0.17212282121181488
1011  0.1721024364233017
1037  0.1720753014087677
1036  0.17207472026348114
1055  0.17205855250358582
1045  0.1720568984746933
1031  0.17201758921146393
1059  0.17201551795005798
1029  0.17200550436973572
1050  0.17199987173080444
1033  0.17199845612049103
1028  0.17196394503116608
1030  0.17194052040576935
1013  0.17193326354026794
1006  0.17193268239498138
1051  0.1719103902578354
1062  0.17190617322921753
1044  0.17189976572990417
1022  0.1718808263540268
1049  0.17183366417884827
1016  0.17179851233959198
1008  0.17179349064826965
1039  0.171786829829216
1019  0.1717766672372818
1040  0.1717713326215744
1010  0.17175595462322235
1043  0.17167143523693085
1046  0.1716645210981369
1058  0.17160196602344513
1023  0.17158663272857666
1007  0.17156748473644257
1021  0.17156557738780975
1060  0.1715099811553955
1020  0.17147569358348846
1025  0.17147523164749146
1024  0.17140991985797882
1035  0.17140935361385345
1009  0.17139960825443268
1014  0.17137782275676727
1027  0.17136824131011963
1015  0.17136359214782715
1018  0.17134049534797668
1225  0.17124024033546448
1061  0.17118747532367706
1054  0.17109540104866028
1057  0.17105308175086975
1026  0.17103667557239532
1182  0.1705339103937149
1236  0.1703023612499237
1224  0.17027325928211212
1215  0.17023229598999023
1207  0.1700974404811859
1218  0.17004017531871796
1183  0.17003874480724335
1210  0.16987721621990204
1228  0.1697479486465454
1229  0.1697400063276291
1211  0.16972464323043823
1227  0.1697005033493042
1199  0.16960349678993225
1230  0.16959980130195618
1194  0.1695774644613266
1220  0.16950589418411255
1185  0.16946038603782654
1219  0.16942697763442993
1209  0.16939745843410492
1190  0.16936630010604858
1184  0.16936267912387848
1235  0.16929826140403748
1206  0.16929315030574799
1202  0.16927309334278107
1197  0.1692640483379364
1222  0.16920025646686554
1221  0.16914719343185425
1186  0.16909421980381012
1213  0.16904963552951813
1196  0.16902609169483185
1198  0.1689893901348114
1191  0.16897375881671906
1216  0.16895507276058197
1200  0.16895391047000885
1239  0.16895031929016113
1223  0.16890576481819153
1189  0.1688602715730667
1193  0.1688431203365326
1212  0.1688377410173416
1195  0.16881731152534485
1214  0.16880439221858978
1205  0.16876214742660522
1226  0.16871529817581177
1204  0.1686791479587555
1201  0.16866889595985413
1233  0.16860079765319824
1217  0.16859398782253265
1188  0.16855405271053314
1187  0.1685519516468048
1208  0.16841168701648712
1231  0.16836006939411163
1232  0.16828283667564392
1234  0.1682668924331665
1203  0.16816484928131104
1237  0.16812512278556824
1238  0.16812469065189362
1192  0.16800111532211304
1594  0.1620444804430008
746  0.16203464567661285
752  0.16179074347019196
737  0.1616997867822647
741  0.16160310804843903
722  0.16128772497177124
716  0.16124732792377472
739  0.16121406853199005
710  0.16114911437034607
750  0.1610162854194641
736  0.16101230680942535
754  0.16099561750888824
734  0.1609770655632019
758  0.16092708706855774
761  0.16091887652873993
767  0.16090545058250427
753  0.1608925461769104
732  0.16084027290344238
755  0.1608094573020935
748  0.16075612604618073
742  0.16071340441703796
721  0.16071096062660217
718  0.16068997979164124
747  0.1606687605381012
713  0.1606556475162506
744  0.16065189242362976
738  0.16062264144420624
720  0.1605903059244156
733  0.1605657935142517
727  0.16054004430770874
743  0.16051404178142548
745  0.16051357984542847
760  0.16049246490001678
757  0.16045384109020233
749  0.16041739284992218
726  0.16038286685943604
719  0.16032341122627258
715  0.1603183150291443
717  0.16030263900756836
711  0.16021189093589783
724  0.1601567268371582
765  0.1600870043039322
751  0.16007159650325775
735  0.16006244719028473
740  0.16004450619220734
725  0.16001421213150024
766  0.15995846688747406
759  0.15992172062397003
712  0.1598750650882721
723  0.15986423194408417
714  0.15984441339969635
756  0.15976662933826447
763  0.1596875935792923
731  0.15963974595069885
764  0.15960577130317688
728  0.15956813097000122
729  0.15952065587043762
730  0.1593668907880783
762  0.15920384228229523
1417  0.1440257728099823
1004  0.10519109666347504
1240  0.09266797453165054
1654  0.0827215239405632
1690  0.08262132853269577
1658  0.08261944353580475
1661  0.08261334896087646
1686  0.08260481059551239
1676  0.0826028436422348
1677  0.08260052651166916
1681  0.08259247243404388
1694  0.08256754279136658
1699  0.08254782110452652
1656  0.08254070580005646
1687  0.08253289014101028
1697  0.08252406120300293
1678  0.08251989632844925
1685  0.08251763880252838
1708  0.08250464498996735
1696  0.08250417560338974
1703  0.08249621838331223
1711  0.08248576521873474
1684  0.08247451484203339
1679  0.0824630856513977
1662  0.08246242254972458
1698  0.08245790749788284
1688  0.08242061734199524
1655  0.08241663128137589
1680  0.08241655677556992
1657  0.08241651952266693
1707  0.08241169154644012
1660  0.08241093903779984
1659  0.08240363001823425
1682  0.08239062130451202
1692  0.0823846310377121
1671  0.08237933367490768
1693  0.08237919211387634
1673  0.08237846940755844
1683  0.08237594366073608
1667  0.0823618546128273
1689  0.08235824853181839
1665  0.08235161751508713
1709  0.08234357833862305
1691  0.08234307914972305
1700  0.08234240859746933
1705  0.08231692761182785
1702  0.08230327814817429
1664  0.08228176832199097
1672  0.08227849751710892
1666  0.08227080851793289
1670  0.08227060735225677
1706  0.08226867020130157
1704  0.08225823193788528
1669  0.08224577456712723
1674  0.0822354257106781
1695  0.08219612389802933
1668  0.08216288685798645
1701  0.08216004818677902
1675  0.08215848356485367
1710  0.08213065564632416
1663  0.08207091689109802
982  0.07082543522119522
975  0.07072942703962326
973  0.0706249549984932
988  0.07061759382486343
977  0.07055890560150146
946  0.07053625583648682
989  0.07052411139011383
952  0.0705062672495842
994  0.07045962661504745
958  0.07045818120241165
972  0.07045534253120422
978  0.07044330984354019
997  0.07042894512414932
953  0.0703122690320015
970  0.07030440866947174
986  0.07029516994953156
990  0.07028724998235703
996  0.07024387270212173
1003  0.07024272531270981
957  0.07024203985929489
954  0.07023195177316666
985  0.07022026926279068
993  0.070203498005867
983  0.07019848376512527
974  0.07018061727285385
969  0.07017873227596283
984  0.07016501575708389
991  0.07015089690685272
1001  0.0701349526643753
947  0.07011076807975769
979  0.07010684907436371
962  0.07008537650108337
949  0.07006615400314331
951  0.07006175816059113
237  0.070048026740551
980  0.07003877311944962
992  0.07001383602619171
963  0.07001161575317383
981  0.07000716030597687
987  0.06998318433761597
1000  0.06998012214899063
960  0.06997989118099213
956  0.06995642185211182
948  0.06995043903589249
971  0.06994059681892395
964  0.06990987807512283
968  0.06987838447093964
976  0.06981978565454483
955  0.06981316208839417
1002  0.06980923563241959
967  0.06975661218166351
999  0.06973222643136978
959  0.0697123110294342
966  0.06970656663179398
950  0.06969746947288513
961  0.06968294829130173
998  0.0696408823132515
965  0.06963439285755157
995  0.06952419131994247
886  0.06904982030391693
1712  0.06631742417812347
280  0.05774218216538429
277  0.05764691159129143
264  0.05763984099030495
279  0.05756216496229172
273  0.05750489607453346
267  0.057496923953294754
239  0.057488810271024704
274  0.05745536834001541
256  0.057389140129089355
242  0.05730300396680832
271  0.05727975815534592
272  0.05724233016371727
292  0.057230956852436066
246  0.057223573327064514
294  0.057200413197278976
275  0.05719804763793945
240  0.05716865137219429
261  0.057155147194862366
270  0.057123880833387375
289  0.057121969759464264
269  0.05711619555950165
282  0.05711178854107857
291  0.05710919573903084
278  0.05710409954190254
265  0.057103224098682404
238  0.0571022592484951
268  0.05707959458231926
252  0.0570731945335865
281  0.05706861987709999
283  0.05704483389854431
284  0.05703071504831314
260  0.057016290724277496
257  0.05698223412036896
295  0.05694153159856796
285  0.05691325291991234
276  0.056907251477241516
247  0.05688809975981712
262  0.056875091046094894
286  0.05684127286076546
241  0.056826572865247726
245  0.056795813143253326
259  0.05675594136118889
250  0.05674474313855171
243  0.05673375725746155
248  0.05673058331012726
290  0.0566723458468914
287  0.05666571855545044
266  0.05665372312068939
258  0.056647974997758865
244  0.05664289370179176
253  0.05658724904060364
254  0.05653015151619911
249  0.05652104690670967
255  0.05648854747414589
288  0.056481365114450455
293  0.0564102828502655
251  0.05639280751347542
263  0.05631693825125694
945  0.02886759117245674
1284  0.022388823330402374
1241  0.022348320111632347
1295  0.022307204082608223
1277  0.022282471880316734
1283  0.02226199582219124
1270  0.022259611636400223
1274  0.02224419265985489
1288  0.022236503660678864
1266  0.02222740277647972
1242  0.02222704328596592
1244  0.0222220029681921
1286  0.02220146730542183
1289  0.022201057523489
1281  0.022193461656570435
1269  0.022187544032931328
1278  0.02217678725719452
1279  0.022169049829244614
1265  0.022161072120070457
1268  0.022142205387353897
1253  0.022138822823762894
1287  0.02212650701403618
1249  0.0221230611205101
1294  0.022121358662843704
1261  0.022116512060165405
1258  0.022105339914560318
1264  0.02210407331585884
1282  0.02210349030792713
1243  0.02210075967013836
1280  0.022097090259194374
1248  0.022095944732427597
1259  0.02208894118666649
1257  0.0220881886780262
1298  0.0220827404409647
1273  0.022075489163398743
1246  0.022071799263358116
1275  0.02207169495522976
1256  0.022057948634028435
1276  0.022057197988033295
1247  0.022037597373127937
1272  0.022034458816051483
1252  0.022030113264918327
1254  0.022030096501111984
1292  0.0220206119120121
1245  0.02202029712498188
1250  0.02201862446963787
1263  0.022012880071997643
1285  0.022009456530213356
1290  0.02200298011302948
1293  0.021999472752213478
1255  0.021997937932610512
1251  0.021991528570652008
1260  0.021989168599247932
1271  0.021988416090607643
1291  0.02198384515941143
1267  0.021977704018354416
1262  0.021928593516349792
1297  0.021923186257481575
1296  0.02190900407731533
1476  0.01633870229125023
532  0.015655608847737312
827  0.013547650538384914
414  0.013369004242122173
916  0.013272675685584545
914  0.013257709331810474
923  0.013253580778837204
930  0.013249129056930542
887  0.013246447779238224
920  0.013237263076007366
929  0.013236815109848976
893  0.013234423473477364
918  0.013226942159235477
941  0.013214773498475552
924  0.013210670091211796
925  0.013209439814090729
899  0.013206169940531254
944  0.01320122554898262
931  0.01319050695747137
910  0.013184215873479843
928  0.013183534145355225
892  0.013183403760194778
940  0.013180996291339397
890  0.013180376030504704
937  0.0131794149056077
919  0.013178471475839615
922  0.013178367167711258
904  0.01317688450217247
927  0.013176395557820797
894  0.013173871673643589
935  0.01317303441464901
895  0.013173021376132965
913  0.01317224744707346
911  0.013171955943107605
938  0.013167153112590313
912  0.013164892792701721
932  0.013163944706320763
921  0.013163573108613491
909  0.01316321361809969
933  0.013160581700503826
934  0.013154302723705769
903  0.013154198415577412
926  0.013154099695384502
898  0.013153034262359142
888  0.013152594678103924
942  0.013151511549949646
915  0.013149809092283249
896  0.01314480509608984
889  0.013133391737937927
905  0.013124902732670307
900  0.013121679425239563
891  0.013116758316755295
897  0.013114666566252708
943  0.013114666566252708
902  0.013112285174429417
901  0.013109422288835049
907  0.013091783039271832
917  0.013090409338474274
906  0.013074308633804321
936  0.013073417358100414
908  0.013067205436527729
939  0.013059078715741634
1299  0.010721816681325436
1418  0.008259913884103298
1454  0.008246402256190777
1450  0.008218332193791866
1425  0.008215922862291336
1463  0.008211136795580387
1422  0.008209817111492157
1441  0.0082090487703681
1440  0.008205516263842583
1442  0.008201946504414082
1424  0.008196542039513588
1467  0.008195828646421432
1458  0.008191627450287342
1443  0.008183271624147892
1460  0.008173602633178234
1445  0.008171770721673965
1426  0.008167381398379803
1471  0.008166037499904633
1475  0.00816544983536005
1472  0.008165095001459122
1423  0.00816459208726883
1448  0.008161604404449463
1462  0.008159959688782692
1461  0.008157799020409584
1449  0.008154697716236115
1420  0.008151829242706299
1429  0.008151073940098286
1469  0.008150695823132992
1421  0.0081470413133502
1444  0.008145170286297798
1437  0.00814492255449295
1436  0.008143412880599499
1419  0.008142936043441296
1457  0.008142766542732716
1451  0.008137076161801815
1468  0.00813671387732029
1466  0.008135475218296051
1435  0.008133459836244583
1446  0.008132120594382286
1434  0.008125392720103264
1452  0.008125062100589275
1456  0.008121520280838013
1455  0.00811930000782013
1473  0.008118961937725544
1470  0.008114386349916458
1447  0.0081141022965312
1464  0.008114071562886238
1431  0.008108869194984436
1433  0.008106714114546776
1438  0.008105640299618244
1459  0.008101822808384895
1439  0.008096352219581604
1453  0.008093947544693947
1432  0.008087947964668274
1428  0.008081149309873581
1465  0.008055556565523148
1474  0.008014912717044353
1427  0.008013737387955189
1430  0.008013411425054073
1358  0.006590808276087046
768  0.005720127839595079
441  0.0044252402149140835
457  0.004415398463606834
454  0.004414384253323078
456  0.004410211928188801
444  0.004408750683069229
451  0.004405365791171789
450  0.004404854960739613
448  0.0043945698998868465
423  0.004393456503748894
455  0.004391196183860302
416  0.004390637390315533
419  0.004388449247926474
433  0.004387611523270607
452  0.004382619634270668
449  0.004382602870464325
438  0.00438253628090024
442  0.004380593076348305
471  0.0043794456869363785
466  0.004378905054181814
429  0.004378435201942921
459  0.004377698991447687
469  0.004377616103738546
445  0.004373984877020121
460  0.004372116178274155
468  0.004370319191366434
417  0.004368132911622524
447  0.004368124529719353
418  0.004368108231574297
446  0.0043677473440766335
415  0.0043673450127244
434  0.004366283770650625
458  0.004366279114037752
437  0.004366138484328985
453  0.004365305416285992
472  0.004364438820630312
462  0.004361539147794247
424  0.004355282057076693
420  0.004354115575551987
463  0.004352904390543699
464  0.0043520075269043446
439  0.004351635929197073
430  0.0043513053096830845
427  0.004348575137555599
461  0.004348154179751873
443  0.004343738779425621
426  0.00434149568900466
422  0.004340803250670433
435  0.0043395874090492725
425  0.004339166916906834
467  0.004338021855801344
436  0.004336959216743708
421  0.00433369493111968
432  0.0043333242647349834
431  0.004326199647039175
440  0.004325197543948889
428  0.004323484841734171
465  0.004316064529120922
470  0.004310960881412029
1300  0.0016754469834268093
1343  0.0016744742169976234
1336  0.0016732359072193503
1354  0.0016731437062844634
1329  0.0016729953931644559
1333  0.0016726052854210138
1325  0.0016722374130040407
1301  0.0016719747800379992
1307  0.0016710263444110751
1308  0.0016706858295947313
1340  0.0016703630099073052
1353  0.0016703440342098475
1327  0.001670307363383472
1346  0.0016700753476470709
1345  0.0016699815168976784
1347  0.0016697747632861137
1303  0.0016697682440280914
1302  0.0016697176033630967
1306  0.0016696108505129814
1337  0.0016695997910574079
1323  0.001669327961280942
1317  0.0016693106153979897
1348  0.0016691578784957528
1335  0.0016691356431692839
1320  0.0016690784832462668
1342  0.0016689928015694022
1305  0.0016689116600900888
1339  0.0016688861651346087
1311  0.0016687497263774276
1357  0.0016687114257365465
1350  0.0016686366870999336
1338  0.0016684222500771284
1344  0.0016683904686942697
1304  0.0016682761488482356
1328  0.001668207929469645
1315  0.0016681140987202525
1318  0.0016680427361279726
1319  0.001667991979047656
1314  0.0016679205000400543
1330  0.0016678727697581053
1324  0.0016678252723067999
1341  0.0016677522799000144
1331  0.0016677140956744552
1355  0.0016675806837156415
1332  0.0016675250371918082
1326  0.001667053671553731
1309  0.0016668617026880383
1312  0.0016667315503582358
1322  0.0016665125731378794
1334  0.001666439464315772
1313  0.0016663697315379977
1349  0.0016662649577483535
1351  0.0016661856789141893
1316  0.0016658460954204202
1352  0.001665446674451232
1321  0.0016653926577419043
1310  0.0016645272262394428
1356  0.0016640580724924803
1653  0.001126268063671887
60  0.0010307333432137966
100  0.0008458851370960474
103  0.0008456417126581073
62  0.0008454725611954927
90  0.0008427651482634246
96  0.0008421855745837092
87  0.000841774046421051
102  0.0008412647875957191
97  0.0008412166498601437
98  0.0008408712456002831
95  0.0008397542405873537
69  0.0008396566263400018
117  0.0008392247254960239
94  0.0008387850248254836
106  0.0008387115085497499
92  0.0008385780965909362
114  0.0008385373512282968
79  0.0008382249507121742
85  0.0008380819926969707
61  0.0008380644139833748
107  0.0008376747719012201
83  0.0008375965408049524
105  0.000837555096950382
93  0.0008374656899832189
67  0.0008374577737413347
91  0.0008374337921850383
82  0.000837413826957345
66  0.0008368498529307544
104  0.0008368068374693394
64  0.000836743856780231
80  0.000836662482470274
63  0.0008364345412701368
108  0.0008361802902072668
71  0.0008360894862562418
65  0.0008360209758393466
78  0.000835997867397964
68  0.0008359708008356392
101  0.0008354428573511541
115  0.0008353186422027647
112  0.0008352248114533722
118  0.0008349327254109085
70  0.0008344492525793612
81  0.0008338005864061415
75  0.0008336663013324142
73  0.0008336615283042192
99  0.0008335828897543252
84  0.0008335765451192856
88  0.0008335472084581852
109  0.0008334129233844578
89  0.0008331945864483714
113  0.0008328143740072846
72  0.0008325596572831273
86  0.0008323597721755505
77  0.0008322534849867225
116  0.0008319712360389531
76  0.000831776182167232
111  0.0008308501564897597
74  0.0008306704694405198
110  0.0008300858316943049
1595  0.000804645475000143
1631  0.0008043778943829238
1599  0.0008034133934415877
1644  0.0008032741025090218
1640  0.0008018654189072549
1635  0.0008018608787097037
1619  0.000801814254373312
1603  0.0008016499341465533
1618  0.0008015713538043201
1617  0.0008013827027752995
1614  0.0008012895123101771
1602  0.0008012574398890138
1596  0.0008012261823751032
1620  0.000800933747086674
1601  0.0008009017328731716
1627  0.0008007750730030239
1625  0.0008005766430869699
1597  0.0008005598210729659
1652  0.0008005095296539366
1638  0.0008003943949006498
1606  0.0008000893285498023
1649  0.0007997204083949327
1639  0.0007994986954145133
1613  0.0007994521874934435
1600  0.0007994400220923126
1598  0.0007994125480763614
1622  0.000799328088760376
1626  0.0007991018937900662
1612  0.0007988848374225199
1624  0.0007987531134858727
1623  0.0007986451382748783
1615  0.0007986443233676255
1648  0.000798432738520205
1637  0.0007983908872120082
1630  0.0007983422838151455
1645  0.000798310968093574
1647  0.0007982950191944838
1610  0.0007982653914950788
1608  0.0007981079979799688
1628  0.0007980972877703607
1621  0.000798083608970046
1634  0.0007980517111718655
1641  0.0007979330257512629
1611  0.0007978007779456675
1636  0.0007977072382345796
1609  0.0007977011846378446
1643  0.0007976487395353615
1646  0.0007975430344231427
1632  0.0007975050830282271
1629  0.0007973508327268064
1605  0.0007971472223289311
1650  0.0007971085142344236
1633  0.0007969672442413867
1616  0.0007961050141602755
1642  0.0007956165936775506
1604  0.0007942977244965732
1651  0.0007940184441395104
1607  0.000792757433373481
798  0.0003434816899243742
805  0.0003433713281992823
795  0.000343266932759434
800  0.0003432247322052717
796  0.0003431177174206823
820  0.0003431089280638844
775  0.00034294341458007693
776  0.00034289469476789236
812  0.0003428832860663533
781  0.00034287478774785995
811  0.0003428580821491778
769  0.00034283980494365096
819  0.00034276890801265836
802  0.0003427554911468178
813  0.00034268753370270133
801  0.00034265813883394003
783  0.00034256145590916276
792  0.00034253924968652427
808  0.00034253139165230095
817  0.000342510174959898
806  0.0003424915485084057
809  0.0003424716414883733
777  0.0003424230089876801
793  0.00034240473178215325
824  0.00034237175714224577
797  0.0003423603193368763
814  0.00034229340963065624
803  0.0003422931185923517
804  0.0003422585141379386
816  0.00034223435795865953
826  0.0003422066511120647
815  0.0003421818255446851
780  0.00034217204665765166
825  0.00034216782660223544
794  0.0003421446308493614
770  0.0003421172732487321
823  0.00034207943826913834
785  0.00034207518910989165
786  0.00034205918200314045
810  0.0003419522545300424
771  0.00034190856968052685
772  0.00034188610152341425
791  0.0003418746928218752
774  0.00034185871481895447
799  0.00034185059485025704
773  0.00034184925607405603
778  0.00034179550129920244
788  0.00034171045990660787
782  0.00034166319528594613
807  0.00034163164673373103
787  0.00034162087831646204
784  0.00034153033629991114
822  0.0003414772800169885
789  0.00034143790253438056
779  0.0003413897065911442
790  0.00034127780236303806
818  0.0003411622892599553
821  0.00034093178692273796
1713  0.00011132797953905538
1756  0.00011124563025077805
1715  0.00011116302630398422
1736  0.0001111595265683718
1753  0.00011111236381111667
1744  0.00011107709724456072
1749  0.00011100763367721811
1735  0.00011093704961240292
1748  0.00011092605564044788
1740  0.00011090245970990509
1720  0.00011085181904491037
1770  0.00011079105024691671
1758  0.00011078301758971065
1721  0.00011075335351051763
1743  0.00011072737106587738
1717  0.00011072483903262764
1738  0.0001106264753616415
1746  0.00011062636622227728
1745  0.00011056139919674024
1714  0.0001105257761082612
1747  0.00011052355694118887
1742  0.00011047920270357281
1750  0.00011045001883758232
1732  0.00011044054554076865
1762  0.00011042611004086211
1716  0.00011041843390557915
1751  0.00011041306424885988
1767  0.00011039315722882748
1755  0.00011035821808036417
1739  0.0001103197064367123
1757  0.0001103159156627953
1768  0.00011022434046026319
1766  0.00011020815145457163
1737  0.00011019281373592094
1725  0.00011018892109859735
1760  0.00011013870971510187
1726  0.00011013346374966204
1718  0.00011011465539922938
1719  0.0001101105663110502
1730  0.00011010246817022562
1771  0.00011009418813046068
1752  0.00011008379078703001
1759  0.0001100623921956867
1724  0.00011005010310327634
1723  0.00011002471001120284
1733  0.00011002260725945234
1761  0.00011000992526533082
1741  0.00011000435915775597
1765  0.00010998212383128703
1764  0.00010996052151313052
1734  0.00010991805174853653
1763  0.00010991805174853653
1731  0.00010981046943925321
1729  0.0001098002030630596
1722  0.00010975855548167601
1769  0.00010974484030157328
1754  0.00010963354725390673
1728  0.00010960626241285354
1727  0.00010957763151964173
473  7.912793080322444e-05
526  1.6115509424707852e-05
494  1.6115218386403285e-05
497  1.6113972378661856e-05
528  1.6111822333186865e-05
495  1.6109810530906543e-05
476  1.6107765986816958e-05
513  1.6103358575492166e-05
517  1.6103113011922687e-05
492  1.6102438166853972e-05
525  1.6100946595543064e-05
520  1.6100701031973585e-05
506  1.6099274944281206e-05
486  1.608633465366438e-05
524  1.6085676179500297e-05
515  1.6084879462141544e-05
475  1.6084710296127014e-05
488  1.608260936336592e-05
478  1.608205639058724e-05
508  1.6081412468338385e-05
482  1.608104503247887e-05
481  1.608073762326967e-05
484  1.607923513802234e-05
498  1.6075755411293358e-05
521  1.6073639926617034e-05
530  1.607339254405815e-05
493  1.6073317965492606e-05
522  1.6072044672910124e-05
490  1.606899604666978e-05
502  1.6066498574218713e-05
504  1.606550176802557e-05
479  1.6064766896306537e-05
485  1.606438308954239e-05
511  1.6063953808043152e-05
487  1.6062896975199692e-05
509  1.606286605237983e-05
512  1.606217847438529e-05
527  1.605891520739533e-05
529  1.6057445463957265e-05
489  1.605727811693214e-05
531  1.605600664333906e-05
518  1.6055410014814697e-05
501  1.6053876606747508e-05
523  1.6053279978223145e-05
503  1.6053234503488056e-05
480  1.6053034414653666e-05
500  1.6051719285314903e-05
505  1.605078432476148e-05
519  1.604887074790895e-05
474  1.6047586541390046e-05
499  1.6044861695263535e-05
483  1.6042398783611134e-05
514  1.603360396984499e-05
516  1.603360396984499e-05
491  1.6031355698942207e-05
510  1.603043892828282e-05
507  1.60282233991893e-05
477  1.6021787814679556e-05
496  1.6019022950786166e-05
