637  1.0
679  0.8615203212863813
788  0.8608104693948702
722  0.7580766474588253
514  0.7348833473417145
515  0.734836560826739
442  0.7348169258875867
643  0.7347560563778972
441  0.7346123041383394
796  0.7138286842426826
798  0.7137032713876256
793  0.7133422255290548
235  0.7133319023261931
792  0.7132768312280052
242  0.7132102087823539
369  0.7132095162386317
375  0.7132070090850501
373  0.7131897413957585
948  0.7131797149605369
85  0.7128403392308541
196  0.7128265024698311
88  0.712783083142735
321  0.7127762469696308
86  0.7127621661887965
150  0.7127548289550941
356  0.7127520547613359
307  0.7127371636548335
191  0.7127353484531189
87  0.7127046802556875
97  0.7126759818123609
194  0.7126712602349929
89  0.7126686276487284
939  0.7124666837465399
152  0.7124603690130304
348  0.7124101056955311
965  0.7123798841120466
149  0.7123746857407979
674  0.7112414966501855
343  0.7112366063965382
487  0.7112307340372936
339  0.7112195299256819
368  0.7110138430669609
4  0.7102308029478434
907  0.7101794317515623
908  0.709952192600019
910  0.7099153796448417
444  0.7099039227322127
943  0.7098451288862251
238  0.7098022813024428
241  0.7092867194488668
863  0.7092346639824436
401  0.7092126908396015
407  0.7091956234767245
542  0.7091057079969468
60  0.7090981515537721
854  0.7089006355944384
871  0.7088656299445433
341  0.7088645956735837
364  0.7088525815832233
931  0.7088331316736837
390  0.7088202648750725
867  0.7088197510012527
433  0.708809000350816
860  0.7087849971974576
869  0.7087677384800896
857  0.7087472216338658
271  0.7087336933162381
875  0.7085686393853147
377  0.7085651568136849
387  0.7085560143140903
899  0.7085409044934199
966  0.708534106399771
386  0.7085261526693307
416  0.7085140554526859
924  0.7085113200026759
374  0.7084970915769677
947  0.7084781886535905
975  0.708448665916478
278  0.7084467100173122
388  0.7083551724571481
381  0.7083526287496069
406  0.7083446467192964
370  0.7083330707810088
865  0.7083061726504374
300  0.7082948079463968
116  0.7082891831771256
873  0.7082865664352354
305  0.7082747254266418
409  0.708241676485313
751  0.7082240285447584
262  0.7081838952397503
436  0.7081837077332035
261  0.708176243153989
23  0.7081508075237201
421  0.7081502864700696
324  0.708133156024169
21  0.7081265926581147
424  0.7081175185005683
596  0.7080727611359917
239  0.708058925496598
940  0.7080556833543746
690  0.7080343038161122
685  0.7080224608233874
432  0.7080216409277484
754  0.708014549175063
398  0.7079980849217221
245  0.7079883594681181
841  0.7079879782227686
334  0.7079779295850537
483  0.7079758404218591
839  0.7079750174096796
412  0.7079740180312909
756  0.7079666758168838
937  0.7079629351428567
933  0.7079628039918753
243  0.7079334847594889
248  0.7079331738356099
428  0.7079092789758002
707  0.7079033228408934
250  0.7078899994721535
829  0.7078089841672279
559  0.7078034466292773
961  0.7077939297670434
546  0.7077808426838896
827  0.7077439076907512
826  0.7077424871989678
850  0.7077148245176205
372  0.7077134098962794
306  0.7077059919289177
301  0.7076838851655666
848  0.7076819662182933
126  0.7076368819895028
247  0.7076328158408939
973  0.7076305645526773
974  0.7076278232498714
830  0.7076172813355951
84  0.7076094385774333
660  0.7076041488861226
53  0.7075955087449382
260  0.7075940220267339
155  0.7075919570763256
210  0.7075919458909051
293  0.707589102026062
257  0.7075845103577783
415  0.7075811780289281
423  0.7075759388745982
268  0.7075751882229452
63  0.7075735588293949
65  0.7075734145414321
968  0.7075704878839839
274  0.7075689735050072
319  0.7075652602055108
212  0.7075651289231526
101  0.7075648857650709
237  0.7075641464706045
874  0.7075638788806714
68  0.7075624148899115
928  0.7075577707514157
420  0.7075572965109801
92  0.707556630242719
620  0.7075564781741968
54  0.7075563050990129
59  0.7075549791716687
912  0.7075548554147701
94  0.7075548371480602
323  0.7075540777074983
272  0.7075520895796285
67  0.7075516845068451
945  0.7075490825601103
311  0.707548316923303
56  0.7075480748779969
944  0.7075479785164482
295  0.7075456701581825
66  0.7075437965445711
739  0.7075425380925165
264  0.7075411311978931
215  0.7075398766041757
70  0.7075381945085435
282  0.70753757427925
949  0.707537339080974
395  0.7075372817474782
294  0.7075359775645018
366  0.7075349692544053
100  0.7075348097042127
287  0.7075332517809088
833  0.7075326543668864
435  0.70753135767745
380  0.7075274129553225
91  0.7075270863740717
389  0.7075268545694392
333  0.7075263121679503
90  0.7075229569973299
328  0.7075217997635738
297  0.7075206014102772
109  0.7075199833876219
329  0.7075193548562647
222  0.7075192481975047
595  0.7075180288103671
284  0.7075178011019566
298  0.7075165798994568
244  0.7075138011851287
41  0.7075134289017576
256  0.7075126456063774
113  0.707512581750964
292  0.7075088372754081
855  0.7075044576781676
218  0.7075030997715256
225  0.7074993524736065
208  0.7074960645642322
280  0.7074933037452495
61  0.7074859502829891
95  0.7074833969269803
93  0.7074784586781557
888  0.7074720884568556
427  0.7074713102937189
18  0.7074525414690134
43  0.7074381472827413
950  0.7074352535951993
872  0.7074290096996754
115  0.7074244585135064
45  0.7074216923544877
926  0.7074149779426655
335  0.7074116456973909
246  0.7074084182970343
399  0.7074070693997041
414  0.7074034217485976
932  0.7073705058284958
353  0.7073694523643865
318  0.7073172456594947
837  0.7072851132759754
351  0.7072647171822903
304  0.7072597448083755
73  0.7072595224876892
971  0.7072593532230095
953  0.7072575703466867
170  0.7072539574829292
142  0.7072529058304072
64  0.7072441931164539
384  0.7072413687700324
770  0.7072383903306566
958  0.7072382700230736
146  0.7072356861781797
400  0.7072355400875924
265  0.7072348856858441
817  0.7072331723248304
659  0.707228964359552
276  0.7072289213811107
680  0.7072283870499694
882  0.7072278825810792
216  0.7072272214834753
960  0.7072268519378061
893  0.7072268343199071
858  0.7072253087046517
903  0.707222453625619
108  0.7072205062238742
964  0.7072201887777183
55  0.7072198351135338
52  0.7072181477837101
219  0.7072181368255618
217  0.7072177060192582
822  0.7072173353743803
371  0.7072117867581159
430  0.7072098999254207
569  0.7072098292304823
128  0.7072088532499383
842  0.7072083940167443
167  0.7072081881954876
104  0.7072062319073289
815  0.7072058238295988
143  0.7072030118376097
913  0.7072017970668637
349  0.7072012016040498
252  0.7071991904211374
230  0.7071982184501702
418  0.7071980185968104
749  0.7071977972535125
906  0.7071965517074834
309  0.7071962065801239
789  0.7071941076460914
405  0.7071918618746637
686  0.7071913977036035
955  0.707191199559855
308  0.7071900543179321
124  0.7071897399066763
347  0.7071890968980212
352  0.7071885033159117
147  0.7071876746178208
895  0.7071874190872689
746  0.7071853965326872
880  0.7071845996240519
144  0.7071809823159021
852  0.7071783183223679
57  0.7071780432251835
163  0.7071769816987171
379  0.7071739479544235
105  0.707173454214172
892  0.7071733914922417
692  0.7071716632000224
111  0.70717097475738
317  0.7071696225800723
159  0.7071686181646827
367  0.7071648403124613
923  0.7071640410482016
861  0.7071637874266644
102  0.7071623168160245
176  0.7071621418462033
853  0.7071617476947201
970  0.7071596193763795
213  0.7071585456740365
967  0.7071573460454617
345  0.7071549495694779
708  0.7071544690475607
312  0.7071544515582158
114  0.7071542023477121
122  0.7071534077224323
107  0.707149502575666
227  0.707148927774846
315  0.7071480807871141
883  0.7071473049504986
125  0.7071461798401113
130  0.7071458935317645
283  0.7071454570104909
864  0.7071446012394894
885  0.7071429712152556
50  0.7071417576699124
425  0.7071413057775258
809  0.7071406461281391
62  0.7071393894109864
358  0.7071379904341139
106  0.7071378612824702
127  0.7071354259196879
919  0.7071262091276853
121  0.7071221152752754
123  0.7071172068788892
291  0.707113567956516
270  0.7071075018958206
224  0.7070694695607231
820  0.7070638025729942
193  0.6919311834312568
877  0.6916351163267306
897  0.6916316973449174
901  0.6916066912376251
879  0.6915926055876815
904  0.6915667602309831
570  0.6915640489693385
814  0.6914943972486949
896  0.6914790720165829
845  0.690888067781528
835  0.6904878973625447
258  0.6903260993591127
889  0.6901603169041999
886  0.690094943222212
832  0.6896794148141907
410  0.6895417106237152
361  0.6884142727740975
667  0.6882619023100922
393  0.688257308443108
12  0.6882385125490154
156  0.6882335518920317
935  0.6882179111988459
512  0.6882079118045741
320  0.6881624332853343
9  0.6881547914040003
326  0.6881299238768716
154  0.6881232756952133
403  0.6881133953321403
332  0.6881116195831375
834  0.6880987538661845
354  0.6879916726458789
781  0.6879802963229391
780  0.6879179406383541
782  0.6878700498737275
783  0.6878195668762044
396  0.6875560732783729
98  0.6875545347379556
253  0.687539111109604
336  0.6875377770324519
346  0.687511334207856
451  0.6871754054207615
909  0.6871527699818161
331  0.6871455823826101
394  0.6871415766241952
392  0.6871411503541879
576  0.6871369893092796
383  0.6871150692964751
668  0.6871121822825339
422  0.6870988186132962
179  0.6870819219903583
959  0.6870674629172016
103  0.6870521830494478
402  0.6870400665531579
269  0.6870338832878223
445  0.687024794254551
434  0.6870078077809961
673  0.6869604418937358
378  0.6869420796111283
363  0.6868748011495955
181  0.6866701980021478
184  0.6866498004147852
813  0.6865952429233996
920  0.6865904694923112
357  0.6865594659838994
96  0.6865552845743967
922  0.6865481259490867
254  0.686528042561947
779  0.686485301261054
204  0.6864754853357538
951  0.6864737208569007
385  0.6864721534364654
934  0.686471792947661
322  0.6864573816677614
342  0.6864549114090961
461  0.686448091722561
199  0.6864383099690521
195  0.6864137104424488
811  0.6864087751895676
350  0.6864025071989425
488  0.6863953491726025
206  0.6863822110168922
900  0.6863775882805695
890  0.686374795748533
914  0.6863707518422454
340  0.6863614017466205
753  0.6863349512183822
201  0.686330926463759
197  0.6862737086886369
929  0.6862061768759469
801  0.686181399188766
799  0.6861687631309084
836  0.6861659155046641
78  0.6861475549303541
802  0.6861462996843769
806  0.6861192009695297
77  0.6860935355723413
83  0.6860877748021766
362  0.6860775110013972
804  0.6860737556353945
807  0.6860626698667384
805  0.6860523213861006
956  0.6860459847591176
824  0.6860099739878974
279  0.6859985821553378
236  0.6859980722206741
898  0.6859973555970632
803  0.6859582358790949
355  0.6859427437794864
915  0.6859121901748156
259  0.685876958029381
82  0.6857678721479481
168  0.685629947716698
784  0.6855431592179608
397  0.6855300769761516
166  0.6853544881619323
831  0.6847801482897582
717  0.6847149041933626
76  0.684634276184527
946  0.6846259976837725
808  0.6845760880846489
513  0.6845531462641289
365  0.6845354778989796
787  0.6844755699865429
776  0.6844736385513501
223  0.6844654441566677
74  0.6844629107252379
769  0.6844512495089381
531  0.6844482388375952
376  0.6844454800930161
344  0.6844179886709941
925  0.6844113734879794
99  0.6844095822100758
338  0.6844093560627403
229  0.6843967008865894
846  0.6843838494462191
800  0.6843777134721244
810  0.6843616207498795
226  0.6843406100703183
930  0.6843269065010971
773  0.6842292584952385
431  0.6835657741153899
748  0.6834656057044085
517  0.6834477636380488
777  0.6833482024517608
775  0.6832872601879962
26  0.6832728125730174
752  0.683267716292706
747  0.6832259337935098
870  0.6831995462887984
767  0.6831497437755473
772  0.6831285649267634
610  0.6830988164136776
774  0.6830734749283511
506  0.6830366723510664
139  0.6828704754141215
81  0.6828646297289713
71  0.6828422507466176
233  0.6828320465956876
72  0.6828102563336769
138  0.6828083026940853
876  0.682793749905867
79  0.6827766223505133
136  0.6827530273345389
134  0.6827248225920689
80  0.6826388964421357
141  0.6826254088553168
359  0.6825982348536418
771  0.6822685000042983
545  0.6812776445985842
644  0.681237133366047
647  0.6812131207709463
330  0.6811242873991988
592  0.6811056704318462
617  0.6811045737329607
621  0.6810242569213124
325  0.6809376969886127
501  0.6808405980817969
750  0.6807070637977847
823  0.6804269184869666
744  0.6798574696874655
187  0.6796315475898613
189  0.6796127732110274
443  0.6795157863922564
952  0.678897827059132
616  0.6786172472214869
778  0.6785645904267537
797  0.6782950309737832
731  0.677345379457785
818  0.6773138202382533
650  0.6773014476801096
495  0.6771142918349086
440  0.6758516922435304
764  0.6739432038186894
766  0.6739120596492074
765  0.6738717229064423
763  0.6736158331146608
169  0.6725403739125252
172  0.672324082795052
437  0.6696646458918175
439  0.6693944927552428
729  0.6693462527538911
790  0.6690634900192255
791  0.6689324043115518
634  0.6676860334862023
508  0.6675144856650884
639  0.6674757241031015
538  0.6674476767081999
182  0.6672952993238425
516  0.6672150470431405
609  0.6671878067960219
921  0.6670951988237809
532  0.6669994338401308
760  0.6667239115205617
762  0.6665390367309011
759  0.6664462870705675
761  0.6664111544380222
533  0.6656998248482244
537  0.6655267101213825
221  0.6621898727914552
697  0.6619255715176836
618  0.6618858469440695
622  0.661403442270795
735  0.6602720808976169
711  0.6598848628077448
564  0.6597658726952881
737  0.6597107056658663
657  0.6595912304816115
652  0.6595201955374519
601  0.6595083360770286
469  0.6592697358721479
632  0.6591213856391189
768  0.6555650307654622
786  0.654843092891652
785  0.6543069163887637
695  0.6532493800351133
670  0.6531812502756437
484  0.6531311728795154
704  0.6530831708928082
480  0.6530795632470873
482  0.6530532445878939
606  0.6529748417072954
15  0.6529357629076705
579  0.6527242892123943
481  0.6527216347853396
795  0.652521859409947
715  0.6520637067089432
794  0.6519080660747344
522  0.648158596259769
251  0.6480619131791371
745  0.6478848475085398
843  0.6477435445584704
936  0.6473982283120059
249  0.6473758236996747
543  0.6411989786182115
110  0.6408946987630748
544  0.6408076427172349
612  0.6407312346254183
730  0.6407045225249033
838  0.6406878434312657
534  0.6406436480990262
112  0.6405806482994686
672  0.640548037130087
733  0.6405225329825947
518  0.640479861779646
724  0.6404558772913306
528  0.6404274184573198
699  0.6403845671195239
938  0.6403647176389369
120  0.6403452866982868
505  0.6403049617142906
743  0.6402818357115976
507  0.6402628360323529
520  0.6402580480340084
658  0.6402389601654632
509  0.6401804224307485
511  0.640169405198424
927  0.640155189187124
504  0.6401202094647863
521  0.6401058445776795
734  0.6401027440967556
590  0.6400081059760465
426  0.6399710922110693
574  0.6399561188587626
548  0.639943934063417
727  0.6399068742431622
539  0.6398881618936261
455  0.6398610199936693
741  0.6397482137102337
502  0.6396348314509795
703  0.6396151240912643
438  0.6395585265435838
646  0.6395499011656411
976  0.6395344367312841
721  0.6394469636829434
740  0.6393762380447415
118  0.63937093278425
713  0.6393670137697122
641  0.6393533000151497
486  0.6390875360701398
327  0.6390408874053987
666  0.6388503673374004
413  0.6372639284661654
529  0.6272436970723144
572  0.6258348478222814
503  0.62533294062373
467  0.6246893458009236
598  0.6242695095857757
689  0.6239698886302452
684  0.6231256777838194
755  0.6224967853002628
675  0.6104608750138422
732  0.6094274520570041
757  0.6069908752958403
758  0.606316552215778
448  0.6060984873714894
316  0.6057774520358714
492  0.605550768847328
313  0.6054522910619259
630  0.6053782499090087
446  0.6052497275838633
457  0.6050603502989945
587  0.6046392784574459
459  0.6045791830938585
460  0.6042423036156721
566  0.6040247684826777
599  0.603514849371017
452  0.6028481341700443
510  0.6023125452352471
474  0.5752010031349408
277  0.5737148320845783
602  0.5734294711209237
581  0.5732041948379362
524  0.573193711700027
310  0.573151140371306
453  0.5729921947848996
463  0.5729588839066698
133  0.5726274148803607
303  0.5725322833674613
478  0.5723848090792661
360  0.5723529776202196
678  0.572278273700533
140  0.5722042174741107
738  0.5721646782893521
476  0.5720266297937917
135  0.5720055992348344
577  0.5717492732076884
464  0.571730280961763
701  0.5717183728375405
131  0.5715614070315571
723  0.5715568090988611
164  0.5715233742516593
466  0.5714227412609811
714  0.5714092722931562
299  0.5713094524940548
918  0.5711677310166344
584  0.5711548032847302
856  0.5711090261556494
527  0.5710509509427953
462  0.5710332890640525
129  0.570740794811438
417  0.5704392677322179
525  0.5699359092321299
526  0.569838519026467
137  0.5698236207244456
180  0.5697488083794625
972  0.5690276774870486
468  0.5654686486813768
471  0.564507175984983
470  0.5634240965705993
552  0.5133422801804322
593  0.5127384220253876
561  0.5115581983784289
571  0.5105752286708171
429  0.5105104846092785
623  0.5088542427848327
586  0.5086855731351965
562  0.5082266582385577
891  0.5066476531290689
626  0.5061144376725887
560  0.506086303674109
819  0.5040670639343818
812  0.5039774396753857
567  0.5038873777487525
677  0.5037892845048807
828  0.5033429880707105
494  0.5025509234632972
614  0.5023145315312822
702  0.5019786768581445
669  0.5019490326470375
942  0.5015470070070105
962  0.501442781020787
881  0.5012451134887239
887  0.5010604702985962
694  0.5003959272031006
884  0.5002177321810651
624  0.5000369493550816
682  0.4993805596758993
628  0.4992952536942469
698  0.49918960962415504
683  0.4991223014188677
589  0.4985984706057747
681  0.49831738762508104
705  0.4982527652088275
676  0.49814820817261546
696  0.4974673565975315
530  0.49733946835304615
625  0.49707656354533125
916  0.4969700701349649
894  0.4967873936179712
594  0.4966565193973418
825  0.4963946268563845
664  0.4961372886541853
969  0.49589298386700337
635  0.49586464727504614
391  0.495845129829359
688  0.49556883478941144
603  0.4955649616276128
477  0.49531066810111174
716  0.4952266168765097
636  0.4950997412158513
640  0.49506241963395775
535  0.49506079925747626
523  0.49503833184627904
240  0.49501018242649275
662  0.49483164400408414
821  0.49469866104845794
605  0.494612102734718
497  0.49453474899215605
665  0.4945009735330996
726  0.4944854484196702
475  0.4944682979331312
563  0.4944493329859431
671  0.4940779706403938
458  0.49364355814923194
557  0.4935326487538153
642  0.4933006318451674
627  0.49327603681587845
648  0.4930994473274183
649  0.4930588465539288
725  0.49290810851534955
619  0.49224838133084103
607  0.49197635852548366
651  0.49186425700134695
709  0.4918227738649687
472  0.491676691241594
957  0.491355155135642
496  0.4911785827564119
490  0.4909984788287791
633  0.49077484695720824
693  0.49075222643932653
540  0.4905911304050593
742  0.49053536051316415
661  0.49050928172750313
653  0.49048525610360105
604  0.4903637645548079
654  0.49032464986359975
500  0.4902374593307221
285  0.4900740547854512
585  0.4900679136071995
687  0.4900458194957311
536  0.48998613506954286
905  0.4898713238303631
553  0.48985263603559565
573  0.4891849397669792
479  0.48900188089191565
493  0.4888248009875895
615  0.4888084041976046
656  0.4887279250404778
69  0.4885817815336116
419  0.4884933089094218
558  0.488418474094109
902  0.48840372144603744
273  0.4878080301003319
281  0.48746757141462144
549  0.4874085979436308
591  0.48730242294597864
575  0.48729251911420396
554  0.48721779191178516
491  0.48700605417156223
583  0.48684707470649907
578  0.48677000608537435
489  0.4867347761810874
288  0.486583476557432
608  0.4863723872488803
613  0.4862982443776918
556  0.48614623919535216
75  0.48611472810395306
498  0.48603266584222055
382  0.4857799990188488
547  0.4855593633848421
499  0.48550650264502176
263  0.48526758405524273
449  0.4849536689572984
485  0.4842365850674745
580  0.4841859367408896
954  0.48384309309512674
736  0.48375837488277895
456  0.48373922187375246
337  0.48362045758173033
296  0.48353902284882366
473  0.48335881625131244
847  0.48319989402453634
663  0.48295185257024326
862  0.4819142758947038
541  0.4818375495038199
275  0.481622384389355
611  0.48151534857644973
631  0.4811258048999083
840  0.481070772081862
719  0.48099472459251824
700  0.48093963736665957
447  0.48091594990777714
555  0.48019205286530886
878  0.4799947762262582
849  0.4798566253338484
859  0.4797286021417869
706  0.4796665328261071
450  0.47966630160196394
712  0.4794240143445896
597  0.4791993763374865
408  0.47890742212599763
691  0.47854383897527925
411  0.4782140248974109
519  0.4777830227756289
844  0.4776897136174656
718  0.4774977656831416
851  0.47730246167052887
465  0.4772959555787041
629  0.477096970971376
600  0.4770694477929909
565  0.47699456026411857
454  0.4767143006109758
645  0.47626096111417304
720  0.47603439286562177
710  0.47588149910425454
582  0.47584373751407866
568  0.4752730807925133
655  0.47517934444858784
551  0.47450648657639344
588  0.47442196512056983
638  0.47357807340726316
1  0.0
2  0.0
3  0.0
5  0.0
6  0.0
7  0.0
8  0.0
10  0.0
11  0.0
13  0.0
14  0.0
16  0.0
17  0.0
19  0.0
20  0.0
22  0.0
24  0.0
25  0.0
27  0.0
28  0.0
29  0.0
30  0.0
31  0.0
32  0.0
33  0.0
34  0.0
35  0.0
36  0.0
37  0.0
38  0.0
39  0.0
40  0.0
42  0.0
44  0.0
46  0.0
47  0.0
48  0.0
49  0.0
51  0.0
58  0.0
117  0.0
119  0.0
132  0.0
145  0.0
148  0.0
151  0.0
153  0.0
157  0.0
158  0.0
160  0.0
161  0.0
162  0.0
165  0.0
171  0.0
173  0.0
174  0.0
175  0.0
177  0.0
178  0.0
183  0.0
185  0.0
186  0.0
188  0.0
190  0.0
192  0.0
198  0.0
200  0.0
202  0.0
203  0.0
205  0.0
207  0.0
209  0.0
211  0.0
214  0.0
220  0.0
228  0.0
231  0.0
232  0.0
234  0.0
255  0.0
266  0.0
267  0.0
286  0.0
289  0.0
290  0.0
302  0.0
314  0.0
404  0.0
550  0.0
728  0.0
816  0.0
866  0.0
868  0.0
911  0.0
917  0.0
941  0.0
963  0.0
977  0.0
