1140  0.7621162885039884
715  0.7615553137778528
799  0.7614993200021888
712  0.7614767279306341
878  0.7472368724174657
1105  0.7472287569347864
706  0.747217016076502
871  0.747211900048958
882  0.7472063425908583
174  0.7472061170137819
717  0.7472041758667439
874  0.7472040533846978
703  0.7451729844189674
1035  0.7451621964161601
949  0.745157246778641
704  0.7451558705698371
995  0.7451541771185911
968  0.7451507450534527
1378  0.7451422013972201
672  0.7451413676357296
487  0.74513623202691
701  0.7451173625856884
1721  0.7383394100661569
705  0.7381513123481301
360  0.7345023690544745
771  0.7338256482055383
742  0.7338093588903845
824  0.7337996664649689
828  0.7337985278707111
690  0.7337786391186708
49  0.7323525166556197
47  0.7323426474575165
53  0.7323399692781187
51  0.7323384411715246
57  0.7301605211671355
55  0.7301516311128491
56  0.7301430904611591
59  0.7301272876477997
638  0.729695550596194
133  0.7291575646756747
594  0.7287150686529078
111  0.7287117514113247
33  0.7287050654222796
445  0.7263686730166926
1537  0.726364663605723
1700  0.7263600663764374
98  0.7263491744300761
28  0.7263462567761575
1163  0.7231485646317224
91  0.7166608835447618
95  0.7166477948583486
89  0.7166451138679105
93  0.7166415572083022
683  0.7163926816005415
1679  0.716382901988156
69  0.7159273544452497
68  0.7159161730688627
987  0.7159115467189383
67  0.7159076793551802
1548  0.7159068153537453
64  0.715903124540449
1689  0.7159020135871432
162  0.7149539531888958
161  0.7149507922633955
1426  0.714949209966754
125  0.714555069366348
123  0.7145543750652593
1425  0.7145533145519971
753  0.7145462687076912
71  0.7140921104637189
542  0.7140883717692987
135  0.714080835570414
70  0.7140774962020442
369  0.7139034914022451
121  0.7134900316894558
72  0.7134895880415997
118  0.7134892811669779
134  0.7134887164499408
244  0.7134877806305506
160  0.7134866440653688
1389  0.7134864292659996
116  0.7134851458436808
877  0.7134833959162141
157  0.713483323446887
886  0.7134831736478946
154  0.7134799939828863
177  0.7134792047835232
119  0.7134774614641318
74  0.7132692191545357
656  0.7132631171659473
77  0.7132620783886618
637  0.7126155056734964
571  0.7126138765032938
1405  0.7123671135504428
557  0.7123263735786293
97  0.7122769437973744
99  0.7122748329349531
516  0.7122740133764296
384  0.7122702907376429
386  0.7122674549329361
382  0.7122618687985609
131  0.712257911634512
1413  0.7121614802596519
468  0.7121604995190508
475  0.7121563374005309
802  0.7121560367207251
471  0.7121558674173801
1186  0.7121557971776702
470  0.7121535810435264
477  0.7121515419201465
474  0.7121493754800187
518  0.7118404861520369
528  0.711840240221313
524  0.711839700147885
525  0.711835917279463
82  0.7118230798413258
1195  0.711820484572902
80  0.7118204655438517
81  0.7118180097256975
478  0.7116728382758435
685  0.7113542975437197
1565  0.7113515349843149
1687  0.7113491174754754
1678  0.7113467843373409
1547  0.7113451104441927
405  0.7111389505398618
459  0.711133258022347
1641  0.7110812779984657
1410  0.7110786218239584
128  0.7109797016516964
407  0.7107969305214487
78  0.71079562551009
87  0.7107945219339308
76  0.7107935189365832
86  0.7107934600894693
1768  0.7107923874254111
113  0.7107923653917814
85  0.7107893341607654
184  0.7107858185590644
409  0.7107840438215919
182  0.7107825597122207
1586  0.7107260602880993
1688  0.7107206307034584
986  0.7107160105624863
137  0.7107144336451664
437  0.7107134512088744
433  0.7107131409415618
682  0.710711869778596
620  0.7106948919377434
1652  0.7106927980691872
1386  0.7106919564854816
115  0.7106848327569961
185  0.7104439663403714
1461  0.7104392897167565
1438  0.7104361087670962
458  0.7104328248398615
454  0.7104324897540388
1725  0.710431814177419
457  0.7104314425574348
1262  0.7104311195598247
452  0.710430658280384
1542  0.710430422366106
456  0.7104276093728523
79  0.7102759029525124
1585  0.7102751798243772
166  0.7102703559688764
164  0.710269190594929
629  0.7102382848832359
168  0.7101692204299983
228  0.7101668644017316
165  0.7101666897664003
167  0.7101664970563141
633  0.7101653850859353
462  0.7100381216827454
461  0.7100363935783475
1404  0.7099681956123213
1402  0.7099681184735437
1650  0.7099661264982524
187  0.7099656072864579
664  0.7099652275188989
1400  0.7099648013472661
1396  0.7099646614259713
1772  0.7099633487224408
758  0.7099627575805284
465  0.7098777157108607
466  0.7098770220299574
1604  0.7098755560642896
463  0.709872109342614
464  0.709869617018431
1577  0.7098296570805632
1743  0.70982506381619
215  0.7098241028622282
217  0.7098195748752135
230  0.7097034623175384
1339  0.7097018148705104
1590  0.7097008513136808
1415  0.7097006671121768
1552  0.7096993538319039
752  0.7096989214764707
1424  0.7096986989504389
236  0.7096980573493704
232  0.7096974429001583
602  0.7096971673551953
234  0.7096961234768766
1451  0.7096954873891058
606  0.7096931313353148
611  0.7096917760163107
655  0.7096914643698516
544  0.7095612604984666
543  0.7095560803674051
1357  0.7095122739727798
493  0.7095103529376884
1490  0.7095101025323963
1732  0.7095100332880484
507  0.7095078638396962
1520  0.7095075683921945
504  0.7095070122871502
1762  0.7095068715434711
1596  0.7095067532060764
1385  0.7095060798857955
1464  0.7095058573966448
1360  0.7095054186100748
1483  0.7095052140226934
1047  0.7095044134605089
1524  0.7095041276891042
1479  0.7095034013226826
1387  0.7095027007375257
1563  0.7095025642682647
251  0.7094291779456761
1511  0.709412409007552
872  0.709410225168999
533  0.7092444707611261
1572  0.7092431087088524
881  0.7092350131396193
1388  0.709198114091454
630  0.7090563412426802
188  0.7090559137620155
634  0.7090549967688449
1391  0.7090538826427798
1729  0.7090529486406691
532  0.70905209885357
1742  0.709050617288897
1496  0.709048340243158
192  0.7090481470054306
190  0.7090464746490035
1231  0.7090332884148202
14  0.7089892900290626
1613  0.7089869476442671
1513  0.7089835123420336
1601  0.7089823799656849
1519  0.7089800353652221
1288  0.7089771789202196
194  0.7089545795389215
482  0.7089523928587154
536  0.7089514520006002
1502  0.7089511771491391
1753  0.7089505510376276
1640  0.7089484871845511
734  0.7089483129281982
1541  0.7089477775423445
176  0.7089393003767213
583  0.7089284019196915
179  0.7089277046356387
180  0.708927612857391
226  0.7089268756255847
181  0.7089244769626305
175  0.7089240990311426
514  0.7089217328061354
173  0.7089209080904201
1418  0.7089161478554886
918  0.7088729957664018
1414  0.7088531085896073
759  0.708835933042956
450  0.7087988806982694
930  0.7087977242569168
197  0.7087974173804019
1774  0.7087950941538694
196  0.7087948829955009
933  0.7087947273304402
914  0.7087940705947512
438  0.7087920058932438
899  0.7087912730379932
198  0.7087884621741833
239  0.7087879999182252
736  0.7087877839881456
249  0.7087875415891067
449  0.7087866700132252
250  0.7087861043269341
1224  0.7087860582330464
1550  0.7087858023793775
641  0.7087857658847097
1074  0.7087855159461618
1737  0.7087851881703019
246  0.708783709029167
1558  0.7087828179738926
265  0.708781564721123
943  0.7087809279333661
262  0.7087805982072488
1403  0.7087802072306965
238  0.7087792746052762
222  0.7087792610221099
653  0.7087789975444034
1630  0.7087788351291899
1392  0.708778817774945
247  0.7087787718139803
1706  0.7087783590095962
266  0.7087776587106959
1314  0.7087772986577032
1726  0.708776036065956
1401  0.7087758526176191
1631  0.7087755409488612
1397  0.7087748812664286
659  0.708765381123036
710  0.7087218103977104
381  0.708694600031356
1160  0.7086894829002339
379  0.7086891308737776
1408  0.7086627732048459
527  0.7086620494797284
665  0.7086484782067569
915  0.7086461097917138
1333  0.7086420622150151
1442  0.708636312340104
1533  0.708633615809197
1446  0.7086332798808033
444  0.7086258545851192
1329  0.7085489488989455
1331  0.7085457426555605
1375  0.7085426381796416
585  0.7085424459258604
766  0.7085420770626276
1504  0.7085392981668871
946  0.7085392540841716
1658  0.7085391612939461
484  0.708537228625943
1530  0.7085356918008938
1374  0.7085222900924701
1659  0.708518945302403
1503  0.7085185602197399
1636  0.7085172555407211
1439  0.7085154153385691
1365  0.7085098542632762
1646  0.7085087522295157
1628  0.708508320381602
1694  0.7085081397173084
1082  0.7085078078802339
480  0.7085071148117057
1495  0.7085065565625381
1371  0.7085057831355059
1638  0.7085049927508851
483  0.7085042610467875
1675  0.7085032207644685
1668  0.7085005330486673
749  0.7085001388955267
283  0.7084338421700885
285  0.708433527549709
1699  0.7084326453287525
950  0.7084287408019776
1358  0.7083321955474552
1463  0.7083304961874686
1353  0.7083296922486123
1347  0.7083281227556255
1473  0.7083272317532437
1351  0.7083263906542052
1355  0.7083258875012531
1345  0.7083240073840273
1469  0.7083226902810967
1471  0.7083221143771874
1373  0.7083091400157375
1500  0.7083080187572995
1341  0.7081883082605063
1453  0.7081868873063335
1648  0.7081842917794069
1337  0.7081819724303703
1350  0.7081800925118588
1409  0.7081224429547236
546  0.7081213470249323
1608  0.7080611099405016
512  0.7080599047863142
1702  0.7080578808479225
521  0.7080576705936422
511  0.7080530761322754
971  0.7080409043626713
1234  0.7080405682788953
1741  0.7080327972969406
1497  0.7079422573276883
1506  0.7079420980604609
1635  0.7079406096775942
1673  0.7079402767253163
1505  0.7079376674229921
1626  0.7079371936340471
1539  0.7079367439270058
1661  0.7079366476825294
965  0.7079365816095392
1369  0.7079364057728671
1507  0.7079354474412457
1692  0.7079353958716466
535  0.7078905410380216
1462  0.707884227571162
1466  0.7078804811885557
1460  0.7078796150881942
1477  0.7078658833815
1361  0.7078609746361032
677  0.7078317674574929
1343  0.7078309119888688
1430  0.7078297807338536
1458  0.707790477780106
1207  0.7077840767775777
1411  0.7077833889718866
1348  0.707781359297184
92  0.7077812197625207
1484  0.7077806848978268
1051  0.7077534179318938
1069  0.7077524790216925
1363  0.7077512088320275
1485  0.7077505431908467
1335  0.7077489444757263
417  0.7077485435963102
1467  0.707748341893666
1362  0.7077476095549999
1447  0.7077472871272227
1340  0.7077460614894887
224  0.7077454743062678
1480  0.7077444623710218
200  0.707744116760301
1682  0.7077438952912015
1475  0.70774341261259
1487  0.7077430968212768
481  0.7077427393311343
561  0.7077425326132644
575  0.7077418894322123
398  0.7077418508003215
219  0.7077412308977403
412  0.7077411898778148
410  0.7077407914466483
1493  0.7077402760087702
726  0.7077402111951382
443  0.7077401246347804
537  0.7077399660117211
1002  0.7077398565958187
432  0.7077394113412991
1757  0.7077388707402158
898  0.7077381866922425
436  0.7077379364736419
442  0.7077377988276377
1684  0.707737730516281
451  0.7077375724022272
207  0.7077375503140039
625  0.7077373465734333
967  0.7077370519208952
446  0.707736742769597
240  0.7077365093492577
614  0.7077360727831077
202  0.7077359672872364
547  0.7077359361586903
1598  0.7077358981221562
401  0.7077358605973142
1617  0.7077358232430296
1157  0.707735605051042
502  0.7077354963499768
400  0.7077352217353479
406  0.7077351542755855
272  0.7077351255348173
1564  0.7077351082221263
423  0.7077349351803828
435  0.707734870364298
1731  0.707734868573327
203  0.7077346899025161
421  0.7077342398557528
392  0.7077340351722705
387  0.7077337299374759
147  0.7077335611491365
408  0.707733372166319
1432  0.7077330908952948
411  0.7077330559282696
428  0.7077328511577847
425  0.7077327337195175
389  0.7077327114599656
441  0.7077326125285816
1703  0.7077324669458068
210  0.707732441957067
213  0.7077323301473273
549  0.7077322321538213
208  0.7077320590232657
212  0.7077320274674272
404  0.7077319144633534
485  0.7077318707115632
96  0.7077316513363737
448  0.707731579800192
402  0.707731569054114
1532  0.707731474386249
440  0.7077314348986433
817  0.7077313965197503
205  0.7077313922554281
391  0.7077313435568607
394  0.7077311904675595
1377  0.7077305890254212
1606  0.707730395935683
396  0.7077303283883272
1525  0.7077301892850213
893  0.7077301195835357
1521  0.7077300418234272
486  0.7077297051942141
1406  0.7077296249386892
413  0.7077294367090267
1644  0.7077294141078043
1534  0.7077293600354313
430  0.7077292824236292
1159  0.7077292772210784
431  0.7077290197372134
1536  0.707728947839515
390  0.7077288095877287
508  0.7077282358541619
1538  0.7077281032307147
1486  0.7077279491144366
1535  0.707727915937197
1632  0.7077278505208688
220  0.7077269391241262
414  0.7077267455176594
1420  0.707726425853185
1712  0.7077255996519223
1728  0.7077247816337056
645  0.7077246402220893
1014  0.7077245579167105
1683  0.7077245189389134
426  0.7077237357984852
1708  0.7077180813137718
1576  0.7077078337023448
1744  0.7077058760962529
1723  0.7077026963707577
1671  0.7076992760849717
500  0.7076963005956756
503  0.7076950805753595
1531  0.707689724384783
735  0.707687938354977
675  0.7076619352711229
1672  0.7076601703408624
496  0.707642376820693
539  0.7076309937769841
90  0.7076242814106234
695  0.7076234266656637
693  0.7076120431105981
531  0.7076104603038398
1597  0.7076093148340166
191  0.7076073988723518
189  0.7076058964805363
193  0.707605196683003
1528  0.7076048855441013
1482  0.7076048625323949
1522  0.707600144955047
1282  0.7075999248022016
1654  0.7075985030421751
1526  0.7075971892204398
600  0.7075963856484131
248  0.7075958134259771
1663  0.7075957120675606
604  0.7075956204283814
601  0.7075941329322155
1666  0.7075908244748984
1456  0.7075896465495746
505  0.7075857054294975
660  0.7075843081883618
100  0.7075842789578516
479  0.7075837723805314
1603  0.7075830437629006
1571  0.7075790120611277
506  0.7075781234582403
1478  0.7075779310753596
183  0.707577619043184
1733  0.7075774815337903
1165  0.7075770724973732
1714  0.7075757664851415
679  0.7075750682393102
497  0.7075748551199003
492  0.7075737375929363
1761  0.707573690819523
651  0.7075723352663243
764  0.7075685305086056
587  0.7075671365785746
1582  0.7075669655636707
599  0.7075635604510344
584  0.7075615064560744
588  0.707561264802496
595  0.707555493992141
670  0.7075538453900244
1376  0.7075537890916138
338  0.7075533900444749
1379  0.7075527944546495
211  0.7075520103572533
590  0.7075506690068004
597  0.7075506012183995
592  0.707548444594647
209  0.7075476069213346
1250  0.7075448881986877
860  0.7075398643489582
818  0.707535928530854
1717  0.7075196248181633
577  0.7075194462164242
1384  0.7075179432585913
1142  0.7075178351251367
1574  0.7075177981217862
1619  0.7075177102088818
776  0.7075176982011628
50  0.7075176148410935
779  0.7075173673440693
54  0.7075172365338801
52  0.7075172308752236
1118  0.7075170429504677
563  0.7075167923770926
855  0.7075166933129179
852  0.7075164059701076
1131  0.7075162690503041
195  0.7075160802769911
1152  0.7075155092079869
1621  0.707515349159297
756  0.7075150972621516
172  0.7075146686208031
1754  0.7075145964320155
1747  0.7075144328209062
1499  0.707514356226101
579  0.7075128101714143
559  0.7075087653325427
520  0.7075068579887562
568  0.7075059106364788
617  0.7075057010451963
619  0.7075014329476698
556  0.7074767674833439
1578  0.7074767527691435
1540  0.7074750173118496
554  0.7074735481387499
540  0.7074734358674931
851  0.7074734186081292
1501  0.7074728835668002
551  0.7074726682509698
565  0.7074718854213634
581  0.7074707339147045
648  0.7074703760828773
541  0.707470044618301
1472  0.7074693415099605
573  0.7074688973511207
1359  0.7074675049036652
1470  0.7074673319533803
1491  0.7074672012105598
582  0.7074666990056614
104  0.7074639477352909
674  0.707460632235968
1429  0.7074590283621445
840  0.7074570177435615
678  0.7074498288028394
869  0.7074489741214769
1756  0.7074379102553211
636  0.7074375148332218
576  0.7074368119513094
639  0.7074364949048418
1508  0.7074360190815138
1730  0.7074351173843423
572  0.707433908132291
911  0.7074063597186481
1303  0.7074059387970855
1457  0.7074056457715063
453  0.7073960681530964
216  0.7073954016065236
1048  0.7073953046570186
1342  0.7073951057613191
1328  0.7073949976044975
1605  0.7073949816525975
1594  0.7073948052420442
1352  0.7073947288811715
622  0.7073944998158038
1685  0.7073944229015419
233  0.7073941642267039
1656  0.7073940084163907
1366  0.7073939606801489
1440  0.7073939555059401
718  0.7073937872336686
1697  0.7073936808553167
1770  0.7073933870094371
631  0.7073932950416434
1575  0.7073931815422874
1624  0.7073930576943566
1713  0.70739298552147
662  0.7073929451128214
1579  0.7073929155695423
1740  0.7073928220157844
1614  0.7073927779511917
1749  0.7073927746129646
1517  0.7073927432336243
658  0.7073927306318128
1623  0.7073926911572572
1557  0.7073925097243793
626  0.7073924404156339
1764  0.7073923941379948
1665  0.7073923591699652
455  0.70739221554224
1372  0.7073921980999323
935  0.7073919675942082
214  0.7073917976773655
1637  0.7073916014715627
1752  0.7073913657905614
1639  0.7073912737379956
624  0.707391122332891
1370  0.707391083874173
1599  0.7073909971626545
1349  0.7073909454194709
489  0.707390878487131
1398  0.707390651985187
206  0.707390591979637
1553  0.7073905788768918
642  0.707390568528226
1727  0.7073904324098168
1583  0.7073903208276753
1393  0.7073901631770648
490  0.7073901274573681
237  0.7073901166913829
1367  0.7073900775499259
1748  0.7073900111179188
1720  0.7073899899197592
748  0.7073899133059118
1364  0.7073897089186583
1498  0.7073896924775311
1707  0.7073896924775311
1390  0.7073896438217984
1609  0.7073896144447441
1709  0.707389589407477
1759  0.7073893625696359
1600  0.7073893276008562
1755  0.707389224113247
1705  0.7073890967566177
235  0.7073890640411347
1763  0.7073890328278862
231  0.7073890312421863
538  0.7073889480346418
1380  0.7073889356828656
1739  0.7073889315934261
558  0.7073888820193935
1529  0.7073888760104188
1327  0.7073888375362821
1313  0.7073886559315398
1676  0.7073885595373836
1669  0.7073884783325586
1368  0.7073884318463222
1083  0.7073883185934345
1645  0.7073883110821861
743  0.7073882963935212
562  0.7073882069261654
1696  0.7073880561167912
654  0.7073879747447598
1681  0.7073879367711291
1383  0.7073878910358417
667  0.7073878285253611
1428  0.7073877745276339
1177  0.7073876722907678
1629  0.707387601684693
1771  0.7073875339996403
1649  0.7073875315793355
553  0.7073873614902406
1543  0.7073873396240122
1767  0.7073868826858349
1512  0.7073864547900595
646  0.7073857042375422
1407  0.7073822086287502
523  0.7073753153036975
697  0.7073676236615847
149  0.7073642771736242
1589  0.7073447714127555
1691  0.7073156000273931
723  0.7073149890531785
1760  0.7073147981801502
1657  0.7073145936375435
1680  0.7073141941614163
1354  0.7073139245848102
1394  0.7073138245911443
156  0.7073136844176344
1422  0.707313335225928
1555  0.7073127506696243
1399  0.7073124647696787
1266  0.7073124493603925
1750  0.7073123668461219
1562  0.7073123646921342
124  0.7073122125045405
1724  0.7073121883964198
1570  0.7073119004241881
1643  0.7073115739279187
153  0.7073114718614345
159  0.7073113300286653
1489  0.7073113026065423
1716  0.7073112961445307
1488  0.7073110988044942
647  0.7073109998029867
1710  0.7073109728778786
1419  0.7073107559027427
1227  0.7073107119940263
1115  0.7073106967502424
904  0.7073106904538964
1449  0.7073106522615809
1423  0.7073103893888129
1454  0.7073102573308935
151  0.707310097187718
1336  0.7073099831901892
1662  0.7073098850163715
1633  0.7073097710186715
491  0.7073096321666977
1434  0.7073096106264032
1568  0.7073094979540396
1179  0.707309378819487
649  0.7073085462003731
1647  0.707308522257323
1356  0.7073079875557641
1769  0.7073077845774193
1610  0.7073077639481753
1474  0.7073077267492497
1580  0.7073077266664013
1417  0.7073073830936794
1616  0.7073071733208713
983  0.7073070645404578
1167  0.7073066333947199
1622  0.7073065837681373
1481  0.7073065603218492
1698  0.7073056627320535
681  0.7073055543647256
1444  0.7073044817888168
643  0.7073030573364374
1701  0.7071644812083266
1560  0.7071621354228695
609  0.7071601779936014
1381  0.7071577027794054
876  0.7071535481403067
834  0.7071530058426044
958  0.7071502494733463
1561  0.7071478725914725
1711  0.7071478139157336
607  0.7071461462143163
1554  0.7071446820936904
885  0.7071440889028499
615  0.7071420484324472
129  0.6902449632021077
264  0.6902377073432445
1559  0.6902358303784334
339  0.6895012588301584
334  0.6894955405424629
261  0.689495266464718
1551  0.6894952086390025
130  0.6894934412802612
652  0.689488024609822
403  0.6846228750761342
529  0.6843647689336989
598  0.6815304480289668
73  0.6815229632577332
112  0.6814522532387619
627  0.6814445308366226
114  0.6814328678752212
32  0.6804417621967417
7  0.6804332633080872
1653  0.6804294265274555
661  0.6804283424689312
218  0.680427536866709
666  0.6804273874221811
9  0.6804162957813694
321  0.6802110284083218
644  0.680100004314701
1509  0.680095476916715
640  0.6800931561967019
1738  0.6800924735943925
66  0.6797613457099917
63  0.6797606603481993
39  0.6797586591682526
498  0.6797574533709283
37  0.6797551662325587
40  0.6797460469716483
42  0.6797445755566979
1382  0.679676640247472
109  0.6796673315030202
555  0.6796589888724999
245  0.6796567446226381
108  0.6796566240283305
552  0.6796505482207108
395  0.6789626456424791
393  0.6789498289203337
397  0.6789466378460206
399  0.6789442169934612
388  0.6789351906174765
138  0.6782601846671312
139  0.678250468918429
101  0.6767695686336886
494  0.6762715374399381
35  0.6762686946766574
1544  0.6762624512275892
288  0.6762587056626234
299  0.6753290578901382
83  0.6752996863824807
296  0.6752824961932448
1746  0.6693124766026762
1587  0.6693052554659943
75  0.6693029405000469
925  0.6692931022466293
46  0.6690624998577487
1416  0.6690533857382398
45  0.6690512854368886
1169  0.6681174775497594
1168  0.6681113410813012
1058  0.6680837009197471
1066  0.6680810491687099
618  0.6677543777575649
1745  0.6660866739204181
657  0.66607748042414
635  0.6660689626030636
623  0.6660178034557243
1588  0.6653746114599244
941  0.6647726387545809
420  0.6647669525467117
416  0.6647614877420377
1238  0.6647385575853034
141  0.6627330176217797
501  0.6627311157370585
199  0.6627277695613114
1556  0.6627244107937005
127  0.6627209547770224
126  0.6627175138818235
1734  0.6627129157220911
201  0.6627070296136858
1591  0.6623218322047586
1251  0.6619414740871479
1286  0.6619168842432221
1246  0.6619026374009168
1239  0.6618961439913936
1244  0.6618941157435508
960  0.6618848161197793
20  0.6618657888551981
1595  0.6618130089403543
1515  0.6618112295341151
936  0.6618054325416246
825  0.6598445641249139
813  0.659838396668561
709  0.6598080073610816
816  0.6598041830365476
820  0.6598040563809656
103  0.6582424993154339
107  0.6582166219489451
473  0.6582146878163817
106  0.6582145320577272
469  0.6582134950949775
132  0.6582064641775043
102  0.6581868644268419
105  0.6581808090898811
467  0.6581762140521132
916  0.6566429225300395
711  0.6565765207563232
1153  0.6552224862483225
1110  0.655220172890498
727  0.6552097247433956
364  0.652658345262826
372  0.6518086441689422
376  0.6517673439676565
84  0.6517591165768385
374  0.6517166563891345
1091  0.6510189247765414
1298  0.6510083610435123
1122  0.6509767212893257
1005  0.6509687676107082
728  0.6509671296235606
1627  0.6509650551248897
740  0.650952991322045
1247  0.6509496392525854
1018  0.6509479620069575
1448  0.6509247896932497
1276  0.6509210336643775
1277  0.6509197887528247
1693  0.6509156396888028
1137  0.6509099859550009
1443  0.6509055927902074
1294  0.6508935864203242
1166  0.6508910152638289
1674  0.6508552078049843
1219  0.6508513162039149
1494  0.6508447657160058
1078  0.6494013797846243
317  0.649398546205778
319  0.6492951771140991
447  0.6471033814466703
1436  0.6438063983615191
422  0.6437708547872428
27  0.6437319546180307
1775  0.6437150972845702
427  0.6437118479685197
663  0.6437075537272875
418  0.6436851936817801
424  0.6436784714150929
26  0.6436715109611437
429  0.6436597060213364
1766  0.6436559698705691
741  0.6417886776491776
1259  0.6417746935623739
738  0.6417560738337542
1065  0.6417442632025007
737  0.6417152771007676
698  0.6416782534406351
841  0.6416426538876991
798  0.639685601494488
21  0.6385532856676565
1283  0.6372039510488229
1284  0.6371798130323088
1275  0.6371543045390492
750  0.6356033001595688
713  0.6355891851993958
1634  0.6355836990524915
745  0.6355628356806723
1010  0.6355587838181215
972  0.6355586108800139
1136  0.6355561941413417
1121  0.6355311821786956
1154  0.63552482054879
866  0.6355166372390816
1455  0.6354979268146704
751  0.6353476566852324
31  0.6350445003262012
29  0.6349979984867399
30  0.6349781479412913
1188  0.6340155392458707
905  0.6339719975520905
901  0.6339665256705154
1476  0.6339526012630116
719  0.6339190607226873
778  0.6319185803517268
857  0.6318741703598851
892  0.6315411706813295
550  0.6315274783102495
548  0.6314881812427215
754  0.6314800357402155
1067  0.6314793004270991
708  0.6274673859924844
994  0.6274378193147226
966  0.6274296404828306
1054  0.6274103810498542
707  0.6273570962786446
43  0.6268336525539528
13  0.6268170233065203
12  0.6267589786615185
1592  0.6266481506733367
1346  0.6263429832524627
1217  0.6233772976725274
907  0.6233537873410233
888  0.623344524489579
906  0.6233108482197431
757  0.6232220826102759
1189  0.6208221052075784
761  0.6207997459985992
1256  0.6207680847565415
1061  0.6207640469731689
768  0.6207597247910384
1146  0.6207515848720855
1174  0.6207347653293961
143  0.6207296366249088
939  0.6207228374916368
1150  0.6207185296866203
1192  0.6207159721272775
1176  0.6207140254173623
1139  0.6207056575335035
1204  0.6207010872079255
954  0.6207008930213771
864  0.6206962917754839
1145  0.6206962371096632
1114  0.6206926919541342
985  0.6206851997622495
1019  0.6206835980363535
926  0.6206789847935907
977  0.620677947747885
1124  0.620677304598859
1243  0.6206757691658985
984  0.6206666684507712
739  0.6206649288420056
1126  0.6206588592013422
927  0.6206458428512376
1184  0.6206411061512973
1148  0.6206311106277943
684  0.6205973255870496
979  0.6205563847080733
721  0.6196353988872172
1445  0.6193390051761266
1452  0.6193284768429436
831  0.6193195984312365
1311  0.6193060143144189
1660  0.6193036076637093
1200  0.6192938567070775
744  0.6192924221357606
1310  0.6192879091005301
1309  0.6192627709034654
1332  0.6192312666202029
1441  0.6192267883920343
1073  0.6192174317505124
1307  0.6192171459260749
1338  0.619183277813958
1292  0.6190742865692774
908  0.6179044187869169
1183  0.6178798523637622
1175  0.6178365746300114
1050  0.6146314619273161
171  0.6111081448414559
1435  0.6101133807129349
929  0.6078045133971605
1233  0.6077528838366881
1089  0.607748262069983
1080  0.6076876276265787
616  0.6076836077664235
910  0.6075739141449131
1164  0.6075657931166946
610  0.6075618638458249
903  0.6075566777696337
1230  0.6075562881027862
1220  0.6075348777300255
970  0.6075263166279454
1214  0.607521031902487
1223  0.6075144550776947
1196  0.607470189804234
140  0.6074691541243749
608  0.6074397171275329
1218  0.6074318889059594
1206  0.6074159783679057
229  0.6073669476680735
982  0.6073355898423852
1211  0.607334909299846
937  0.6073228194242111
1302  0.6072832312464633
932  0.6072346945513709
88  0.6035955203234942
772  0.6031899700839457
1255  0.6031417602570138
777  0.6031301203311522
760  0.6030808899253325
221  0.6030445286887723
223  0.6030383486317514
1690  0.6030371569302462
225  0.6030317729287695
854  0.60300360458661
922  0.6030006670027411
1260  0.6029973922397753
774  0.6029684033547187
856  0.602966908773757
1072  0.6029593792469343
1020  0.6028746338129554
1130  0.5945587485027611
1151  0.594425869631865
1117  0.5943281120378567
755  0.5942716410929285
24  0.5936264498859148
25  0.5936010383454773
23  0.5935912879712374
22  0.5935228125550295
1667  0.5931690766762515
1664  0.5929570573366977
1210  0.5929222772965366
1523  0.5929194338481194
1527  0.5929155627032267
1651  0.5928072977811129
1222  0.592795211510055
1655  0.5927309267725109
1773  0.5926152097973606
997  0.5918153242288963
702  0.5918056874513733
847  0.5917207108361179
849  0.5917080133598046
1236  0.5915531709257809
150  0.5900084625695011
155  0.5898719007409123
158  0.5898566972924263
152  0.589821007756369
1203  0.5896172229258869
1141  0.5885891645418362
1722  0.5807211383166132
1670  0.58048373232978
1212  0.5803551561360838
1181  0.579026891217553
989  0.5788739048619889
1100  0.5782160957942326
293  0.5761515650303088
978  0.5747192789661059
975  0.5747017526545452
1030  0.5745754268063139
942  0.5733553061580945
1062  0.5677266374850912
1290  0.5677126208288285
1285  0.5676421136302866
934  0.5676240681328203
1291  0.5675281244523568
1103  0.5675156505103491
1040  0.5674064304820451
767  0.5673944171183279
227  0.5673524465377254
947  0.5657895029701038
1334  0.5656013696938762
1330  0.5654757268353933
522  0.5599602846367564
1306  0.5599321457229997
1607  0.5598565682699258
513  0.5597044191029057
434  0.5560695814929328
1199  0.5520213581084066
973  0.5519340280746831
1070  0.5518425043451485
1289  0.551576886986456
1612  0.5513500588595619
883  0.5513412015941972
879  0.5512199402183232
1569  0.5510381698053735
801  0.5509982914568756
1027  0.5509465734051046
1427  0.5508951106043998
1581  0.5508888197182414
1185  0.5507894947837804
988  0.5506300279198525
1056  0.5505210914081125
1252  0.5503995973548795
991  0.5503910833011749
186  0.5503903217356415
1101  0.550367245192506
1076  0.5503557970801992
1269  0.5503396470065172
1272  0.5502560789393445
1102  0.5502400300216495
1225  0.5502089662223109
928  0.5501916727898496
1173  0.5501840549254882
1178  0.5501323883156789
1241  0.5501294438920784
1268  0.5500855135166877
1611  0.5500785050520294
1510  0.5500630001214992
1433  0.5500556158094497
1113  0.5500478144475419
1038  0.5500457176810911
957  0.5499805285065716
1296  0.5499778447934532
65  0.5499640357525964
963  0.549960116389843
1297  0.5499384804799397
959  0.5499371151913879
1567  0.5499216189622264
1049  0.5498607110877897
844  0.5498346811961191
1395  0.549823771939788
1087  0.5498119843008467
48  0.5498114413652978
990  0.5498100939515678
952  0.5498060730401271
808  0.5497870007778227
163  0.5497597733866592
58  0.5497514057485055
1109  0.5497502220670689
1190  0.5496938960243662
1071  0.5496578733813641
1265  0.5496242163946017
897  0.5496221988177769
1264  0.5495933509165756
1322  0.5495753182780887
593  0.5495012705521671
1008  0.5494172581886854
1279  0.54940572362956
1253  0.5493332306134678
204  0.5444849342344005
1119  0.5427354529091007
1012  0.5422557002523419
1003  0.5421516474992609
1044  0.5420313662770523
1135  0.5420177957187743
1144  0.5419982110171101
1108  0.5419207427525279
1193  0.5419070739159532
1129  0.5409389311929846
1280  0.5402661876876991
1281  0.5397899572402228
1317  0.5396935018692631
1023  0.5233766355478593
686  0.5211524417549176
1125  0.5209680440019473
1213  0.5208675816335565
938  0.5208178355477737
775  0.5207332634528619
1123  0.5206378827882429
1138  0.5205518445353164
44  0.52054395748201
1323  0.5205402883681858
1086  0.5205067820383246
41  0.5204918085314567
1566  0.5204893328780972
1033  0.5204520707897434
1147  0.5204096618856809
1036  0.5203949434758502
1325  0.5203595476711168
1686  0.5202532288010022
1677  0.5202495753853598
1642  0.5202237424514451
1546  0.5202237182268737
746  0.5201833605532984
1059  0.5199188159031741
1081  0.5193724075162904
1514  0.5190955635317173
1098  0.5189123255127139
1092  0.5187817379529549
980  0.5186952603104767
1271  0.518571777933571
1518  0.5184766570728997
1299  0.5183846372411399
1300  0.5179790219838354
1182  0.5179155171101598
1258  0.517807895095029
1194  0.5164898848888944
924  0.5136112133364554
921  0.5130115170045273
920  0.5129909159929271
917  0.5129728505717581
919  0.512790157303054
981  0.5109310890399017
1437  0.5095676537242452
909  0.5094240269491116
900  0.5093128216137633
1248  0.5091929002331689
1301  0.5091286858499313
733  0.5090411145548671
1215  0.509009787699081
912  0.5090002320328241
1161  0.5089841143876903
1149  0.5089352119482611
1127  0.5088174709004083
889  0.5087442817988042
902  0.5083123103095661
1132  0.5082728642959178
1197  0.5074538788823265
1202  0.5072520562747392
1304  0.5069048442950594
1273  0.5067501293667024
1155  0.5066382310795665
1221  0.5054652706754574
1232  0.5053762474156641
1229  0.5053716142308223
1274  0.504070770871675
1295  0.5039695981139121
1312  0.4938167486646918
1134  0.4934642011403339
605  0.4903240248400394
596  0.4902155806749673
1079  0.4765196880741769
4  0.4761595044276525
1765  0.47159008635001737
770  0.4713976923758116
773  0.4713826862770071
790  0.4713725186878955
785  0.47132929780785787
687  0.47132068727432697
688  0.4713035394277633
829  0.47124641065757694
1287  0.4712350258396139
460  0.4711822241372896
961  0.4711200952602046
699  0.4710438248663731
720  0.4709704099480375
1267  0.4707923749336552
1042  0.47069607513332573
1421  0.47053958277945024
789  0.4704236487463052
689  0.47041137198810773
868  0.46709958947216046
880  0.46701585965342934
1465  0.46683264730943547
1021  0.46676956813595477
870  0.4666283272629024
884  0.46661965684355305
1459  0.4666090410282601
839  0.46655424411101404
1085  0.4665456200483928
669  0.4665120244786448
1468  0.4665091639014914
998  0.4664254472909032
1344  0.46642379288723756
1057  0.4663434932564588
1431  0.4662703609957099
873  0.4661534477661857
875  0.4661134719153722
1063  0.4661107042216646
1492  0.46604157185522327
865  0.4659393393625193
680  0.46583839000577415
1032  0.46581959630890235
858  0.46560551453002946
887  0.4655839147933904
969  0.44704133341752844
913  0.4432589860476322
923  0.4430568755217224
716  0.44263432905894873
788  0.441782960671963
1055  0.4416169917513009
1245  0.44158142397204764
1584  0.4412021760874379
146  0.4411919029624552
1052  0.43965607831812
993  0.43945925978190004
944  0.43902807364353597
1034  0.4386729252430182
974  0.4382648222922335
1719  0.43817534953525744
145  0.4381184247500729
784  0.4379786763568997
948  0.4371954580351807
945  0.43672317254877746
996  0.4367228917487101
714  0.4364116453953715
148  0.4362824283926078
1320  0.4356392600082769
1319  0.4344011442053449
1324  0.4335830557426013
142  0.43354400931258696
570  0.4321547960542986
1180  0.43208464065825253
144  0.4319998522850579
1326  0.43192312385835974
1308  0.43134544872566993
1022  0.43091634393440953
169  0.4293029959989919
1201  0.42622642219325213
1293  0.4260278757500358
650  0.42593578736635174
1099  0.4255507933077684
170  0.42454494267869336
1084  0.4242544709554776
894  0.4231940704712487
1545  0.42108825847045456
1039  0.4206785204570056
1111  0.4204055568147843
1516  0.4200095095652825
94  0.41972460320445587
896  0.41954786084662976
931  0.4194123266534602
38  0.41934984164637
795  0.41918632073897955
895  0.41916604884156977
495  0.4191369386065261
1053  0.41909865532726154
472  0.41881679770837527
36  0.4187301463287209
1060  0.4185204274622941
797  0.41848061995168095
803  0.41845463513663567
1412  0.4184366637338696
1593  0.41813454365404296
1187  0.4180972236924119
1171  0.41794544775845266
1695  0.4179390427771085
476  0.41771703959254186
1043  0.41745425331590724
1024  0.41700942347196823
1093  0.4162649835001588
1075  0.41619000557814734
1735  0.4158664497285747
1029  0.41535822339746514
1013  0.41485362331719317
1261  0.4147939576314729
1004  0.41422754191150357
724  0.41335980823061885
722  0.41327116364908134
732  0.41308711626558564
792  0.4129389483476662
729  0.41245920379374285
725  0.4124517895517433
853  0.41218496240394664
580  0.4116336701134478
1305  0.41122913629048247
1618  0.4111298756080938
1094  0.41105464094635874
1025  0.4109454564227908
1077  0.4109318475882973
564  0.4108868425100138
1064  0.41050741917064815
1170  0.41043846854951466
1095  0.4104323743121371
1041  0.4102171848941228
578  0.4102155756993821
1158  0.4100752184598363
566  0.410046236910473
964  0.4098270565719047
560  0.4097479934460982
1620  0.40965826404756195
1031  0.409461116269453
1088  0.409436420980824
850  0.4094035790868262
574  0.40884637338533375
810  0.4087006474684996
955  0.40866323412503763
1249  0.4060331198599636
586  0.40591030531259764
591  0.4048614456568041
1007  0.40263162381540324
1015  0.4017426275742693
769  0.40131639325236174
1104  0.4003137156016933
1549  0.39974905339188416
762  0.3997182372072396
976  0.399658661485001
765  0.39962803661717183
1615  0.3995460120660943
1106  0.3993041714038542
1257  0.3992827291677377
1016  0.3991727106261629
1028  0.39913881498546616
1009  0.3988302248871264
953  0.39865265427087054
763  0.39838316061642004
1097  0.39731486901300234
1573  0.3972281578508078
263  0.39638838437148594
1602  0.3960860464868256
439  0.39510552926776243
136  0.3947801697125542
298  0.39457386198946265
415  0.39444354015239164
301  0.39185741652413275
419  0.3903736370950962
1068  0.38805112779890133
1209  0.38558412109815965
1228  0.38519880790493755
1011  0.38359475399129356
1000  0.38217846651117443
692  0.3809951309982783
1026  0.3808646479450914
1240  0.3802855280686463
1278  0.3800257921697874
843  0.3799125582173435
1316  0.37978042707003273
730  0.37977937898584546
1116  0.3795684375994566
1112  0.37929746088209165
731  0.3790558628931703
794  0.37896313927309855
1001  0.37891770198130514
992  0.37882622203669486
1191  0.378809702405738
1321  0.378761593422698
1156  0.3787302618563837
691  0.3786074692902021
668  0.3786022048649778
805  0.3785576130194862
846  0.3785328456325216
1751  0.3784831724018454
848  0.37824508944849333
956  0.37813749566927
1226  0.377982307902601
671  0.3779571455640179
676  0.3779142115162873
1172  0.37790633955523717
951  0.3778970363226487
845  0.3778825426204468
838  0.37787007397333877
962  0.377822724670405
867  0.37778801377512433
800  0.3777325762741167
673  0.3776748149922628
833  0.37759786046708327
1208  0.3774099281870554
1315  0.37727799563478087
1198  0.37727320575737366
940  0.3772518004832907
632  0.37717848505829854
787  0.37707256496082936
1037  0.37699846819735616
1006  0.37698149995895425
999  0.37689952525437015
117  0.3766233367018085
781  0.3765074824779148
178  0.3759150838650093
796  0.37587595751117786
694  0.374845611334175
696  0.3748341601444146
1254  0.3748189853137882
780  0.37285269535288557
786  0.36481687693000936
791  0.36286607148508976
700  0.36283377005167844
1235  0.3621854052001345
62  0.3621693696273441
60  0.36188447304265753
1704  0.36164862303478607
510  0.36150286075630333
61  0.3606595769543668
1263  0.34895996378149424
1318  0.3488970354925502
1237  0.3330235624678085
545  0.3322180833811002
890  0.318765280957209
891  0.31783436514343727
1128  0.3100314446616415
1270  0.30967167070919493
1045  0.30872153142970055
1120  0.30862508965654284
1017  0.30834622060050837
1133  0.3077741799625735
1046  0.3076908763055541
1096  0.3075884786713522
1143  0.3065088281558777
1107  0.30395974625977906
1090  0.2995374372804483
1  0.0
2  0.0
3  0.0
5  0.0
6  0.0
8  0.0
10  0.0
11  0.0
15  0.0
16  0.0
17  0.0
18  0.0
19  0.0
34  0.0
110  0.0
120  0.0
122  0.0
241  0.0
242  0.0
243  0.0
252  0.0
253  0.0
254  0.0
255  0.0
256  0.0
257  0.0
258  0.0
259  0.0
260  0.0
267  0.0
268  0.0
269  0.0
270  0.0
271  0.0
273  0.0
274  0.0
275  0.0
276  0.0
277  0.0
278  0.0
279  0.0
280  0.0
281  0.0
282  0.0
284  0.0
286  0.0
287  0.0
289  0.0
290  0.0
291  0.0
292  0.0
294  0.0
295  0.0
297  0.0
300  0.0
302  0.0
303  0.0
304  0.0
305  0.0
306  0.0
307  0.0
308  0.0
309  0.0
310  0.0
311  0.0
312  0.0
313  0.0
314  0.0
315  0.0
316  0.0
318  0.0
320  0.0
322  0.0
323  0.0
324  0.0
325  0.0
326  0.0
327  0.0
328  0.0
329  0.0
330  0.0
331  0.0
332  0.0
333  0.0
335  0.0
336  0.0
337  0.0
340  0.0
341  0.0
342  0.0
343  0.0
344  0.0
345  0.0
346  0.0
347  0.0
348  0.0
349  0.0
350  0.0
351  0.0
352  0.0
353  0.0
354  0.0
355  0.0
356  0.0
357  0.0
358  0.0
359  0.0
361  0.0
362  0.0
363  0.0
365  0.0
366  0.0
367  0.0
368  0.0
370  0.0
371  0.0
373  0.0
375  0.0
377  0.0
378  0.0
380  0.0
383  0.0
385  0.0
488  0.0
499  0.0
509  0.0
515  0.0
517  0.0
519  0.0
526  0.0
530  0.0
534  0.0
567  0.0
569  0.0
589  0.0
603  0.0
612  0.0
613  0.0
621  0.0
628  0.0
747  0.0
782  0.0
783  0.0
793  0.0
804  0.0
806  0.0
807  0.0
809  0.0
811  0.0
812  0.0
814  0.0
815  0.0
819  0.0
821  0.0
822  0.0
823  0.0
826  0.0
827  0.0
830  0.0
832  0.0
835  0.0
836  0.0
837  0.0
842  0.0
859  0.0
861  0.0
862  0.0
863  0.0
1162  0.0
1205  0.0
1216  0.0
1242  0.0
1450  0.0
1625  0.0
1715  0.0
1718  0.0
1736  0.0
1758  0.0
