223  1.0
227  1.0
279  1.0
498  1.0
545  1.0
609  1.0
672  1.0
718  1.0
725  1.0
639  0.7323113390626095
780  0.732104462277228
782  0.7319058628768468
781  0.7318929374974958
539  0.7318719457574671
779  0.7316187749209658
570  0.7291169403125938
11  0.7270059574520035
805  0.7269735168464901
447  0.7234135019707133
625  0.7224456958718712
774  0.7223355437378399
634  0.7221431255218285
799  0.7203584296531192
797  0.720203185778552
960  0.7201059923067822
654  0.7200435801244996
824  0.7199488871188289
765  0.7195689211151509
202  0.7191207573527713
200  0.7188005812049819
509  0.7187795359735604
506  0.7178335055976425
427  0.7177735184368557
791  0.7174901353223692
766  0.717471579686323
140  0.717003759780931
241  0.7169058643089659
238  0.7168905419829256
78  0.7168583659554029
134  0.7167976563672095
720  0.7167967348290532
28  0.7167942538060101
644  0.7167890079864143
615  0.7167852309937452
369  0.7167848469464684
136  0.716755273246467
789  0.7167178384582013
724  0.7167158397634604
137  0.7167082504992521
769  0.7166886088612282
767  0.7166864551681519
792  0.7166857883970316
715  0.7166645221552655
796  0.7166330545027493
139  0.7166302029062254
133  0.7166173766664999
833  0.7157281228893828
831  0.7156577224674271
601  0.715517278550627
82  0.7154881019647271
373  0.7154525307978068
417  0.7154390490082507
415  0.7153628826812793
939  0.7153374930385852
851  0.7153141503305108
378  0.7153107792654693
389  0.7152808881254787
645  0.7152703282609904
454  0.7152634957515696
413  0.715262802197493
313  0.7152576611460827
385  0.7152396765445261
818  0.7152112691450077
919  0.7151966582654529
619  0.7151731755893577
954  0.7151720109067299
732  0.7151602636447977
259  0.7151501830162681
80  0.7151454155433875
793  0.7151435638243192
234  0.7151027429207958
729  0.7148719975171912
525  0.7146675654985102
521  0.7144357624927535
397  0.7139749765854748
174  0.7139239917910787
175  0.7138252410181082
920  0.7135793888504552
937  0.7135196963894129
836  0.7135144532223859
477  0.7134885929597151
837  0.7134614345674938
969  0.7134289638307196
86  0.7134145179623483
91  0.7133980403465975
829  0.7133865218414849
826  0.7133861917032052
827  0.7133696992881929
297  0.7133623877078712
87  0.7133182831435221
830  0.7132853810114842
655  0.7132839670064293
90  0.713273889985302
839  0.7132733321329715
835  0.7132695091262826
838  0.7132690262984059
606  0.7132593639581186
735  0.713238976748271
878  0.7132159973039061
84  0.7131645645030169
825  0.7130383426582452
804  0.713013766726693
194  0.7129769900460239
384  0.7129497395127591
197  0.7129372699056313
690  0.7129297607243835
927  0.712911767584457
245  0.7128964393790289
823  0.7128921973979498
840  0.7128891646573113
204  0.7128841308825095
895  0.7128721351432582
212  0.7128422459621968
146  0.7128350103585824
216  0.7127947249622348
252  0.712778310111973
819  0.7127763567797955
820  0.7127701769184881
958  0.7127611148235379
891  0.7127460889888123
916  0.7127426349836881
953  0.7127305524126312
347  0.7127276303945103
331  0.7127248879005053
367  0.7127094678153226
666  0.7127080208006379
214  0.7127065659769296
842  0.7126981983390264
408  0.7126973527352153
210  0.7126877526149339
251  0.7126769659385559
961  0.712675561756375
341  0.7126706533830868
975  0.7126616901943632
377  0.712660099061985
841  0.7126425470103666
442  0.7126380940312094
382  0.7126191299452439
970  0.7126083169281345
334  0.7125932351578984
414  0.7125795142396645
458  0.7125682194212564
400  0.7125605574014353
332  0.7125597422757914
371  0.7125368918379142
387  0.7125330026361119
185  0.7125278266395537
342  0.7125229060601554
431  0.7124896007704237
150  0.7124795553670671
444  0.7124776079857403
391  0.7124629334799416
154  0.7124193988639439
205  0.7124062930268891
92  0.7123986061343283
693  0.7123956041702068
151  0.7123906970297019
959  0.7123562523010574
966  0.7123532885721877
95  0.7123367364208867
94  0.7122859181233231
366  0.7122849907711348
403  0.7122798088004801
104  0.7122765380536394
281  0.7122398309972827
96  0.7122196601760672
209  0.712195354797648
420  0.7121624036730024
165  0.7121376791656167
143  0.7120993632394685
918  0.7120976174191458
208  0.7120845388240398
407  0.7120757621320218
611  0.7120323506720496
925  0.7120062147738084
357  0.7120048919906872
157  0.7119701540859936
264  0.7119262673392494
346  0.7118750086159708
172  0.7113205199468725
183  0.7112960121852148
364  0.7112831220537109
855  0.711268594732187
683  0.7112497506480123
416  0.7111883276910236
339  0.7111435612571942
160  0.7111188123200304
156  0.7111054357165608
343  0.7110975451892051
663  0.7110786172067338
401  0.7110493578409215
453  0.711035145627584
333  0.7110228042437308
352  0.7109786692653327
952  0.7109549073648929
348  0.7108995455000023
370  0.7108490990616785
921  0.7108271208437189
376  0.7106575358322381
422  0.7105712343801274
652  0.7098775272120244
510  0.7095179327156301
911  0.709486048844153
247  0.7092685761240585
951  0.709238330340596
917  0.709191775308135
914  0.709166288813823
152  0.7091348953637441
899  0.709129498640577
896  0.7090788710769782
269  0.7090004158404976
859  0.7089949347719854
711  0.7088630222655556
658  0.7088072199600477
418  0.7087287496458093
250  0.708716602327357
66  0.7084469726851984
938  0.7084035735254405
412  0.708343781224211
563  0.7083107692203061
862  0.7082874702383345
426  0.7082853503295755
873  0.7082661035022235
877  0.7082492539946648
879  0.7082316864375616
350  0.7082308056378136
875  0.7082034592813105
798  0.7081806571774752
443  0.7081781547261694
406  0.7081766904814955
908  0.7081607939452238
518  0.7081475809490725
284  0.7081256647158168
399  0.7081216461583855
940  0.7080987919530829
372  0.7080939756768302
812  0.7080908032669918
292  0.7080574790739949
884  0.7080515557947912
885  0.7080457919012603
553  0.7080372160257085
892  0.7080355088132027
338  0.7080288486629392
955  0.7080261866046805
388  0.7080169773333981
311  0.708015022534814
902  0.7080076633781017
906  0.7079988972156241
318  0.7079885829814833
602  0.7079857350495863
380  0.7079855563061537
398  0.7079627509125868
932  0.7079393484014875
207  0.7078992506860474
344  0.7078776551559947
255  0.7078655656423837
409  0.7078631709983743
390  0.7078614792988076
547  0.7078426139259928
253  0.7078368249020989
262  0.7078349368930775
386  0.707829749349679
260  0.707802214301227
944  0.7078002524332713
930  0.7077985752708454
423  0.7077807839591547
728  0.7077630265291953
659  0.7077575184193903
437  0.7077566821505208
945  0.7077542057121107
441  0.7077352218149464
433  0.7076919586032502
275  0.7076562085324597
383  0.7076495811193209
832  0.7076414397797093
22  0.7076302217532743
273  0.7076291948359963
381  0.7076274010498208
866  0.7076260519841432
864  0.7076192607403804
880  0.707604602811925
20  0.7076009250837965
141  0.7075819361975337
697  0.7075770903277184
271  0.7075764786604795
707  0.7075739467167161
492  0.7075724065763135
312  0.7075670912962896
283  0.7075493617068528
319  0.7075481911054645
394  0.7075466180964725
116  0.7075417051874222
972  0.7075400097368734
854  0.707534895569905
772  0.7075036344959956
24  0.7074976123089373
965  0.7074909031183437
702  0.7074872766300767
843  0.7074807628806924
542  0.7074554232681518
246  0.7074343393242812
852  0.707428038957069
868  0.707424295449169
335  0.7073883516109606
981  0.7073882612202709
867  0.7073871004554829
166  0.7073857944718266
54  0.7073834066630627
56  0.7073770382298885
522  0.7073752190723531
268  0.7073717941594487
110  0.7073681230153231
155  0.7073652231333964
430  0.7073639816193376
33  0.707362386745599
254  0.7073603046776433
286  0.7073600206958768
103  0.7073593797766955
100  0.7073537360266052
272  0.7073515938534769
576  0.7073514962777472
61  0.707346527659379
306  0.7073444905671129
883  0.7073431208511225
405  0.7073394299375859
51  0.707338663587016
432  0.7073354736976452
16  0.7073343082464872
17  0.7073340798517013
219  0.7073298930086404
301  0.7073297126000645
74  0.7073287152006056
288  0.7073286384256247
440  0.7073281594204291
293  0.707328145766519
330  0.7073272654222778
69  0.7073263700754464
336  0.7073239859630099
52  0.7073235179103005
76  0.7073225009927343
308  0.7073199491532834
360  0.7073171069318945
290  0.7073124829675111
196  0.7073122226187744
349  0.7073104867990322
374  0.7073074248062168
67  0.7073065026606397
340  0.7073063094616597
229  0.7073062998352841
113  0.7073061117850257
898  0.7073039581439861
936  0.7073010994818167
201  0.7073003866542383
97  0.7072996995692282
15  0.7072985103154644
102  0.7072979338193103
73  0.7072973626940054
93  0.7072959560278363
65  0.7072934724431537
98  0.7072929628696756
266  0.7072925278267683
317  0.7072920341695257
49  0.7072886663488931
206  0.7072871557068273
322  0.7072869967380707
943  0.7072822560284576
117  0.7072763771362554
63  0.7072732103321888
258  0.7072704777902122
276  0.7072694501902843
203  0.7072689792697997
233  0.7072672241086857
114  0.7072662197741061
105  0.7072662072338745
298  0.7072647709221286
395  0.7072638861522035
198  0.7072633849816643
274  0.707262935091137
620  0.7072589296810894
307  0.707257287712336
72  0.7072562781563397
309  0.7072558251825543
59  0.707254295078927
101  0.7072476935037812
236  0.7072373061309555
111  0.7072339106553545
128  0.7072315326171038
869  0.7072292341117797
436  0.7072275688573518
543  0.7072173391322646
125  0.7072089783784874
957  0.7072071071127185
224  0.7072012713157171
304  0.7071998766872044
329  0.7071848622519356
70  0.7071845476370802
58  0.7071795930889908
248  0.7071667873981478
345  0.7071658507731514
46  0.7071430013339387
257  0.7071397761691253
48  0.7071253460847687
941  0.7071070970725235
361  0.7071047729609714
50  0.7071042297739529
99  0.7070736636486179
425  0.7070712535972892
53  0.7070646223651726
934  0.7070522472744037
410  0.7070387697128558
149  0.7070273544363987
771  0.7070261833561206
230  0.706995706768463
142  0.7069952839137467
316  0.7069884035419347
71  0.7069878596022444
358  0.7069829872519846
129  0.7069827195958314
79  0.7069746103656318
375  0.7069693840256697
277  0.7069688431769476
354  0.7069651461969695
795  0.7069628802038275
411  0.7069560815847262
55  0.7069529648440607
978  0.7069524372233219
439  0.7069516323922159
162  0.7069512965347361
225  0.7069505237641528
903  0.7069495642822727
956  0.7069479830638783
968  0.7069424365290332
64  0.706941205037997
768  0.7069402520333796
228  0.7069381812252621
62  0.7069355746856468
144  0.7069272310729788
814  0.7069228738169014
81  0.7069209217648611
434  0.7069189614563373
983  0.7069189374007141
910  0.7069142198873773
890  0.7069134975596559
478  0.7069127780749949
404  0.7069127171967878
904  0.7069102931487188
947  0.7069100276763195
912  0.7069077099418412
845  0.7069067693735538
242  0.7069061588554995
355  0.7069058106501065
359  0.706904993313718
60  0.7069024372341068
153  0.7069018361941515
963  0.7069015354621763
872  0.706898663006149
709  0.7068956226251752
263  0.706894448976681
984  0.7068928738959801
199  0.7068916753202117
621  0.7068899822663469
850  0.7068891626891808
356  0.7068886565696113
164  0.7068856643486664
119  0.7068831882538987
68  0.7068780614125434
575  0.7068758930202382
239  0.7068755943439162
321  0.7068733957290627
876  0.7068723853206129
775  0.706871128746294
145  0.7068635313041858
324  0.7068618762949095
428  0.7068618444189031
138  0.706855987978076
161  0.7068505902622474
122  0.7068488007555926
296  0.7068485409963652
57  0.7068462504913037
379  0.7068436815274163
326  0.7068418869408246
881  0.7068354938050895
979  0.7068324785010625
327  0.7068316554624471
888  0.706829806247404
901  0.7068297048967147
882  0.70682927215578
857  0.7068150503012391
121  0.7068050257357632
419  0.7068041640189424
392  0.7068038108004886
295  0.7068030913170313
402  0.7067972843822944
848  0.7067957397464093
421  0.7067943882797132
235  0.7067941685900974
861  0.70679316261022
126  0.7067929929032112
109  0.7067923319632876
282  0.7067918394243775
368  0.7067896821678279
115  0.7067882819823772
107  0.7067857027225259
106  0.7067845739709537
929  0.7067843739380906
124  0.7067841534046377
834  0.7067699737284281
942  0.706767496234431
362  0.7067668904626383
320  0.706766624087411
924  0.7067663346159043
473  0.7067653467459745
894  0.7067552721500929
108  0.7067475179261322
515  0.7067299984193892
976  0.706726209953717
801  0.6884235149335944
802  0.6883251999107011
803  0.6882133587233534
800  0.6882058431149942
88  0.6832631634252739
89  0.683079035918221
846  0.6828757291920454
554  0.6816096918612682
497  0.6815802337040553
594  0.6815669825148222
396  0.6814301258100373
599  0.6813693849076157
587  0.6813295345774066
337  0.6812740906409522
445  0.6764071901506299
783  0.6736461816484568
786  0.6735906031428464
788  0.6732761353058037
787  0.6731027982890788
815  0.6690560787399122
817  0.668836512296129
753  0.6682840771578277
751  0.6679727593134559
534  0.666709821879802
232  0.6665332329194004
526  0.6664179165499332
588  0.6663835712242925
727  0.666332397512257
604  0.6661705779561164
450  0.6661681876831054
726  0.6661329304605885
730  0.6661295799740679
928  0.6661136382086437
523  0.6661069432324984
595  0.6659425880927432
449  0.6659311253112477
614  0.6658753474150507
448  0.665820201599432
640  0.6657917916758975
195  0.6657129682432967
538  0.6654665645494505
14  0.6589266581498308
790  0.6585732148105119
501  0.6585239280847598
495  0.6583637216019464
507  0.6583522556011979
742  0.6582588483964567
486  0.6582290055939647
756  0.658228820577939
759  0.6581244780071737
664  0.6580918521245759
267  0.6580363169667487
496  0.6579694513132668
494  0.6578751920804896
626  0.6574021589469332
758  0.6573826439214531
762  0.6571908049275731
565  0.6571708756066453
760  0.6571426031902704
622  0.6571049988865867
755  0.6569598164363715
761  0.6566604117681155
822  0.6527766491446186
120  0.6514779823366458
806  0.6511643315445601
821  0.6511310979879755
931  0.6474241410810593
438  0.6472190157153327
261  0.6466115347478727
870  0.6465630550331896
946  0.646519314991553
710  0.6453953799659977
763  0.639149288386322
514  0.6389569313522998
524  0.638752950956343
548  0.638612408980561
748  0.6385831606816009
973  0.638294716090432
691  0.638289479565708
630  0.638269563703409
363  0.638120406463965
511  0.6380840834645533
585  0.6380784066683717
544  0.6379703137612709
435  0.637963059619384
532  0.6379233959330264
754  0.6379182511326281
533  0.6378947811336553
649  0.6378431521052585
537  0.6378100253532769
746  0.6377717345414086
665  0.6377599549411788
527  0.6377088646622651
530  0.6376976438650893
541  0.6376871524101382
687  0.6375367035392866
528  0.6375227518754223
508  0.6375210436720614
749  0.6375086289085241
661  0.6374774088715278
926  0.6374719689528555
856  0.637424386830649
598  0.6373974134868946
662  0.6373829404830077
112  0.6373320627106005
935  0.6372878919266467
519  0.637282880411267
256  0.6372562396751932
750  0.6372432793751206
513  0.6372237394576089
647  0.6371474034708611
600  0.6370673442795859
571  0.6370287216804228
667  0.6369689338895984
752  0.6369280721985935
446  0.6368968092284337
682  0.636714875030104
610  0.6366899039300109
743  0.6365554212800395
689  0.6360510464720662
915  0.6339012939403966
351  0.6240945257428493
701  0.6235347919788135
770  0.6230619112499225
773  0.6223926710426102
816  0.622232550376391
591  0.6221729250238311
512  0.6217421199684955
535  0.6216069444911053
713  0.6058573386021227
828  0.6057750232735879
777  0.6054859759374673
776  0.605397244150966
778  0.6051876177337023
459  0.6050988620425389
465  0.6049737744216112
669  0.6049608885253593
451  0.6049437819779706
467  0.6047703865092474
679  0.6046793207927381
328  0.6046501780550052
461  0.6044915173353982
531  0.6043248767897036
455  0.6040532600507036
457  0.6039365217384011
462  0.603666860411362
696  0.6033243192736792
642  0.6030594220719512
794  0.603025069772533
469  0.6028724651572641
745  0.599100495576623
977  0.5980690221474264
471  0.5743849997062808
719  0.5736786159913095
291  0.5734972984602223
393  0.5734454318919994
353  0.5733663639736043
130  0.5725111402250395
127  0.5724300747584765
747  0.5722466874304263
923  0.5722402665892387
489  0.5720555967043044
310  0.572016590444174
474  0.5719757847467444
132  0.5719647146502457
472  0.5717959263175693
628  0.5717615187165409
463  0.5715918789989517
476  0.5713800606267875
980  0.571047974003014
191  0.5710391569746949
637  0.5710100432208998
470  0.5709680357759579
985  0.5708356666206024
922  0.5707189834383012
723  0.5706369506465685
315  0.5705392900939614
552  0.5704554304233559
168  0.569203956956769
135  0.569185200681379
493  0.5669446531671386
487  0.5662691126447901
740  0.5636170677677034
479  0.5632673172096645
490  0.5627839416200912
566  0.5612515672313256
520  0.5137965447917369
657  0.5134099788369184
618  0.5113929070523106
569  0.510696365529192
583  0.5105837129247611
849  0.509926564482161
249  0.5095465328086313
488  0.5091883977559942
889  0.509071492443665
294  0.5085941845177456
85  0.5079920167585771
905  0.5078294017769728
302  0.507169322241942
764  0.5068043550781677
287  0.5067964775912023
909  0.5067399651652448
491  0.5066932285116496
482  0.50656197199144
688  0.5065530610918332
674  0.5064636948381085
705  0.5064479677498921
635  0.506399023291956
813  0.5063442297510455
75  0.506343827805259
564  0.5061793346100186
540  0.5060627667784511
650  0.5057835037883627
77  0.505772541273972
558  0.5057319499633712
612  0.5055752794366248
584  0.5055268177706185
572  0.505440535908283
592  0.5049561258579714
673  0.504748456756305
638  0.5046633001210765
613  0.5046131814488005
502  0.5046077134600739
464  0.5039745517933162
499  0.503700535895092
289  0.5035452910995297
299  0.5032179569631906
962  0.503208549527322
517  0.5029936348119586
722  0.5027463181482503
907  0.5021772508050066
668  0.5021550251436091
500  0.5020796470233246
741  0.5020776315078392
83  0.5018486494469157
549  0.5014019293760403
480  0.501266755393167
481  0.5012158126115985
671  0.5007797684121121
468  0.5005936260285893
811  0.5002702133414899
503  0.49927801799118154
680  0.49905915969010783
607  0.4981538668314844
733  0.4981273886043448
579  0.49793552132836644
616  0.497821518192037
739  0.497340058287182
721  0.49698144452897514
529  0.49681222788429064
860  0.49667291985304723
631  0.4965511557471132
678  0.4965316914221899
504  0.4961750633377169
629  0.49615779797800313
556  0.4956718934519589
560  0.49556283117368566
573  0.49553467597315015
536  0.4952905077641964
590  0.4952130945951918
699  0.49507190494398795
646  0.4949683222623683
557  0.49492274152186866
651  0.4948275477469008
734  0.4948244220928048
641  0.49444754895379817
648  0.49413745675221576
627  0.49412097025103785
608  0.4938098478978302
270  0.493778519866114
863  0.49374577466633573
617  0.49372232712613856
858  0.4934454789752732
485  0.49320990833577344
484  0.49299083520186027
424  0.49291738086186615
933  0.49274114108328493
871  0.4925933182266459
567  0.4923227609920971
568  0.4922719718362331
695  0.49180642934001917
660  0.4917984700348534
452  0.491629966564659
731  0.49158294874780634
562  0.4914705396079042
737  0.4913138823567896
550  0.49130813972961956
703  0.49119638199855176
574  0.4911253934037053
744  0.49110960308946366
460  0.4910037263371199
551  0.49099801000299226
605  0.4908298065238209
586  0.49044166567718267
865  0.49032206677778933
738  0.4903145818019118
365  0.4902647064308174
736  0.4902613711213409
623  0.49008296442547483
809  0.4900344438987324
708  0.4898956938278488
285  0.489839596303908
483  0.4897416611573949
456  0.4894877393678815
874  0.48945781145971184
596  0.4891868391408179
577  0.488569202437491
681  0.48808598409276166
466  0.4880363965824113
670  0.4879309574878403
676  0.48792357746185017
578  0.4877166929326039
555  0.4875193362872834
704  0.4873657291469553
546  0.4869644282339737
580  0.4867413457998687
807  0.48623801672329686
685  0.4850047764917668
716  0.4846052808339745
982  0.4821615267269761
429  0.48210234673008884
810  0.48135578504939425
808  0.48055359934892006
505  0.48017930554408594
757  0.4797689549974384
603  0.4790944445221921
913  0.4785051227430457
582  0.478122801018137
886  0.47801017261618706
967  0.47735498691417616
677  0.47588752905405135
632  0.4729992215490139
656  0.472534704621695
624  0.47241888686449773
853  0.4693122362120704
686  0.4682517322628417
589  0.46790087262731006
847  0.4676766075016733
714  0.46765062245856887
971  0.4672896199930995
643  0.46706830908416364
633  0.46706356398470644
784  0.4667228030345603
893  0.4666907085070941
900  0.466233574413068
698  0.4657508157002291
887  0.4650464684477894
559  0.4649738981262184
700  0.4640731320207388
593  0.4639709607362835
597  0.46363016309252947
653  0.4633330434468354
561  0.46029569083925903
684  0.45977716385713596
706  0.4591893440236269
897  0.4588678029018437
581  0.4583991548563531
675  0.45711030365058836
694  0.4569749899047911
636  0.45356952202616857
1  0.0
2  0.0
3  0.0
4  0.0
5  0.0
6  0.0
7  0.0
8  0.0
9  0.0
10  0.0
12  0.0
13  0.0
18  0.0
19  0.0
21  0.0
23  0.0
25  0.0
26  0.0
27  0.0
29  0.0
30  0.0
31  0.0
32  0.0
34  0.0
35  0.0
36  0.0
37  0.0
38  0.0
39  0.0
40  0.0
41  0.0
42  0.0
43  0.0
44  0.0
45  0.0
47  0.0
118  0.0
123  0.0
131  0.0
147  0.0
148  0.0
158  0.0
159  0.0
163  0.0
167  0.0
169  0.0
170  0.0
171  0.0
173  0.0
176  0.0
177  0.0
178  0.0
179  0.0
180  0.0
181  0.0
182  0.0
184  0.0
186  0.0
187  0.0
188  0.0
189  0.0
190  0.0
192  0.0
193  0.0
211  0.0
213  0.0
215  0.0
217  0.0
218  0.0
220  0.0
221  0.0
222  0.0
226  0.0
231  0.0
237  0.0
240  0.0
243  0.0
244  0.0
265  0.0
278  0.0
280  0.0
300  0.0
303  0.0
305  0.0
314  0.0
323  0.0
325  0.0
475  0.0
516  0.0
692  0.0
712  0.0
717  0.0
785  0.0
844  0.0
948  0.0
949  0.0
950  0.0
964  0.0
974  0.0
