237  0.722760247283688
236  0.722707962160265
171  0.7163509574585963
241  0.7129256602457557
163  0.7129093947997879
1320  0.7127606782984679
1014  0.7116696347205022
193  0.711499417932482
1369  0.7108945062019437
432  0.7107782659165862
1155  0.7107660785540739
435  0.7107628651773698
1370  0.7107489045917026
1157  0.7107073313356023
437  0.7107059214486485
429  0.7106660022473862
1154  0.7106108797386995
1315  0.7105578365419313
1126  0.7105381562322958
1311  0.7104981362429302
1373  0.7103656817652273
1375  0.7103306772078946
1377  0.7102174675151454
450  0.710202276991075
1374  0.7101826888650099
168  0.7101605662533845
1141  0.7101338362096602
165  0.7101328605104373
986  0.710124535173874
167  0.710108992595391
992  0.7101033947345972
1372  0.7100850301975372
258  0.7100694396626004
173  0.7100560707915734
172  0.7100204124766265
175  0.7100184969925035
174  0.7100139621995903
1371  0.710008241421243
1366  0.7099931805563264
442  0.7099855334268322
1231  0.7099769791172063
157  0.7099651258167894
158  0.7099004075813778
440  0.7098903046686834
246  0.709883438002708
160  0.7098766613183156
159  0.7098629478069438
244  0.7098598828020835
213  0.7098500165087822
182  0.7098431394401898
1220  0.7098144626059729
457  0.709808037335046
470  0.7098064669397438
170  0.709799553248315
309  0.7097850431845065
307  0.7097826353152407
471  0.709776092678506
492  0.7097749138495085
304  0.7097690938463991
468  0.7097684512704718
781  0.7097633530652269
467  0.7097617318101419
310  0.7097580478705519
1202  0.7097554537935937
306  0.7097310852810544
1116  0.7097171494311637
495  0.7096952470850476
363  0.7094839561485813
361  0.7093553538609028
1362  0.7093442636315476
242  0.7093003566173611
211  0.709286995263525
245  0.7092834833516299
247  0.7092773282511663
240  0.7092359339111918
552  0.7091428633573787
372  0.7091370660201454
332  0.7091322879029802
1119  0.7091222228269151
356  0.7091004519032724
578  0.7090966065262075
556  0.7090930606643558
354  0.709086872955485
349  0.7090756471120475
574  0.709038114254239
345  0.7090291799441044
557  0.7089984511002799
1147  0.7089239678989426
1214  0.7089010543758295
1152  0.7089001922931033
428  0.7088887122823844
293  0.7088886532622946
517  0.7088808900603175
1104  0.7088789323205206
1068  0.7088786806187987
292  0.7088596616522564
1072  0.7088577886315053
1016  0.7088553020276245
1011  0.7088521358286973
1007  0.708845695260272
996  0.708842420885825
997  0.7088277191305994
433  0.7088258913814165
283  0.7088025052888616
1051  0.708802465523034
188  0.7087548398399501
1219  0.7086591320450351
906  0.7086296751813741
289  0.708628902745257
291  0.7086287662450556
1024  0.7086201573080331
190  0.708618623827032
257  0.7086175026712885
1349  0.7086076728474947
1229  0.7086059160242385
1027  0.7086057832638708
334  0.7085944857938427
520  0.7085943655667222
264  0.7085904709996121
1164  0.7085589779527324
192  0.7085483540546197
1198  0.7085289433726083
1070  0.7085120650758863
1054  0.7085115687256721
529  0.7085092062652598
1290  0.7084865959098994
338  0.7084819243659403
1446  0.7084761533078724
984  0.7084708923832026
1380  0.7084706045277318
1450  0.7084687587388754
1015  0.7084642055718496
1447  0.7084574245158468
493  0.708454216189696
327  0.7084538921683889
1358  0.7084528654258392
312  0.7084512229394294
469  0.7084477532194006
480  0.7084442506567402
1256  0.7084440695037747
323  0.7084433080827114
335  0.7084408633021025
337  0.708439047151891
314  0.7084371044393822
1444  0.7084368388358375
466  0.7084364348091708
792  0.7084276905166791
318  0.7084184669761029
340  0.7084166916521211
472  0.708414608099242
1213  0.7084130074702761
1292  0.7084104526257488
1451  0.7084103263840369
1130  0.7084070117758546
1020  0.7084059626235532
602  0.7084013550627339
1117  0.7083985685444614
1267  0.708397821629976
1061  0.7083966084075325
321  0.708384808298376
1211  0.7083843466124035
401  0.7083800787105007
1253  0.7083797387837005
1265  0.7083784229539398
600  0.708377006823067
1250  0.708373606926301
149  0.7083734506796726
1081  0.7083724955119239
1442  0.7083678923187073
1149  0.7083658038179105
1261  0.7083651372712781
629  0.7083569553512167
301  0.7083511206874036
1108  0.7083510938854136
697  0.7083473840770684
238  0.7083447772014169
793  0.7083441579535046
265  0.7083429124911579
519  0.7083413884178661
606  0.7083411094570418
1046  0.708336279546114
1237  0.7083362686259957
1079  0.7083345765379524
1262  0.7083344296026868
412  0.7083312318290041
1010  0.7083294262932477
1028  0.7083270485788035
1001  0.7083155171312142
266  0.7083146590607169
1384  0.7083133071260928
514  0.7083037556810882
875  0.7083036276170437
715  0.7083022642301207
1174  0.708300086902419
1401  0.7082795915547555
1036  0.7082782223472612
855  0.7082749590599476
1222  0.7082704440262171
232  0.7082704161589821
869  0.7082600800430818
1399  0.7082567228441434
1395  0.7082564489280652
1039  0.7082532222626583
605  0.7082248477349501
1397  0.7082240291652286
1187  0.708216167048223
1441  0.7082137128339506
1390  0.7082096896100936
969  0.708207306588806
1333  0.7081710002240182
726  0.7081690162561057
1328  0.708166997002258
1324  0.7081620676663882
516  0.7081563326657402
674  0.7081497883183828
1184  0.7081475331203528
539  0.7081416028193257
973  0.7081413655185927
1033  0.7081400623461175
547  0.7081353659337561
541  0.7081353446001544
543  0.7081267872711715
1096  0.7081262483156148
1026  0.7081232195422129
1176  0.708110348375503
691  0.7081085795020897
576  0.7081034139939026
1023  0.7081024254282554
880  0.708091120162404
1056  0.7080911071269728
1243  0.7080893193797997
1042  0.7080886489572245
976  0.7080827353222306
1058  0.7080821922364213
971  0.7080779881899895
1146  0.7080766424192942
1093  0.7080678598407766
1088  0.7080666023377136
508  0.7080642321467637
1135  0.7080589212144693
1356  0.7080584553693615
1136  0.7080584330723563
549  0.7080575019037992
371  0.7080358456086945
1139  0.7080273336607562
1167  0.7080255079253541
389  0.7080126383092437
1006  0.7079969762284603
500  0.7079906942724765
979  0.7079742801467092
509  0.7079629574082484
999  0.7078890533671655
689  0.7078282328176806
461  0.7077523223778326
1138  0.7077250661518034
513  0.7077101153652693
951  0.7077020432865057
1235  0.7076798048586864
1162  0.7076693207846529
638  0.707649788727656
392  0.7076393058793111
535  0.7076349426824309
1022  0.7076309525116457
455  0.7076276802227144
504  0.7076272369566313
1330  0.7076252732673282
1180  0.7076209850203607
1417  0.7076182990682625
733  0.7076164419466804
1363  0.7076151518209803
1242  0.7076142521846275
1334  0.707609829936612
537  0.7076081473061739
765  0.7076048080717581
1429  0.7076026075471181
988  0.7075990075499443
534  0.707597342351898
531  0.7075940103595725
1327  0.7075905515870597
1427  0.7075896490796426
1393  0.7075893020596506
384  0.707588487203777
614  0.7075875940259129
380  0.7075866569626421
1082  0.7075857800487982
387  0.7075849392698395
460  0.7075846269044053
1391  0.7075810801912985
948  0.7075803641626475
482  0.707580011761726
478  0.7075799071677946
374  0.7075794434365935
536  0.7075792762850991
1233  0.7075784600099856
1387  0.7075782114247838
1317  0.7075777857996364
631  0.70757704165685
1200  0.7075767334066091
1172  0.7075752221377244
725  0.7075742299262974
737  0.7075741578155154
1394  0.7075731098924389
505  0.7075721301142164
1386  0.7075719881508307
483  0.7075716788564129
413  0.7075714812081761
1304  0.7075703622982767
1440  0.7075698725211659
595  0.7075694933279875
1434  0.7075685717199899
1239  0.7075683979988651
873  0.7075681818973952
1123  0.7075679886537196
510  0.7075678915375525
585  0.7075675023308694
316  0.7075673992835871
1332  0.7075669700397177
336  0.7075657007224043
1092  0.7075646244523585
993  0.7075646129010479
884  0.7075643353841718
1196  0.7075631662487618
545  0.7075616301434395
379  0.7075606132197653
1379  0.7075594650348578
1099  0.7075578627599735
1388  0.7075561380112824
533  0.7075559150490459
1009  0.707555730978393
775  0.7075555934305028
1420  0.7075550449263751
417  0.707554655684285
1323  0.707553122621961
1424  0.7075528896238402
1097  0.7075526042989604
1316  0.707551576185474
1389  0.7075504366019001
404  0.7075500414924549
456  0.7075494719894896
1361  0.7075494115243
1071  0.7075493370470283
741  0.7075490124678657
1095  0.7075489132351758
1308  0.7075484937772984
1426  0.7075482360006993
1236  0.7075479433754946
1336  0.7075476595627065
1400  0.707546972814416
299  0.7075469046005523
532  0.7075459063511469
538  0.7075458643350478
438  0.7075458233075509
596  0.7075455504496774
410  0.7075444352859317
486  0.7075440299494095
1100  0.7075437053086182
530  0.7075435919869328
295  0.7075432501676455
302  0.7075418906677791
1342  0.7075418084868841
388  0.707541222360644
290  0.7075398837101415
1246  0.7075395792037323
367  0.707539462912759
1038  0.7075393439028754
1075  0.7075392164892752
1418  0.7075383196475196
1083  0.7075348354182526
1398  0.7075339668501456
1392  0.7075339280437623
1383  0.7075334802865368
1437  0.707533080232855
490  0.7075312770729094
1385  0.7075311983463475
1137  0.7075311697394687
837  0.7075311560786933
489  0.7075311307428127
1084  0.7075309688402487
359  0.7075308244872718
390  0.7075299724309325
485  0.7075297947321321
1208  0.7075291471146362
1411  0.7075291057115083
1312  0.7075287344423203
1428  0.7075287198584908
1153  0.7075282744272562
426  0.7075260762299552
484  0.7075259453193158
1114  0.70752591034215
1396  0.7075254778852388
1171  0.7075249879553179
1408  0.7075242968101179
1318  0.7075237653478104
477  0.7075232958053776
1053  0.7075232064450591
1382  0.7075207550086798
1402  0.7075204309323794
416  0.7075193208850756
1405  0.7075191411705506
1415  0.7075188552830805
464  0.7075188519458693
981  0.7075187543187521
1439  0.7075182009409688
329  0.7075167271151054
1419  0.7075156315002711
588  0.7075152835567333
1091  0.707513974173139
300  0.7075134361661359
1173  0.7075129732640637
592  0.7075128486696021
573  0.7075128293214016
1306  0.7075122125933853
1089  0.7075108886408726
352  0.7075098088026157
476  0.7075087822316912
1132  0.707508662338928
1257  0.7075082069531634
1430  0.7075077965682521
977  0.7075072552997237
1065  0.707507041432178
991  0.7075064581118279
844  0.7075060336301097
366  0.7075055991345429
382  0.7075042581026229
983  0.7075039408768052
1004  0.7075035835026335
1422  0.7075033973401587
1086  0.7075024867969225
1063  0.7075023086679707
1087  0.7075014089737096
446  0.7074981758736452
499  0.7074965304187287
672  0.7074952419220883
319  0.7074944134111802
1413  0.7074939049537806
1433  0.7074935630142228
675  0.7074930948691166
376  0.7074920925740346
845  0.7074917763521489
1193  0.7074905149437579
1404  0.7074903057697357
1064  0.7074902887094294
985  0.7074887454771185
502  0.707488066895996
1252  0.707487385583974
1113  0.7074871815976994
494  0.7074871574902111
1043  0.7074864015020168
569  0.7074855404168556
454  0.707484173783825
581  0.7074833775087789
1115  0.7074828894109161
964  0.7074800515359811
444  0.707479055850076
890  0.7074774663808352
453  0.7074763094777595
396  0.7074747170037532
1041  0.7074743681887797
1133  0.7074726075010869
1110  0.7074712092996507
1353  0.7074705518210054
1101  0.7074700456989218
1432  0.707469671150405
812  0.7074647964439224
1125  0.7074623698397247
1181  0.7074606259850446
1223  0.7074601424007849
1355  0.7074583392376923
577  0.7074567867296797
488  0.70745451267547
1185  0.7074525125760569
1194  0.7074523653282656
542  0.7074508177518957
544  0.707449110817621
590  0.707447071197452
1331  0.7074462589615301
817  0.7074447599022615
447  0.7074445229265403
1354  0.7074398018242894
730  0.7074393827485963
1003  0.7074392969980957
383  0.7074387178844641
1210  0.7074383651883948
630  0.7074381752621732
1255  0.7074378959391351
511  0.7074377033844358
439  0.707435976223276
690  0.7074334655247232
1166  0.7074322581749395
1103  0.7074291761728233
651  0.7074291297719013
1266  0.7074290263322427
772  0.7074289680140322
1197  0.7074289052588918
1161  0.7074267430039245
506  0.707426349313838
385  0.7074259875240068
1013  0.7074257437926595
507  0.7074252766296656
452  0.7074247342207985
742  0.7074236402950586
1144  0.7074234461478819
637  0.7074234419398749
830  0.7074222432952758
1260  0.7074219377707354
551  0.7074218059686885
587  0.707421739930694
822  0.7074201222668156
501  0.7074200201540563
970  0.7074199841426752
753  0.7074195145437564
720  0.7074194504964334
1057  0.7074175736262273
1326  0.7074160072454447
782  0.7074157540251127
369  0.7074153110442887
503  0.7074151871754715
1206  0.7074143882492032
350  0.7074130528684827
1360  0.7074124541787659
355  0.7074124215492575
987  0.7074114704562013
570  0.7074110074758034
1378  0.7074109690450993
1264  0.7074108309457361
1313  0.7074107993697897
1244  0.7074107774956787
1031  0.7074102672599298
1000  0.7074097898941666
1305  0.707409011965795
1307  0.7074089816316983
1150  0.7074089357075557
548  0.7074084301784405
980  0.7074083040073726
1055  0.707407880047834
1217  0.7074075035919307
526  0.7074067141697531
1364  0.7074060743191584
1347  0.7074058534534483
713  0.7074054733467693
546  0.7074046784762279
1284  0.7074045561676969
701  0.7074037211657856
498  0.7074035115987476
521  0.7074030402530626
1129  0.7074030346935911
391  0.7074022865801305
1425  0.7074016518287376
441  0.7074015729589858
1407  0.7074006745574041
712  0.7074003096803116
796  0.7073998194696576
1182  0.7073995985358974
838  0.7073993177106316
1142  0.7073989718701524
1376  0.7073983837566279
1423  0.7073981846966869
527  0.7073979038126016
899  0.7073964932197518
1247  0.7073958559041833
728  0.7073954033878376
381  0.7073952408248543
745  0.7073944104816426
644  0.7073935988678051
1329  0.7073931243465201
1102  0.7073911104536846
1238  0.707391071534095
1175  0.7073899661890979
554  0.7073897040234445
550  0.7073892520917455
982  0.7073888246952599
451  0.7073866298043454
784  0.707386253036851
386  0.7073856294546109
1321  0.7073852496712508
1121  0.7073848941824639
722  0.7073844267635105
1156  0.7073838574458621
563  0.7073837356436191
353  0.707383729439731
1258  0.7073830022759785
373  0.7073824389767329
1268  0.707381169655387
515  0.7073798315042634
1230  0.7073796400723575
512  0.7073782747477728
1269  0.7073779020765393
567  0.7073774555587775
347  0.7073770347629382
139  0.7073764429316746
932  0.707376331479513
1124  0.7073748689337288
1018  0.7073748312184873
357  0.7073745216388327
827  0.707373281016645
1077  0.7073729477403691
1021  0.7073729070025185
1140  0.7073715763068694
803  0.7073709825185756
362  0.7073706610836841
1421  0.7073705649794658
1302  0.7073703598360291
558  0.7073696140881688
1002  0.707369230966217
1296  0.7073679457214745
1288  0.7073679122354694
443  0.7073674864321152
1190  0.7073665457095578
804  0.7073655095982059
523  0.7073647890563852
1348  0.7073640073743652
1299  0.7073639430600938
1352  0.7073610149163645
1212  0.7073607451493433
872  0.7073606521129436
344  0.7073601844928986
820  0.7073599007526805
1059  0.7073594417137203
1177  0.7073587376173529
665  0.7073565527685169
1249  0.7073561953940563
1410  0.7073556784326486
1245  0.7073537003970405
1322  0.7073505851870588
882  0.707349523956114
1048  0.7073491614859025
434  0.7073477080936246
370  0.7073476968452996
656  0.7073467884800002
1074  0.7073460620160272
1199  0.7073445717918511
1112  0.7073431935565789
1118  0.7073429463917145
780  0.7073428595786819
375  0.7073411536778889
1183  0.7073402323105764
923  0.7073399862548468
308  0.7073398394758323
751  0.7073396457100739
871  0.7073353897182139
424  0.707334004698977
448  0.7073328312593178
415  0.7073323909778446
496  0.7073304298927232
1314  0.7073296261270757
475  0.7073291780004693
348  0.7073288992808139
594  0.7073282367462517
414  0.707328228259721
1309  0.7073280466662567
669  0.7073258845506727
540  0.7073252045008819
1109  0.707324851348218
1045  0.7073235321200124
621  0.7073218620680461
1365  0.7073209847828928
555  0.7073208266897043
661  0.7073200303739127
1319  0.7073170239005517
1192  0.7073169134294379
311  0.7073166957150095
481  0.7073141982518687
1203  0.7073141864154454
89  0.7073139923696982
1272  0.7073132817651114
671  0.7073132690298455
1098  0.7073121169390906
1310  0.7073112922008583
479  0.7073106781276308
422  0.7073104666208723
436  0.7073086479366371
408  0.7073085166047868
1204  0.7073059636876391
1343  0.7073054770499565
419  0.7073043413960899
1234  0.7073033278131224
684  0.7073027764792854
421  0.7073013660305588
1291  0.707300965956824
458  0.7073009524349647
1338  0.7073009437062792
317  0.7072983591546349
1158  0.7072952326389195
791  0.7072943367736556
1163  0.7072939573565031
571  0.7072938302461482
1008  0.7072934614700223
418  0.707291581940434
403  0.7072914175616514
351  0.7072909169602758
394  0.7072907869818165
1368  0.7072898957474679
1303  0.7072897707490017
1278  0.7072882434693665
333  0.7072879948848686
1297  0.7072851138831474
405  0.707284971768257
377  0.7072844397324254
315  0.7072836074729854
1195  0.7072815111579258
398  0.707278901077967
974  0.7072768541267189
834  0.7072766194290825
1050  0.7072765859434252
313  0.707275799745751
1122  0.7072747496017563
628  0.7072701192162805
634  0.7072693324043283
777  0.7072691135963214
1294  0.707269060973205
808  0.7072678111469088
406  0.70726464825839
407  0.7072643031523358
994  0.7072637258873894
998  0.7072592576002852
1300  0.7072586940970751
972  0.7072540238469449
1047  0.7072523449309785
809  0.7072509020865839
395  0.7072490873431443
649  0.7072480509836129
411  0.707247508550698
1170  0.7072467819982111
1168  0.7072421609101975
1029  0.7072420417340256
1128  0.7072384875827047
706  0.7072352116470094
1286  0.707231821329155
1067  0.707231807077067
1078  0.7072313528591582
1283  0.70722804142913
1159  0.7072251729924687
1085  0.7072174332383481
1289  0.7072165535948064
774  0.707194353077274
1281  0.7071889428967209
1367  0.7071730842206334
358  0.7071472443694475
360  0.7071416069520758
497  0.7071237332324963
409  0.7071236002065217
565  0.7071202217110054
365  0.7071133564498496
1030  0.7071039055235384
368  0.7071000633017437
402  0.7070804632359202
1248  0.6964325816330593
1151  0.6963286823039411
161  0.696324239030939
823  0.6963056439809281
297  0.6955153441949596
553  0.695357281683488
1280  0.6953562670005826
343  0.6952841385606642
223  0.6945432915235372
208  0.6945339076662023
273  0.694514263396928
224  0.6945077106194699
243  0.6945077029577921
282  0.6944898460592575
222  0.6944880226207959
1209  0.6944278953275362
226  0.6944188236249565
194  0.6944034477634541
195  0.6943458156710012
204  0.694323717093743
196  0.694317652968744
197  0.694313676842751
924  0.6943134795679912
198  0.6942963488083066
393  0.69426876960039
203  0.6941813075616484
199  0.6938636874189136
202  0.6937504141804497
191  0.6936308772644991
1165  0.6935513367327831
189  0.6934966296595748
1066  0.6923489162676487
146  0.6923030627016643
145  0.6922948142354167
975  0.6922787580106916
138  0.6922729459134526
144  0.6922661757672108
978  0.6922227109994173
147  0.6921792619938896
1359  0.6921361078574998
1227  0.6921057630241785
137  0.6920280137381812
141  0.6917439442980006
143  0.6916922017018743
1105  0.6912412040617427
1340  0.6905961558047686
1345  0.6904594357752438
90  0.6894851684387354
88  0.6894450137835378
130  0.6894402322861413
109  0.6893917613181362
107  0.6893391836416244
106  0.6893332613384475
108  0.6893287371892425
91  0.6892439911143509
93  0.6892111342350374
96  0.6892015499331353
206  0.689142985392699
1191  0.6890437484956865
1049  0.688778790323529
110  0.6887049255597147
114  0.6886894383155717
112  0.6885915449716637
378  0.6875804021248788
179  0.6875426382729389
177  0.6874293510621797
220  0.6873150348522874
180  0.6872835927565304
1325  0.6872120269381438
119  0.6871331943442643
116  0.6871318129189973
118  0.6871248195868148
117  0.6870637991543705
1143  0.6870096259603049
209  0.6865165516499865
1449  0.6864349293156565
754  0.6863522207100622
186  0.6863450783831992
723  0.6863365246288201
719  0.6863293846723348
732  0.6862744602923553
626  0.6862291156987178
721  0.6860640788068747
740  0.6859307509292869
228  0.6858601200473868
342  0.6857911314407129
229  0.6857527649431433
187  0.6856784939511745
1052  0.6856715021274697
185  0.685660611945741
1448  0.6854762680952621
256  0.6836026719888904
339  0.6832689911996618
1251  0.6820262372711393
105  0.6819427356493274
205  0.6818884102033643
230  0.6818356207908812
231  0.68180830737013
1005  0.6817176176537642
103  0.6816999042518214
1107  0.6816108720675441
1131  0.681592131453481
800  0.6814452614010961
624  0.6813450457231551
155  0.6794264580650861
151  0.6792049488227053
153  0.6791933050188056
156  0.6791377340941372
1285  0.6786471048740677
1295  0.678236414032315
995  0.6782122047812014
1120  0.6781975125244941
1282  0.6781890048850755
1169  0.678045724858577
1301  0.6779707080246391
1298  0.6779607402575527
1186  0.6777379743752018
150  0.6777054534166915
1287  0.6776948462331436
169  0.6775297280206148
133  0.6774049916395467
1351  0.6772996488257643
162  0.6772709495204219
131  0.6770475169193761
326  0.6764321017394588
210  0.6761236066250521
1344  0.6757823305731536
134  0.6757371202409879
1232  0.6755922337441339
135  0.6755057249357401
1207  0.6754550482312713
1178  0.6751054696011224
1339  0.6749545547747601
776  0.6744733880153315
445  0.672932729474668
911  0.6729170782481874
718  0.6721700555913906
914  0.6721366280971037
842  0.6709324574011156
1350  0.67004595743249
1148  0.6699173785488084
154  0.6697721700951926
305  0.6697404679483139
181  0.6696453245115098
127  0.6696177669680704
121  0.6695341925969334
1062  0.6695291394414299
235  0.6695177902748328
101  0.6694392590238453
100  0.6692965154245956
85  0.6692638775144985
123  0.6692270282420564
278  0.669200784916936
125  0.6691708967274906
126  0.6691216231929112
122  0.6690951016271546
83  0.6690849628152078
269  0.669059852511772
99  0.6689563725894841
1277  0.6689356863417152
325  0.6687252097940608
120  0.6686924791506884
128  0.6686355007588115
129  0.6684663479011305
320  0.6684466205493087
115  0.6680165155691571
152  0.6661802655771675
148  0.6660806768934068
263  0.6651757293309097
1134  0.6648519650394734
1094  0.6648503845031408
1090  0.6647437602976063
449  0.6640213521203294
1160  0.6638075625440742
1409  0.6636842884137741
1416  0.6632434051238827
1414  0.6629998846679759
1412  0.6629610719621707
1201  0.6629310929012594
97  0.6628881550479495
1406  0.6628296669637356
566  0.6628246393106764
633  0.6625870410871472
572  0.6625525738267692
1403  0.6625491751742699
858  0.6624423549871425
1188  0.6624241899763214
853  0.6624219295050413
562  0.6624004323298404
876  0.662287366889768
1225  0.6622176975126127
1263  0.6621454782819018
559  0.6621229622295952
874  0.6619458487204697
850  0.661922688952854
861  0.6619000116033309
1259  0.6618661542081267
865  0.6618620005634438
847  0.6618583779830352
888  0.6618206479068316
868  0.6618027028153844
420  0.6617946752770069
1254  0.661732297572639
852  0.6617279989171754
1271  0.6616851443495826
676  0.6616606783791092
904  0.661574036187179
709  0.6615121616185203
166  0.6615082051813824
759  0.6614776305305633
857  0.6614618012515663
1205  0.6614279578528649
895  0.661386470388944
849  0.6613471988194455
598  0.6613023392469185
568  0.6613011220918981
856  0.6612793137337695
425  0.6612017978105157
862  0.6611589681253067
1019  0.6611117382976759
1111  0.660974894059424
854  0.6608790926308877
863  0.6606179273979012
848  0.66049828592344
835  0.6590270847937683
826  0.6582083067801269
840  0.6581135351517031
957  0.6580951200226682
643  0.658073322257457
648  0.6580383152879543
790  0.6579689504761201
658  0.6578764742056787
660  0.6577908671254883
841  0.6577254544926638
807  0.657682272329987
692  0.6576650269220227
818  0.657654233615091
894  0.6575281647905149
887  0.6575037865414999
694  0.6574667922189552
828  0.6573468539617286
1218  0.6573291517554773
833  0.657324972455821
755  0.6572674022894683
878  0.6570746888161504
747  0.6570229230068124
736  0.6570111858004279
652  0.6568761534555027
886  0.6567384822608349
836  0.6566304237938206
597  0.6566114072824831
954  0.6565715683181083
1435  0.6556480090026818
42  0.6523726672272753
164  0.6521837081654333
580  0.6515125657365083
1069  0.6514310635027938
575  0.6513190346437092
673  0.6513186116523381
1273  0.6512189160478067
111  0.6511634258490837
1216  0.6511576979707232
1240  0.6510860031548064
183  0.6508823456475754
51  0.65086004971919
113  0.6507111455669983
296  0.6504532477728403
564  0.6503830439389
95  0.6503688775308787
1073  0.6502918884230444
87  0.6501467570345576
331  0.6496783714482771
579  0.6494460370623809
341  0.6480563609092356
1179  0.6475715255395341
69  0.6472613464314979
233  0.6465885071525882
908  0.6462121928663433
1040  0.6460998902936055
1037  0.6455163411649335
655  0.6447624152822008
1438  0.6444025479553955
53  0.6441994413591607
667  0.6439685399368285
662  0.6437754479746786
907  0.6430493534719927
664  0.6414956610616902
813  0.6390180496457929
819  0.6390099650547791
843  0.6381382149340138
909  0.6370886269506584
225  0.6365221748355133
201  0.6364584173528853
956  0.6363131957918086
910  0.6361039706252748
1224  0.6330811115376735
785  0.6329686678426933
285  0.6329160873958356
582  0.6328385293278301
654  0.6323305797742109
57  0.6320962469023326
650  0.6315651453866081
627  0.6282830454137119
427  0.6278107484434903
635  0.6264026795489664
657  0.6259177522437686
779  0.6258660509562486
124  0.6256642119015424
54  0.6251491630543976
560  0.6147827191478161
1044  0.6139571012078092
24  0.6138092202346875
815  0.6113181162455981
787  0.6100127254036718
773  0.6088650698776897
839  0.6085956519422401
783  0.6083444443945869
763  0.6083438266820608
698  0.6076998814640545
770  0.6051425375589499
688  0.6033640728737
328  0.5978884245850106
324  0.5970246302837646
322  0.5969126632658661
330  0.5963005348273198
1221  0.5958143660708942
950  0.5951950932553337
801  0.5940422839843527
797  0.5935991753056051
487  0.5932170683614927
176  0.586165599696987
178  0.5859298067117135
816  0.5851604913569922
771  0.5847090301477339
81  0.5843977670414952
200  0.5834778954724728
364  0.5823233365923602
943  0.5772787469852868
727  0.5772769957199066
942  0.5764547322703774
734  0.5757848515416492
918  0.5738174796302709
599  0.5736368084486376
945  0.5735390501507084
798  0.5729215842233351
699  0.5727654654638782
898  0.5726765788976732
934  0.5724710979468037
561  0.572233295536979
928  0.5719511272258626
936  0.5718912841925814
940  0.5716988609362913
744  0.5716466594721067
710  0.5716460797301774
851  0.5715025295598015
767  0.5713454058786924
702  0.5710576193579837
941  0.5708579837979688
931  0.5705112016906184
399  0.5704015566433022
739  0.5698721524554926
922  0.5698201966607579
939  0.5696960609320192
926  0.5691924412053981
806  0.5688155189833036
955  0.5678774646103327
750  0.5672046333359664
832  0.5668254961223841
84  0.5657908980761133
711  0.5655193126960855
234  0.5587481739375413
1436  0.5377949433474359
824  0.5193333114665443
962  0.5178540371014599
913  0.5172488877044186
1035  0.5170666557784139
746  0.5169320001874701
1012  0.5164031105403162
917  0.5151473555983057
990  0.5147179744780812
463  0.5145427969780514
679  0.5143377362195448
829  0.5137594026922582
867  0.5136176003048852
902  0.5136133273624813
749  0.5134380295060875
960  0.5131633796533964
821  0.5129106950830463
930  0.5126100959082512
860  0.5122309226210244
760  0.5117694325144754
646  0.5116492831112206
748  0.5108166962840881
764  0.5104289899153964
603  0.5102713601628389
927  0.5100246285925206
678  0.5100180037001592
518  0.5092267535504811
184  0.5087214356480246
864  0.5086975706000469
905  0.5084262260175845
618  0.5083958015290847
1017  0.5079352267598238
938  0.5078876809946576
705  0.5078851736246759
935  0.5077864418353152
1025  0.5077634713033158
958  0.5076327629986783
897  0.5075670300551711
729  0.5075552605239902
947  0.50746524952347
762  0.5073973825524054
946  0.5073508648856011
846  0.5067324152152155
1279  0.5067120272580178
893  0.5066943966053178
825  0.5063718841373946
55  0.5062281329293662
670  0.506087509518344
799  0.5060475391486406
921  0.5059390130430977
883  0.5059296224469756
881  0.5058861661444213
933  0.5056002389263572
524  0.5053114442034145
965  0.5051549329476199
794  0.5047469163385426
892  0.5046175232530511
1241  0.5045563507802362
346  0.5045408115630423
666  0.5043991582689059
925  0.5035693473891626
944  0.5034179979805083
668  0.5017260869955618
98  0.501725020695159
953  0.5015444829690939
891  0.5010724519432637
811  0.5010388100233669
870  0.5010380081198066
810  0.4999657550191304
400  0.49976410419278905
919  0.49949681135485696
623  0.49935996735057053
788  0.49857660364485124
717  0.49838407057829437
756  0.49802117845723637
714  0.49780915558973604
758  0.4960476460698176
768  0.4958302685821283
397  0.49575037699949526
1293  0.4955994248479029
1357  0.4951120756632427
704  0.49501651851640066
140  0.4943492477728141
104  0.4942792270423369
1228  0.494172806098825
769  0.49404850020060137
75  0.4939309106301018
920  0.4929958114085425
738  0.49268776007741616
217  0.49263120814981987
766  0.49262494895779935
615  0.4925821193062727
102  0.492576838588683
708  0.49222809349575264
949  0.4920269525838196
632  0.4920024841809386
916  0.4914595772035715
1275  0.4911967978988733
681  0.49024330154189655
707  0.490239555383531
215  0.4901737912279789
218  0.49015683618773814
685  0.48928163205035485
757  0.4889594604877838
642  0.4883059724363042
1032  0.48758345839185907
1145  0.48748118183631584
219  0.48737513945358346
859  0.48713576436599093
700  0.4868345462448235
680  0.48667631788829757
696  0.48644344269614614
608  0.48633625828435983
952  0.4862224038516612
645  0.48571342752913155
142  0.48567551994565283
682  0.48526561076063207
900  0.4852566557314381
778  0.484714282768608
221  0.4846534397196108
647  0.4845272981432589
716  0.484386660445863
639  0.48438641532300014
212  0.4837933598821091
214  0.48364588150293214
677  0.48337423463998463
761  0.4831876127014857
641  0.4829931145001861
687  0.48290103464441
752  0.4816969563461627
474  0.4815011616858756
1381  0.4797273326005464
136  0.4795604782237133
915  0.4772289346024216
1341  0.4761886798108982
589  0.4760179737778395
912  0.4748907373179976
966  0.4741274602753936
473  0.4737184542417638
1337  0.4732324488073891
963  0.47163414131530196
703  0.4714403708996851
1443  0.47131847322938974
583  0.4702893601984323
901  0.46989330168599647
207  0.4697492246542519
683  0.46934532570334714
294  0.46913842693921637
491  0.46878050313869934
94  0.4684381711346391
586  0.4677108462023968
693  0.4665652927495893
1346  0.4664502227438334
607  0.4664339239766851
686  0.46457052278219807
653  0.46437877467045724
613  0.46409142679557747
591  0.46381514255717776
601  0.46371111656009184
92  0.46370376735623625
959  0.46332921293899815
695  0.46294171467468487
1080  0.4628339077119624
786  0.4622103895375015
885  0.4619041752741272
610  0.4616586698931394
814  0.4612166365815774
743  0.4610739027593796
132  0.4608460764295885
1335  0.4607677610418695
877  0.46060164666623044
961  0.46002704665284794
584  0.4586557714395975
968  0.4580438508566527
1445  0.45766519335641503
303  0.4574231929497859
659  0.4573086764767407
967  0.45694667021438923
298  0.456010941668731
805  0.45584582171086013
735  0.45572311018315464
903  0.45569791064948484
879  0.44853467126324037
896  0.44487505946809897
889  0.44038501501850624
1076  0.435404396758365
663  0.3676519470906778
724  0.349089524148915
1  0.0
2  0.0
3  0.0
4  0.0
5  0.0
6  0.0
7  0.0
8  0.0
9  0.0
10  0.0
11  0.0
12  0.0
13  0.0
14  0.0
15  0.0
16  0.0
17  0.0
18  0.0
19  0.0
20  0.0
21  0.0
22  0.0
23  0.0
25  0.0
26  0.0
27  0.0
28  0.0
29  0.0
30  0.0
31  0.0
32  0.0
33  0.0
34  0.0
35  0.0
36  0.0
37  0.0
38  0.0
39  0.0
40  0.0
41  0.0
43  0.0
44  0.0
45  0.0
46  0.0
47  0.0
48  0.0
49  0.0
50  0.0
52  0.0
56  0.0
58  0.0
59  0.0
60  0.0
61  0.0
62  0.0
63  0.0
64  0.0
65  0.0
66  0.0
67  0.0
68  0.0
70  0.0
71  0.0
72  0.0
73  0.0
74  0.0
76  0.0
77  0.0
78  0.0
79  0.0
80  0.0
82  0.0
86  0.0
216  0.0
227  0.0
239  0.0
248  0.0
249  0.0
250  0.0
251  0.0
252  0.0
253  0.0
254  0.0
255  0.0
259  0.0
260  0.0
261  0.0
262  0.0
267  0.0
268  0.0
270  0.0
271  0.0
272  0.0
274  0.0
275  0.0
276  0.0
277  0.0
279  0.0
280  0.0
281  0.0
284  0.0
286  0.0
287  0.0
288  0.0
423  0.0
430  0.0
431  0.0
459  0.0
462  0.0
465  0.0
522  0.0
525  0.0
528  0.0
593  0.0
604  0.0
609  0.0
611  0.0
612  0.0
616  0.0
617  0.0
619  0.0
620  0.0
622  0.0
625  0.0
636  0.0
640  0.0
731  0.0
789  0.0
795  0.0
802  0.0
831  0.0
866  0.0
929  0.0
937  0.0
989  0.0
1034  0.0
1060  0.0
1106  0.0
1127  0.0
1189  0.0
1215  0.0
1226  0.0
1270  0.0
1274  0.0
1276  0.0
1431  0.0
