754  0.812478718770857
832  0.7589187695032917
830  0.7589163190950003
378  0.7413346442408111
848  0.7413143246239162
854  0.7413116493811165
814  0.7413049763855739
1252  0.7413022253546233
361  0.7413008317156763
716  0.741296982015561
363  0.7412883791681445
858  0.7412854158915579
856  0.7412784916191268
954  0.7412672500858636
718  0.7412655481306689
840  0.7412640851040746
371  0.7412625857200927
771  0.7412618927000415
382  0.7412504757462822
850  0.7412495103973797
700  0.7412494326080448
874  0.7412466534569275
921  0.7412320919126901
852  0.7412271207737433
375  0.7412094180454104
777  0.7377985952883254
726  0.7377950847873449
835  0.7377945019076415
674  0.7377892854584649
758  0.7377888650533768
638  0.7377729126338166
839  0.7317645978926083
752  0.7317579995572063
815  0.7317539624161121
636  0.7317339572292991
944  0.7313025188618957
328  0.7290213455375675
1273  0.7270045201534546
1232  0.7123738045068638
1226  0.7123675206930155
130  0.7120307459683098
386  0.7113905429603262
389  0.7113892502177287
206  0.7109485700752131
248  0.7109470110678252
464  0.7109383526987698
893  0.7109375262247201
253  0.71093643076947
210  0.7109333815004747
209  0.7109258698208534
1312  0.7109252294016769
185  0.7109014674840363
397  0.7108889287163118
183  0.7108870163507558
184  0.7108869580713921
182  0.7108869375570503
1123  0.7108842501522399
187  0.7108819762615561
188  0.7108817726260099
1131  0.7108802878376547
186  0.7108760638327455
689  0.7105933724387989
423  0.7103929049595931
1328  0.7101656646275739
1327  0.7101607091282218
1329  0.7101482214434381
419  0.7101465730717307
582  0.7101372529777866
1326  0.7100265011223845
1325  0.710017145440254
1227  0.7099502926665642
165  0.7099482241380265
1007  0.7099395657674058
773  0.7098623788370318
762  0.7098534994100008
1337  0.7098490223434752
666  0.7098480389021439
1339  0.7098468171948007
1335  0.7098406162712346
1338  0.7098400798705626
1336  0.7098346301495894
1334  0.7094170566450514
427  0.7094097573842808
1333  0.7093721227267675
573  0.7093506531739551
1332  0.7093495453697893
590  0.7093479152134278
1022  0.7093439721944891
1006  0.709265323913073
607  0.7092512237663645
447  0.709152601626273
460  0.7091510506861263
298  0.7091498870221488
300  0.7091492311475917
297  0.7091484861004621
303  0.7091481179622823
1291  0.7091480261066425
307  0.7091477378263696
448  0.7091476821398637
1165  0.7091457526156608
305  0.7091446820191165
1132  0.7091445344734774
1190  0.7091428742162378
1292  0.7091414698224155
988  0.7091401773307819
796  0.7091359933940317
1192  0.709134343422132
152  0.7091338312714988
461  0.7091315666837729
226  0.7091177389419003
228  0.7091138478813341
227  0.7091111681699654
275  0.7091105688905348
1145  0.7090292313079106
1215  0.7090286194450928
578  0.7090282942836157
1208  0.7090265840985654
487  0.7090251864156736
1321  0.7090213515514809
1320  0.7090162535979635
1318  0.7090126451067005
535  0.7090120699017236
532  0.7090090640709268
580  0.7090086820352608
241  0.7088948432523665
488  0.7088867925020113
238  0.7088866891170017
1073  0.7088840009149229
366  0.7088836887716455
493  0.7088820628077622
492  0.7088799557155799
239  0.7088779050772944
372  0.7088772307186255
376  0.708875950865177
235  0.7088757255806958
489  0.7088750523677348
983  0.7088727595215941
841  0.7088693920321975
230  0.7088535285002321
558  0.708822207600738
198  0.708818530628038
331  0.7087037344794851
1026  0.7086309594977213
657  0.7086190009253471
1135  0.7084912700076696
1164  0.7084810989266106
247  0.7084585021664158
1072  0.7084560279812293
207  0.7084486284946191
976  0.7084465105346928
249  0.7084423244042541
1225  0.7084413530133087
688  0.7084411122711683
980  0.708441048724838
244  0.7084404246185342
258  0.7084403788772354
1238  0.7084403209030876
177  0.7084356497158829
1231  0.7084345655738021
252  0.7084323266422119
179  0.7084288168589056
587  0.7084272471332876
1028  0.7084183568019531
1113  0.7083656682710837
1092  0.7083579757173791
1126  0.7083517330393025
181  0.7083503236908859
318  0.7083484458887511
316  0.7083460787249598
218  0.7083459385480386
1018  0.7083407448610886
217  0.7083391254229865
1311  0.7083262448348225
314  0.7083146679885685
1099  0.7083062194549512
1088  0.7083015285764772
1428  0.7082820609751492
1431  0.7082816481494769
1448  0.7082807143654494
1426  0.7082801301036614
317  0.7082796318588024
1437  0.7082790912081325
321  0.7082789556665329
319  0.7082782519082206
309  0.7082782272228535
1180  0.7082779019208008
339  0.7082771828612706
1442  0.7082768431694878
322  0.7082766259965144
293  0.7082760895748069
456  0.7082754325993067
1234  0.7082750812418577
1444  0.7082747245828614
1449  0.7082746988367419
1248  0.7082745451171653
1076  0.7082738239202229
1176  0.7082731961638946
295  0.7082729668693297
1440  0.7082724410352066
325  0.7082720097043687
1446  0.7082703004217801
1111  0.7082700088754089
310  0.7082697726088165
315  0.7082693486910332
333  0.7082689491560638
335  0.7082682930559989
1438  0.7082676049957931
1435  0.7082640936100322
1433  0.7082630685306076
982  0.7082065004613715
868  0.7082056219437056
475  0.70820223865859
986  0.7081849315377594
1187  0.7081842659347857
1171  0.7081775137049042
659  0.7081769677621197
221  0.7081756315649272
1159  0.7081744871739498
220  0.708172864308253
223  0.7081707850789962
219  0.7081705730471155
431  0.7081686861855085
1347  0.7081521629061862
900  0.7081451891299109
827  0.7081425065405373
508  0.7081423681735449
1016  0.7081384806928988
510  0.7081372722586955
672  0.7081345206301594
1056  0.7081344959737469
231  0.708128454180817
1047  0.7081195827475464
1030  0.7080975291694146
1313  0.7080965430244117
1316  0.7080939472764306
530  0.7080886084186879
1013  0.7080874709224492
1163  0.7080623987680649
820  0.7080539498301165
1153  0.7080529353246332
1015  0.7080470236026428
1035  0.7079939885872687
470  0.7079932818114877
1005  0.7079929649246529
531  0.7079897363903918
529  0.7079883549332664
474  0.7079879179077454
534  0.7079868472258539
479  0.7079815733953679
1083  0.7079807542538388
1304  0.7079807307632471
860  0.7079790803271224
1039  0.707978595779956
344  0.7079781988507526
526  0.7079776972823711
1052  0.70797747869363
1103  0.7079763849364689
1310  0.7079760893134951
1040  0.7079756995671834
1048  0.7079749758749233
972  0.7079730230907515
1295  0.7079712093929387
482  0.7079697592387151
469  0.707968245254748
528  0.707967821614407
345  0.707966444236526
1049  0.7079662845625405
1298  0.7079660045229128
1300  0.7079636103909411
473  0.707963452578801
1051  0.7079628820147086
974  0.7079627571990224
966  0.7079614046051766
343  0.7079598808124513
1222  0.7078663845568637
1124  0.7078594236735448
341  0.7078456578839354
710  0.7078141143753743
811  0.7078031300322039
357  0.7078017265431813
351  0.7078011322571738
1350  0.7078003905105235
353  0.7077994769537975
347  0.7077948707958855
704  0.7077870418828264
640  0.7077859089984916
733  0.7077815732091968
1009  0.7076992020828318
872  0.7076977761411625
429  0.7076968948818206
1162  0.7076965374621834
465  0.7076961020757614
1003  0.7076950170572032
994  0.7076947556633109
996  0.7076929640129787
554  0.7076923202140261
556  0.7076921691924725
783  0.7076911894744072
571  0.7076890311750872
925  0.7076887607378162
544  0.7076879835598474
552  0.7076877739561692
1322  0.7076877031584052
1155  0.7076870318397576
1348  0.7076865800859381
546  0.7076843587537863
428  0.7076838716579815
548  0.7076837173065742
765  0.7076801609343335
1287  0.7076512359372822
1147  0.7076504188960657
1284  0.7076482210662878
1149  0.7076411753639616
1308  0.7076228681559529
385  0.7075919190123388
362  0.7075909806603116
391  0.7075908301084418
393  0.7075907275053529
684  0.7075897633363096
374  0.7075896475748548
849  0.7075886044523273
370  0.707588180875328
377  0.7075881796101618
1078  0.7075880129876772
365  0.707586582075785
364  0.707586241362266
821  0.7075858855922037
381  0.7075853831856568
390  0.7075840849669592
360  0.7075806402836112
960  0.7075732149642616
650  0.7075638730683954
525  0.7075551050160788
523  0.7075466554522538
412  0.7075266034539742
645  0.707525297480163
1282  0.7075237155623919
403  0.707522378297712
417  0.7075210506402054
1084  0.7075196327201041
1104  0.7075173046775821
973  0.7075170289857948
1289  0.707516680636174
401  0.7075165011446457
586  0.7075163508930995
520  0.7075159353271226
1102  0.7075158305177219
1281  0.7075134064621754
1057  0.7075128062013676
1053  0.707511939097215
524  0.7075109010969225
1096  0.7075088029205984
522  0.7075081393460693
463  0.7074462945782524
1108  0.707435759130696
346  0.7074205873313889
521  0.7074200871425937
519  0.7074155299502574
1301  0.7074151613510309
962  0.7074141001032522
570  0.7074140300669973
517  0.7074139844245803
967  0.7074132024196661
1279  0.707412405739481
518  0.7074108803315942
1280  0.7074099928206657
1213  0.7074076580450018
481  0.7074075985463735
512  0.7074075207404371
527  0.7074070306486413
398  0.7074056058005541
1207  0.7074049351839812
1210  0.7074044593087804
516  0.707403613045773
1206  0.707402247030888
1211  0.7074017614978069
1278  0.707399638091975
876  0.7073993351622376
1275  0.707396681119468
425  0.7073867076485713
559  0.707386044664005
589  0.707382983637336
557  0.707381860751744
1021  0.7073503844262047
542  0.7073392437687873
1269  0.707328685688389
1062  0.7073176195110796
609  0.7073065508541987
955  0.7073058670303672
1315  0.7073058307719077
652  0.7073046437286815
1041  0.7073032527649872
1200  0.7073025366922048
472  0.707302270942706
483  0.7073010131165632
399  0.7072993199923329
569  0.7072985404880027
1036  0.7072969075667029
1158  0.7072964096193162
1204  0.7072963326575685
1197  0.7072947258726894
865  0.707294680722896
468  0.7072944707887552
1029  0.7072934926296566
1063  0.7072934817397754
1170  0.7072929713827147
1202  0.7072921331010309
1177  0.7072920758368254
957  0.7072909670112493
984  0.7072884672885762
979  0.7072868661653844
1303  0.7072828473091033
1267  0.7072768655484195
567  0.7072679404297706
392  0.7072652158776549
648  0.7072611867166134
1317  0.7072553532638398
496  0.7072548483706047
769  0.7072543814122383
1079  0.7072525471743194
1260  0.7072511272532911
951  0.7072482083025171
514  0.7072481464612083
433  0.7072476886911422
424  0.7072449760112426
1257  0.7072440337740167
1262  0.7072433462012359
1250  0.7072422325367658
422  0.7072411413523918
1115  0.7072394289582669
1264  0.7072374388945767
421  0.707237196414957
681  0.7072233740408042
502  0.7072191695520955
505  0.7072128231600161
137  0.7072127901329266
896  0.7072042388199061
919  0.7072002366248911
1168  0.7071983339216762
139  0.7071979225454035
615  0.7071975376702858
625  0.7071939070383839
1181  0.7071933108372619
485  0.70717588034364
1182  0.7071630584353316
1186  0.7071616763683024
404  0.7071609443601453
438  0.7071597419844581
1367  0.7071483140027188
1256  0.707147909463869
1183  0.7071469388262913
1393  0.7071458584648641
1184  0.7071457816264592
1381  0.707145758097827
1351  0.7071450922175428
965  0.7071449011876753
621  0.707144898938871
1342  0.7071447824744367
445  0.7071445726251679
338  0.7071441444038667
964  0.7071440061607817
1323  0.7071437560682818
1019  0.7071436410232163
1346  0.707143324057006
679  0.7071432075912745
600  0.7071428131201715
1109  0.7071426918978534
1093  0.7071425594529921
729  0.7071420242277223
1240  0.7071420166526488
1369  0.7071416420410789
1407  0.7071410684632734
1223  0.7071404116747697
294  0.7071403477593443
1361  0.7071403189973934
1396  0.7071402471516716
1134  0.7071401107985704
312  0.7071398543076151
1414  0.7071398296882463
829  0.707139815958212
869  0.7071396223172407
1058  0.7071395249048426
1345  0.7071392002358182
1378  0.707138856509579
1355  0.7071388354409324
1358  0.7071385388224631
1156  0.7071385030766998
1368  0.7071384527722162
1404  0.7071383456531973
1383  0.7071382682433808
1117  0.7071381852704263
439  0.7071381217090859
1330  0.7071381060850649
1394  0.7071380729431963
825  0.7071380000310584
1064  0.7071376662444923
1249  0.7071376022094616
1388  0.7071375780631579
1365  0.7071374341321639
1352  0.7071374252548362
1340  0.7071373767254354
1128  0.7071372768258359
709  0.7071369637513969
1220  0.7071368898917685
935  0.7071366839368315
1188  0.7071364441291533
1386  0.7071364411700235
1193  0.7071364225866866
1166  0.7071362836258602
949  0.7071362668179827
459  0.7071357921721663
1219  0.7071357912252403
977  0.7071357741805728
1391  0.7071357449442285
1185  0.7071355599383958
1118  0.7071354848943742
1411  0.7071353251001891
843  0.7071350040908804
355  0.7071349502341588
1419  0.707134717525539
290  0.7071346695870423
1228  0.7071346099302238
1400  0.7071345925303135
540  0.707134543763207
1364  0.7071344928654808
1344  0.7071344896695765
861  0.7071342289072112
329  0.7071341911481182
1360  0.7071341014258437
1422  0.7071340336014481
1074  0.7071338998490668
1286  0.707133846226029
1224  0.7071336963728619
926  0.7071335538583284
749  0.7071334738417996
812  0.7071334702907692
1424  0.7071333862496897
1357  0.707133256636941
1377  0.7071332220735213
1392  0.7071330971953419
744  0.7071329834436532
1390  0.70713294236992
1379  0.7071329007043341
892  0.7071328392712461
1349  0.707132718298883
1384  0.7071326407676175
334  0.7071323933774935
1373  0.7071321346235324
436  0.7071321323745252
1061  0.707132075320751
1418  0.7071319821644352
1263  0.7071319285433005
1025  0.7071319128002264
738  0.7071319009633271
742  0.707131870897599
292  0.7071316779559627
1245  0.7071316519147401
1065  0.7071315984118495
959  0.7071314924713317
1398  0.7071313580036996
1060  0.707131176956194
1416  0.7071310676431394
1408  0.7071310220707999
1070  0.7071307686409771
442  0.7071294428913909
291  0.7071294291603479
1370  0.707129286878256
1069  0.7071288648843546
1217  0.707128310850549
969  0.7071280941651737
981  0.7071280323748809
601  0.7071278979039588
1247  0.7071278014186259
1371  0.7071269452401019
1235  0.7071253921759195
410  0.7071245024747425
1376  0.7071239005316786
1243  0.7071237709102354
405  0.7071233594971691
359  0.7071182184987356
454  0.707112395753201
451  0.7071119716377932
1443  0.7071109877917711
1055  0.707110815068728
426  0.7071107032206225
416  0.7071100968906432
1167  0.707109949151001
409  0.7071096898618299
1447  0.7071076409567378
572  0.7071076033912918
1082  0.7071075754462585
358  0.7071075642589304
946  0.7071074277039823
1271  0.7071073957503999
1324  0.7071073171834965
1306  0.7071068225316837
1436  0.7071068070702075
1439  0.707106554074407
804  0.7071063506695783
1385  0.7071060556404327
1091  0.70710585788966
1389  0.7071053034049506
1179  0.7071050931264723
1259  0.7071045134846692
1432  0.7071043032050165
1272  0.7071041477857041
1071  0.7071040204264937
1045  0.7071039920226253
1430  0.7071037991510465
1387  0.7071036959577717
1270  0.707103686451617
490  0.7071036397225591
1445  0.7071036215119662
1085  0.7071034453615813
1441  0.707102620383874
418  0.7071024082688782
1434  0.7071017554291512
1044  0.7071014723019328
721  0.7071007696354525
395  0.707100277595037
420  0.707099799984337
1133  0.7070994887920372
1112  0.7070990162182472
887  0.7070988243707055
584  0.7070987167068964
1253  0.7070985041279007
574  0.7070984532738263
1095  0.7070984201728537
956  0.7070984063139667
413  0.7070982689849217
414  0.7070982280954305
1293  0.7070979376308055
396  0.7070978973139019
663  0.7070978267592929
1175  0.7070973404354948
415  0.7070971927970631
340  0.7070970182421942
1266  0.7070969514668822
968  0.7070968392201462
826  0.7070964941181435
950  0.7070964885057907
1276  0.7070956111434039
539  0.7070936365483668
387  0.7070930486082914
356  0.7070902841331498
696  0.7070877931040126
1121  0.7070874026137601
714  0.7070871623204384
1094  0.7070866193139297
605  0.707086610860197
486  0.707086149378271
1000  0.7070858180599545
1086  0.7070856375195176
553  0.7070855625934317
1146  0.7070855570347715
987  0.7070848598844052
354  0.7070848203945557
1242  0.7070848119407156
1012  0.7070841083015064
989  0.7070840581572357
1033  0.7070839833461195
1110  0.7070839143253025
491  0.7070836088267178
999  0.7070834640678705
1107  0.707083301590364
1178  0.7070832942945058
1229  0.7070828355811416
348  0.7070826575846689
555  0.7070823647064461
683  0.70708205677254
1080  0.7070819049477911
576  0.7070818794699378
993  0.7070816967241101
383  0.7070816829428879
350  0.7070814281637484
713  0.7070814238788227
1139  0.7070812613989722
1054  0.7070810096301112
902  0.7070807355095953
1154  0.7070806595386272
1137  0.7070804960156128
1059  0.7070804422799633
952  0.7070803629503573
963  0.7070800008130359
511  0.7070799041116754
1258  0.7070798002300208
368  0.7070797866802342
1142  0.7070796223455383
768  0.7070795068826394
1097  0.7070792646071226
1002  0.7070789350098403
537  0.70707891462713
985  0.7070788457196502
545  0.7070782155910381
822  0.7070781499259393
1101  0.7070781275743203
1129  0.7070780579715877
1105  0.7070779067216048
564  0.7070778578490641
547  0.7070778019119887
515  0.7070777024296403
497  0.7070776733608618
379  0.707077602947222
923  0.7070775489788494
1174  0.7070775382083349
1098  0.7070774957053283
807  0.7070772653550248
990  0.7070771878766333
881  0.7070770772758663
1161  0.707076874719892
998  0.7070768329115614
561  0.7070767804484589
873  0.7070765293664982
549  0.7070764560569671
1143  0.7070764415803568
560  0.707076401740718
817  0.7070763342217696
692  0.7070761240210635
550  0.7070760741055881
563  0.7070758526705991
1265  0.7070756742020842
1152  0.7070755455332097
1141  0.707075504535182
1237  0.7070754432697455
598  0.7070751444700716
995  0.7070750894584349
1160  0.7070749385527197
1010  0.7070745294966634
1066  0.7070744714736105
513  0.7070744589656439
1090  0.7070744461102326
565  0.707073959688407
806  0.7070736805741755
1023  0.707073666676357
495  0.7070735242236391
971  0.7070733506164337
536  0.7070727931957271
790  0.7070727540499561
494  0.7070726131019271
961  0.7070724020849772
541  0.7070723095478072
1189  0.7070720845166141
1297  0.7070718825325722
933  0.7070708793254483
816  0.7070706432893047
697  0.7070703784141249
406  0.7070702664182176
1004  0.7070701642667542
904  0.7070701288264334
1299  0.7070699437490581
805  0.7070698375437213
992  0.707068449338825
1172  0.7070680849704233
458  0.6970928664502709
455  0.6970873785584386
232  0.6970839059176857
159  0.6970836604023233
164  0.6970833802091448
234  0.6970815343686378
236  0.697081064730772
149  0.6970794104837487
452  0.6970790276342561
148  0.6970701092554464
739  0.6967460775839347
958  0.6967401896627099
155  0.6967395779006843
730  0.696737930029977
161  0.6967331712272045
745  0.6967283141448789
254  0.6967276744471723
225  0.6967256022770203
156  0.6967148102884555
1077  0.6965285812493345
766  0.6962697460315477
178  0.6961501205913012
180  0.6961481893419985
176  0.6961478271342817
471  0.6958234733743659
174  0.69544954562298
141  0.6940217395328283
158  0.6937597366491434
154  0.6936967831694224
484  0.6936397864851497
173  0.6936254081512727
172  0.6936243341957748
136  0.6924218901015124
133  0.6924154414206126
138  0.6924097206968783
1043  0.692400392684289
197  0.6916775476682172
175  0.6909153901029684
43  0.6908855846826183
1116  0.6905891836924222
251  0.6904118543768357
1307  0.6900029471676229
140  0.6899923794755443
103  0.6891716951586877
102  0.6891710084149189
100  0.6891619607397556
85  0.6891606138376476
90  0.6891582954796122
101  0.6891548845727291
122  0.6891482911816209
88  0.6891465948848035
1254  0.6891397691517752
86  0.6891173590202537
1375  0.6887840445913431
105  0.6886178840360748
107  0.6885960430754097
106  0.6885945171751842
104  0.6885898752635611
1150  0.6884719334094377
1305  0.6884376330810072
211  0.6881913468678078
212  0.6881666317542462
1374  0.6878163548901747
196  0.6877888733951631
1138  0.687421256397775
199  0.6874206431832762
110  0.6874113149655052
109  0.687402427226666
201  0.6873922030367725
551  0.6860865922244548
991  0.6860643733014365
162  0.6860475612925048
163  0.6860110439337271
575  0.6852922879519423
789  0.685288958877585
655  0.6852772249163421
732  0.6852762971391221
798  0.6852691107543789
797  0.6852672268676295
720  0.6852577265153459
166  0.6848687506789422
169  0.6848496231537823
1050  0.6848429644598394
168  0.6848353086480473
170  0.6848129766723302
1173  0.6848125256346512
229  0.6846644168231325
1201  0.6841581968409302
1198  0.6841503923764753
118  0.6833867836003841
276  0.6833675505300824
277  0.6833566001140048
135  0.6833519623116543
120  0.6833170811751962
98  0.6833138465241508
132  0.6833138042342972
99  0.6832886499384104
191  0.6817617430909585
222  0.6817085406389117
190  0.6817025583608668
193  0.6816959542787413
189  0.6816774595008822
192  0.6816649886065417
194  0.6816378400496981
250  0.6816200509514713
147  0.6812918269129109
1119  0.6812783520677173
145  0.6812693256746205
1277  0.6812211960258765
151  0.6803479657961804
143  0.6797566719740709
153  0.6797017804235221
157  0.6796497878644354
270  0.6793980507594045
327  0.6792954063462323
324  0.6792758765107781
142  0.6784999164696159
123  0.6784545073406786
1372  0.6784428768144957
1309  0.6783724909539723
124  0.678339108289381
1067  0.6781854366588298
1230  0.6781545127667125
1246  0.6781455228340737
1241  0.678125736992591
1244  0.6781244636128677
1251  0.6781186791417964
953  0.6781174608630463
1236  0.6781154354676748
1081  0.6780861078033862
208  0.6777966241153273
1140  0.6776642548627528
125  0.6761573119146392
1122  0.6748810600941882
1130  0.6748784191253683
478  0.6717588893454101
160  0.671667354694685
1274  0.6716107257819904
83  0.6701327633497041
296  0.6701286949646992
17  0.6700613463602011
1402  0.6700418894155035
1406  0.6700372611749168
1420  0.6700170224103149
1410  0.6700080158072031
1068  0.6696794228028282
938  0.6696779544370774
1341  0.6696571293683777
1011  0.669598728584984
1343  0.6695831949021824
722  0.6695730094781891
171  0.6695696260611177
583  0.6695312212239636
1001  0.6695276365178455
214  0.6695172966549374
97  0.6695128252664455
129  0.669511574129619
111  0.6695002487843787
112  0.6694946623325227
997  0.6694899124940906
96  0.6694860794641251
117  0.669485179333175
93  0.6694564914349718
116  0.6694442079736235
95  0.6694286826096736
1024  0.669421802646028
108  0.6689620933053033
1415  0.667075258934927
1412  0.6670649324665886
246  0.6666731942645893
113  0.6654143508829375
46  0.6648697495888236
42  0.6646597398954622
1169  0.6636193370281206
195  0.6635637853399757
1302  0.6635447599196669
1203  0.6635219842336936
119  0.6635172915221257
1157  0.6634925786060311
1216  0.6634876172683135
1199  0.6634562776067962
866  0.6634556867966007
1196  0.663432506879352
978  0.6634181455270279
411  0.6613678157623779
842  0.6613123226349436
394  0.6612763962141769
92  0.6612335472350662
400  0.6612323548743702
853  0.6612062521975229
402  0.6611387762801864
1087  0.6610466844555254
299  0.6609299445619053
1417  0.6609206958939314
1425  0.6609122327551182
1032  0.6608758345176304
1429  0.6608682207939467
1427  0.6608639465330367
1075  0.6608560528460814
1413  0.6608527698913695
302  0.6608482523782022
1261  0.660793994327003
167  0.6607750270431112
1423  0.6607583744653786
1353  0.6599031117063382
47  0.6592760605278432
701  0.6583875035840518
753  0.6582303270072664
837  0.6582158366147097
668  0.6581843145153774
651  0.6581796054069082
608  0.6581775006826126
669  0.6581761136010067
748  0.6581651119100684
1409  0.6581559631373435
727  0.6581485614264677
775  0.6581424093912748
656  0.6581420217530871
707  0.6581398242964841
604  0.6581290242365772
776  0.6581227468851539
717  0.6581126917161171
642  0.658090365485965
606  0.6580785358043066
603  0.6580731780955418
809  0.6580679035242707
613  0.6580630267145595
610  0.6580327170692067
1401  0.6580312571214016
619  0.6580307016640263
1405  0.6580017905959498
757  0.6579929805493527
1034  0.6558785336529523
121  0.6558689466721681
1038  0.655710550066007
279  0.6553662161944125
285  0.6553156483385796
282  0.6553044453821769
1319  0.6547055564816551
1031  0.6546517905112578
1314  0.6546073260056745
16  0.652673988612884
1356  0.6522565178626027
435  0.6521284014624857
533  0.6519136392923545
1209  0.6517550520437116
579  0.6517537205448597
1205  0.6515949445269973
577  0.6514768894965497
134  0.6502377487738858
337  0.6501359393742276
1046  0.6442734468091905
664  0.6440598325176212
676  0.6440425812116188
741  0.6438077927804109
677  0.643788866157861
58  0.6424993373359884
56  0.6423363957774574
57  0.6422567673008345
630  0.6398620580163243
690  0.6397780064057141
678  0.6397010315098464
793  0.6396068376802738
882  0.6385123306614625
810  0.6373671096800462
818  0.637346740159681
115  0.636898419247859
1017  0.6367718587166484
1008  0.6366653300064733
114  0.6365520677029801
735  0.6333084693395226
313  0.6302949037371389
878  0.6288985878888471
711  0.6288701235802941
736  0.628747416774414
1296  0.6269504030356962
823  0.6267217539236972
1106  0.6262510101611348
792  0.6262333992763931
289  0.6219277432884363
203  0.6217328889864265
49  0.6194050638111729
562  0.6134236244975947
48  0.6116657630542173
787  0.6082447744589934
831  0.6055486052474363
855  0.605133894333857
1127  0.604945697436323
1397  0.6049100022360216
1399  0.6047821372885733
767  0.6047269214455667
930  0.604540670742255
661  0.6044989095246919
694  0.6044760683074631
1395  0.6044180612848319
1403  0.6041987633509206
781  0.601672365114766
888  0.6016238161766343
884  0.6016145997410476
774  0.6015883703950652
800  0.6013047358153387
667  0.6010740755559221
763  0.6006449000976494
1144  0.5959257808098153
28  0.5959079105085334
1294  0.5956805004002382
1194  0.5954613862205438
975  0.5951646011735444
131  0.5950916367111267
899  0.5830421538233042
908  0.5828652867740244
891  0.5828392712808868
906  0.5828364407413884
836  0.5827755197534589
905  0.5827371031235861
568  0.5827139476225666
834  0.5827098247668963
369  0.5826591745910481
903  0.5826294575183774
380  0.5825844308343222
641  0.5825764046863303
760  0.5825736323735989
682  0.5823675125746272
909  0.5823576712320001
907  0.5821121078667674
898  0.5821098220130665
566  0.5821046946806225
384  0.5820314347303881
880  0.5820085319646715
819  0.5820014824780259
352  0.5798178929016835
79  0.5789918658285563
72  0.5788177476948543
785  0.5786594667234147
913  0.5783968971844685
80  0.5782558895926189
915  0.577366654039107
654  0.5758808992261562
1136  0.5755644710720834
643  0.5755147121148586
644  0.5744429519073845
801  0.5733252456461386
770  0.572607403629886
782  0.5719903755940761
31  0.5642601543227579
29  0.5641095265971711
808  0.5634477983944539
215  0.5535510171286268
216  0.5520656450076351
260  0.5211350884620498
897  0.5194752384584304
894  0.5175138622850273
712  0.5171674010477135
851  0.5168440265467905
764  0.516651866572923
543  0.5164145983731565
205  0.515481466037638
262  0.5151954095329455
204  0.5148098039135626
200  0.5133218399389965
662  0.5131872955249793
265  0.512421572889615
691  0.5109051446300644
202  0.5105768888700762
658  0.5070627311135046
1148  0.5062699001846064
916  0.505886619655393
1290  0.5058158193452122
877  0.5057272684068495
1268  0.505676921963122
939  0.5055236536943356
1288  0.5050809059933149
928  0.5047597468454054
937  0.5046687956741346
756  0.504603224974838
498  0.5044379986243214
504  0.5031136749243176
895  0.5028670308375773
936  0.5027032057719265
507  0.5026360584579259
885  0.502404030138093
680  0.5022424691053166
614  0.502230990568576
624  0.5020005249239671
901  0.5019341982439824
914  0.5018292387377302
731  0.5018030429183162
1285  0.5017852343735593
698  0.5015735018463543
943  0.5013014443140968
434  0.5012030097156912
863  0.5011806962806113
917  0.5011176640741238
264  0.5010207019329698
929  0.5009770256406165
889  0.5008248456302621
622  0.5006287667699072
284  0.5004560804417817
794  0.5003936648721495
912  0.5003441497486933
1089  0.5000979857310011
931  0.49995555682915926
1100  0.4997673011576152
920  0.4995726938122282
922  0.49933281317047584
740  0.49908611174826467
927  0.4985670679573642
281  0.4982892577732652
918  0.49732304070792016
430  0.49679886447191235
747  0.49592333466168187
715  0.4955002266599072
703  0.4954618402871573
660  0.49515364069215545
779  0.4948262462473932
755  0.49481678735784296
970  0.4947734257580355
342  0.4945175666319801
538  0.4944545581401356
725  0.49443948911328395
1151  0.4942904769353133
349  0.4942728746998847
646  0.4941873701576453
602  0.494039756137246
637  0.49401664388175437
634  0.49398430292152085
665  0.4939321598609986
1218  0.4939235657432488
778  0.49391183103700675
759  0.49390814301720204
724  0.4936661684690506
675  0.4935872021675227
706  0.49352552964866675
886  0.4935241134484474
687  0.4935075649632816
761  0.4934942488436735
802  0.4934845373876762
1354  0.4934018687307694
772  0.49336697307250743
911  0.49333993828362066
751  0.4932957283337623
612  0.4932547808943823
1027  0.4932204469125884
746  0.49305523273400076
910  0.4930428203217667
870  0.49293707871318576
649  0.4924927610530462
791  0.4923190817009541
686  0.49226707120347746
702  0.49225677361232434
786  0.49224742210611006
599  0.4921553040417148
883  0.4920294350290096
1221  0.49199235924006585
320  0.4919893269908567
323  0.49194525434428926
647  0.4919393259523824
332  0.4917134406526125
1362  0.49160009480443734
1120  0.4910280567806645
581  0.4909324201718045
734  0.4907240693444494
857  0.4907214946535967
705  0.49062130981385615
948  0.4905669527372502
306  0.4902023025606734
719  0.4896165357139559
301  0.4895604498094025
462  0.4894719800343117
595  0.4894574342223171
828  0.4892503788578081
444  0.4891814974804168
1114  0.4888053508558428
336  0.48877884833224533
304  0.48866461126514343
150  0.488637179436476
588  0.4885612527337556
1421  0.48855513962010383
945  0.48850936555343294
1214  0.48845559691715285
453  0.48833768387566995
311  0.4883251200776777
813  0.4883122047728665
1020  0.48828009741698
924  0.4881272962239093
592  0.4880930709691793
127  0.4879487504858402
126  0.4879113655181414
1359  0.48784611489548796
1380  0.4877717259065637
593  0.48768435386504433
1382  0.48757827498903905
1212  0.48749558362214507
326  0.4874443194411666
94  0.48729142772305545
846  0.487237543749793
1014  0.4872126462910064
685  0.48719837309344377
308  0.4869408594473609
1331  0.4867165974047007
941  0.48663457583131725
1255  0.4864770316331151
128  0.48612844932641486
743  0.48594858863341994
1363  0.48548196169615265
942  0.4853449663815306
597  0.48513017926696744
629  0.4850067105371611
879  0.4840165840250042
867  0.48399920159615717
477  0.48395142704975325
632  0.4833334695883771
591  0.4832883205739722
144  0.48226913796554294
932  0.48068968521646727
838  0.4806533804686547
330  0.48055185863157945
750  0.4805104101808694
699  0.48018945085703785
803  0.47961176529180055
728  0.479333630186463
146  0.47930940845694914
844  0.47926694413801574
934  0.47918491880755554
671  0.4791112902165845
367  0.4790159460452064
845  0.47896606225100213
653  0.4789462240389245
890  0.4787683378006888
847  0.47874643082159674
373  0.47852193414154187
824  0.4785200534016627
670  0.4784760772996128
628  0.47827999477211924
673  0.47816676367679123
784  0.47816015963095104
594  0.4780242752348091
780  0.47775975093659995
1366  0.4775999077641914
737  0.4766273486120174
408  0.4747416290166304
639  0.4710508585834094
833  0.46848562397380933
708  0.4660404227679012
695  0.4544586969635352
862  0.44667911168811497
859  0.4458623501465914
875  0.44532543702307315
864  0.44341942826911146
723  0.437292916419028
871  0.4356180289219003
1  0.0
2  0.0
3  0.0
4  0.0
5  0.0
6  0.0
7  0.0
8  0.0
9  0.0
10  0.0
11  0.0
12  0.0
13  0.0
14  0.0
15  0.0
18  0.0
19  0.0
20  0.0
21  0.0
22  0.0
23  0.0
24  0.0
25  0.0
26  0.0
27  0.0
30  0.0
32  0.0
33  0.0
34  0.0
35  0.0
36  0.0
37  0.0
38  0.0
39  0.0
40  0.0
41  0.0
44  0.0
45  0.0
50  0.0
51  0.0
52  0.0
53  0.0
54  0.0
55  0.0
59  0.0
60  0.0
61  0.0
62  0.0
63  0.0
64  0.0
65  0.0
66  0.0
67  0.0
68  0.0
69  0.0
70  0.0
71  0.0
73  0.0
74  0.0
75  0.0
76  0.0
77  0.0
78  0.0
81  0.0
82  0.0
84  0.0
87  0.0
89  0.0
91  0.0
213  0.0
224  0.0
233  0.0
237  0.0
240  0.0
242  0.0
243  0.0
245  0.0
255  0.0
256  0.0
257  0.0
259  0.0
261  0.0
263  0.0
266  0.0
267  0.0
268  0.0
269  0.0
271  0.0
272  0.0
273  0.0
274  0.0
278  0.0
280  0.0
283  0.0
286  0.0
287  0.0
288  0.0
388  0.0
407  0.0
432  0.0
437  0.0
440  0.0
441  0.0
443  0.0
446  0.0
449  0.0
450  0.0
457  0.0
466  0.0
467  0.0
476  0.0
480  0.0
499  0.0
500  0.0
501  0.0
503  0.0
506  0.0
509  0.0
585  0.0
596  0.0
611  0.0
616  0.0
617  0.0
618  0.0
620  0.0
623  0.0
626  0.0
627  0.0
631  0.0
633  0.0
635  0.0
693  0.0
788  0.0
795  0.0
799  0.0
940  0.0
947  0.0
1037  0.0
1042  0.0
1125  0.0
1191  0.0
1195  0.0
1233  0.0
1239  0.0
1283  0.0
