709  0.7770039285018645
710  0.7594856878280748
707  0.7593890863046965
708  0.7589698544950835
1167  0.7516054503228705
1058  0.7515774912065631
738  0.7515511337651448
876  0.7514586866160445
899  0.7514379816145068
1333  0.7514015175279369
1241  0.7513958341495194
1176  0.7512754426786948
744  0.7512403577448911
739  0.7509813613009807
59  0.7432010089072576
65  0.7431375720287734
1393  0.7431211315634831
918  0.7428867895114093
977  0.7427938921089108
15  0.7427585454780178
1669  0.742698761109428
588  0.7425383844594485
984  0.7421710707162595
733  0.7399195375286336
1441  0.7398350986492243
729  0.7397087299475812
1445  0.7396995575716881
1447  0.7396609019176257
737  0.7396559998413309
1171  0.7395817185553819
734  0.7395448772045713
726  0.739530123397172
748  0.7394963918641161
823  0.7394211659110087
838  0.7376192185340764
446  0.7371973714637536
449  0.7369763014160308
722  0.7369595111919331
719  0.7369549960570116
441  0.7367805934540277
720  0.736574144342271
427  0.7355978994140204
758  0.7345947692644283
432  0.733282247582723
436  0.7330516610660488
431  0.7327224477967598
1620  0.7326200535945425
493  0.7324921046531981
153  0.7323059143171229
490  0.7322690029611653
421  0.7322042087987213
1663  0.7321205454160633
1532  0.7320683731133671
433  0.7320447557723451
23  0.731973755318609
323  0.7314583218979868
325  0.7314158360457629
1228  0.7311775119200185
102  0.725962038954404
474  0.7258047975478141
106  0.7257808315545098
47  0.7256842386421043
173  0.725650987642024
43  0.7256127310062374
105  0.7256018583543974
45  0.7255798560342149
472  0.7255794032007697
168  0.725542042362874
42  0.7255177482975776
122  0.7244131340915279
51  0.7239225801067262
125  0.7238982198080194
49  0.7238784842819771
177  0.723766571350347
222  0.7229632362260923
1237  0.7227434664464173
1682  0.7227183937153163
508  0.7226974699954366
224  0.7225662933273883
1515  0.7225139809007661
1350  0.7224334562976641
450  0.7201034756976729
25  0.7200686205991538
26  0.7200069720568834
24  0.7199593348806016
1538  0.7199447447333425
219  0.7180483319595341
171  0.718016075744834
166  0.7180052591724473
103  0.7179354985175206
299  0.7178545569530524
435  0.7161622479994473
179  0.7161262942333845
37  0.7160327467135275
176  0.7159871705100717
1559  0.7159678212970181
31  0.715953386944537
33  0.715950828277725
886  0.7159258517737942
88  0.7145730319566734
91  0.7145484974160489
94  0.7145386029814077
1723  0.7145236326450327
338  0.7145208587240259
341  0.7145139730129902
334  0.714497230002434
1738  0.7144384923159283
1691  0.7144359146864971
332  0.7143786990944824
1563  0.7143777283670939
1729  0.7142869032771517
578  0.7141977601727738
116  0.7137488909386421
99  0.7137451732685546
119  0.7136633319416562
97  0.7135961275524777
112  0.7132376188068035
1373  0.7131190653492951
138  0.7128732894566121
409  0.7127191256703169
592  0.7122264003625995
204  0.7121914476795763
1412  0.7121448981731424
136  0.711966308384408
575  0.7118036432441524
571  0.711716439180885
654  0.71170627101257
658  0.7116435926442642
127  0.7111328705485916
124  0.7111038191140157
203  0.7110923229324629
655  0.7110366762080492
584  0.710915263111801
109  0.710890320209925
142  0.7107228793041634
70  0.710701900380089
146  0.7107005574721174
128  0.7106331080309626
1398  0.7106303462807536
114  0.7106261082501889
143  0.7106166752538563
115  0.7106159139619069
131  0.7106130691598367
107  0.7106118306136479
536  0.7106108425292172
121  0.7106102982187731
118  0.7105995994401584
149  0.7105988807498564
147  0.7105967446207727
130  0.710582803141168
140  0.7105681903553727
1567  0.7105251834372521
1507  0.7103627163549976
344  0.7103027223658125
346  0.7102966636979756
1511  0.71029284503491
135  0.7102808106224755
1510  0.7102327852959344
388  0.710152039213756
390  0.7101077907209004
392  0.7100645350665494
386  0.7100526577019121
134  0.7097546470976996
270  0.7097397227635442
268  0.7096728074800038
476  0.7096117230082166
465  0.7096088456542389
470  0.7096046111794336
473  0.709604588864252
467  0.7096032349285166
481  0.7095973118045789
469  0.7095800856719022
479  0.7095795707197062
475  0.7095561499390065
478  0.7095559629528715
164  0.7094764317118095
161  0.7094347906294006
482  0.7094232776560617
156  0.7094198128067501
87  0.7094053216070988
1505  0.7094044761268868
169  0.7094012134373338
174  0.709399621925334
86  0.7093983209630675
158  0.7093971538419354
668  0.7093849564026181
283  0.7093814306679077
671  0.7093706988174021
281  0.7093604084766285
1056  0.7093386516286749
133  0.7092663397658279
663  0.7092399350224473
665  0.7092336514716707
139  0.7091765296911503
93  0.7091235516707979
652  0.7091141825359148
337  0.709112506092627
462  0.709109541602933
96  0.7090769080226424
1539  0.7090736177406914
649  0.7090272630051133
1540  0.7089694994823755
411  0.7089663304843803
415  0.70894545578121
1715  0.7089225942429419
460  0.7089142746858242
82  0.7089109181425935
413  0.7089072195312167
95  0.7088936952217852
647  0.7088885754326865
1667  0.7088786218390177
459  0.7088718175419251
458  0.7088536023695099
457  0.7088515642677302
456  0.708834481135975
262  0.7088119008523068
264  0.7087802030112743
84  0.7087646449456618
495  0.7087335478479672
78  0.7087225854001151
85  0.7087153830477347
181  0.7087051605687552
188  0.7087030900463963
775  0.7086980856071491
184  0.7086976691233632
186  0.7086772434724411
1698  0.7086396981908611
183  0.7086378471483373
1548  0.7085968029717
1550  0.708579397632694
463  0.7085604150541536
1385  0.7085566221580374
208  0.7085488193908722
50  0.7085452187876665
1388  0.7085392066558773
505  0.7085044105719968
502  0.7084711640036597
251  0.7084563796995128
245  0.7084406453260612
1430  0.7084315705123758
1410  0.7084231522500405
252  0.7084225496283706
885  0.7084218960979781
625  0.7084143583059082
646  0.7084087191648296
209  0.7084034703449009
249  0.7083981965809478
1679  0.7083848798832264
1255  0.708378889813973
1756  0.7083732137994596
1558  0.7083721164205837
212  0.7083664204072833
1416  0.7083532612343971
211  0.7083530901320413
1375  0.7083448711719461
1379  0.7083422258029028
1631  0.7081142672964984
1084  0.7081040236074208
1453  0.7080985798088589
1642  0.7080966063100127
1372  0.7080962397357341
1286  0.7080956469856642
1488  0.7080953171517771
214  0.7080948008038549
1675  0.7080907062098077
523  0.70808840043893
213  0.7080874550510198
484  0.7080867351162319
1275  0.7080828520042018
487  0.7080821840017854
1292  0.7080793209246111
520  0.7080759899233668
1686  0.7080650185394102
1434  0.7080629164279324
259  0.7080592078431883
1458  0.7080582070684989
1634  0.7080499275218041
1506  0.7079453030682664
1057  0.7079070023383274
562  0.7078429531706621
1629  0.707824299492991
1571  0.7078197326045972
1224  0.7078149023158744
763  0.7078104540229079
531  0.7078100586568165
566  0.7078071150035952
1374  0.7078017742057824
1205  0.7078012640186867
218  0.7078006988552369
1326  0.7077967275621163
557  0.7077957470442472
568  0.7077955247755736
1722  0.7077952068696928
215  0.7077832825198425
1589  0.7077791349982844
728  0.70777772164295
667  0.7077771742911736
1568  0.7077768603015852
1580  0.7077767528592086
597  0.7077759626456886
1677  0.7077757882492971
1384  0.707773090717381
836  0.7077718938258896
563  0.7077700471861316
216  0.7077609803837385
787  0.707759838393614
1719  0.7077591199556708
1302  0.7077553416389031
1533  0.7077533362649142
611  0.7077519536000274
1366  0.7077496997646666
660  0.707747474655693
893  0.7077427336136941
558  0.7077396508444835
1762  0.7077369691203252
483  0.7077352008907928
244  0.707734995880545
1349  0.7077340984179318
440  0.7077338781259741
221  0.7077317449862499
910  0.7077297560133488
1541  0.7077295496450587
220  0.7077246219564491
1523  0.7077244189846504
539  0.7077229303091802
1761  0.7077220825129953
1576  0.7077179857757483
1626  0.707717823796015
661  0.7077173894485722
970  0.7077167403274498
1512  0.7077147234802256
1376  0.7077138228170455
1616  0.7077121009841458
609  0.7077100030770463
439  0.707709492621361
606  0.7077079325283492
603  0.7077040356582743
533  0.7077028238254905
1757  0.7076999718559374
1725  0.7076996583064068
1693  0.7076995277070735
1554  0.7076995259962976
1688  0.7076991826786801
485  0.7076936477957215
1653  0.7076934227417387
1760  0.7076914341246281
1381  0.7076912021270699
1495  0.7076904011784168
591  0.7076889251882009
1595  0.7076867632158802
1635  0.7076794167701284
1650  0.7076782732323428
962  0.7076706252234504
1710  0.7076703782221444
1763  0.7076700583076179
152  0.7076698371102326
1342  0.7076684325225296
1422  0.707667454622549
1487  0.707667008705573
1749  0.7076660904710437
1628  0.7076659918088056
1673  0.707665083731193
1699  0.7076618315788821
1265  0.7076582051210185
1645  0.7076565885407862
1492  0.7076561134160025
205  0.7076538768748747
488  0.7076528780962498
276  0.7076521954639746
1482  0.7076510377735409
1630  0.7076364349377717
1658  0.7076238709800875
1083  0.7076231514123902
1157  0.7076194967306781
732  0.7076162634647689
1624  0.7076150960500774
1666  0.7076127299273978
1683  0.7076070926755547
1684  0.7076001748319326
377  0.7075960994415711
1425  0.7075934312004668
289  0.7075928487578671
380  0.707591968345846
1751  0.7075901447378098
1013  0.7075876700147625
1494  0.7075814974989747
805  0.7075772693947553
1340  0.7075648076073534
1491  0.7075634390750014
1337  0.707555661106767
702  0.7075542319358262
1451  0.7075496145639568
1687  0.7075481704490559
1471  0.7075423153012625
1339  0.7075394073686467
1022  0.7075384765612525
1463  0.7075278930146872
1336  0.7075275609397722
1236  0.7075242718593933
1599  0.7075235179723405
512  0.7075222988021395
1199  0.7075214154204692
704  0.7075175773169902
1335  0.7075137840277014
1334  0.7075118814086502
510  0.7075070688440483
1327  0.7075039628021776
1467  0.7075028410701409
522  0.7075025972176598
511  0.7075020620096836
925  0.7074935843241911
1514  0.7074882455938302
182  0.7074648687843662
1516  0.7074564732885937
1692  0.7074559861234757
412  0.707455695039435
1465  0.7074556654265812
1462  0.7074519215441428
1527  0.7074444910256269
1592  0.7074434379865285
526  0.7074431939333202
178  0.7074425463219206
491  0.7074419086708728
1665  0.7074410135231393
451  0.7074408627926095
223  0.7074403807097753
422  0.7074401142563843
1405  0.7074389819838306
454  0.7074385617783305
1435  0.7074383151572483
1662  0.7074379430309978
165  0.7074378859916627
1717  0.7074366636624285
404  0.7074363703274335
443  0.7074362233397716
1627  0.707436095312481
1497  0.7074359242240366
408  0.7074357545870521
1344  0.7074356433839311
434  0.7074356186594418
670  0.7074356141803188
1474  0.7074355776908329
1529  0.707435516370858
1528  0.7074353950687507
1608  0.7074353267848509
1490  0.7074348579545183
414  0.7074345441228556
1557  0.7074344476838257
630  0.7074336992104907
396  0.7074336438093882
395  0.707433260152896
417  0.7074332436072863
788  0.7074332002778907
387  0.7074329599549046
902  0.7074328177850742
1475  0.7074313320237058
554  0.7074312985248276
1500  0.7074302865799434
1714  0.7074301602396936
1579  0.7074294469328269
1355  0.7074290203913344
1681  0.7074284958514024
1454  0.7074283961172911
1530  0.7074281936321467
1449  0.7074279283067757
1536  0.7074279175571256
430  0.7074270666576068
565  0.707426580623961
794  0.7074260437979325
1646  0.7074251125379011
1397  0.7074250135260322
1537  0.7074248235745176
1716  0.7074248123048538
560  0.7074247167843912
537  0.7074246049804628
397  0.7074245588144649
589  0.7074244766298095
389  0.7074239103862906
423  0.7074232381862835
1360  0.7074214968324007
180  0.7074211474254402
141  0.7074205837283494
633  0.707420544028447
445  0.7074204701841611
1724  0.7074201933717418
170  0.707420086583314
455  0.7074198966109169
391  0.7074196026925806
631  0.7074190035897042
570  0.7074189154698957
227  0.7074175787991123
1264  0.7074171805471493
514  0.7074171445422865
635  0.7074166670410826
448  0.7074164861149702
1672  0.7074162246179478
1569  0.7074156092737177
1457  0.7074155481113004
231  0.7074149809177557
175  0.7074148987275287
41  0.707414787098679
416  0.7074147807904121
547  0.7074142740253863
398  0.7074140782854227
157  0.7074134647335044
705  0.7074130141129708
225  0.7074127888267794
420  0.7074127764843433
1531  0.7074121086198042
419  0.7074118241935778
428  0.7074117030539795
993  0.7074115151731137
1485  0.7074112046891502
527  0.7074109641458931
1010  0.7074109343836392
1503  0.707410646089067
659  0.7074099048729943
406  0.7074098391367397
1695  0.7074096258365539
437  0.7074096189794916
159  0.7074088854547564
233  0.7074081328176658
438  0.7074073973652072
1708  0.7074073883137421
1640  0.7074073174562933
144  0.7074072869190076
1618  0.7074063931061892
407  0.7074060134900328
405  0.707405071759615
1109  0.7074046846010322
1332  0.7074046040258619
1520  0.7074045395420077
666  0.7074043880411128
1347  0.7074041984921792
452  0.7074039035480235
1660  0.7074038465863755
1744  0.707403785784591
402  0.7074037370517133
426  0.7074034623918029
585  0.7074033537461514
1643  0.707403339142109
1024  0.7074013482237592
906  0.7074006190571078
410  0.7073998484247552
1746  0.7073996066735218
664  0.7073992487090409
1622  0.7073992031169163
583  0.7073985739229556
1460  0.7073983656346757
393  0.707396590051487
425  0.7073962446061172
581  0.70739602818517
1690  0.7073952494115056
418  0.707394913289434
1418  0.7073927934891873
1604  0.7073917850799809
1029  0.707391691199277
400  0.7073913869769033
1450  0.7073907248218303
1661  0.7073904850167871
1387  0.7073902314496109
1765  0.7073890095367125
1638  0.7073885643405452
594  0.7073881821197647
230  0.7073868427364681
1480  0.7073861070751498
1625  0.7073846199804545
567  0.7073838393146892
1436  0.707383027868811
150  0.7073827927016606
1440  0.7073823430002917
1619  0.7073819846925672
162  0.7073815140223972
1704  0.7073811550819858
875  0.7073799021613126
503  0.707379560097195
580  0.7073794374805391
1042  0.707377698688762
1444  0.7073769535901197
1448  0.7073757232398084
1178  0.7073751939789712
756  0.7073729214794378
1364  0.7073717702666948
1369  0.7073717153245338
1012  0.7073709093223906
1218  0.7073706435207079
1478  0.7073693073208787
1664  0.7073675637273159
1656  0.7073672759998636
1446  0.7073670749796177
1605  0.707365857334049
894  0.7073657111956086
546  0.7073617029830063
1654  0.7073608068696918
1613  0.7073576963969868
504  0.7073561423417427
1223  0.707355517425865
1091  0.7073519505729148
1611  0.7073504298458092
1706  0.7073501241215578
1632  0.7073494276447266
1562  0.7073491624833619
1317  0.7073487513093032
1736  0.7073470555615254
577  0.7073469635218309
69  0.7073467453574682
1636  0.707344811749328
927  0.7073445885327065
1353  0.707343235746403
1709  0.707343070459075
1707  0.7073430618428006
1351  0.7073421605834558
1484  0.7073420447864603
1508  0.7073419865710983
217  0.7073418284280221
1728  0.7073416878695709
1002  0.7073415568277934
1399  0.7073401795756017
1743  0.707339822987673
1678  0.7073389231924416
1501  0.7073388940718935
1721  0.7073384607121624
1603  0.7073383984851144
1504  0.7073380513563559
1598  0.7073378660163258
1481  0.7073375631799024
1319  0.7073373896315059
1354  0.7073368106752397
1577  0.707336802384383
620  0.7073360495190714
859  0.7073357323698389
544  0.7073347058308643
1623  0.7073346658232947
1343  0.7073342652702138
496  0.7073333915024758
228  0.7073333785755581
1671  0.7073331108190178
1718  0.7073322497390618
492  0.707332166114581
564  0.7073316564321074
1476  0.7073313828517096
573  0.7073306745182583
1414  0.7073302998042444
486  0.707329553136659
955  0.7073288268006311
965  0.7073286112260185
1689  0.7073284223082116
907  0.7073278489558311
1431  0.707327483475992
1766  0.707327327400176
1676  0.7073268400782295
1298  0.7073266409223884
1438  0.7073263364857141
653  0.7073263317054991
1489  0.7073260687937561
1522  0.7073260497144198
1612  0.7073257638806891
1600  0.7073256944281764
1713  0.7073254572729974
1341  0.7073250010602049
1172  0.7073249718650807
795  0.7073248877423179
1633  0.7073248845903728
861  0.7073240222082059
1415  0.7073238234769741
1731  0.7073234979150068
1745  0.7073233242849978
1759  0.7073231772641991
541  0.7073231371215676
1363  0.7073225423715355
716  0.7073223341874614
1330  0.7073221600302054
1345  0.7073218676222106
561  0.7073218532366924
1362  0.7073218357926504
1755  0.707321663538436
1253  0.7073216428536507
1753  0.7073215342584787
1240  0.7073214798638817
489  0.7073214684593929
1348  0.7073212603628956
1323  0.707321204460314
1551  0.7073210525335688
556  0.7073210034364478
662  0.7073209352041065
846  0.7073208687768824
648  0.7073205392446424
593  0.7073203934691776
529  0.7073197363655538
1320  0.7073194905495385
1325  0.7073193212347464
1318  0.7073192995254017
1045  0.7073192879780521
1641  0.7073191691276566
1338  0.7073189380244259
1720  0.7073185475910646
1659  0.7073181016986195
736  0.707317862257877
1402  0.707317673369499
1417  0.7073171746016059
1391  0.7073167904046869
1390  0.7073161589621478
797  0.707315684885377
644  0.7073148197407162
1647  0.7073147695420126
1028  0.7073145827456142
1741  0.7073142706747081
1291  0.7073132278179044
1243  0.7073132111645949
1359  0.7073125862823865
548  0.7073121541955157
108  0.7073116768038336
1594  0.7073116205408014
1322  0.7073111889281437
997  0.7073111073067835
1420  0.7073106255410866
1113  0.7073105266917133
1734  0.7073099667502653
1674  0.7073099665734321
1525  0.7073099348685715
1582  0.707309562963002
1615  0.7073095111386044
1370  0.7073092649632023
1509  0.7073092312583095
602  0.7073090201426567
191  0.7073088382842319
1230  0.7073087927492934
193  0.7073087795751045
731  0.7073086527845263
1408  0.7073083419084011
1486  0.707308320153161
1120  0.7073078161760601
877  0.7073077483617788
574  0.7073074508617107
1358  0.7073072949557103
1694  0.7073067816579109
500  0.7073065874260278
123  0.7073063204526633
1008  0.7073062032243054
714  0.707305690594795
1428  0.7073055207381984
1046  0.7073051317806449
1257  0.7073049558433936
515  0.707304882116459
1377  0.7073048543194762
1067  0.7073047602062722
650  0.707304476112869
1427  0.7073044297267929
1602  0.7073044290194319
1711  0.7073041560835522
1610  0.7073038806369039
1479  0.7073034847780229
1590  0.7073030113196458
497  0.7073029516002481
1483  0.7073024646648248
1324  0.7073022620194775
1423  0.7073014762877469
604  0.7073010852276531
928  0.7073010219750482
1648  0.7073002128208856
1437  0.7073000713436841
1588  0.7072998896754622
1466  0.7072992884465559
1394  0.7072987788620632
1455  0.7072985111787364
1670  0.7072983838731315
98  0.7072982242679333
608  0.7072980675335493
1767  0.7072976650121147
555  0.7072976411135633
1606  0.7072969225724933
1267  0.7072969112541189
1556  0.7072962596277559
605  0.7072958853848552
1597  0.707295260723303
1179  0.7072943174655457
1368  0.7072941543474329
516  0.7072929080090705
534  0.7072927657751471
1668  0.7072924461731168
1356  0.7072923272455062
1328  0.7072922215668409
1092  0.7072922137851998
538  0.7072919808436393
1573  0.7072894810261365
1473  0.7072894121012567
1407  0.7072892820214087
607  0.7072890629548868
1367  0.7072887875815519
1701  0.7072881507373021
1439  0.7072880931406975
614  0.7072878174314272
1739  0.7072869466654153
624  0.7072865897735071
1072  0.7072863801660566
348  0.7072862107041202
1584  0.7072861962232726
1311  0.7072860420129997
518  0.7072859836039133
1737  0.7072852493884836
628  0.707284463871468
117  0.7072835674097583
615  0.7072833776766937
1575  0.7072828288523609
612  0.7072826970894702
656  0.7072825092095366
1730  0.7072821131047241
1727  0.707281973039461
618  0.7072818841048932
1586  0.7072812381442374
1644  0.7072811632456302
579  0.7072809413696477
1518  0.7072809393289023
1696  0.7072803751709038
1382  0.7072797796911777
530  0.7072787448133425
1591  0.7072780414250585
1565  0.7072771494048795
195  0.7072771425067803
1524  0.7072769120588872
621  0.7072766875085882
1657  0.7072762171121697
572  0.7072761830365479
989  0.7072758334803041
1542  0.7072756741911441
1411  0.7072741484692409
559  0.7072736194796807
981  0.7072734960816517
1652  0.7072719057865364
517  0.7072718410908169
626  0.7072718109270792
1396  0.7072717319939037
1469  0.7072715979179548
1712  0.7072713568285607
599  0.7072713381166988
519  0.707270764964957
210  0.7072696872334234
576  0.7072696365380999
1543  0.7072694882999541
831  0.7072675997806087
1443  0.7072675907041309
1685  0.7072657958296859
640  0.7072644832908512
52  0.7072617467907202
1074  0.7072616332132359
1380  0.7072615384906492
1221  0.7072569562544719
657  0.7072544937315036
976  0.7072544729300688
501  0.7072542547716704
507  0.7072533427286471
1452  0.7072525020192536
590  0.7072513647279897
1566  0.7072512039706946
1357  0.7072511964694392
636  0.707251005792233
1260  0.7072506867894308
610  0.7072498339468627
1735  0.7072489320702651
601  0.7072487561497149
1561  0.7072475525245565
1535  0.7072475369889756
340  0.7072471969771339
506  0.7072464915972598
825  0.7072458962883701
1617  0.7072447900899601
598  0.7072447300328907
1433  0.7072439533647146
642  0.7072434159106723
543  0.707243158242772
498  0.7072413140773107
651  0.7072388387050262
532  0.7072364172252117
1152  0.7072346210802515
1748  0.7072335568123685
1502  0.7072299865093103
1555  0.7072290813430754
1702  0.7072274837941163
1215  0.7072268333501677
1383  0.7072264443188416
1051  0.7072237873775068
638  0.7072194483168613
552  0.7072169361963931
1331  0.7072166926551988
1549  0.7072103941258437
1574  0.7072053791788715
1655  0.7072046996949248
1442  0.7071968294747898
1493  0.7071963164594438
1546  0.70719345088181
1498  0.7071894059964141
1583  0.700189343169467
1680  0.7001018346108454
535  0.7000180546825566
540  0.699979698364882
1127  0.6996443149375564
1400  0.6996108491418769
1403  0.69959937812941
239  0.6995906245065578
595  0.6995841346779706
229  0.6987695043428162
79  0.6987641858736513
521  0.6987612234919703
80  0.6987337278716674
1639  0.6984001760658979
1614  0.6976528787139589
1545  0.69764200336554
101  0.6975990599004542
58  0.6958194716753692
1392  0.6958079175226208
62  0.6957850871199174
66  0.6957772033042113
67  0.6957408799570537
61  0.6957188780523966
1395  0.6957146895764952
63  0.695382308296486
64  0.6953701343966199
840  0.6952028340266692
623  0.6937204171910454
68  0.6936646526885394
1552  0.6935380505497863
148  0.6933465069186493
111  0.6932176579777412
145  0.6932172152501259
883  0.6931232896397996
73  0.6930582750644103
75  0.6930196980318899
71  0.6930181266729927
20  0.6929285486707885
399  0.6925533416139842
22  0.6925201695505018
403  0.6925119974059684
401  0.6924823475606888
394  0.6920342716071656
461  0.6907948734338355
310  0.6894574094027641
308  0.6894008060868265
1018  0.6893247218182238
1048  0.6892819440826173
305  0.6892625355235366
1014  0.6892040451042267
1164  0.6888419812171038
1637  0.6871520259224378
1371  0.6869203287497538
38  0.686615511935481
83  0.6865625781127648
35  0.686550597950538
77  0.6864423633081883
40  0.6862562978000291
76  0.6862251643165018
74  0.686199683696109
937  0.6861309618716673
964  0.6861074990695112
696  0.6860032329662779
807  0.6859111951298421
994  0.6856440219817608
32  0.6853896346834352
619  0.6851840477474982
1578  0.6850073076635597
617  0.6850068217492274
132  0.684953629178291
137  0.6849123483958812
72  0.6843289693798517
81  0.6841420742149883
260  0.6840926651022371
1193  0.6840744759556427
1200  0.6840731338776336
768  0.6840701858074737
551  0.6840563915776057
828  0.6840334699491087
1039  0.683915289838071
681  0.6839152126373794
1229  0.6839131646736403
682  0.6836653504648006
824  0.6836481009795538
678  0.6835739576904775
695  0.6833380071747737
802  0.6832920433783307
806  0.6832589619975784
694  0.6830940419719581
1206  0.6830248830751467
693  0.6828444933157247
1750  0.6825355466426756
275  0.6820850977687996
272  0.68202163396292
1596  0.6819738202276884
369  0.6819500190135666
277  0.68135963447476
163  0.6808962431188563
160  0.6806259419033375
749  0.680210167393451
90  0.6785010232525388
1148  0.6784216359246703
373  0.6781814332991464
1560  0.6779889705861009
1517  0.6778524945820393
1239  0.6777769232183023
381  0.6777553949863085
232  0.6775947925001672
1191  0.6775746274873475
1005  0.6775616730115661
1521  0.6775597459138979
951  0.6775487691558646
1105  0.6775402078942004
741  0.6775381432606176
785  0.6775339967519285
1526  0.677515555984197
1059  0.6774954445229093
1295  0.6774904424541315
1061  0.6774806649839191
1123  0.6774617919069843
1210  0.6774443059766053
947  0.6774432794924353
1309  0.677403632186789
1242  0.6773828621294621
1297  0.677369921302527
378  0.6773544303984481
874  0.6773445939654676
1041  0.6771579599977373
21  0.6756248782194512
698  0.6725871395549617
688  0.6723844760781924
1118  0.6723736995323498
1125  0.6721734241140006
700  0.6719861968502194
687  0.6719316889783417
1201  0.6717912671022533
1021  0.6717831630416886
703  0.6717795054089051
1139  0.6716830660722132
959  0.6716823663607991
1020  0.6716723906127178
1272  0.6715290708503693
1165  0.6708492897849847
1054  0.6686946264830387
684  0.6686905660594088
746  0.6686322614615833
1232  0.6685497949211499
743  0.6684304030121369
48  0.6683039695057105
689  0.6682739879572186
772  0.6682338417181432
686  0.668179921361498
442  0.6679901554889278
949  0.6674316873220278
447  0.6674158556636022
771  0.6672945085945586
444  0.6670887964246789
706  0.6670227679312425
978  0.6667407884905617
1110  0.664738149446613
770  0.6640088817444192
1214  0.6637758661274482
4  0.6637259087783276
1188  0.663687563253845
701  0.6636583865489984
909  0.6636193676779968
1587  0.6636073497024282
1256  0.6635753924282481
724  0.6633894753498115
961  0.6632084724656415
752  0.6626712656613435
942  0.6626041992258148
922  0.662555559970453
690  0.6624477969491175
1064  0.6623073245600953
692  0.6623020266088846
691  0.6622698098409506
1177  0.6622441081101248
1087  0.662155195062873
750  0.6618935832931865
1107  0.6596599852528122
967  0.659495275742724
1027  0.6593711353556605
919  0.6593681524892905
113  0.6593070718859536
855  0.6572657720875611
1141  0.657095179343694
1037  0.657062298506381
1112  0.6569863535026639
1052  0.6569824764575196
1299  0.6568873679478843
46  0.6568779115551924
975  0.6568257839982503
1413  0.6567735017622061
1181  0.6567572499412074
988  0.6567300461628929
1132  0.6567058190279162
1649  0.6566518000698471
1310  0.6566219310016337
1121  0.65657051395719
1168  0.6564726841651246
998  0.656397021825369
1173  0.656355857579731
1044  0.6562796459650875
1429  0.6562739860557382
1080  0.6562177517127936
1238  0.656185819015438
1073  0.656160579802904
1758  0.6560670239679145
1146  0.6560441253686448
954  0.6560267308433385
1432  0.6559902044037377
1036  0.6559489804610474
1126  0.6559402915798622
721  0.6557413970772832
926  0.6556672730688874
1252  0.6553395324163767
1009  0.651588167772116
634  0.6515721926966652
1235  0.6514945403820714
1225  0.6514876679955948
645  0.6514441253257706
1198  0.6513528658554854
1227  0.6513338406726766
1250  0.6513004257523385
639  0.651299091992791
1263  0.6512861293055853
643  0.6512793626627731
1204  0.6511685570307167
632  0.6511680441596667
1246  0.6510801189081326
637  0.651017875228833
1220  0.6510060804197796
1248  0.6509046602680519
1133  0.6508682573586704
1137  0.6508206799758248
1108  0.6507847425251859
1007  0.6506118780137425
1534  0.650593261726615
641  0.6505687889648376
960  0.65056672802905
1754  0.6505447698603566
983  0.650541676410215
699  0.6501135824215797
1301  0.6500556695613076
730  0.6497216050884754
697  0.6489139239175296
765  0.6477278256196545
237  0.6474171078993284
110  0.6472215679260334
760  0.6470191197260812
1231  0.6470090791092011
1040  0.6469657826679425
764  0.6467478707733156
767  0.6466607718765061
1409  0.6465431999538579
769  0.6464963864331629
1163  0.646448584448136
1401  0.6463574464930859
1404  0.6460644641075746
754  0.6458422418654731
870  0.6458137094269376
1742  0.6439607297253217
1747  0.6435753903280844
1752  0.6435478893178964
429  0.643313181550609
1361  0.6423588897565171
1213  0.6407149320165132
1259  0.6405288471737262
1262  0.6403712746636469
629  0.6402233302077525
1050  0.6400702275705847
1209  0.639887290601921
627  0.639857001489477
1208  0.6397856274586297
1247  0.6397417398019504
1307  0.6395159316174662
1289  0.6386598969405385
1294  0.638514622966336
1308  0.6384002309446548
882  0.6375442777084624
1519  0.6373890707862472
1001  0.636896805017672
303  0.6366577723777497
1426  0.6364907110539627
1424  0.6364738830182838
759  0.6363108904377871
513  0.6362383669602528
1329  0.6360133631780248
198  0.6348798583489578
201  0.6348535428568964
1300  0.6343588682081113
199  0.6342452685441657
1283  0.6341712192419753
196  0.6341698315382268
1305  0.6337154230510001
1129  0.6328304947029187
1135  0.6327481469147395
1147  0.632469298325958
1154  0.6323776486039879
762  0.6302191881553014
1254  0.6299467237714534
240  0.6297334163061286
1570  0.6296053168596684
596  0.6292537967785036
207  0.6274022717947224
206  0.6268175859653715
1115  0.6261258351855928
542  0.6249157707066196
545  0.6247458390212497
549  0.6245754909245762
905  0.6244115643728431
929  0.6240382526711548
1063  0.6188449816097371
1026  0.6184562695918315
1186  0.6172650980702854
1089  0.6157557442778274
1278  0.6118881180010496
1116  0.6114429773150053
1279  0.611409803443238
1277  0.6112939575244114
1153  0.6107505889534163
1316  0.6107351980016471
1276  0.6107212973782553
424  0.6103053306784071
982  0.6066411237761657
941  0.6063564508934375
1049  0.6062152390881076
1226  0.6052691496341402
871  0.6050726720828302
1245  0.6050679465293279
1222  0.6050194019474923
892  0.6048304153065067
887  0.6047667406499901
1303  0.6044230078066394
757  0.6041560192847079
1033  0.603892731708476
1273  0.6036998955206294
880  0.6036645215496074
985  0.6030656559325371
1378  0.6030508993704321
1140  0.6029334721953509
963  0.6029309410379879
1094  0.6027221579869304
1313  0.6027124935168976
1609  0.6025313664015852
799  0.6024574302139387
801  0.6023356410579762
1219  0.6021370440875581
991  0.6021063690299896
187  0.6020609337515271
1170  0.6019897507559202
1304  0.6019648774227906
1174  0.6019586012885306
1161  0.6018519458020326
792  0.6018109585959817
185  0.6018054838714253
1197  0.601768559300168
613  0.6017618986931195
1280  0.6017278617313956
202  0.6017051654653948
1145  0.6015966910507063
1183  0.6015957251183134
1601  0.6015581967673976
1315  0.6014057373573214
1196  0.6014004532786226
1421  0.6013848924215615
1142  0.6013144257955291
953  0.6012614521900541
1314  0.6012480583202405
200  0.6011703482882464
1321  0.6011673218866884
685  0.6011450838696196
1055  0.6011403788463909
1069  0.6011294492918411
913  0.6009674828986828
1564  0.6009563910245536
1306  0.6009109041554811
915  0.6009068987116439
1017  0.6008408243934438
1312  0.6007594114078497
1031  0.6006745339943095
1288  0.6006622602364327
1016  0.6006546257349232
973  0.6006229956419278
1287  0.6005611585151504
1270  0.6005130367151641
1098  0.6004937934748237
933  0.6004839470112996
1733  0.6004386121898053
1266  0.6004175213868689
44  0.6001769148876415
1038  0.5998710246741018
835  0.5998347012534854
1190  0.5997933249462528
945  0.5997071193129445
1156  0.5996969289985005
1726  0.5993322275119605
1102  0.5991441110559229
1066  0.5986164600146548
969  0.5958891174864973
848  0.5950941850761529
1138  0.5935837060927541
917  0.5933290734342582
932  0.5930389372333934
935  0.5926494122465112
1269  0.5923329030111673
1268  0.5870876455009382
1282  0.5870372087842761
1151  0.5867939076238662
1158  0.5867386705548835
1194  0.586680910846995
958  0.586455854176014
1143  0.5853250998897548
1136  0.5852581701894122
1593  0.5852284661879368
676  0.5849760455946555
11  0.5845042528760483
622  0.5838440013808956
1185  0.5837855339883739
1607  0.5836818913409281
1419  0.5835321263596682
1768  0.5831075644875772
1406  0.5828237548787137
1187  0.5820657084549206
677  0.5819217645266032
92  0.5816492876426339
89  0.5814740216224467
1095  0.5790015488595208
1271  0.5782157102510495
766  0.577707458981971
897  0.5773036557698795
1023  0.5770455228035477
895  0.5769278838434657
896  0.5767912874539777
1477  0.576564079939568
679  0.57628371893279
898  0.5761554009150637
1464  0.5760758710430848
1468  0.5759912574069718
725  0.5756446283523363
1496  0.5753733403135799
1346  0.5752881302733901
1461  0.5752858167971728
1043  0.5750602213505295
857  0.5749180937895201
1732  0.5748332370984004
1472  0.5747003955239859
858  0.5744983772900968
881  0.5743009437053188
866  0.5742519927085019
1499  0.5741597879291107
1093  0.5741380249099844
683  0.5740758850521676
1740  0.573977452224397
1456  0.5734547489357977
1621  0.5734455172551188
1459  0.5731720366490313
1352  0.5731233013967001
1119  0.5725177966571612
1234  0.5705500393857219
1149  0.5688242738617921
1090  0.5670133102367544
1159  0.5655769814451983
1211  0.5644655425055316
890  0.564385268892087
753  0.5629862559591782
167  0.5628938853087149
751  0.5624885536188821
1082  0.5624731156541841
1166  0.5621736914829395
851  0.5619448059780013
1258  0.5618467138043106
755  0.5617986664673198
1088  0.5613136998185342
1175  0.5612649554333718
1244  0.5612589967398752
674  0.5611574759293875
921  0.5611524083476482
1081  0.5609636558798068
1544  0.5606722709872511
900  0.5606641455333744
477  0.5601836426537058
761  0.5601533195307531
34  0.5598340614615691
1011  0.5597624125135351
1097  0.559680858673176
480  0.5596403501714105
1099  0.5594164464931085
1076  0.5593855736087956
104  0.5591516741022818
172  0.5589435656450619
471  0.5589294597661735
1085  0.55884149924993
1100  0.5583286947822758
888  0.5581027333177258
1078  0.557243471577231
553  0.5471004274732388
1144  0.5453428135890135
800  0.5453223235057576
834  0.5445664049499581
860  0.5445513555636811
727  0.5439715085040498
680  0.5436272193121205
863  0.5433828946868043
844  0.5423596728639114
773  0.5421769056497582
784  0.5419731619337088
1032  0.5417534940868626
790  0.5415487595994779
878  0.5414413322554679
873  0.5414223790664867
1068  0.5411036379097958
972  0.5410189230599565
781  0.540795076477957
60  0.5407249237134173
856  0.5406708380774091
798  0.5402086402843177
129  0.5399444551334294
990  0.539706385858037
735  0.5393473410561401
841  0.5388318755978166
793  0.5387852281687613
1553  0.5381489721470768
865  0.5379283721167258
672  0.5378131179843473
1150  0.5377671574695589
740  0.5377170191923312
1079  0.5373564059064811
966  0.5368366442517598
1053  0.5360689536465651
845  0.5355079128886521
849  0.5354186782569104
669  0.535137151108681
673  0.534852926294677
742  0.534584912194251
884  0.5339532269206004
847  0.5338776852827302
550  0.5333996943171331
968  0.5332503673585032
1233  0.5326857326539519
745  0.5323156353033182
1572  0.5321055768911057
1124  0.5317073237789591
1128  0.5316197762499685
600  0.5299367512026
1703  0.5290394253619141
1122  0.5290053281524985
938  0.5270840729633258
837  0.5260873784019336
920  0.5233796493205521
908  0.5223326237365644
879  0.5219402599186365
869  0.5189904394573317
872  0.5187122669827333
1365  0.5148834621668357
1006  0.5139667928032668
1651  0.5122863074332024
616  0.5118151379509716
1189  0.510475716726184
675  0.5086229433672562
842  0.508578129492529
862  0.5081132033196792
822  0.5078422477822724
194  0.5077021990712938
192  0.5075953528555966
867  0.5069078109254113
944  0.506656058759221
903  0.5061049038053539
1192  0.5055313502194201
864  0.5054877798696007
914  0.5052306804812289
912  0.504878461823442
916  0.5047503953139543
911  0.5033449212213731
952  0.5032956245097974
924  0.5028494389222998
1217  0.5025111688801522
190  0.5022189795812667
1103  0.501756514924869
189  0.5009197880133001
197  0.5001540201867256
948  0.4995193509219159
930  0.4982880602020074
931  0.49794866422436507
1290  0.4976185132530768
1281  0.49748164665913747
1104  0.4974466961907814
1062  0.4974056851668607
1195  0.49701696808202184
940  0.4956685014409776
1131  0.4953244044519594
57  0.4950358414390762
55  0.49492598261132
1285  0.4939899579816547
957  0.4938813440425337
226  0.4934641222843916
1274  0.49344016220303966
1004  0.49339659526194696
499  0.4931581914623886
1251  0.4930811964510459
1585  0.4928594488216182
1296  0.49263163992828085
56  0.4920388203990962
950  0.49107534456403035
54  0.49094615032015393
943  0.49057206956870913
956  0.4904332186057511
936  0.48986911253495435
1025  0.48980833245750355
1065  0.48962062751783514
852  0.48958070291093236
979  0.4895620799586851
934  0.48954432683445614
839  0.48953628753405387
53  0.4892743974290147
1047  0.4892572778051736
715  0.48915994003232016
1060  0.48895348264091804
1019  0.4879225388196742
939  0.4878899319094127
1581  0.4877059975335071
843  0.48768494370228727
1180  0.48734566507282195
780  0.48662901350708165
712  0.4856849921611976
853  0.48563334440894335
946  0.4855069156963222
717  0.4842900787281844
1249  0.4840691790653577
713  0.4840320565282551
1111  0.48398642333456815
711  0.4837263958556956
1389  0.48350559391920556
718  0.48330767724485124
1700  0.4827873387660614
854  0.482424875818466
901  0.48106019815877005
468  0.4803816610783126
1203  0.4803309373181805
1697  0.4793805921941301
923  0.4779582367362041
850  0.4776934827525664
1077  0.47760208120147696
1547  0.4775242513965031
1386  0.47693084868721497
1086  0.47685543819268567
1513  0.47681766603155357
466  0.47668068487774257
1101  0.4766551351643972
1075  0.4763469287097145
904  0.4761917034078299
464  0.47590809405351403
1070  0.47577655102741406
1216  0.4757072542290424
1202  0.4729581775263029
868  0.4728508241035648
1160  0.47181536674068214
992  0.4712598576148214
1003  0.467684321529184
1071  0.4618950401918892
1106  0.4617510138303886
1117  0.4617484708091823
1000  0.4605450963818263
995  0.4591566396249417
1035  0.4576003797884034
1130  0.4572071011805007
980  0.45587465560115886
1182  0.4551274605349614
987  0.4541039284765563
974  0.45322482761065036
996  0.45280231089915196
154  0.45148218993169564
298  0.4498791392173085
301  0.448988415158395
274  0.44697695000016413
155  0.44636831845954766
151  0.4448472998888882
1034  0.4444355506888826
1764  0.42112623090441786
1162  0.4211244292529482
1114  0.4194817289667174
1284  0.4191324306090284
889  0.4179176851769617
1134  0.41645021267978366
1184  0.41600258363294507
971  0.4157707733332745
1096  0.41558987673772474
1261  0.4152626493518021
1705  0.41394432136270287
1030  0.4139190162989253
126  0.4137892152205031
999  0.41357770569555674
1155  0.41342886331011336
586  0.41332649020849044
986  0.4116520499334135
891  0.41124274800580685
1015  0.38401361811460866
1293  0.3325390367973801
582  0.3255472453865435
1  0.0
2  0.0
3  0.0
5  0.0
6  0.0
7  0.0
8  0.0
9  0.0
10  0.0
12  0.0
13  0.0
14  0.0
16  0.0
17  0.0
18  0.0
19  0.0
27  0.0
28  0.0
29  0.0
30  0.0
36  0.0
39  0.0
100  0.0
120  0.0
234  0.0
235  0.0
236  0.0
238  0.0
241  0.0
242  0.0
243  0.0
246  0.0
247  0.0
248  0.0
250  0.0
253  0.0
254  0.0
255  0.0
256  0.0
257  0.0
258  0.0
261  0.0
263  0.0
265  0.0
266  0.0
267  0.0
269  0.0
271  0.0
273  0.0
278  0.0
279  0.0
280  0.0
282  0.0
284  0.0
285  0.0
286  0.0
287  0.0
288  0.0
290  0.0
291  0.0
292  0.0
293  0.0
294  0.0
295  0.0
296  0.0
297  0.0
300  0.0
302  0.0
304  0.0
306  0.0
307  0.0
309  0.0
311  0.0
312  0.0
313  0.0
314  0.0
315  0.0
316  0.0
317  0.0
318  0.0
319  0.0
320  0.0
321  0.0
322  0.0
324  0.0
326  0.0
327  0.0
328  0.0
329  0.0
330  0.0
331  0.0
333  0.0
335  0.0
336  0.0
339  0.0
342  0.0
343  0.0
345  0.0
347  0.0
349  0.0
350  0.0
351  0.0
352  0.0
353  0.0
354  0.0
355  0.0
356  0.0
357  0.0
358  0.0
359  0.0
360  0.0
361  0.0
362  0.0
363  0.0
364  0.0
365  0.0
366  0.0
367  0.0
368  0.0
370  0.0
371  0.0
372  0.0
374  0.0
375  0.0
376  0.0
379  0.0
382  0.0
383  0.0
384  0.0
385  0.0
453  0.0
494  0.0
509  0.0
524  0.0
525  0.0
528  0.0
569  0.0
587  0.0
723  0.0
747  0.0
774  0.0
776  0.0
777  0.0
778  0.0
779  0.0
782  0.0
783  0.0
786  0.0
789  0.0
791  0.0
796  0.0
803  0.0
804  0.0
808  0.0
809  0.0
810  0.0
811  0.0
812  0.0
813  0.0
814  0.0
815  0.0
816  0.0
817  0.0
818  0.0
819  0.0
820  0.0
821  0.0
826  0.0
827  0.0
829  0.0
830  0.0
832  0.0
833  0.0
1169  0.0
1207  0.0
1212  0.0
1470  0.0
