182  0.7136713692720034
477  0.7101356761868511
469  0.7100773869014427
476  0.7100752688868158
475  0.7100335890607467
1410  0.7100023954109215
676  0.710002293437471
1681  0.709969609662912
471  0.7099518354490955
1401  0.709915599342958
474  0.709909913395432
690  0.7095188519658375
1677  0.7094420735556479
1546  0.709413925208956
479  0.709405615399547
187  0.7093816545691427
1406  0.7093539392857638
188  0.7092901314760427
1712  0.7092750571191371
1663  0.709228389816952
189  0.7091487953763734
1411  0.7091485776481289
498  0.709100952934849
459  0.7090766322108722
1452  0.7090356136128371
453  0.7089564183656943
462  0.7089333931149313
457  0.708912142088348
218  0.708902168400575
461  0.7088885358390266
458  0.7088814924458975
451  0.7088731440986848
455  0.7088600620269355
216  0.7088373100433273
1429  0.7088306416016789
613  0.7088226595429381
228  0.7088171666241695
450  0.7088166625766655
448  0.7088013906490266
1756  0.7088008240086344
1573  0.7087878657837482
466  0.7087789261555947
465  0.7087753605405
1334  0.7087734037460302
1294  0.708770653303909
467  0.7087686724618741
1330  0.7087574883050589
1595  0.7087432063838586
229  0.7087380826553162
231  0.7087324783357887
232  0.7087220979229931
606  0.7087201497239042
1415  0.7087179789288277
609  0.708714236489931
1287  0.7087025950252851
1448  0.7087021781700154
1400  0.7086867337076043
519  0.708685276906292
464  0.7086546895298633
214  0.7086499549162857
1341  0.7086372143371001
1646  0.7086238862082979
1396  0.7086214145501828
1392  0.7086167985873306
1720  0.7086065285121655
837  0.7085848163970023
766  0.7085845230444316
1250  0.7085626925663034
242  0.7085505479365185
549  0.708539770250103
1591  0.708539662892453
548  0.7085342301204605
857  0.7085078786644391
1585  0.7085051175388598
1160  0.7084969713632411
1509  0.7084874435989068
1091  0.7084614972947689
1697  0.7084602475211543
1512  0.7084002272590559
20  0.7083651614866945
1270  0.7083547463227428
1609  0.7083492434831022
1324  0.7083143615338536
1651  0.7082969615302085
1518  0.7082969053398117
1760  0.7082883833431587
1488  0.7082873065037165
1485  0.7082634635593468
1157  0.7082618710025462
1477  0.7082590001861723
1386  0.7082588425792817
622  0.7082562214979945
1468  0.7082557115473241
1362  0.708252565323648
1559  0.7082496381246961
251  0.7082437941521497
1351  0.7082426001960501
1367  0.7082408407438903
1502  0.7082381657467717
960  0.7082335299925093
1520  0.7082282095590062
1658  0.7082212869446178
510  0.708219357701215
1564  0.7082118113925758
253  0.7082097428593395
233  0.7082096913561055
1542  0.7082038753313732
558  0.7082008647221217
1472  0.7082003831744081
796  0.7082003494806371
221  0.7081980573056843
711  0.7081963590649004
195  0.7081954140716706
1008  0.7081942459196281
588  0.7081903327598796
226  0.708190208885258
1738  0.7081898286330741
1594  0.7081889076046717
1478  0.7081887144552393
1384  0.7081860000828486
445  0.7081855763808563
439  0.7081841191065557
1523  0.7081829967587117
652  0.7081815688675052
185  0.7081799291675213
1597  0.7081796516572043
536  0.7081796247816468
1574  0.7081785447667718
1397  0.708178197015658
1551  0.708174464568248
1235  0.7081740542549831
1634  0.7081736703591973
249  0.7081694272413444
667  0.7081684470710632
1633  0.7081681403826291
258  0.7081677072088474
644  0.7081660249187817
1657  0.7081653420675303
256  0.7081642893274495
1492  0.708162465639211
488  0.7081611666011166
197  0.7081605879063226
1719  0.7081599458945903
658  0.7081598199107654
639  0.7081596894557002
1670  0.7081594858797463
532  0.7081582871386924
1467  0.7081560266290852
1716  0.7081553435304486
224  0.7081546387128491
1393  0.7081532519812733
656  0.7081524906670768
234  0.7081523024195567
1692  0.7081472360973865
1705  0.7081435491960248
1383  0.7081425410781623
927  0.7081422302173345
1321  0.7081417013534683
1342  0.7081377586535725
196  0.7081371666539661
186  0.7081342732950807
1337  0.7081328549773444
1346  0.7081306646936106
179  0.7081304879320234
1344  0.7081286031154376
1363  0.7081267751156103
1062  0.7081238622516107
1615  0.7081223833714029
924  0.7081192157491761
194  0.7081126500196809
191  0.7081093756311853
629  0.7081091732859441
633  0.7081087683646519
554  0.7081074054407539
1474  0.7081033075153907
1631  0.708100438871362
541  0.7080976622377626
433  0.7080963004107577
543  0.7080933983308921
1659  0.7080904775870217
48  0.7080901599446924
1035  0.708082178708255
921  0.7080799397013926
1730  0.7080753140780309
1690  0.7080724635731813
487  0.7080667105654735
1667  0.7080663157954988
1639  0.7080659353738655
1496  0.7080629984540973
1644  0.7080617171131877
1683  0.7080607354470505
1637  0.7080546073734859
446  0.7080519432710535
192  0.708044993693937
375  0.7080431575248498
482  0.7080429095385611
867  0.7080411533926649
1253  0.7080355270223795
1355  0.7080349051135565
727  0.7080339942058858
1652  0.7080304078096877
1090  0.7080289512187594
492  0.7080252956369445
1501  0.7080239793360887
865  0.7080132743269991
1366  0.7080108907541744
1404  0.7080102430342781
377  0.7079802425808143
916  0.7079770539580155
872  0.7079736853585502
550  0.7079727779045372
1240  0.7079698415628622
1414  0.7079650280320662
957  0.707958119608254
1702  0.7079376797319679
1349  0.7079343848176755
1444  0.7079338546991738
298  0.7079311588714307
923  0.7079208549994267
521  0.7079203921827905
517  0.7079189925567313
502  0.7079144200969012
158  0.7079125146070444
516  0.7079008284851739
1612  0.7078984579232579
1405  0.7078957620381917
1331  0.7078868234459509
1487  0.7078692072102775
1352  0.7078669605439605
1325  0.7078555798481371
1484  0.70785094978823
279  0.7078459952201732
1481  0.7078372938950468
630  0.7078353477232805
1544  0.7078342889888664
281  0.707830579160422
673  0.7078241684620252
599  0.7078142889413613
1480  0.7078140024034082
563  0.7078087082153803
1617  0.707799969873691
97  0.7077979949832716
566  0.7077825060793226
1348  0.7077821081695379
1042  0.7077812334188415
1153  0.7077578419669013
572  0.7077538624743184
885  0.7077510478431397
597  0.7077434693308864
592  0.7077418896469353
546  0.7077414935209961
594  0.7077403932998961
1771  0.7077386878390868
557  0.7077347382235012
1532  0.7077215648526896
574  0.7077074164964108
206  0.7077006348742012
1443  0.7076962286066396
780  0.7076916722169792
1539  0.7076901523684827
937  0.7076887193836168
1365  0.7076862070351824
882  0.7076844643390203
1441  0.7076803467906896
663  0.7076779137740834
443  0.7076776107827374
409  0.7076769261230332
447  0.7076732478296388
1376  0.7076727584540793
142  0.7076696406423633
236  0.7076686073509237
1707  0.7076678567826776
1374  0.7076662272505367
408  0.7076627024894446
390  0.7076618662075518
220  0.7076581320575273
499  0.7076572304927019
1372  0.7076560701846012
202  0.7076536125099983
866  0.7076532448101259
1563  0.7076530378488244
1422  0.7076528250352948
1317  0.7076517089073138
518  0.7076501998164386
1721  0.7076498594405926
551  0.7076479987500138
570  0.7076477319051374
545  0.7076467976273927
1381  0.7076465667942343
1682  0.7076463110766218
580  0.707644278801888
508  0.707643024530195
515  0.7076421350139732
420  0.707641460950593
418  0.707639180838809
888  0.7076387844827239
1436  0.7076386041312877
1378  0.7076375836436831
1635  0.7076374332439818
1583  0.7076366529185311
525  0.7076360039863578
1572  0.7076359330195222
560  0.7076352691718176
404  0.7076349233008913
944  0.7076347095694918
1628  0.7076341216951575
1742  0.707631508982317
1621  0.7076300971260471
710  0.7076295556773088
538  0.7076293731421215
144  0.707628579106786
1555  0.7076265785233756
584  0.7076265173436752
1494  0.707626190186452
405  0.7076259609486101
1759  0.7076256351395984
423  0.7076248993725438
1616  0.7076222903774347
1753  0.7076220242056698
490  0.707621743829026
1534  0.7076215938649678
442  0.7076213695973586
199  0.7076213490530521
1717  0.7076210401802275
1570  0.7076209219630156
1369  0.7076203285312292
396  0.7076198626147696
406  0.7076193347914685
1486  0.7076187857879784
1524  0.707618280044002
503  0.7076182459751318
212  0.7076181585855331
660  0.7076180238226241
426  0.7076175179854124
1424  0.7076174480242455
1746  0.7076163664726882
984  0.7076159514986154
207  0.7076154661086377
394  0.7076150860678467
436  0.7076147930040184
1533  0.7076146705469637
732  0.7076145079855064
1536  0.7076132790725724
392  0.7076127212661545
1565  0.7076125092031982
1675  0.7076117752619802
1382  0.7076108117783368
891  0.7076103807722068
765  0.7076101697013534
1724  0.7076096157746282
1614  0.7076095604839513
845  0.7076090696407321
512  0.7076089342148508
397  0.7076081880456291
421  0.7076071600971541
484  0.7076067394842225
1458  0.7076054489702398
438  0.7076049847897736
1083  0.7076048594161559
568  0.7076047586854984
209  0.7076046238192852
386  0.7076042597703807
137  0.7076030877835946
1155  0.7076019477650924
1454  0.7076017827284742
428  0.7076008352932613
412  0.7076007600738563
400  0.7076006147038696
1587  0.7076002656704637
223  0.7076002223127786
416  0.7076001766921519
553  0.7075987541177551
779  0.7075975826283837
407  0.707597337503277
204  0.7075971712198661
646  0.7075963685851008
1674  0.7075937331736836
437  0.7075935347509388
398  0.7075931364562663
578  0.7075931271526525
1535  0.7075931131016803
1196  0.7075929521961065
511  0.7075927460294096
1402  0.7075927310997621
425  0.7075896123141628
402  0.7075887813928095
1264  0.7075879534538908
655  0.7075846651640809
815  0.7075840320979722
211  0.7075831647830044
1332  0.7075807061413989
1326  0.7075805326694731
1701  0.7075790595484547
1731  0.7075784921010848
430  0.7075770641478936
627  0.7075766778475443
582  0.7075744469433025
649  0.7075719209342853
1604  0.7075714037960189
542  0.7075710351426115
441  0.7075710287971628
1626  0.7075699880531593
1529  0.7075662302828866
1579  0.7075638760276907
201  0.7075633706174381
388  0.707563283155069
806  0.7075592766197801
1126  0.7075587582968953
489  0.7075586174209133
530  0.7075552564048325
1729  0.7075536138833118
589  0.7075526969158534
1433  0.7075516405287492
587  0.7075504661554753
1556  0.7075477681396994
601  0.7075477019863655
810  0.707547437566155
736  0.707547307485747
1598  0.7075406959970686
1070  0.7075389971437261
528  0.7075372175894761
1476  0.7075353770546093
590  0.7075350822540435
624  0.707534613631137
544  0.7075304622915701
623  0.7075303788508196
1403  0.7075267566341318
493  0.7075260132982278
1726  0.7075258656411122
604  0.7075247708268398
193  0.7075234855631104
1136  0.7075194260147658
526  0.7075190837030252
506  0.7075176685470852
605  0.7075140714865408
1475  0.7075102998589049
585  0.7075102039632337
540  0.7075099848262396
1340  0.7075083497608156
509  0.707508169745515
1347  0.7075077810845158
244  0.7075071092641048
1473  0.7075061414707449
1459  0.707504705129884
1630  0.7074961248154635
1450  0.7074954852629775
1537  0.7074953406340146
1491  0.7074919134114825
697  0.7074889927965724
1718  0.7074881210269583
1554  0.7074868012293435
1521  0.707485213380708
1662  0.7074817069036835
1649  0.7074807375022926
651  0.7074804092223479
586  0.7074803945277054
203  0.7074786659513489
1734  0.707478550257479
1679  0.707477680954923
1274  0.7074768800487454
1292  0.7074758975312583
1408  0.7074752202066295
1234  0.7074729120082704
105  0.7074721529970305
702  0.7074708724410644
1350  0.7074683405622967
603  0.707461416267242
993  0.7074611215267795
1527  0.7074582979903047
1538  0.7074552232550124
93  0.7074541866945772
753  0.7074532358718713
577  0.7074529236500443
485  0.7074498300148806
1505  0.7074454655313754
51  0.7074439032563891
581  0.7074406479419509
539  0.7074398846617611
1506  0.7074370901060556
1593  0.7074334927518281
1755  0.7074326320698777
1665  0.7074318224809442
1653  0.7074291717744033
1076  0.707423886617543
481  0.7074225539235012
1198  0.7074211218278267
1006  0.7074189788589629
1360  0.7074162143638301
1636  0.7074152903046462
1745  0.7074141507758258
635  0.7074090377566339
1543  0.7074090214912053
1688  0.7074079488468581
1498  0.7074074678652121
1569  0.7074051809507659
164  0.707396515604974
677  0.70739577317819
1046  0.7073949992780958
1656  0.7073929702771318
634  0.7073924184533664
1500  0.7073914822566199
59  0.7073900248905524
1732  0.7073844279169352
1605  0.7073822527325624
1398  0.7073814267224766
235  0.7073803655482661
1602  0.7073787274642351
1613  0.7073775974261647
1245  0.707376818227527
1364  0.7073765951693057
1611  0.7073763003014527
1447  0.7073758141092568
1353  0.7073745069419622
772  0.7073729542508257
454  0.7073708559828988
1361  0.7073708330928529
1053  0.7073688697494336
1043  0.7073684819459319
565  0.7073678215612236
1439  0.7073608514421565
55  0.7073592994786734
1722  0.7073577692535808
494  0.7073541571067552
1673  0.7073538359007883
1471  0.7073538176408535
1504  0.7073536387148042
647  0.707352484423545
205  0.7073516349043208
110  0.7073508691747298
1694  0.7073493601546682
1434  0.7073475532557021
1380  0.7073475329035585
746  0.7073469167982089
659  0.7073467713946334
562  0.7073467352416409
759  0.7073460074065702
800  0.7073452863741307
1737  0.7073452782418325
456  0.7073447420394928
1632  0.7073437329199115
1558  0.7073431640936361
1549  0.707342482913424
1499  0.7073424082185344
556  0.7073406204795998
1085  0.7073403484381441
1394  0.7073398218062867
1765  0.7073387408718959
628  0.7073383883376947
452  0.7073368990743066
1582  0.7073367280206126
1418  0.7073363898022081
972  0.7073361977086451
1343  0.7073361689785683
1456  0.7073356933664697
1517  0.7073353163556323
1320  0.7073351544053134
1706  0.7073324960774565
1571  0.7073323566665781
496  0.7073322451908179
1684  0.7073314600842623
1608  0.7073310889671804
1728  0.7073300836398804
213  0.7073290269422997
640  0.7073276473800243
1027  0.7073271691082362
1704  0.7073269511844008
645  0.7073268153042963
665  0.7073266467137701
495  0.7073265347030683
483  0.7073264393126689
1461  0.7073262492967946
1757  0.7073261384656029
1373  0.7073254578221694
811  0.7073251392023753
1368  0.7073247824484329
1339  0.707323873560828
1576  0.7073234341727009
996  0.7073234215303261
1354  0.707322852091839
1723  0.7073227753531747
1335  0.7073221204205746
1371  0.707321694208974
1144  0.7073198816208958
1389  0.7073198382113661
1580  0.7073195136561918
1514  0.7073191892770939
1511  0.7073185171760865
1642  0.7073170166517541
1695  0.707316716845578
1709  0.7073164809610619
1600  0.7073162177566227
1661  0.7073141444195401
569  0.7073122924423297
1660  0.7073118804269842
1627  0.707311553289481
1358  0.7073111914922039
1764  0.7073106792097245
1672  0.7073103033136848
1530  0.7073102554302879
728  0.7073100096323275
1754  0.7073087992921787
1640  0.707307677625015
215  0.7073057926276463
1462  0.7073057429432545
1643  0.7073055951873285
1708  0.7073055085363184
1209  0.7073054626142087
1767  0.7073047347758094
873  0.7073046273455786
776  0.7073016000784198
1526  0.7072979683686964
1421  0.7072952487976046
1747  0.7072948316642814
1525  0.707293705288068
1469  0.7072934770389949
610  0.7072925833242538
1356  0.7072892872387537
1668  0.707289129480306
1049  0.7072888392538229
626  0.7072886333889727
648  0.7072857125643592
1442  0.7072822942643545
875  0.7072817132705395
1741  0.7072815912687201
1252  0.7072810575661761
1749  0.7072809320602987
1698  0.7072794259294914
1619  0.7072787103056427
1483  0.707278070845311
230  0.7072779075746872
1357  0.7072768944402944
998  0.7072755341548945
505  0.7072752413203052
122  0.7072751471289965
1490  0.7072739032540865
1669  0.7072736412873551
799  0.7072734626375182
1687  0.7072725286030299
1466  0.7072716589926367
1172  0.7072711449242636
1763  0.7072711191201474
1445  0.7072705694785296
1714  0.7072691159481195
679  0.7072690643774665
1710  0.7072684293026279
210  0.7072679734643944
1482  0.7072678799136684
166  0.7072675074260375
642  0.7072670218366535
653  0.7072665156411406
1009  0.7072647917536798
168  0.7072639774715694
1648  0.7072627737568502
1345  0.7072622237319427
1752  0.7072617766761555
497  0.707261399786943
1420  0.7072610328079776
1336  0.7072606436931373
1395  0.7072590612445406
1740  0.7072589682704102
523  0.7072580582609519
1577  0.7072574047170508
1391  0.7072566529317036
707  0.707255116894889
170  0.7072533429586025
1255  0.707252739215221
1641  0.7072493466961027
614  0.7072487946246361
1758  0.7072475840908129
1623  0.7072436169643191
1645  0.7072426055375872
208  0.7072421597603219
1063  0.7072391032959985
1489  0.7072390895233613
1750  0.7072384404629986
1399  0.7072383446585445
1451  0.7072374775891974
666  0.7072356767628606
1700  0.7072349827918076
1479  0.7072343675350798
1748  0.7072341018960547
1187  0.7072339486392833
615  0.7072304489919979
1267  0.7072293717599636
173  0.7072275198586703
1338  0.7072257329551489
1145  0.7072248047339841
1567  0.7072226825524318
858  0.7072225665455723
948  0.7072199197944214
1328  0.7072168070605049
1428  0.7072163924995659
794  0.7072111461547607
1691  0.7072105560544165
1654  0.7072043485568696
618  0.7072025784302166
898  0.7071978226787943
621  0.7071961220464843
1562  0.7071842487730987
607  0.7071833480701407
1553  0.7071813724043643
619  0.7071717857045524
616  0.7071687483797451
1715  0.7071595980425772
675  0.7071592965777418
1561  0.7071448658367431
1377  0.7071385598226793
591  0.7071339020856331
95  0.7071207082017179
151  0.6996107350480528
150  0.6995944711570786
632  0.6995852088890832
153  0.6995176323117525
152  0.6995170394541574
79  0.6993342641789564
431  0.6993006873124199
80  0.6992902223326373
76  0.6992821672913235
149  0.6992429682344133
434  0.699241253373573
1170  0.6992405394269116
145  0.6992322829380322
141  0.699218814697021
1584  0.6992170658305762
143  0.699160768375526
1385  0.6991395996276315
1588  0.699124601041606
1762  0.699102651730534
1733  0.6990954084823038
90  0.6990948396295439
133  0.6990808236160312
78  0.6990628314632507
395  0.6990576376029074
89  0.699055258617137
114  0.6990327420628327
112  0.6990059977620899
403  0.6990018279646866
401  0.698962757119321
399  0.6989125526870325
126  0.6988643159314879
83  0.6987937261095519
82  0.6987910046062503
520  0.6987606902568458
535  0.6987549099590291
529  0.6986765262178792
524  0.6986693777508579
81  0.6986515166352751
1607  0.6986448567132894
260  0.6984181864552248
576  0.6983904555303985
1560  0.6983712155873941
127  0.6983287229258668
100  0.6983206010708187
1540  0.6983150231094989
444  0.698314510377985
564  0.6982147713019231
636  0.6982126276765218
130  0.6980846578198655
378  0.6980792096168691
327  0.6980270619390649
128  0.6979587338296076
257  0.6979484057969263
657  0.6979469295561816
380  0.6979151620864864
129  0.6979134789084792
1550  0.6979072311050379
1050  0.6977800378907153
174  0.6976970828417766
75  0.6976678885498082
176  0.6976642186011689
115  0.6975977433145892
661  0.6975945330012042
175  0.6975929813244186
120  0.69759136943442
1431  0.6975539222126375
1388  0.6975393933836918
134  0.6975328245953629
853  0.6975050951585837
117  0.6974987992930727
119  0.6974523679179866
171  0.6974106699216486
1592  0.6973683401097879
183  0.6973669008758756
180  0.6973476460893516
241  0.6973206591376018
135  0.6972900364507701
1387  0.6972662466531013
72  0.6972318123437262
365  0.6971220916924372
547  0.6970754970311255
121  0.6967937401426582
155  0.6966614721522545
1430  0.6965963069516851
69  0.696567751853484
123  0.6965078836583036
1412  0.696431596499964
823  0.6964121617329826
71  0.6963597779613745
98  0.6963553391671147
1678  0.6963543900437817
70  0.6963145997857002
139  0.6962726089751256
96  0.6962532904303349
92  0.6962512419957481
1171  0.6960349872600345
94  0.6960324456674886
1547  0.6959832185159728
88  0.6953400876516844
111  0.694729229120865
625  0.6946087340822029
113  0.6945355557710838
217  0.694068571304341
239  0.6940608730804211
1142  0.6940131432119773
1768  0.6939927371546009
1770  0.693966502773511
219  0.6938772304678416
1629  0.69357098332581
74  0.6935364232323143
602  0.6935098477062088
86  0.6934666765233592
316  0.6933464521101068
555  0.693303331370962
322  0.6932344158026056
1739  0.6932319402778462
638  0.6932023987149902
320  0.6931781593301469
318  0.6931716449069193
561  0.6930825874134894
643  0.693058315925097
109  0.6930563331327357
108  0.6930028666935768
559  0.6930020563843838
1379  0.6929842874162162
1508  0.6928325930616197
1211  0.6927174336550368
67  0.6926949855683091
40  0.6926676890881746
44  0.6926338655721268
146  0.6926205592419014
43  0.6926197843049543
45  0.6925913565420598
147  0.6925756572438614
393  0.6925599653625746
41  0.6924691589910856
387  0.6923599652644553
389  0.6923470757146692
391  0.6923222181220227
500  0.6913698505916339
38  0.6912689585123276
1685  0.691252707085155
284  0.6911722571616612
504  0.6911613632594842
101  0.690058567771834
1589  0.6893580279833262
62  0.6888581244065133
1699  0.6886543066605973
58  0.6886445878264529
85  0.6884728696825012
61  0.6883974582969913
292  0.6883779417570254
620  0.6883772915739865
1507  0.6883511936552369
60  0.688331529658944
1541  0.6881706864854025
895  0.6880960226773226
1744  0.6880477300997181
440  0.6880155437001045
84  0.6879677955703561
37  0.6879046821783488
1246  0.6876269132687225
1249  0.687392453734777
928  0.6872151200292766
1181  0.6871711370594654
54  0.6871397650163797
415  0.6870544125495429
1603  0.6870231362235051
1081  0.6869842878020166
1002  0.6869020883200623
52  0.6868608660783757
1032  0.6868225320277987
1033  0.6867703988534046
1743  0.6867684928964944
662  0.6867565147316599
26  0.6867347763299863
198  0.6863739274462561
1510  0.6863555742404374
596  0.6862961427507673
56  0.6862697141507595
200  0.6861869321001556
338  0.6861508608047389
1601  0.6861495844118127
1557  0.6860777950998481
50  0.6860181317364372
1515  0.6859980292004725
507  0.6858878989098823
148  0.6857414017187061
598  0.6857096005746594
49  0.6857075308536899
125  0.6856981979398808
46  0.6856760462118743
1416  0.6856745817818365
132  0.6855306910937344
1596  0.6855133239776523
1225  0.6854912533515696
47  0.6854846089670649
124  0.6854515537274847
637  0.6851099598803706
1254  0.6847532984431742
1216  0.684672634447219
1219  0.6845355438347737
1257  0.6845342139959705
680  0.6840312418838838
6  0.6838685958890726
682  0.6837121532330551
669  0.683696898283226
787  0.6834967912072125
791  0.6833153984900477
470  0.6829177895523677
131  0.6828642235202014
473  0.6828639521850551
781  0.6827284476703593
106  0.6824990763593015
107  0.6824842667390444
695  0.6824828876600546
463  0.6824555601475046
103  0.6824079351398231
27  0.6823478640964536
468  0.6821833419128411
104  0.6821377121760728
788  0.6815121769894028
783  0.6814333335781327
785  0.6813001127536732
1329  0.6804525378162928
1281  0.680444672133849
1689  0.6804435949885768
1304  0.6802221899408815
1446  0.6801734973566661
1638  0.6801556680493831
1282  0.6800745640624432
313  0.6800581517038798
1495  0.6800010570927368
1095  0.6798540551257732
973  0.6797679462666396
1231  0.6797252542321777
1308  0.6794578932903511
1280  0.679385615666456
1666  0.6792880726919029
1228  0.6792665213646792
1065  0.6791730631516367
1102  0.6791535727481092
692  0.6791481453453823
1307  0.6790666803116701
311  0.6790269621514662
1078  0.678997342264547
87  0.6789463774596556
1141  0.6789108218897696
1258  0.6788999055592744
712  0.6787086077107528
372  0.6784876454031143
932  0.6784516972660171
1277  0.6782339142253382
868  0.67811873072806
370  0.6779437326116763
32  0.6776637286027557
886  0.6774651111382425
1037  0.6774359204187016
368  0.6774305220446665
1769  0.6772895764479269
698  0.6771347367927264
1725  0.6769004300635105
1761  0.6768971190138148
413  0.6766712459501526
419  0.6765503041165501
24  0.6765075892714638
1766  0.6764125982081434
360  0.6763523344043043
417  0.6762456094931375
422  0.6761412350343139
424  0.675996812114671
724  0.6758465123680277
718  0.6754810959895352
722  0.6751620515048034
1080  0.6749991122934376
1261  0.6749005968456493
429  0.6746169907745821
795  0.674482876057016
748  0.6742637278714482
1293  0.6731569133300972
828  0.6723063607777134
757  0.6719441660729902
935  0.6718541937177318
769  0.6718528663030149
1279  0.6718184904872775
1291  0.6717099165177367
533  0.6716525636999036
703  0.6714534270984572
725  0.6712451494449704
35  0.6711552935949269
34  0.6711416762042252
491  0.6711338514666926
1202  0.6710221830244556
1064  0.6709163411569559
1370  0.6707449925293744
941  0.6707301044988248
844  0.6706826189008959
792  0.67064913150084
1503  0.6705536577712173
1077  0.6705295585514018
1457  0.6704258783361043
1455  0.6703514904676471
822  0.6703475844684806
36  0.6702595805860959
936  0.6702450727523748
688  0.6700138012748411
979  0.6699345467655139
693  0.6697355622967972
896  0.6691879888606622
1417  0.6690186737385602
21  0.6689410307589013
752  0.6688125075162148
851  0.6686199671050173
18  0.6685139773434609
19  0.668432717188662
854  0.668101827678919
848  0.6680571609781988
684  0.6680446815522119
1188  0.6680061807074084
686  0.6678919105276987
701  0.6677360937123765
1197  0.6676357531015937
1686  0.667479639787993
705  0.6674135543600291
1082  0.6673982719239608
958  0.6673742895522453
552  0.6670784284620705
730  0.6667781661349678
869  0.6664876040436568
713  0.6660025752824957
1044  0.6659568501315584
874  0.6659397532613258
770  0.6659320281637426
1497  0.6648404059304824
694  0.6648328619046269
733  0.6647856852996317
1084  0.6644138130123084
1531  0.6641457812328437
950  0.6640162151701888
1449  0.6639847002367925
699  0.6639763301992149
1438  0.6639747142800785
879  0.6637256837241933
859  0.6636612630630315
1664  0.663522337356736
1057  0.6634447592265611
1327  0.6634366199676387
1300  0.6633120005938489
1333  0.6630581064426625
1359  0.6630296944737337
1183  0.6629826457567196
877  0.6629104950738751
1302  0.662770899382276
878  0.6627397663566352
729  0.662700380705996
1440  0.6626039107313572
1182  0.6624979618676045
1135  0.6603064245999816
1671  0.6593547369988203
1165  0.6590833968804717
723  0.6590767827875711
1311  0.6590722179377669
1184  0.6589194124140609
1087  0.6585094679099068
990  0.6584682500816532
1023  0.6584258330335262
842  0.6582138920965832
1116  0.6579640637794438
835  0.6578858092054432
1319  0.65779339627799
991  0.6577565343948263
1115  0.6576621204343062
1169  0.657564017603105
740  0.6575447312827974
1133  0.657491621421063
1067  0.6574710407340159
1179  0.6571125541248548
1052  0.6571007651042586
1168  0.6570597536383846
1163  0.6569310248312487
1149  0.6567054020859574
1167  0.6566759318339411
1248  0.6566657387123308
1092  0.6563317393493059
1413  0.6560344364314018
1164  0.6559875191066726
1146  0.6559587583066329
831  0.6558586668163181
1173  0.6558471055601182
1193  0.6556454720941743
1019  0.6556400265348937
988  0.6555485895648281
741  0.6553263722528375
963  0.6553137244181291
160  0.6552634699457104
691  0.6551665475062942
1004  0.6550231509153047
1025  0.6549996001327266
678  0.6548996873882772
1089  0.6545949058565896
743  0.6545332733279432
836  0.654451199209453
749  0.6543334771799267
222  0.6543138386449181
1034  0.6543022377409229
754  0.654177578291299
989  0.6540356945006235
650  0.653671755347908
1038  0.6535662064734055
1147  0.6534229690670013
738  0.6533686509226304
704  0.6533202000861422
962  0.6523203960278212
871  0.6522094869375267
432  0.6519508385180416
1190  0.6516937043153286
1186  0.651679017741843
29  0.6514277037629429
884  0.6512831227124236
1154  0.6512516411751652
28  0.6508728333720477
1237  0.6507704863242028
30  0.6507457955664423
1218  0.6503173351359229
1075  0.6501534218778265
1214  0.6499500798381203
1316  0.6499439763045842
1229  0.6496896508348361
926  0.6496529644788892
956  0.6496240066407268
889  0.649476992525444
1125  0.6493498142811521
1236  0.6492493272242866
1222  0.6492261693502487
995  0.6491832362341147
608  0.6490723347041184
1224  0.6490072494771105
617  0.648996686776186
920  0.648993968242293
832  0.6488304085407236
696  0.6488106166211052
165  0.6487546086738291
881  0.6487390028691744
1159  0.6486402273857605
934  0.6484009117029749
91  0.648041421875923
731  0.6479238985263543
922  0.6477371518876813
172  0.6475400894367277
1239  0.6472812057981117
1242  0.6472768716455232
167  0.6470771610129209
169  0.6462508592120502
1735  0.6453584271417835
1244  0.6449977637206625
154  0.644824425213868
1522  0.6444306737744475
1312  0.6421102016747662
1647  0.6419015327188414
1206  0.6417703736832722
919  0.6415920848956622
1069  0.6415500953445318
980  0.641128518110466
1121  0.6407931678844161
289  0.6406777361108608
1528  0.6406715568737283
1204  0.640475771684966
1128  0.6401026948140774
929  0.6393714539178851
827  0.6379017987824916
1112  0.6377713618948524
1061  0.6365521144496368
1220  0.6347131347959044
178  0.633262182664741
177  0.6331060231384361
1297  0.6329741191897214
227  0.6327555998787182
225  0.6327138152968214
1139  0.6326002965229299
840  0.6320320320810745
427  0.6306942528826905
1299  0.6295828700324819
1039  0.6279028927699772
1727  0.6275998130909668
1295  0.6272928971411776
961  0.6266243572133455
1140  0.6264482124348535
1109  0.6255346297456119
1107  0.6253626750174708
1233  0.6241527644357742
102  0.623394019218949
1166  0.6231051833967155
1048  0.6228323179020531
1017  0.6223235477863226
1162  0.6220619486728226
53  0.6214161367045833
522  0.6201060753047186
1114  0.6193734042391117
1014  0.6191756953387143
1453  0.6190780800618163
930  0.6188437077764559
1269  0.6187313901966164
1156  0.6183112862957671
1066  0.6182810145578624
1132  0.6178330152067697
970  0.6175402780923156
527  0.6175324553367355
967  0.6175080498225876
1118  0.6174949387314036
820  0.6171037372829457
1120  0.616936532216649
1703  0.6158699473403746
1055  0.6157670103866631
531  0.6150186103305203
981  0.6146756758807423
899  0.6133708730976691
1200  0.6118147725651486
1152  0.6113850349076739
140  0.6112852704383736
1276  0.6109054280230748
1578  0.6108264954781117
1618  0.6107792151627346
1012  0.610432897084213
1108  0.6104137677208307
1751  0.6092993610295627
947  0.609098547012643
1238  0.6089506156236185
965  0.6088219552773052
1018  0.6086019052944717
1015  0.6085249169394435
918  0.608474909220532
912  0.6084076820591441
1289  0.6081800286616825
685  0.6081685402906264
1266  0.6080901509525506
1111  0.6079700088021203
1268  0.607413293755522
1566  0.6071585853549897
1262  0.6070924617009521
1306  0.6069597941435172
1195  0.6069414328341711
1105  0.6067101937814303
1432  0.6064946208914356
1086  0.6062995407045306
1548  0.6058034402832013
1036  0.6057138189495737
1622  0.6055374556901306
1305  0.6055092473330889
1296  0.6053955726994378
1178  0.6052950556613469
1122  0.6050102308106098
977  0.6048488877787511
1096  0.6048367786249329
1191  0.6047474189866526
1313  0.6047355900605818
1047  0.6047333581234958
1711  0.6045506706410984
1030  0.604441705513975
1265  0.6043727832630195
855  0.604317551560113
1285  0.6043012770393893
1056  0.6042133194898626
1590  0.6041177996914671
1696  0.6039416264105959
1060  0.6039194059383387
1130  0.6039102638663804
1259  0.6038028541173497
790  0.6036459404200425
1272  0.6031549533647301
830  0.6031409115359792
774  0.6029949575768258
1284  0.6028346026627571
1207  0.6027972041037445
1298  0.6026965479810106
1290  0.6026877606081145
1068  0.6025911118628745
1286  0.6022523077200168
1073  0.6020299667216916
1390  0.6010135461197857
908  0.6005275144482872
1079  0.5999080632925397
1158  0.5984838625174944
894  0.5966875613281467
1407  0.596330353215971
892  0.596198951758082
893  0.5961759074049693
890  0.5961444138491906
689  0.5959952248559369
1226  0.5947402430853852
480  0.5939601002488312
742  0.593791190918529
1676  0.5936315629825396
910  0.5931459913729658
1021  0.5928338865359047
887  0.5926204819526831
1713  0.5926093644762759
880  0.5911575018466868
1256  0.5908030435391173
1189  0.5897140850214605
726  0.5891188957737368
876  0.5872845341921551
190  0.5872481487847998
870  0.5866025349397507
744  0.586094444403218
761  0.5853771616832011
1097  0.585193406643075
1217  0.5851868093166793
1223  0.5849747371451913
1545  0.5840159688627631
1278  0.5838933756349104
42  0.5838859155261604
1203  0.5833633334877536
914  0.5833625019582445
1127  0.5824970774689068
745  0.5820545935289742
1251  0.5815745910111647
1072  0.5813526405558457
1185  0.5812971814798543
1315  0.5812265738241834
1099  0.5807927605810119
460  0.5807832814776807
1221  0.5804176497619895
1016  0.5802572006567024
1260  0.5801913631740768
721  0.5798298029044858
1426  0.5798010208170593
860  0.5797127715187479
600  0.57952942421562
1093  0.5787696541540288
411  0.5769005462090926
1310  0.5754392325533474
1650  0.575380286992005
1123  0.5743803034014038
1074  0.5743296773243137
739  0.5736538801881405
864  0.5734918990161683
1419  0.5730051403925742
668  0.5724298029868692
1309  0.5719547052348584
1227  0.5718099951177701
1273  0.571796453777856
1143  0.5714173828583051
1271  0.5713927223904421
953  0.5713796927761283
1247  0.5711764706095844
933  0.5705324211841479
683  0.5688759012201913
1519  0.5680662734672555
1318  0.5669514457146102
1175  0.5656166702005149
839  0.5644738372083322
1028  0.5638919633622652
1493  0.5633462639676349
1137  0.563333199157536
1465  0.56320522924056
1040  0.5631984553001499
841  0.5626853811490838
478  0.5625348090494534
1463  0.562001970031083
852  0.5616397335926442
856  0.5612762416375328
1026  0.5606808139184377
1680  0.5603112545011238
39  0.560178190946821
1151  0.5592040129797841
834  0.5588065153052924
1409  0.5581414966800742
838  0.5573868939572223
1470  0.5573658911989555
1054  0.557010279094998
846  0.5559885887717366
847  0.555528707044053
1148  0.5551452421349989
1599  0.5544793735761596
897  0.5539598338458464
161  0.5523483819273403
850  0.5520622667282676
1161  0.5519107241219859
849  0.5508306816626417
1693  0.5506430329793932
99  0.5504543039567016
942  0.5490874070043182
843  0.5485932788555608
501  0.5484044811684039
1051  0.5483281453951147
1129  0.5468951096892646
1059  0.546816755729772
1460  0.5466268010771421
1176  0.5449589337588269
671  0.5449528473954338
1210  0.5441485213032542
768  0.5432191126142338
1007  0.5409584776732167
1010  0.5407143081478853
163  0.5384393740250318
136  0.5384114424406372
925  0.5368913398345679
472  0.5364271332915445
159  0.5357892606042555
1003  0.5339658512558034
1263  0.533671444891523
414  0.5322809311486505
157  0.5320242135004263
833  0.5320102319717136
138  0.5318860572446467
410  0.5310286126251786
983  0.528304013076188
1575  0.5273692617631575
719  0.5264661982079029
863  0.5263021800760964
862  0.5260143437433008
294  0.525855571422449
1001  0.5237846192582261
1230  0.5226047798858899
708  0.5213412939759904
1552  0.5207421814658875
1031  0.5179215470686337
435  0.5170963908281628
978  0.5156042612301144
706  0.5146138560158077
992  0.5117330303695607
883  0.5107809711886635
986  0.5103755964257458
595  0.5095263621465304
751  0.5089070164620234
971  0.5088853308314968
737  0.5088512938004403
714  0.5077456124272476
709  0.507044048483202
1736  0.506163689101554
1232  0.5059637138556013
1301  0.50589694535994
1117  0.5048424516179576
747  0.5027801684946617
734  0.5022727162198211
1024  0.5003595130878968
593  0.49945591480865464
1022  0.4975504092719156
793  0.496875294746783
449  0.4962824675777425
1586  0.49532966419170277
1199  0.4952166034384939
1098  0.49487053220286153
903  0.49471740785939805
997  0.49469567552621474
861  0.49456752294663797
782  0.49455261792632593
735  0.4944358278232328
1425  0.494336019214803
764  0.49418264427550246
1113  0.4940357273746124
583  0.49381730275099184
1013  0.49378275582293035
959  0.49366734307982557
687  0.4935097375407169
931  0.4924257060504931
1620  0.49241079759338185
985  0.4920791053874215
949  0.49189412435693697
1180  0.49168941596743854
575  0.4915445239584103
259  0.491384516499138
1101  0.4913841321052967
952  0.48943100606872086
670  0.48869943699934176
1071  0.48828862882600005
162  0.48771120597172984
1213  0.4866761265953262
1011  0.4866539738068511
968  0.4866198829784442
717  0.4852438099931424
720  0.48466328401374065
987  0.4836681375000484
760  0.4835720741961924
1150  0.4825954781357463
1375  0.4825651822452255
1100  0.48256215709902583
700  0.48204078469798295
681  0.4815698527294973
1058  0.479039497718503
974  0.4789008811336462
771  0.4786770117046796
654  0.47838774694976827
672  0.47730834167026587
1208  0.47725436113509434
900  0.47703566505661404
674  0.4769509211073715
976  0.47689353174221527
1029  0.4767822830357812
904  0.4766739693237714
762  0.4764229228235909
945  0.4763657818666934
1005  0.47629156367992925
901  0.4753862432907393
184  0.4752443750939289
1655  0.4746094188666631
975  0.47407443174700087
567  0.4729984508175174
1427  0.4724938007140661
156  0.4724332109171956
943  0.4723507078302687
1000  0.47227339658349443
664  0.4722467928640359
571  0.4718597057537363
1625  0.47175501859854296
964  0.4716481422142421
955  0.4711974024335052
1323  0.47049871135855853
181  0.46985753686011716
1094  0.4688340794209324
631  0.4687380396807767
715  0.46805626604059436
1610  0.46775100520852053
1104  0.4668288667287259
994  0.4664297506279789
939  0.466411415888268
999  0.46615781083086466
1513  0.4655401623266512
1215  0.4654974214217635
716  0.46548498517701975
938  0.4649185318588496
917  0.46423806190354683
1131  0.464079507756222
1110  0.4636577292003044
1314  0.46330292243915644
801  0.462884748162253
1020  0.46255490759500023
778  0.4619900441224861
1516  0.46162040959479317
116  0.46133171927104216
1275  0.46128004812871143
1205  0.4608988598727891
1124  0.46087768314876004
1581  0.460478819009064
1423  0.4593034994010535
1435  0.4591066956598986
1138  0.4587512066064905
966  0.4586633942630178
907  0.4586586284968664
911  0.45773268444225745
1192  0.45633681507765606
514  0.4561572634076907
758  0.4559958306088375
767  0.4559920246683593
951  0.4559485899722944
118  0.4557545618366721
1119  0.4557208739961562
1088  0.45552840149521506
954  0.45261894157354543
797  0.45178456167517617
1177  0.45133005320288333
786  0.45091414977706845
64  0.45088333794514296
1283  0.45081109829734606
946  0.4503190809727325
1212  0.4501415135793763
763  0.4496102308667627
982  0.44935024145296265
777  0.4482934930697419
1243  0.44764910053800183
969  0.44596058296890856
789  0.4443795125486779
915  0.4438143425339218
909  0.4390995915316997
1568  0.43871809974298387
66  0.43606652788874706
1106  0.42950562973906997
906  0.4284597089215964
1241  0.4276547175974689
913  0.4248520584495612
65  0.42436481328088166
905  0.4137330708579607
641  0.4086340372836275
755  0.4084434774875059
1045  0.40815292685200855
1322  0.397430667242384
1041  0.39496215711756666
940  0.3905517404136115
573  0.38632641752232183
1303  0.3861664209835347
750  0.3614847267614214
1288  0.35461587669832556
1103  0.3544579547897953
902  0.3193284132304564
1  0.0
2  0.0
3  0.0
4  0.0
5  0.0
7  0.0
8  0.0
9  0.0
10  0.0
11  0.0
12  0.0
13  0.0
14  0.0
15  0.0
16  0.0
17  0.0
22  0.0
23  0.0
25  0.0
31  0.0
33  0.0
57  0.0
63  0.0
68  0.0
73  0.0
77  0.0
237  0.0
238  0.0
240  0.0
243  0.0
245  0.0
246  0.0
247  0.0
248  0.0
250  0.0
252  0.0
254  0.0
255  0.0
261  0.0
262  0.0
263  0.0
264  0.0
265  0.0
266  0.0
267  0.0
268  0.0
269  0.0
270  0.0
271  0.0
272  0.0
273  0.0
274  0.0
275  0.0
276  0.0
277  0.0
278  0.0
280  0.0
282  0.0
283  0.0
285  0.0
286  0.0
287  0.0
288  0.0
290  0.0
291  0.0
293  0.0
295  0.0
296  0.0
297  0.0
299  0.0
300  0.0
301  0.0
302  0.0
303  0.0
304  0.0
305  0.0
306  0.0
307  0.0
308  0.0
309  0.0
310  0.0
312  0.0
314  0.0
315  0.0
317  0.0
319  0.0
321  0.0
323  0.0
324  0.0
325  0.0
326  0.0
328  0.0
329  0.0
330  0.0
331  0.0
332  0.0
333  0.0
334  0.0
335  0.0
336  0.0
337  0.0
339  0.0
340  0.0
341  0.0
342  0.0
343  0.0
344  0.0
345  0.0
346  0.0
347  0.0
348  0.0
349  0.0
350  0.0
351  0.0
352  0.0
353  0.0
354  0.0
355  0.0
356  0.0
357  0.0
358  0.0
359  0.0
361  0.0
362  0.0
363  0.0
364  0.0
366  0.0
367  0.0
369  0.0
371  0.0
373  0.0
374  0.0
376  0.0
379  0.0
381  0.0
382  0.0
383  0.0
384  0.0
385  0.0
486  0.0
513  0.0
534  0.0
537  0.0
579  0.0
611  0.0
612  0.0
756  0.0
773  0.0
775  0.0
784  0.0
798  0.0
802  0.0
803  0.0
804  0.0
805  0.0
807  0.0
808  0.0
809  0.0
812  0.0
813  0.0
814  0.0
816  0.0
817  0.0
818  0.0
819  0.0
821  0.0
824  0.0
825  0.0
826  0.0
829  0.0
1134  0.0
1174  0.0
1194  0.0
1201  0.0
1437  0.0
1464  0.0
1606  0.0
1624  0.0
