216  0.2717874348163605
217  0.2717874348163605
218  0.2717874348163605
219  0.2717874348163605
220  0.2717874348163605
221  0.2717874348163605
222  0.2717874348163605
223  0.2717874348163605
224  0.2717874348163605
225  0.2717874348163605
226  0.2717874348163605
227  0.2717874348163605
228  0.2717874348163605
229  0.2717874348163605
230  0.2717874348163605
231  0.2717874348163605
232  0.2717874348163605
233  0.2717874348163605
234  0.2717874348163605
235  0.2717874348163605
236  0.2717874348163605
237  0.2717874348163605
238  0.2717874348163605
239  0.2717874348163605
240  0.2717874348163605
241  0.2717874348163605
242  0.2717874348163605
243  0.2717874348163605
244  0.2717874348163605
245  0.2717874348163605
246  0.2717874348163605
247  0.2717874348163605
248  0.2717874348163605
249  0.2717874348163605
250  0.2717874348163605
251  0.2717874348163605
252  0.2717874348163605
253  0.2717874348163605
254  0.2717874348163605
255  0.2717874348163605
256  0.2717874348163605
257  0.2717874348163605
302  0.2717874348163605
303  0.2717874348163605
304  0.2717874348163605
305  0.2717874348163605
306  0.2717874348163605
307  0.2717874348163605
308  0.2717874348163605
309  0.2717874348163605
310  0.2717874348163605
311  0.2717874348163605
312  0.2717874348163605
313  0.2717874348163605
314  0.2717874348163605
315  0.2717874348163605
316  0.2717874348163605
317  0.2717874348163605
318  0.2717874348163605
319  0.2717874348163605
320  0.2717874348163605
321  0.2717874348163605
322  0.2717874348163605
323  0.2717874348163605
324  0.2717874348163605
325  0.2717874348163605
326  0.2717874348163605
327  0.2717874348163605
328  0.2717874348163605
329  0.2717874348163605
330  0.2717874348163605
331  0.2717874348163605
332  0.2717874348163605
333  0.2717874348163605
334  0.2717874348163605
335  0.2717874348163605
336  0.2717874348163605
337  0.2717874348163605
338  0.2717874348163605
339  0.2717874348163605
340  0.2717874348163605
341  0.2717874348163605
342  0.2717874348163605
343  0.2717874348163605
517  0.2717874348163605
518  0.2717874348163605
519  0.2717874348163605
520  0.2717874348163605
521  0.2717874348163605
522  0.2717874348163605
523  0.2717874348163605
524  0.2717874348163605
525  0.2717874348163605
526  0.2717874348163605
527  0.2717874348163605
528  0.2717874348163605
529  0.2717874348163605
530  0.2717874348163605
531  0.2717874348163605
532  0.2717874348163605
533  0.2717874348163605
534  0.2717874348163605
535  0.2717874348163605
536  0.2717874348163605
537  0.2717874348163605
538  0.2717874348163605
539  0.2717874348163605
540  0.2717874348163605
541  0.2717874348163605
542  0.2717874348163605
543  0.2717874348163605
544  0.2717874348163605
545  0.2717874348163605
546  0.2717874348163605
547  0.2717874348163605
548  0.2717874348163605
549  0.2717874348163605
550  0.2717874348163605
551  0.2717874348163605
552  0.2717874348163605
553  0.2717874348163605
554  0.2717874348163605
555  0.2717874348163605
556  0.2717874348163605
557  0.2717874348163605
558  0.2717874348163605
603  0.2717874348163605
604  0.2717874348163605
605  0.2717874348163605
606  0.2717874348163605
607  0.2717874348163605
608  0.2717874348163605
609  0.2717874348163605
610  0.2717874348163605
611  0.2717874348163605
612  0.2717874348163605
613  0.2717874348163605
614  0.2717874348163605
615  0.2717874348163605
616  0.2717874348163605
617  0.2717874348163605
618  0.2717874348163605
619  0.2717874348163605
620  0.2717874348163605
621  0.2717874348163605
622  0.2717874348163605
623  0.2717874348163605
624  0.2717874348163605
625  0.2717874348163605
626  0.2717874348163605
627  0.2717874348163605
628  0.2717874348163605
629  0.2717874348163605
630  0.2717874348163605
631  0.2717874348163605
632  0.2717874348163605
633  0.2717874348163605
634  0.2717874348163605
635  0.2717874348163605
636  0.2717874348163605
637  0.2717874348163605
638  0.2717874348163605
639  0.2717874348163605
640  0.2717874348163605
641  0.2717874348163605
642  0.2717874348163605
643  0.2717874348163605
644  0.2717874348163605
645  0.2717874348163605
646  0.2717874348163605
647  0.2717874348163605
648  0.2717874348163605
649  0.2717874348163605
650  0.2717874348163605
651  0.2717874348163605
652  0.2717874348163605
653  0.2717874348163605
654  0.2717874348163605
655  0.2717874348163605
656  0.2717874348163605
657  0.2717874348163605
658  0.2717874348163605
659  0.2717874348163605
660  0.2717874348163605
661  0.2717874348163605
662  0.2717874348163605
663  0.2717874348163605
664  0.2717874348163605
665  0.2717874348163605
666  0.2717874348163605
667  0.2717874348163605
668  0.2717874348163605
669  0.2717874348163605
670  0.2717874348163605
671  0.2717874348163605
672  0.2717874348163605
673  0.2717874348163605
674  0.2717874348163605
675  0.2717874348163605
676  0.2717874348163605
677  0.2717874348163605
678  0.2717874348163605
679  0.2717874348163605
680  0.2717874348163605
681  0.2717874348163605
682  0.2717874348163605
683  0.2717874348163605
684  0.2717874348163605
685  0.2717874348163605
686  0.2717874348163605
687  0.2717874348163605
1076  0.2717874348163605
1077  0.2717874348163605
1078  0.2717874348163605
1079  0.2717874348163605
1080  0.2717874348163605
1081  0.2717874348163605
1082  0.2717874348163605
1083  0.2717874348163605
1084  0.2717874348163605
1085  0.2717874348163605
1086  0.2717874348163605
1087  0.2717874348163605
1088  0.2717874348163605
1089  0.2717874348163605
1090  0.2717874348163605
1091  0.2717874348163605
1092  0.2717874348163605
1093  0.2717874348163605
1094  0.2717874348163605
1095  0.2717874348163605
1096  0.2717874348163605
1097  0.2717874348163605
1098  0.2717874348163605
1099  0.2717874348163605
1100  0.2717874348163605
1101  0.2717874348163605
1102  0.2717874348163605
1103  0.2717874348163605
1104  0.2717874348163605
1105  0.2717874348163605
1106  0.2717874348163605
1107  0.2717874348163605
1108  0.2717874348163605
1109  0.2717874348163605
1110  0.2717874348163605
1111  0.2717874348163605
1112  0.2717874348163605
1113  0.2717874348163605
1114  0.2717874348163605
1115  0.2717874348163605
1116  0.2717874348163605
1117  0.2717874348163605
1118  0.2717874348163605
1119  0.2717874348163605
1120  0.2717874348163605
1121  0.2717874348163605
1122  0.2717874348163605
1123  0.2717874348163605
1124  0.2717874348163605
1125  0.2717874348163605
1126  0.2717874348163605
1127  0.2717874348163605
1128  0.2717874348163605
1129  0.2717874348163605
1130  0.2717874348163605
1131  0.2717874348163605
1132  0.2717874348163605
1133  0.2717874348163605
1134  0.2717874348163605
1135  0.2717874348163605
1136  0.2717874348163605
1137  0.2717874348163605
1138  0.2717874348163605
1139  0.2717874348163605
1140  0.2717874348163605
1141  0.2717874348163605
1142  0.2717874348163605
1143  0.2717874348163605
1144  0.2717874348163605
1145  0.2717874348163605
1146  0.2717874348163605
1147  0.2717874348163605
1148  0.2717874348163605
1149  0.2717874348163605
1150  0.2717874348163605
1151  0.2717874348163605
1152  0.2717874348163605
1153  0.2717874348163605
1154  0.2717874348163605
1155  0.2717874348163605
1156  0.2717874348163605
1157  0.2717874348163605
1158  0.2717874348163605
1159  0.2717874348163605
1160  0.2717874348163605
562  0.27176526188850403
559  0.2713574767112732
602  0.2712859511375427
560  0.271217405796051
583  0.27119141817092896
596  0.27113842964172363
563  0.27112504839897156
595  0.2710641324520111
568  0.2710210680961609
735  0.2710166871547699
598  0.27101433277130127
564  0.2709979712963104
588  0.27097275853157043
773  0.27095943689346313
579  0.270957350730896
576  0.27094632387161255
593  0.2709323465824127
571  0.27093225717544556
748  0.2709282338619232
573  0.27092766761779785
591  0.2709253430366516
737  0.2709043323993683
592  0.2708801329135895
601  0.2708791494369507
565  0.27087706327438354
751  0.2708412706851959
736  0.27083659172058105
581  0.2708154022693634
577  0.27081534266471863
599  0.2708044946193695
753  0.27080288529396057
561  0.27075785398483276
747  0.27075719833374023
585  0.2707478106021881
575  0.2707406282424927
740  0.270738810300827
589  0.27072304487228394
759  0.27071207761764526
743  0.27070122957229614
567  0.2706631124019623
754  0.2706526815891266
732  0.2706499695777893
597  0.2706447243690491
757  0.27064311504364014
600  0.27064138650894165
742  0.2706300616264343
761  0.2706190049648285
574  0.2706141173839569
590  0.27059823274612427
582  0.27057945728302
594  0.2705577611923218
569  0.27051788568496704
584  0.2705104351043701
745  0.2704997658729553
756  0.2704978585243225
750  0.2704961895942688
566  0.2704896330833435
749  0.2704734206199646
755  0.27046290040016174
768  0.2704598307609558
572  0.270449697971344
771  0.27042144536972046
734  0.27036556601524353
587  0.2703501284122467
586  0.27032890915870667
741  0.2703259289264679
752  0.27031269669532776
738  0.2703091502189636
767  0.2703089416027069
744  0.2702653110027313
765  0.2702600061893463
746  0.27023616433143616
770  0.2702226936817169
578  0.27020782232284546
739  0.27011844515800476
763  0.27010318636894226
733  0.2700974643230438
772  0.2700689136981964
769  0.2700026035308838
580  0.2699578106403351
758  0.2699500024318695
760  0.26993104815483093
762  0.2699195444583893
766  0.2699042558670044
764  0.2699016034603119
570  0.2698524296283722
774  0.24289093911647797
775  0.21804767847061157
778  0.21798399090766907
791  0.21775633096694946
777  0.21774928271770477
780  0.2177087962627411
779  0.21764884889125824
816  0.21759122610092163
795  0.2175453156232834
810  0.21749919652938843
783  0.21748173236846924
811  0.2174738347530365
786  0.2174702137708664
814  0.21746504306793213
797  0.21744272112846375
796  0.21741682291030884
802  0.2173742800951004
785  0.21737028658390045
792  0.21735478937625885
815  0.21734577417373657
800  0.21734564006328583
788  0.21727308630943298
784  0.21724997460842133
790  0.21723338961601257
803  0.21723000705242157
809  0.21720534563064575
793  0.21717096865177155
805  0.2171652913093567
787  0.2171531766653061
813  0.21714599430561066
808  0.21711911261081696
799  0.21695633232593536
798  0.2169056236743927
789  0.21689161658287048
794  0.21688799560070038
804  0.216881662607193
776  0.21687956154346466
782  0.21683698892593384
781  0.2168293297290802
801  0.21680022776126862
812  0.21669702231884003
807  0.21664637327194214
806  0.2166130691766739
1161  0.13629339635372162
258  0.12579263746738434
1166  0.1225803792476654
1162  0.12251591682434082
1197  0.12242557108402252
1163  0.12209200859069824
1164  0.12201353162527084
1174  0.1219259649515152
1178  0.12189070135354996
1165  0.12180178612470627
1203  0.1216379702091217
1202  0.12160339951515198
1198  0.1215846836566925
1194  0.12155655026435852
1183  0.12154826521873474
1195  0.1215314194560051
1191  0.12121623754501343
1192  0.121208056807518
1177  0.12120595574378967
1199  0.12119117379188538
1200  0.12118463963270187
1172  0.12117373943328857
1169  0.12107540667057037
1175  0.12102792412042618
1168  0.12098731100559235
1176  0.1209806427359581
1179  0.120974600315094
1173  0.12096267938613892
1184  0.12090162187814713
1170  0.12085291743278503
1182  0.1208474338054657
1171  0.12077822536230087
1189  0.12076011300086975
1187  0.12074064463376999
1193  0.12068495154380798
1181  0.12065684050321579
1201  0.12062573432922363
1167  0.12061681598424911
1196  0.1205660030245781
1185  0.12044274806976318
1186  0.12036051601171494
1180  0.12024785578250885
1190  0.11999201029539108
1188  0.11993618309497833
1075  0.09473011642694473
945  0.05134528502821922
906  0.05128832161426544
907  0.05127149820327759
904  0.051269423216581345
929  0.05106016620993614
943  0.05104166641831398
940  0.0509909950196743
937  0.050984397530555725
908  0.05097852647304535
909  0.050954729318618774
925  0.05095189809799194
938  0.05094325914978981
912  0.05091281607747078
913  0.05091150104999542
939  0.05088387429714203
924  0.05088375508785248
932  0.05088165029883385
926  0.05087616294622421
922  0.05084821209311485
910  0.050846848636865616
931  0.0508418045938015
942  0.050837237387895584
920  0.0508357435464859
944  0.050822675228118896
915  0.05082123726606369
921  0.050791461020708084
918  0.05078742653131485
930  0.0507834367454052
911  0.050743382424116135
923  0.05072880536317825
914  0.0507209450006485
905  0.050714828073978424
934  0.05071214959025383
916  0.050707317888736725
917  0.05069725215435028
928  0.050686419010162354
927  0.050676971673965454
933  0.05065898597240448
919  0.05063524842262268
941  0.050629179924726486
935  0.05058084428310394
936  0.050568778067827225
344  0.03433215245604515
903  0.028514930978417397
135  0.013485392555594444
167  0.013480141758918762
132  0.013467407785356045
130  0.01346131507307291
131  0.013427932746708393
157  0.013420903123915195
166  0.013420511037111282
168  0.01341599877923727
134  0.013411208987236023
170  0.013403349556028843
133  0.013396263122558594
138  0.013384849764406681
147  0.013382311910390854
144  0.013366819359362125
152  0.013366763480007648
142  0.013362688943743706
169  0.013360735028982162
154  0.013356825336813927
150  0.013354470022022724
158  0.013353947550058365
137  0.013353784568607807
151  0.013345763087272644
164  0.01334521733224392
163  0.013344885781407356
171  0.0133444769307971
146  0.013343571685254574
156  0.013341833837330341
165  0.01333682518452406
161  0.013335232622921467
140  0.013328777626156807
162  0.013326801359653473
143  0.013325372710824013
159  0.013321097940206528
160  0.013320114463567734
145  0.013318691402673721
148  0.013311619870364666
155  0.013310804963111877
153  0.013278947211802006
141  0.013273118995130062
136  0.01325935684144497
139  0.013241599313914776
149  0.013205661438405514
863  0.010309691540896893
902  0.010309371165931225
864  0.010297472588717937
861  0.010282485745847225
172  0.010273904539644718
882  0.010268675163388252
900  0.010264905169606209
865  0.010264720767736435
886  0.010264643467962742
894  0.01025957241654396
897  0.010259199887514114
870  0.010249732993543148
869  0.010248848237097263
866  0.010242784395813942
877  0.01024212222546339
887  0.010242112912237644
889  0.010242021642625332
883  0.010241692885756493
879  0.010240552015602589
867  0.01024008821696043
881  0.010239952243864536
896  0.010235242545604706
868  0.010233077220618725
888  0.010229011997580528
872  0.010228857398033142
901  0.010228852741420269
895  0.010228375904262066
880  0.01022547297179699
884  0.010224803350865841
885  0.010223302990198135
890  0.010216752998530865
878  0.01021566241979599
891  0.010214408859610558
862  0.010213902220129967
876  0.010213565081357956
875  0.010213344357907772
873  0.010211608372628689
899  0.010210404172539711
874  0.010209903120994568
871  0.010208254680037498
898  0.01020407397300005
892  0.010194743983447552
893  0.010175189934670925
817  0.010168428532779217
1204  0.006915551610291004
688  0.006455658469349146
1209  0.005208755377680063
1205  0.005207825917750597
1240  0.005198166240006685
1206  0.005196038167923689
1221  0.005194555036723614
1208  0.005188925191760063
1246  0.0051886471919715405
1207  0.0051866513676941395
1224  0.005179265979677439
1241  0.005173487588763237
1218  0.005172540433704853
1211  0.005171983502805233
1226  0.005171888042241335
1212  0.005170933902263641
1234  0.005170410964637995
1237  0.005166618153452873
1217  0.0051651084795594215
1225  0.0051631024107337
1245  0.005162877030670643
1230  0.005161380395293236
1227  0.005158844869583845
1216  0.005158536601811647
1238  0.005157046020030975
1244  0.005155143793672323
1243  0.005155013874173164
1220  0.005153368692845106
1213  0.0051525370217859745
1242  0.0051521314308047295
1219  0.005152014084160328
1236  0.005149548407644033
1210  0.005149424076080322
1222  0.005146691109985113
1231  0.0051460666581988335
1235  0.005144733935594559
1232  0.005144070368260145
1215  0.005143213551491499
1233  0.005141817964613438
1228  0.005138926208019257
1239  0.005138009320944548
1229  0.005137526895850897
1223  0.005129103548824787
1214  0.005126590374857187
731  0.004049696493893862
860  0.003589032916352153
301  0.0028139690402895212
992  0.0026194255333393812
994  0.0026094510685652494
1031  0.002607729285955429
993  0.0026050058659166098
1023  0.002600720152258873
1026  0.0025995848700404167
1029  0.00259869615547359
1015  0.002598439110442996
990  0.0025975925382226706
1030  0.002596623031422496
1011  0.0025960970669984818
997  0.0025946986861526966
1025  0.0025941014755517244
1001  0.002594007644802332
1016  0.002593675861135125
998  0.002593141747638583
1009  0.0025910448748618364
991  0.0025908895768225193
996  0.0025902006309479475
1019  0.0025901750195771456
1012  0.0025898986496031284
999  0.002589496085420251
1013  0.0025894897989928722
1020  0.0025882869958877563
995  0.002587319351732731
1018  0.002586459508165717
1008  0.002586112590506673
1027  0.0025858727749437094
1014  0.0025858383160084486
1006  0.00258544716052711
1021  0.0025850539095699787
1010  0.0025843484327197075
1004  0.002583689521998167
1002  0.0025829707738012075
1024  0.0025823088362812996
1007  0.00258103059604764
1005  0.0025792501401156187
1003  0.002577525796368718
1022  0.002577497623860836
1017  0.002577457344159484
1028  0.002571695949882269
1000  0.002567898714914918
946  0.0025507158134132624
215  0.0022815295960754156
1247  0.001965944655239582
1252  0.0018849660409614444
1283  0.0018841138808056712
1249  0.0018827351741492748
1284  0.0018818463431671262
1248  0.0018796087242662907
1289  0.0018763329135254025
1250  0.001873309607617557
1269  0.0018692448502406478
1251  0.001868551131337881
1264  0.0018684205133467913
1260  0.001865492551587522
1261  0.0018644557567313313
1288  0.001862794510088861
1254  0.0018617839086800814
1268  0.0018610061379149556
1285  0.0018608813406899571
1286  0.0018604473443701863
1274  0.0018602667842060328
1281  0.0018591886619105935
1267  0.0018583976197987795
1259  0.0018573375418782234
1263  0.0018572668777778745
1277  0.0018566682701930404
1271  0.001856200280599296
1275  0.001856133807450533
1255  0.001855549169704318
1287  0.0018554998096078634
1278  0.0018542169127613306
1273  0.0018540421733632684
1280  0.0018530691741034389
1265  0.0018526935018599033
1262  0.001851345645263791
1279  0.0018489467911422253
1272  0.0018477874109521508
1257  0.001847701147198677
1270  0.0018475156975910068
1258  0.0018475140677765012
1282  0.0018458351260051131
1253  0.0018454750534147024
1256  0.0018449927447363734
1276  0.0018431136850267649
1266  0.001832496142014861
989  0.0017011951422318816
516  0.0011415014741942286
1032  0.0011338465847074986
175  0.0010679649421945214
178  0.0010657908860594034
173  0.0010655771475285292
211  0.0010644585127010942
213  0.0010619420791044831
200  0.0010613383492454886
190  0.0010609066812321544
210  0.0010602711699903011
174  0.0010594113264232874
177  0.00105874496512115
195  0.0010587434517219663
181  0.0010575040942057967
212  0.001057452755048871
176  0.0010573645122349262
207  0.0010567080462351441
206  0.0010562340030446649
198  0.0010558314388617873
188  0.0010557329514995217
201  0.0010555729968473315
189  0.0010547703132033348
202  0.0010546151315793395
208  0.0010545604163780808
194  0.001053770538419485
191  0.0010537197813391685
186  0.00105363002512604
209  0.001053205574862659
183  0.001052873907610774
193  0.0010528725106269121
205  0.001052838284522295
187  0.0010528152342885733
214  0.0010527174454182386
185  0.0010527089470997453
180  0.0010523544624447823
199  0.0010513775050640106
204  0.001050604972988367
179  0.0010505694663152099
197  0.0010497935581952333
203  0.001049154787324369
184  0.0010482026264071465
182  0.0010472243884578347
196  0.0010469750268384814
192  0.0010451936395838857
261  0.0009557855664752424
264  0.0009551788680255413
259  0.0009550632676109672
297  0.0009532423573546112
286  0.0009517804719507694
299  0.0009507785434834659
296  0.0009500414016656578
262  0.0009497589780949056
274  0.0009495260310359299
263  0.0009495106642134488
276  0.0009479553555138409
281  0.0009478954016231
267  0.000947682186961174
293  0.0009476352715864778
298  0.0009472818928770721
260  0.0009471207740716636
292  0.0009460033033974469
287  0.0009456059779040515
277  0.0009451853693462908
280  0.0009447301854379475
284  0.0009440347203053534
272  0.0009439082932658494
294  0.0009436458349227905
300  0.0009427668410353363
291  0.0009424077579751611
273  0.000942086277063936
269  0.0009418471599929035
275  0.0009418264380656183
288  0.0009415936074219644
290  0.0009410586208105087
271  0.0009408407495357096
283  0.0009400433045811951
295  0.0009394129156135023
265  0.0009391780477017164
266  0.0009391713538207114
279  0.0009371564956381917
270  0.0009370475891046226
285  0.000936347059905529
282  0.0009357004310004413
289  0.0009355724905617535
268  0.0009342359262518585
278  0.0009341664845123887
1035  0.0008567721233703196
1036  0.0008563476731069386
1037  0.0008559887064620852
1074  0.0008559777052141726
1033  0.000855755468364805
1041  0.0008542995783500373
1066  0.0008534334483556449
1068  0.0008529481128789485
1058  0.0008528408943675458
1034  0.0008527067839168012
1054  0.0008523018914274871
1072  0.0008522336138412356
1069  0.000851959572173655
1040  0.0008518606191501021
1073  0.000851786695420742
1062  0.0008517720852978528
1049  0.0008516446687281132
1055  0.0008516401867382228
1052  0.000851450371555984
1044  0.0008513821521773934
1039  0.0008513659704476595
1047  0.0008510362240485847
1051  0.0008506997837685049
1064  0.0008505879086442292
1045  0.0008502767886966467
1065  0.0008498746319673955
1038  0.0008497422095388174
1046  0.0008497397066093981
1070  0.0008492925553582609
1056  0.0008491678745485842
1050  0.000849138421472162
1067  0.0008489935426041484
1063  0.0008489186875522137
1042  0.0008489138563163579
1060  0.000848795345518738
1048  0.000848747615236789
1061  0.0008486256119795144
1057  0.0008485162979923189
1043  0.0008484157733619213
1059  0.0008483749115839601
1053  0.0008483736892230809
1071  0.0008480148389935493
820  0.0007795487763360143
821  0.0007784405606798828
859  0.0007779009756632149
822  0.0007777289720252156
834  0.0007774189580231905
823  0.0007770904921926558
854  0.0007763543981127441
818  0.0007763521862216294
826  0.0007762637687847018
839  0.0007757077109999955
857  0.0007756478153169155
840  0.0007752724341116846
843  0.0007744897156953812
851  0.0007744281319901347
829  0.0007743731839582324
827  0.0007734785322099924
853  0.0007731240475550294
837  0.0007729523931629956
831  0.0007727333577349782
858  0.0007726456969976425
848  0.0007725742761977017
842  0.0007725050672888756
846  0.000772407918702811
845  0.0007724009337835014
828  0.0007721952279098332
838  0.0007719796267338097
833  0.0007719116401858628
836  0.0007717600674368441
844  0.0007717244443483651
819  0.0007716736872680485
847  0.0007715505780652165
841  0.0007714435341767967
830  0.0007712215883657336
824  0.0007710110512562096
835  0.0007709177443757653
852  0.0007704711752012372
855  0.0007704674499109387
832  0.0007703886367380619
825  0.0007700884016230702
856  0.0007700301357544959
849  0.0007691555074416101
850  0.0007675201632082462
949  0.0005945779848843813
988  0.0005930388579145074
951  0.0005926379235461354
950  0.0005924628349021077
947  0.0005922861164435744
955  0.0005903212586417794
987  0.0005901220720261335
980  0.0005896953516639769
986  0.0005892239860258996
983  0.0005891863256692886
972  0.0005890395259484649
954  0.0005890220636501908
968  0.0005889334715902805
952  0.0005886643193662167
958  0.0005886138533242047
966  0.0005884136189706624
976  0.0005883712437935174
982  0.0005883625708520412
953  0.000588356691878289
956  0.0005883238627575338
969  0.0005883157718926668
963  0.0005881747347302735
965  0.000587768736295402
978  0.0005876141367480159
967  0.0005875866627320647
970  0.0005873556947335601
973  0.000587147194892168
971  0.0005871258908882737
977  0.000586821639444679
964  0.0005867531290277839
961  0.0005866848514415324
948  0.0005866644787602127
981  0.0005863648257218301
975  0.0005863547557964921
959  0.0005862723337486386
979  0.0005859019584022462
960  0.0005857914802618325
984  0.000585420522838831
957  0.0005853845505043864
962  0.0005852367030456662
974  0.000585123198106885
985  0.000583754270337522
49  0.0003117232699878514
45  0.00031162818777374923
44  0.0003113986167591065
46  0.0003112519916612655
80  0.0003105856303591281
61  0.00031045181094668806
81  0.0003103263443335891
64  0.0003101406036876142
47  0.00030995171982795
48  0.00030971926753409207
51  0.0003094258427154273
58  0.0003092819533776492
65  0.0003092347760684788
71  0.00030921443249098957
52  0.0003090817772317678
70  0.00030885852174833417
82  0.0003086515935137868
66  0.00030859126127325
77  0.0003085733042098582
84  0.0003084433265030384
56  0.00030840066028758883
57  0.00030823194538243115
85  0.0003081611357629299
76  0.00030813500052317977
83  0.00030813500052317977
60  0.0003080909373238683
74  0.0003080401220358908
72  0.0003077726869378239
67  0.00030769582372158766
75  0.00030764509574510157
73  0.00030760435038246214
53  0.0003075835120398551
50  0.00030753042665310204
78  0.000307514303131029
68  0.00030745918047614396
62  0.00030743691604584455
69  0.0003073947154916823
79  0.0003071878745686263
59  0.0003070514358114451
55  0.0003065842902287841
54  0.0003063385665882379
63  0.00030602127662859857
86  0.0002803044917527586
43  9.17643410502933e-05
2  8.947458991315216e-05
37  8.939441613620147e-05
6  8.938785322243348e-05
38  8.934440120356157e-05
18  8.933494245866314e-05
3  8.933102071750909e-05
4  8.929635077947751e-05
1  8.928213355829939e-05
5  8.923089626478031e-05
15  8.917433297028765e-05
23  8.908084419090301e-05
40  8.906623406801373e-05
9  8.904958667699248e-05
14  8.900705142877996e-05
39  8.899127715267241e-05
21  8.897091174731031e-05
22  8.895665814634413e-05
28  8.895520295482129e-05
17  8.894019993022084e-05
42  8.891298057278618e-05
35  8.890797471394762e-05
13  8.889153104973957e-05
27  8.886517025530338e-05
32  8.883094415068626e-05
8  8.879529195837677e-05
41  8.877420623321086e-05
29  8.877149230102077e-05
31  8.876269566826522e-05
34  8.875702769728377e-05
7  8.869686280377209e-05
26  8.868679287843406e-05
24  8.867969881976023e-05
25  8.867487485986203e-05
30  8.866751886671409e-05
33  8.866109419614077e-05
16  8.863404218573123e-05
10  8.86084308149293e-05
36  8.860725210979581e-05
19  8.857186185196042e-05
12  8.853116014506668e-05
20  8.843438263284042e-05
11  8.839719521347433e-05
476  7.305602775886655e-05
474  7.256631215568632e-05
478  7.23141711205244e-05
510  7.217865640996024e-05
477  7.207328599179164e-05
475  7.193698547780514e-05
512  7.192725024651736e-05
507  7.188959716586396e-05
502  7.183156412793323e-05
513  7.182094122981653e-05
509  7.181648834375665e-05
479  7.177616498665884e-05
482  7.17758885002695e-05
491  7.176959479693323e-05
487  7.175686914706603e-05
495  7.170002936618403e-05
490  7.167192961787805e-05
499  7.162601104937494e-05
489  7.161502435337752e-05
511  7.157630898291245e-05
481  7.147992437239736e-05
497  7.147767610149458e-05
515  7.146792631829157e-05
493  7.145723066059873e-05
514  7.144217670429498e-05
508  7.143195398384705e-05
496  7.140852540032938e-05
505  7.13848348823376e-05
506  7.135426858440042e-05
485  7.13344052201137e-05
501  7.127232674974948e-05
492  7.124066178221256e-05
503  7.122795796021819e-05
488  7.114541222108528e-05
504  7.113510218914598e-05
480  7.111529703252017e-05
486  7.103958341758698e-05
483  7.094474858604372e-05
500  7.087070116540417e-05
498  7.072500739013776e-05
494  7.072108564898372e-05
484  7.047058898024261e-05
689  5.6136923376470804e-05
691  5.612038876279257e-05
717  5.599401629297063e-05
724  5.59450636501424e-05
692  5.593429523287341e-05
727  5.5928423535078764e-05
697  5.587943451246247e-05
722  5.586952465819195e-05
728  5.585791222983971e-05
729  5.584683094639331e-05
693  5.583724851021543e-05
714  5.5836604587966576e-05
723  5.581126606557518e-05
694  5.580818105954677e-05
702  5.580791548709385e-05
725  5.5803444411139935e-05
690  5.579541175393388e-05
706  5.579200660577044e-05
700  5.57900893909391e-05
710  5.5788332247175276e-05
705  5.577354022534564e-05
711  5.577339106821455e-05
721  5.574642636929639e-05
730  5.573526141233742e-05
708  5.572946975007653e-05
704  5.571533984038979e-05
703  5.571225847234018e-05
701  5.5677253840258345e-05
712  5.567529296968132e-05
716  5.5671949667157605e-05
698  5.566626714426093e-05
719  5.5660268117208034e-05
726  5.56336271984037e-05
718  5.562975275097415e-05
695  5.5609492846997455e-05
709  5.560790668823756e-05
720  5.560483259614557e-05
713  5.5572065321030095e-05
707  5.556930773309432e-05
715  5.5526983487652615e-05
696  5.551390859181993e-05
699  5.550057176151313e-05
390  3.8964280975051224e-05
388  3.8872865843586624e-05
426  3.881666998495348e-05
392  3.881459997501224e-05
391  3.879801442963071e-05
393  3.875404945574701e-05
421  3.8736390706617385e-05
416  3.871600347338244e-05
427  3.871570515912026e-05
403  3.8713122194167227e-05
406  3.869835927616805e-05
405  3.8693007809342816e-05
404  3.8679285353282467e-05
425  3.867227860610001e-05
424  3.8671871152473614e-05
409  3.8669142668368295e-05
428  3.866593397106044e-05
401  3.865811959258281e-05
422  3.8657159166177735e-05
389  3.8649453927064314e-05
413  3.8646026951028034e-05
423  3.864009340759367e-05
402  3.862362427753396e-05
415  3.862001540255733e-05
419  3.8598293031100184e-05
429  3.859678326989524e-05
396  3.858887430396862e-05
417  3.858438503812067e-05
394  3.8582140405196697e-05
395  3.856050898320973e-05
410  3.855256727547385e-05
399  3.852144072880037e-05
407  3.85151979571674e-05
420  3.8506674172822386e-05
418  3.849239510600455e-05
412  3.8460617361124605e-05
398  3.8460468203993514e-05
411  3.845757237286307e-05
408  3.845661922241561e-05
400  3.845342871500179e-05
397  3.843499143840745e-05
414  3.8424066588049755e-05
129  3.809827467193827e-05
430  2.837981992342975e-05
127  2.3453192625311203e-05
89  2.340908395126462e-05
125  2.3388331101159565e-05
124  2.3376846002065577e-05
87  2.3362183128483593e-05
91  2.3354428776656277e-05
95  2.3326316295424476e-05
92  2.3323336790781468e-05
114  2.331960240553599e-05
88  2.331150790269021e-05
121  2.32910861086566e-05
120  2.3288466763915494e-05
116  2.3284823328140192e-05
90  2.327558831893839e-05
104  2.3275099010788836e-05
126  2.3264890842256136e-05
113  2.3263914044946432e-05
122  2.3262140530277975e-05
115  2.3257658540387638e-05
99  2.3246639102580957e-05
97  2.3244534531841055e-05
103  2.324446541024372e-05
107  2.3241718736244366e-05
102  2.323544686078094e-05
119  2.323267653991934e-05
105  2.3232652893057093e-05
109  2.3231699742609635e-05
123  2.3224965843837708e-05
112  2.3217373382067308e-05
101  2.321674946870189e-05
94  2.3192938897409476e-05
118  2.3192342268885113e-05
111  2.318048973393161e-05
98  2.3180422431323677e-05
93  2.3170412532635964e-05
96  2.3163851437857375e-05
108  2.316086829523556e-05
128  2.3156782845035195e-05
100  2.3130318368203007e-05
110  2.3105694708647206e-05
106  2.310311538167298e-05
117  2.3100097678252496e-05
473  1.938802051881794e-05
433  1.1451717909949366e-05
431  1.1434388397901785e-05
435  1.1391623957024422e-05
469  1.139039704867173e-05
434  1.1384739082132e-05
470  1.1370296306267846e-05
446  1.1367336810508277e-05
436  1.1366003491275478e-05
464  1.1363781595719047e-05
452  1.136170067184139e-05
465  1.1356284630892333e-05
467  1.1356240975146648e-05
448  1.1355537026247475e-05
432  1.1353165973559953e-05
468  1.1352819456078578e-05
471  1.1352364708727691e-05
459  1.1350653949193656e-05
439  1.1348392945365049e-05
453  1.1343859114276711e-05
444  1.1341522622387856e-05
458  1.1340255696268287e-05
438  1.1337034266034607e-05
466  1.1336612260492984e-05
449  1.1335726412653457e-05
456  1.1330268534948118e-05
447  1.1327696483931504e-05
472  1.1321314559609164e-05
460  1.1319350051053334e-05
462  1.1314687071717344e-05
445  1.131298176915152e-05
437  1.1312539754726458e-05
450  1.130719010689063e-05
463  1.1306424312351737e-05
443  1.1298599019937683e-05
461  1.1297456694592256e-05
442  1.1290951078990474e-05
454  1.1286871085758321e-05
451  1.1286386325082276e-05
441  1.1286149856459815e-05
440  1.128190979216015e-05
455  1.1276048098807223e-05
457  1.1267362424405292e-05
387  9.468652933719568e-06
347  6.2450385485135484e-06
345  6.235587989067426e-06
381  6.210419542185264e-06
349  6.20871969658765e-06
383  6.2041558521741536e-06
346  6.192522505443776e-06
348  6.192033197294222e-06
386  6.18736385149532e-06
350  6.1873338381701615e-06
378  6.184910034789937e-06
362  6.181111984915333e-06
384  6.178359853947768e-06
366  6.1756263676215895e-06
382  6.17483146925224e-06
380  6.173030214995379e-06
361  6.17224077359424e-06
379  6.1704754443780985e-06
353  6.169475000206148e-06
363  6.167051196825923e-06
360  6.166951607156079e-06
370  6.166246294014854e-06
373  6.165746071928879e-06
358  6.165251761558466e-06
352  6.160990324133309e-06
374  6.1603500398632605e-06
372  6.1598334468726534e-06
385  6.159604254207807e-06
376  6.1570376601594035e-06
359  6.154596121632494e-06
351  6.154496077215299e-06
356  6.148171905806521e-06
367  6.14099963058834e-06
377  6.140443019830855e-06
368  6.139120159787126e-06
365  6.138856861070963e-06
355  6.137293894425966e-06
354  6.135778221505461e-06
364  6.128123459347989e-06
375  6.126971584308194e-06
357  6.12159874435747e-06
369  6.1185105550976004e-06
371  6.117979864939116e-06
