629  0.44081711769104004
630  0.44081711769104004
631  0.44081711769104004
632  0.44081711769104004
633  0.44081711769104004
634  0.44081711769104004
635  0.44081711769104004
636  0.44081711769104004
637  0.44081711769104004
638  0.44081711769104004
639  0.44081711769104004
640  0.44081711769104004
641  0.44081711769104004
642  0.44081711769104004
643  0.44081711769104004
644  0.44081711769104004
645  0.44081711769104004
646  0.44081711769104004
647  0.44081711769104004
648  0.44081711769104004
649  0.44081711769104004
650  0.44081711769104004
651  0.44081711769104004
652  0.44081711769104004
653  0.44081711769104004
654  0.44081711769104004
655  0.44081711769104004
656  0.44081711769104004
657  0.44081711769104004
658  0.44081711769104004
659  0.44081711769104004
660  0.44081711769104004
661  0.44081711769104004
662  0.44081711769104004
663  0.44081711769104004
664  0.44081711769104004
665  0.44081711769104004
666  0.44081711769104004
667  0.44081711769104004
668  0.44081711769104004
669  0.44081711769104004
670  0.44081711769104004
671  0.44081711769104004
672  0.44081711769104004
673  0.44081711769104004
674  0.44081711769104004
675  0.44081711769104004
676  0.44081711769104004
1122  0.08451972156763077
1158  0.08449061959981918
1145  0.08448810875415802
1150  0.08448323607444763
1131  0.08445768058300018
1127  0.08444227278232574
1152  0.0844387337565422
1113  0.08443710952997208
1135  0.08442546427249908
1154  0.08441566675901413
1119  0.08440688997507095
1116  0.08439797163009644
1134  0.08439569175243378
1144  0.08439403027296066
1126  0.08438312262296677
1112  0.08437343686819077
1128  0.08436669409275055
1146  0.08436404168605804
1149  0.08436344563961029
1139  0.08435932546854019
1137  0.08435630798339844
1121  0.0843554213643074
1147  0.08434927463531494
1115  0.08433395624160767
1155  0.08432739973068237
1120  0.08432614803314209
1124  0.084319107234478
1117  0.08431447297334671
1123  0.08431403338909149
1153  0.08431204408407211
1148  0.08431079238653183
1156  0.08430950343608856
1118  0.08430490642786026
1141  0.08430100232362747
1130  0.0842907726764679
1157  0.08428370207548141
1125  0.0842810869216919
1133  0.08426214009523392
1143  0.08426088839769363
1142  0.08425801992416382
1129  0.08425687998533249
1114  0.0842520222067833
1159  0.08425179868936539
1132  0.08424555510282516
1140  0.08423546701669693
1136  0.0842142105102539
1151  0.08420965075492859
1138  0.08420733362436295
128  0.021482160314917564
104  0.021466027945280075
117  0.02144663594663143
133  0.02144276350736618
109  0.02143723890185356
110  0.021435150876641273
99  0.02143251895904541
105  0.021429479122161865
131  0.021425751969218254
119  0.021424420177936554
115  0.021420622244477272
143  0.021420491859316826
125  0.021418312564492226
127  0.021417375653982162
138  0.021415846422314644
100  0.02141493558883667
144  0.02141343615949154
126  0.021412257105112076
132  0.021410349756479263
130  0.021410021930933
107  0.0214094091206789
113  0.021408911794424057
134  0.02140876092016697
129  0.021408550441265106
136  0.02140762284398079
106  0.02140689082443714
101  0.021406684070825577
121  0.021405424922704697
118  0.02140454575419426
102  0.021404515951871872
112  0.02140376716852188
142  0.021402688696980476
98  0.02140207774937153
116  0.021399570629000664
124  0.02139955200254917
137  0.021399540826678276
103  0.021398093551397324
114  0.02139691635966301
120  0.02139553800225258
139  0.02139262482523918
123  0.02138504944741726
108  0.02138460986316204
135  0.021384060382843018
140  0.021375976502895355
122  0.021374521777033806
141  0.021374253556132317
111  0.021355031058192253
488  0.01994330808520317
486  0.019929351285099983
487  0.019925357773900032
490  0.019920440390706062
484  0.019905652850866318
507  0.01990106701850891
524  0.01989477127790451
494  0.01989457570016384
503  0.01989075541496277
522  0.019884807989001274
485  0.019881758838891983
517  0.01988004893064499
502  0.019873667508363724
515  0.01987149380147457
498  0.019870435819029808
514  0.019868968054652214
499  0.01986869052052498
521  0.019866740331053734
509  0.01986401155591011
528  0.01986401155591011
516  0.01986328698694706
495  0.019863175228238106
520  0.019863110035657883
497  0.01986256241798401
504  0.019861290231347084
500  0.019860556349158287
531  0.019859610125422478
496  0.019858887419104576
491  0.019858190789818764
529  0.01985693722963333
519  0.019856685772538185
506  0.019856465980410576
501  0.01985589787364006
511  0.0198543481528759
510  0.019854282960295677
525  0.019853679463267326
526  0.019852150231599808
523  0.01985200121998787
508  0.01985132321715355
489  0.019846631214022636
530  0.019845256581902504
493  0.019843650981783867
518  0.01984286494553089
512  0.019839245826005936
505  0.019838865846395493
527  0.0198364295065403
492  0.01983043923974037
513  0.01982247084379196
145  0.01645209640264511
97  0.0119324317201972
949  0.011104462668299675
921  0.011099238879978657
922  0.011096125468611717
966  0.011095068417489529
925  0.011093895882368088
938  0.011091087944805622
942  0.01109005231410265
920  0.011075413785874844
924  0.011073408648371696
948  0.011070698499679565
957  0.011069128289818764
919  0.011067676357924938
926  0.01106732152402401
936  0.011066831648349762
964  0.011066345497965813
954  0.011065020225942135
959  0.011064003221690655
930  0.011063304729759693
937  0.011063141748309135
929  0.011062771081924438
956  0.011062625795602798
939  0.011062427423894405
955  0.011061917059123516
941  0.011060752905905247
958  0.011060700751841068
950  0.011060262098908424
951  0.011057070456445217
927  0.011056710965931416
923  0.011056587100028992
940  0.011056549847126007
944  0.01105602364987135
935  0.011055570095777512
962  0.011052129790186882
947  0.011050299741327763
931  0.011050154455006123
945  0.011049241758883
943  0.011048492044210434
953  0.011048225685954094
928  0.011047507636249065
952  0.011043386533856392
963  0.011042788624763489
965  0.011042293161153793
934  0.01104026846587658
946  0.011037285439670086
933  0.011035395786166191
961  0.011026120744645596
960  0.011020599864423275
932  0.011017285287380219
52  0.007982377894222736
79  0.007970670238137245
91  0.007969094440340996
92  0.007968400605022907
59  0.007968306541442871
88  0.007967605255544186
77  0.007966761477291584
56  0.00796239823102951
66  0.007962378673255444
51  0.007957156747579575
55  0.00795238558202982
83  0.007951892912387848
75  0.007951050065457821
67  0.007950943894684315
57  0.007950805127620697
53  0.00795045867562294
85  0.00795020442456007
93  0.007949989289045334
80  0.007948721759021282
65  0.007948710583150387
94  0.00794755294919014
69  0.007946477271616459
61  0.007946139201521873
70  0.007945854216814041
84  0.007945345714688301
50  0.007944497279822826
90  0.007943790405988693
54  0.00793936476111412
73  0.007937498390674591
63  0.007934716530144215
68  0.007932479493319988
74  0.007932224310934544
81  0.007931793108582497
71  0.007931016385555267
78  0.007928837090730667
60  0.00792673695832491
64  0.007926076650619507
86  0.007925904355943203
62  0.007925660349428654
87  0.007924022153019905
58  0.00792293157428503
82  0.00792115181684494
96  0.007920428179204464
95  0.007918670773506165
89  0.007916479371488094
76  0.00791579857468605
72  0.007913200184702873
442  0.007084759417921305
466  0.007080946583300829
439  0.007079525385051966
483  0.0070771994069218636
438  0.0070732468739151955
455  0.0070724026300013065
437  0.0070636379532516
459  0.007059598807245493
474  0.007054620422422886
447  0.007048280909657478
443  0.007046471815556288
453  0.007045320235192776
480  0.007043773308396339
471  0.0070391627959907055
467  0.007038142532110214
444  0.007036902941763401
441  0.007036313414573669
446  0.007036093156784773
465  0.007035303860902786
458  0.007034501060843468
473  0.007032649125903845
440  0.007032332941889763
475  0.007031943183392286
448  0.007030910812318325
476  0.0070301229134202
452  0.007029196713119745
460  0.007026445120573044
456  0.007026065606623888
461  0.007024266757071018
482  0.00702411774545908
472  0.007023893762379885
481  0.007023824844509363
468  0.0070223938673734665
462  0.007021244149655104
463  0.007020349148660898
436  0.0070198047906160355
470  0.007017817348241806
445  0.007017338648438454
457  0.007016133051365614
469  0.007015764247626066
454  0.007014973554760218
451  0.007013761904090643
464  0.007013748399913311
479  0.00701095862314105
450  0.006998580880463123
478  0.0069915521889925
449  0.0069901649840176105
477  0.006989946588873863
196  0.006133634131401777
204  0.006125271320343018
224  0.006121573969721794
222  0.006120588164776564
226  0.0061179837211966515
195  0.0061172014102339745
212  0.0061163404025137424
232  0.006115972064435482
225  0.006115592084825039
230  0.006114841904491186
238  0.006114087998867035
210  0.006113853771239519
197  0.006113801617175341
198  0.00611343327909708
229  0.006113114766776562
233  0.006112433969974518
201  0.006111982278525829
200  0.006111370865255594
228  0.006111356429755688
213  0.006111231632530689
208  0.006111162714660168
236  0.006111081223934889
214  0.006111075170338154
235  0.006110832095146179
219  0.006110765505582094
239  0.006110724993050098
215  0.006109627429395914
205  0.0061095585115253925
220  0.006109172943979502
216  0.006107974331825972
202  0.006107782945036888
206  0.006107192952185869
231  0.0061067878268659115
241  0.006106081418693066
217  0.006105942651629448
240  0.006105242762714624
227  0.006104909814894199
203  0.006103714928030968
199  0.006103170569986105
218  0.006101719103753567
237  0.006101542618125677
223  0.006101530976593494
221  0.006100825499743223
207  0.00609914306551218
211  0.006099068094044924
209  0.006098917685449123
234  0.006096530705690384
49  0.005953334737569094
1160  0.005024319514632225
194  0.004773400723934174
1307  0.0047623454593122005
1309  0.0047604176215827465
1343  0.004757946822792292
1308  0.0047567253932356834
1331  0.00475536473095417
1311  0.004751349333673716
1337  0.0047500780783593655
1323  0.004749142564833164
1338  0.004748373758047819
1315  0.004747362341731787
1324  0.00474726315587759
1341  0.004747220315039158
1306  0.004747213330119848
1330  0.004746582824736834
1349  0.004746381659060717
1333  0.004746208433061838
1336  0.004746024031192064
1340  0.004745445214211941
1316  0.004743650089949369
1335  0.004742851480841637
1342  0.0047421581111848354
1350  0.004741724114865065
1317  0.00474170595407486
1319  0.004740792326629162
1332  0.004740614909678698
1328  0.004740547388792038
1322  0.004740381147712469
1321  0.004740358330309391
1345  0.004740301985293627
1327  0.004739460535347462
1344  0.0047387792728841305
1312  0.004738693591207266
1310  0.0047386218793690205
1320  0.004738374147564173
1351  0.004738266579806805
1325  0.004738057032227516
1346  0.004737548995763063
1352  0.004737481474876404
1334  0.004736512899398804
1314  0.004736014176160097
1318  0.004735568538308144
1339  0.0047343396581709385
1348  0.004734137561172247
1313  0.004733396228402853
1347  0.004733277019113302
1329  0.004733034409582615
1326  0.004730409476906061
3  0.0030792506877332926
4  0.0030772534664720297
5  0.0030730345752090216
18  0.003072390565648675
24  0.0030701158102601767
34  0.003069979837164283
7  0.003069648751989007
1  0.003069239901378751
25  0.003067918587476015
2  0.0030667155515402555
42  0.003066444769501686
48  0.003065800294280052
17  0.003065151860937476
21  0.00306497560814023
14  0.0030649302061647177
39  0.0030648706015199423
12  0.0030643518548458815
15  0.0030643490608781576
6  0.003063515992835164
26  0.003063216106966138
31  0.0030631227418780327
23  0.0030630032997578382
46  0.00306272367015481
40  0.0030622330959886312
45  0.00306144286878407
13  0.003061231691390276
8  0.0030604912899434566
20  0.003060318063944578
9  0.0030586717184633017
11  0.0030584607739001513
38  0.0030575667042285204
30  0.0030575478449463844
32  0.003057227935642004
27  0.0030570393428206444
19  0.003056837245821953
16  0.0030567413195967674
36  0.00305622979067266
22  0.003056055400520563
28  0.003055333625525236
44  0.0030552768148481846
41  0.0030544796027243137
29  0.003053662134334445
33  0.003052718937397003
47  0.0030526025220751762
37  0.0030523850582540035
10  0.0030523804016411304
35  0.003051431616768241
43  0.003048604354262352
1211  0.002511432394385338
1214  0.0025077045429497957
1212  0.0024983517359942198
1210  0.002496072556823492
1224  0.0024951512459665537
1233  0.002490815008059144
1216  0.0024901432916522026
1251  0.0024882617872208357
1213  0.0024875150993466377
1225  0.0024860247503966093
1253  0.002485847333446145
1254  0.0024853080976754427
1217  0.00248509063385427
1234  0.0024850128684192896
1250  0.002484971424564719
1215  0.002484662923961878
1239  0.002484353492036462
1226  0.002483978634700179
1236  0.0024838843382894993
1243  0.0024835795629769564
1246  0.0024835250806063414
1247  0.0024826782755553722
1238  0.002482014475390315
1220  0.0024819059763103724
1255  0.0024816570803523064
1241  0.002481576520949602
1231  0.0024813758209347725
1229  0.0024807127192616463
1209  0.0024804212152957916
1248  0.0024802880361676216
1249  0.002479939954355359
1218  0.0024796086363494396
1228  0.002479240531101823
1222  0.0024788621813058853
1230  0.0024781017564237118
1245  0.002477821195498109
1237  0.002476808847859502
1242  0.0024760232772678137
1232  0.0024748467840254307
1252  0.0024740055669099092
1235  0.002472103340551257
1227  0.0024718893691897392
1221  0.002470270963385701
1244  0.0024702120572328568
1219  0.0024677093606442213
1240  0.0024673561565577984
1223  0.002456765854731202
1208  0.0024051254149526358
1162  0.0023162837605923414
1164  0.0023128518369048834
1170  0.0023116220254451036
1198  0.002308283234015107
1174  0.0023075961507856846
1163  0.002306882757693529
1171  0.002306352835148573
1190  0.002305353293195367
1181  0.002304414752870798
1188  0.0023041022941470146
1178  0.0023040331434458494
1167  0.0023036079946905375
1185  0.0023035816848278046
1191  0.0023035311605781317
1193  0.0023031861055642366
1195  0.0023030105512589216
1179  0.002302957931533456
1192  0.002302381908521056
1197  0.0023020764347165823
1204  0.0023019942454993725
1194  0.0023019351065158844
1183  0.0023018023930490017
1166  0.0023014084435999393
1161  0.002301323926076293
1172  0.002301248488947749
1199  0.00230122241191566
1182  0.002300936495885253
1176  0.0023007646668702364
1196  0.0023003804963082075
1186  0.0023000084329396486
1200  0.002299406798556447
1175  0.0022993991151452065
1173  0.0022987581323832273
1201  0.002298695733770728
1169  0.0022979327477514744
1180  0.0022976757027208805
1177  0.0022974919993430376
1206  0.0022973313461989164
1202  0.0022973159793764353
1165  0.002297115046530962
1187  0.002296852646395564
1203  0.002296838443726301
1168  0.002295965561643243
1184  0.0022958924528211355
1189  0.002295520156621933
1207  0.002295096404850483
1205  0.002294963225722313
148  0.0018716038903221488
152  0.001870516687631607
149  0.001867404324002564
169  0.0018665111856535077
163  0.0018651009304448962
147  0.001864871010184288
185  0.0018642153590917587
193  0.0018639554036781192
176  0.001862986828200519
170  0.0018629336263984442
162  0.0018628821708261967
150  0.0018626800738275051
190  0.0018626259407028556
146  0.0018624506192281842
157  0.0018614977598190308
168  0.0018614932196214795
159  0.0018611177802085876
165  0.0018598382594063878
179  0.0018598036840558052
158  0.0018594664288684726
166  0.001859437208622694
177  0.001859024167060852
151  0.0018588992534205317
187  0.0018588461680337787
171  0.0018581598997116089
154  0.001857797265984118
156  0.0018573791021481156
182  0.0018571679247543216
184  0.0018567516235634685
191  0.0018566797953099012
173  0.0018564934143796563
153  0.0018564907368272543
160  0.0018560915486887097
172  0.0018560101743787527
192  0.0018559226300567389
186  0.0018556189024820924
175  0.0018555111018940806
161  0.0018554829293861985
167  0.001855258597061038
183  0.0018539937445893884
181  0.0018537429859861732
164  0.0018530160887166858
180  0.0018530029337853193
188  0.0018529059598222375
155  0.0018519493751227856
174  0.0018515015253797174
189  0.0018507166532799602
178  0.001850358210504055
1353  0.0014896229840815067
1017  0.0014809691347181797
1045  0.0014775848248973489
1050  0.001475385157391429
1043  0.0014745191438123584
1025  0.0014740846818313003
1049  0.0014740144833922386
1059  0.0014734917785972357
1041  0.0014734104042872787
1053  0.0014734062133356929
1040  0.0014733016723766923
1033  0.001473192241974175
1019  0.0014731439296156168
1056  0.001473093987442553
1016  0.0014729341492056847
1031  0.0014728358946740627
1021  0.0014725610380992293
1037  0.001472100499086082
1046  0.0014720261096954346
1051  0.0014720185426995158
1062  0.0014717633603140712
1022  0.0014717080630362034
1054  0.00147161481436342
1018  0.001471511204726994
1032  0.0014707890804857016
1034  0.0014707727823406458
1058  0.0014704052591696382
1035  0.0014700595056638122
1048  0.0014700572937726974
1060  0.0014700532192364335
1047  0.001469940529204905
1023  0.001469788490794599
1061  0.0014697647420689464
1036  0.0014697571750730276
1026  0.0014694281853735447
1027  0.0014688350493088365
1029  0.0014687853399664164
1052  0.0014686539070680737
1020  0.0014682048931717873
1055  0.0014681133907288313
1024  0.0014677809085696936
1028  0.0014667622745037079
1057  0.0014667343348264694
1038  0.0014660052256658673
1039  0.001465731067582965
1042  0.0014656326966360211
1044  0.001465597073547542
1030  0.0014639092842116952
1305  0.0010200381511822343
918  0.0009557168814353645
1359  0.0006671914597973228
1356  0.0006670979200862348
1369  0.0006668662535957992
1395  0.0006665918044745922
1383  0.0006660199142061174
1361  0.0006659316713921726
1387  0.0006657334160991013
1381  0.0006655922043137252
1360  0.000665408035274595
1355  0.0006653600721620023
1388  0.0006651768926531076
1357  0.0006650276482105255
1392  0.000664928404148668
1358  0.0006647678092122078
1396  0.0006646423134952784
1363  0.0006645764806307852
1379  0.000664563209284097
1370  0.0006644874811172485
1371  0.000664233579300344
1365  0.0006642266525886953
1373  0.0006641769432462752
1367  0.0006640648934990168
1384  0.0006639854982495308
1398  0.0006638874183408916
1397  0.0006635527824983001
1375  0.0006634032470174134
1354  0.0006633902667090297
1378  0.0006633852026425302
1374  0.0006631886353716254
1394  0.0006630923016928136
1399  0.0006630360148847103
1372  0.0006629516719840467
1389  0.0006629131967201829
1400  0.0006628654664382339
1366  0.0006628218106925488
1362  0.0006627491675317287
1390  0.0006627485854551196
1386  0.0006627014954574406
1391  0.0006625454989261925
1377  0.000662545207887888
1393  0.000662525650113821
1382  0.000662182574160397
1364  0.0006620206986553967
1380  0.0006617009057663381
1376  0.0006616715691052377
1385  0.0006615666206926107
1368  0.0006607481045648456
1015  0.0006556313601322472
628  0.000524951028637588
293  0.00035204269806854427
297  0.0003519230813253671
294  0.0003518086741678417
321  0.00035151635529473424
308  0.00035123180714435875
338  0.000351041293470189
291  0.00035082854446955025
311  0.00035082100657746196
330  0.00035068942815996706
332  0.00035067787393927574
315  0.00035060118534602225
322  0.00035036326153203845
336  0.00035030697472393513
335  0.00035024856333620846
327  0.00035024352837353945
292  0.00035023936652578413
324  0.0003502081672195345
296  0.00035014923196285963
314  0.00035012801527045667
302  0.00035005860263481736
312  0.0003500362508930266
329  0.00035002673394046724
317  0.0003500167222227901
319  0.00035001474316231906
313  0.00034994279849343
316  0.000349922978784889
307  0.00034991413122043014
295  0.00034990813583135605
303  0.0003499076410662383
304  0.00034983427030965686
305  0.00034981241333298385
331  0.0003497839206829667
298  0.0003497178840916604
299  0.0003495985292829573
310  0.00034957603202201426
320  0.00034946040250360966
326  0.0003493761469144374
309  0.00034934599534608424
328  0.00034931369009427726
325  0.00034925274667330086
301  0.0003492171526886523
323  0.00034917250741273165
337  0.0003490676754154265
300  0.00034905702341347933
334  0.0003490334202069789
318  0.0003490031522233039
306  0.00034866709029302
333  0.00034838964347727597
1063  0.0003185350797139108
873  0.00031388536444865167
912  0.0003138587053399533
876  0.0003136573941446841
886  0.0003135443839710206
898  0.000313431432005018
905  0.0003133731661364436
904  0.00031329039484262466
900  0.0003132590209133923
878  0.0003131864941678941
896  0.0003129485994577408
882  0.0003128907410427928
913  0.00031286387820728123
875  0.0003127938252873719
909  0.0003126476949546486
884  0.0003126092778984457
901  0.0003126039227936417
874  0.00031258660601451993
877  0.0003125851508229971
872  0.00031254193163476884
887  0.00031252464395947754
880  0.00031247458537109196
915  0.0003124212671536952
890  0.00031234146445058286
888  0.00031220243545249104
889  0.00031219259835779667
916  0.00031210569432005286
911  0.00031209317967295647
910  0.00031202685204334557
879  0.00031201407546177506
914  0.00031198549550026655
871  0.00031195220071822405
892  0.00031194090843200684
891  0.0003119061002507806
908  0.00031180205405689776
895  0.00031177233904600143
883  0.00031176814809441566
917  0.0003117678570561111
907  0.00031176756601780653
899  0.0003116763546131551
906  0.00031163383391685784
897  0.00031156104523688555
902  0.00031149215647019446
903  0.0003114716673735529
894  0.0003114193968940526
881  0.0003113965503871441
885  0.0003111232363153249
893  0.00031097285682335496
584  0.00021377908706199378
583  0.00021347170695662498
611  0.00021323167311493307
600  0.00021303698304109275
604  0.00021290601580403745
588  0.00021286845731083304
586  0.00021286764240358025
582  0.0002128601336153224
587  0.00021272765297908336
589  0.00021256219770293683
610  0.00021254539024084806
619  0.00021238574117887765
620  0.00021233331062830985
592  0.00021222744544502348
597  0.0002122272562701255
591  0.00021221998031251132
585  0.00021221651695668697
613  0.00021218475012574345
616  0.0002121829311363399
599  0.000212179496884346
618  0.00021215663582552224
603  0.00021202075004111975
601  0.00021202054631430656
626  0.0002119845594279468
581  0.00021197690512053668
606  0.00021196636953391135
598  0.00021195487352088094
617  0.00021190312691032887
627  0.000211865539313294
615  0.00021185423247516155
621  0.00021176194422878325
596  0.00021175993606448174
602  0.00021175308211240917
605  0.00021171792468521744
624  0.0002116273099090904
612  0.00021160469623282552
608  0.0002114562812494114
625  0.0002114278613589704
593  0.0002114125236403197
607  0.00021137020667083561
614  0.00021125153580214828
590  0.0002112426736857742
609  0.00021122253383509815
623  0.00021106911299284548
622  0.00021084322361275554
594  0.00021069713693577796
595  0.0002105728053720668
1401  0.000205013740924187
1256  0.00017937961092684418
242  0.000150746971485205
532  0.00013664711150340736
971  0.00010846361692529172
969  0.00010833254782482982
970  0.00010804853081936017
967  0.00010802184260683134
990  0.00010797210416058078
973  0.00010794853005791083
986  0.00010793525143526495
1005  0.00010784020560095087
1000  0.00010781654418678954
977  0.00010778560681501403
968  0.00010777944407891482
981  0.00010764622129499912
982  0.00010762076999526471
979  0.0001075892650987953
1007  0.00010754557297332212
992  0.0001074824103852734
978  0.00010746969928732142
980  0.00010746139741968364
994  0.00010745341569418088
1003  0.00010744747123681009
985  0.00010744726023403928
1002  0.00010743671737145633
974  0.00010740516881924123
989  0.00010739481513155624
1004  0.00010737024422269315
976  0.00010733799717854708
998  0.00010732970986282453
984  0.00010729338100645691
1011  0.00010726360778789967
999  0.00010726351320045069
1014  0.00010724724415922537
983  0.00010721319995354861
997  0.00010717986879171804
993  0.00010716546967159957
991  0.00010712776565924287
1009  0.00010712612856877968
1013  0.00010710845526773483
1008  0.00010710793867474422
972  0.00010709476919146255
1012  0.00010709294292610139
1006  0.00010708363697631285
1001  0.00010705618478823453
1010  0.0001069642385118641
996  0.00010691722854971886
987  0.00010691548959584907
988  0.00010690386989153922
995  0.00010687114991014823
975  0.00010683884465834126
435  8.860632806317881e-05
1111  7.913630543043837e-05
870  7.893785368651152e-05
776  6.271593883866444e-05
780  6.267743447097018e-05
804  6.267546268645674e-05
818  6.257173663470894e-05
793  6.254029722185805e-05
805  6.253069295780733e-05
791  6.252914317883551e-05
775  6.25213942839764e-05
821  6.250172009458765e-05
777  6.249617581488565e-05
797  6.247169221751392e-05
779  6.24513195361942e-05
813  6.242749805096537e-05
785  6.241595110623166e-05
796  6.239500362426043e-05
786  6.238928472157568e-05
810  6.238679634407163e-05
819  6.236269837245345e-05
801  6.23572341282852e-05
809  6.235199543880299e-05
774  6.234837201191112e-05
800  6.234509783098474e-05
798  6.234236934687942e-05
799  6.234088505152613e-05
795  6.232928717508912e-05
811  6.230575672816485e-05
790  6.230551662156358e-05
814  6.229381688171998e-05
806  6.229363498277962e-05
802  6.227617268450558e-05
794  6.227374251466244e-05
789  6.226619734661654e-05
812  6.226097320904955e-05
820  6.22479128651321e-05
803  6.223373202374205e-05
784  6.223087984835729e-05
788  6.222316005732864e-05
787  6.22188308625482e-05
783  6.221871444722638e-05
778  6.22184161329642e-05
808  6.220151408342645e-05
782  6.216586916707456e-05
816  6.216415204107761e-05
807  6.214293534867465e-05
781  6.213635788299143e-05
815  6.212302832864225e-05
792  6.207079422893003e-05
817  6.20100909145549e-05
580  4.27655759267509e-05
1069  3.321232725284062e-05
1066  3.320206451462582e-05
1067  3.3138170692836866e-05
1065  3.308335362817161e-05
1101  3.3043466828530654e-05
1103  3.3015872759278864e-05
1079  3.3014206564985216e-05
1088  3.3014206564985216e-05
1083  3.3009517210302874e-05
1071  3.299717718618922e-05
1089  3.298625961178914e-05
1094  3.2976979127852246e-05
1109  3.297591320006177e-05
1064  3.295937494840473e-05
1075  3.295802162028849e-05
1102  3.2957079383777454e-05
1068  3.294711495982483e-05
1080  3.294595444458537e-05
1087  3.2945044949883595e-05
1072  3.2941305107669905e-05
1085  3.2931537134572864e-05
1086  3.2931224268395454e-05
1096  3.293009285698645e-05
1093  3.292805195087567e-05
1081  3.291925895609893e-05
1110  3.2916497730184346e-05
1074  3.291448956588283e-05
1098  3.290532549726777e-05
1077  3.28969799738843e-05
1082  3.2896321499720216e-05
1070  3.2895946787903085e-05
1105  3.2888103305594996e-05
1108  3.2879448554012924e-05
1100  3.287806976004504e-05
1084  3.287377330707386e-05
1091  3.2871266739675775e-05
1104  3.285318234702572e-05
1107  3.2852429285412654e-05
1099  3.284594640717842e-05
1092  3.2844222005223855e-05
1106  3.284184276708402e-05
1095  3.283473415649496e-05
1073  3.2815765734994784e-05
1097  3.2812036806717515e-05
1090  3.279664815636352e-05
1076  3.276751158409752e-05
1078  3.27207671944052e-05
773  2.1449304767884314e-05
728  1.6014304492273368e-05
742  1.6012974811019376e-05
731  1.6005829820642248e-05
729  1.6003083146642894e-05
755  1.5996034562704153e-05
768  1.599549977981951e-05
765  1.5992645785445347e-05
744  1.598827111592982e-05
741  1.598436756466981e-05
770  1.5981775504769757e-05
726  1.598108974576462e-05
753  1.5980282114469446e-05
743  1.5979352610884234e-05
772  1.59785140567692e-05
737  1.5978104784153402e-05
751  1.5977188013494015e-05
760  1.5972405890352093e-05
767  1.5969846572261304e-05
733  1.5967912986525334e-05
758  1.5965675629558973e-05
757  1.5965126294759102e-05
735  1.5964988051564433e-05
763  1.5960848031681962e-05
764  1.596016409166623e-05
756  1.596001129655633e-05
750  1.5953133697621524e-05
739  1.5952053217915818e-05
771  1.5950472516124137e-05
727  1.5949466614983976e-05
766  1.5949055523378775e-05
762  1.5948538930388168e-05
734  1.5947885913192295e-05
745  1.594636523805093e-05
759  1.5941695892252028e-05
752  1.5940313460305333e-05
746  1.5938991055008955e-05
747  1.593842898728326e-05
736  1.5937745047267526e-05
754  1.5937714124447666e-05
761  1.593626984686125e-05
732  1.5932835594867356e-05
730  1.593195520399604e-05
749  1.5926289052003995e-05
769  1.59232658916153e-05
748  1.5921488738968037e-05
740  1.5918742064968683e-05
738  1.591467298567295e-05
1449  1.5169976904871874e-05
1432  1.516903648735024e-05
1405  1.513435836386634e-05
1421  1.5131529835343827e-05
1425  1.5126436665013898e-05
1404  1.5126262042031158e-05
1408  1.511792743258411e-05
1403  1.5100262316991575e-05
1409  1.5098937183211092e-05
1431  1.5086228813743219e-05
1437  1.5072251699166372e-05
1440  1.5070913832460064e-05
1413  1.506805438111769e-05
1412  1.506753596913768e-05
1410  1.5061057638376951e-05
1419  1.5059493307489902e-05
1442  1.5051280570332892e-05
1406  1.5050749425427057e-05
1438  1.5050347428768873e-05
1422  1.5049772628117353e-05
1420  1.5049628927954473e-05
1424  1.5049112334963866e-05
1427  1.5047706256154925e-05
1441  1.5045970940263942e-05
1439  1.5044119209051132e-05
1402  1.504031661170302e-05
1447  1.5035227079351898e-05
1407  1.5034810530778486e-05
1445  1.5033720956125762e-05
1414  1.50318419400719e-05
1433  1.5030897884571459e-05
1418  1.5020378668850753e-05
1434  1.5018459635030013e-05
1435  1.501669885328738e-05
1426  1.5014463315310422e-05
1448  1.5013520169304684e-05
1428  1.501174301665742e-05
1436  1.5004716260591522e-05
1446  1.4999736777099315e-05
1430  1.4994502635090612e-05
1423  1.4993873264756985e-05
1417  1.4991771422501188e-05
1411  1.4986897440394387e-05
1416  1.4984624613134656e-05
1429  1.495923879701877e-05
1444  1.4943083442631178e-05
1415  1.4909232959325891e-05
1443  1.490613431087695e-05
534  1.4361424291564617e-05
562  1.4348542208608706e-05
542  1.4335534615383949e-05
571  1.4318509784061462e-05
568  1.4307454875961412e-05
566  1.4301684132078663e-05
560  1.4297919733508024e-05
533  1.4293489584815688e-05
535  1.4292385458247736e-05
573  1.4291322258941364e-05
546  1.428820178261958e-05
576  1.4287725207395852e-05
548  1.4282289157563355e-05
543  1.4279484275903087e-05
536  1.4278913113230374e-05
570  1.4275414287112653e-05
558  1.4270391147874761e-05
578  1.4269953680923209e-05
539  1.4269926396082155e-05
567  1.426855396857718e-05
563  1.4266771358961705e-05
552  1.4264621313486714e-05
538  1.4264117453421932e-05
550  1.4263246157497633e-05
554  1.4258649571274873e-05
575  1.4252832443162333e-05
549  1.4251581887947395e-05
564  1.4247288163460325e-05
574  1.4246646969695576e-05
553  1.424604943167651e-05
544  1.4245139936974738e-05
569  1.4241241842682939e-05
572  1.4238498806662392e-05
557  1.4238023140933365e-05
551  1.4235172784538008e-05
540  1.4233379260986112e-05
565  1.4223609468899667e-05
561  1.4223096513887867e-05
541  1.421606975782197e-05
537  1.4215365808922797e-05
556  1.4214700968295801e-05
555  1.4203806131263264e-05
577  1.4202288184606005e-05
547  1.4198877579474356e-05
545  1.4194516552379355e-05
579  1.4189226021699142e-05
559  1.4160068531055003e-05
822  1.3097346709400881e-05
390  1.2181111742393114e-05
391  1.216142663906794e-05
393  1.2158445315435529e-05
403  1.2152370800322387e-05
404  1.2148674613854382e-05
389  1.2143206731707323e-05
418  1.2141736988269258e-05
397  1.214079929923173e-05
422  1.2140069884480909e-05
392  1.2139872524130624e-05
399  1.2138645615777932e-05
395  1.213741870742524e-05
432  1.2137360499764327e-05
427  1.2136400073359255e-05
401  1.2136063560319599e-05
417  1.213605355587788e-05
433  1.213375071529299e-05
421  1.2133645213907585e-05
429  1.2133368727518246e-05
407  1.2132870324421674e-05
388  1.2132570191170089e-05
415  1.2132234587625135e-05
412  1.213177074532723e-05
413  1.2131193216191605e-05
405  1.2129261449445039e-05
426  1.2128880371164996e-05
416  1.212812821904663e-05
430  1.2126763067499269e-05
425  1.2126334695494734e-05
434  1.2122646694479045e-05
431  1.212184906762559e-05
396  1.2120658539060969e-05
409  1.2117398910049815e-05
424  1.211705239256844e-05
428  1.2116994184907526e-05
406  1.2116925063310191e-05
394  1.2115538993384689e-05
423  1.2113631782995071e-05
408  1.2110028364986647e-05
419  1.2109925592085347e-05
410  1.210823938890826e-05
411  1.2108112059650011e-05
414  1.210774189530639e-05
398  1.2107026122976094e-05
420  1.210534082929371e-05
400  1.2101600987080019e-05
402  1.2096534192096442e-05
339  1.1141300092276651e-05
824  1.0604284398141317e-05
826  1.0598612789181061e-05
828  1.0585391464701388e-05
841  1.0581525202724151e-05
845  1.0571206985332537e-05
825  1.0563105206529144e-05
855  1.056204655469628e-05
832  1.0560566806816496e-05
823  1.0555259905231651e-05
866  1.0552512321737595e-05
847  1.0550368642725516e-05
852  1.055002667271765e-05
838  1.0547270903771278e-05
836  1.054721087712096e-05
844  1.0546898920438252e-05
860  1.0545540135353804e-05
839  1.0541529263718985e-05
840  1.0540252333157696e-05
829  1.0539820323174354e-05
834  1.0538704373175278e-05
858  1.0538422429817729e-05
857  1.0536744412092958e-05
862  1.0535649380472023e-05
863  1.0534654393268283e-05
867  1.0532886335568037e-05
854  1.0531571206229273e-05
831  1.0530074177950155e-05
868  1.0529402061365545e-05
833  1.0528146049182396e-05
842  1.052669085765956e-05
869  1.0526620826567523e-05
837  1.0525296602281742e-05
849  1.0525296602281742e-05
859  1.0523769560677465e-05
846  1.0522364391363226e-05
856  1.05211711343145e-05
853  1.0519394891161937e-05
835  1.051822164299665e-05
861  1.051819072017679e-05
827  1.0518020644667558e-05
850  1.0514179848541971e-05
830  1.0512285371078178e-05
864  1.0510530046303757e-05
848  1.0507994375075214e-05
843  1.0506993021408562e-05
851  1.0506882063054945e-05
865  1.0502304576220922e-05
290  9.74114936980186e-06
387  9.717286047816742e-06
341  6.983023013162892e-06
343  6.975508767936844e-06
345  6.9705015448562335e-06
342  6.966121418372495e-06
355  6.9654906837968156e-06
362  6.964587100810604e-06
340  6.9638367676816415e-06
372  6.961452982068295e-06
358  6.9596271714544855e-06
364  6.956488505238667e-06
377  6.955507160455454e-06
349  6.955480785109103e-06
359  6.955109711270779e-06
384  6.953272531973198e-06
383  6.952927378733875e-06
369  6.95280141371768e-06
379  6.951853265491081e-06
361  6.94978507453925e-06
373  6.9490492933255155e-06
346  6.9487246037169825e-06
351  6.946498615434393e-06
352  6.946187113499036e-06
356  6.946088433323894e-06
374  6.945955647097435e-06
353  6.945239420019789e-06
375  6.944743745407322e-06
370  6.944199412828311e-06
386  6.942471372894943e-06
348  6.940664661669871e-06
366  6.940651019249344e-06
378  6.940326784388162e-06
357  6.939731520105852e-06
347  6.939513241377426e-06
376  6.9361717578431126e-06
344  6.936111276445445e-06
380  6.935860255907755e-06
371  6.9356756284832954e-06
363  6.934855719009647e-06
385  6.934709745110013e-06
354  6.933182703505736e-06
360  6.932243650226155e-06
367  6.932183623575838e-06
381  6.93216406943975e-06
350  6.931536518095527e-06
382  6.929949904588284e-06
365  6.929183200554689e-06
368  6.9286938924051356e-06
677  5.849856734130299e-06
245  3.6514625207928475e-06
248  3.6494468531600432e-06
246  3.6420481137611205e-06
272  3.6402147998160217e-06
250  3.639763463070267e-06
259  3.639544956968166e-06
285  3.639117721832008e-06
284  3.6346020806377055e-06
281  3.6336941775516607e-06
273  3.6329734030005056e-06
254  3.6327378438727465e-06
258  3.6322567211755086e-06
268  3.631574145401828e-06
243  3.631397248682333e-06
282  3.6312831070972607e-06
266  3.6310891573521076e-06
277  3.6310614177637035e-06
270  3.6300334613770247e-06
244  3.629981392805348e-06
261  3.6299636576586636e-06
262  3.6294654819357675e-06
247  3.6293306493462296e-06
260  3.628240165198804e-06
280  3.6272472243581433e-06
251  3.625832732723211e-06
249  3.6256735711504007e-06
264  3.6255078157410026e-06
288  3.625355702752131e-06
283  3.624992586992448e-06
275  3.6247784009901807e-06
252  3.6245191950001754e-06
276  3.6241731322661508e-06
287  3.623814109232626e-06
279  3.6213334624335403e-06
286  3.6209949030308053e-06
267  3.6209846712154103e-06
265  3.6201147395331645e-06
289  3.6199696751282318e-06
274  3.61958655048511e-06
278  3.619579501901171e-06
263  3.6190583614370553e-06
253  3.6190101582178613e-06
269  3.6186511351843365e-06
271  3.618150685724686e-06
256  3.614405386542785e-06
257  3.6122726214671275e-06
255  3.6120552522334037e-06
725  1.972995050891768e-06
679  2.4588001679148874e-07
681  2.448282430123072e-07
715  2.446566895741853e-07
687  2.446438713832322e-07
707  2.444612334784324e-07
680  2.444248536903615e-07
695  2.4442090307275066e-07
709  2.444041342641867e-07
683  2.4429598965980404e-07
705  2.4428086931038706e-07
712  2.442328650431591e-07
721  2.441597359847947e-07
684  2.441497315430752e-07
678  2.441357480620354e-07
696  2.4407268028880935e-07
708  2.4407125920333783e-07
702  2.4406639909102523e-07
710  2.440591799768299e-07
703  2.4404940290878585e-07
688  2.439649335883587e-07
718  2.439374782170489e-07
693  2.439365403006377e-07
711  2.4393187914029113e-07
713  2.439030595269287e-07
691  2.438539752347424e-07
689  2.4375492557737743e-07
716  2.4371541940126917e-07
698  2.4370518758587423e-07
723  2.4367147943848977e-07
724  2.4366218553950603e-07
700  2.4365706963180855e-07
714  2.4360807060475054e-07
719  2.436008514905552e-07
697  2.4358388373002526e-07
699  2.435246528875723e-07
694  2.4340440063497226e-07
690  2.433748989005835e-07
722  2.4334613613063993e-07
682  2.4333428427780746e-07
717  2.433315273719927e-07
704  2.433094721254747e-07
686  2.4324100422745687e-07
701  2.432329040402692e-07
720  2.4315659175044857e-07
706  2.4312853952324076e-07
685  2.4310281787620625e-07
692  2.430833490052464e-07
1263  1.17334701954519e-08
1287  1.1733178872930239e-08
1259  1.1721302151102009e-08
1260  1.1708944924748721e-08
1274  1.1683868983425327e-08
1304  1.1679904154959786e-08
1293  1.1666011268118837e-08
1282  1.1663384924531783e-08
1280  1.1662740106999081e-08
1301  1.1662717902538589e-08
1288  1.1658203291631253e-08
1268  1.1655623133322024e-08
1276  1.1655044929170799e-08
1296  1.1655044929170799e-08
1262  1.1654934795046756e-08
1302  1.165335650199495e-08
1279  1.1652934617245592e-08
1285  1.1651333231554872e-08
1257  1.1643446207187935e-08
1281  1.1640160835213464e-08
1269  1.1636342556187174e-08
1277  1.16354330614854e-08
1283  1.163445695340215e-08
1258  1.1633435548219495e-08
1297  1.1633435548219495e-08
1292  1.1629264662360583e-08
1294  1.1622679707556927e-08
1278  1.1621769324676734e-08
1295  1.16203295874584e-08
1261  1.1613039418989501e-08
1298  1.1612796058102504e-08
1266  1.1605997940478119e-08
1286  1.1601173355302308e-08
1271  1.159734619449182e-08
1272  1.1596063664853773e-08
1270  1.1594957882721246e-08
1273  1.1593187743130784e-08
1289  1.1585385983892138e-08
1264  1.1584147863175076e-08
1291  1.1581541059513256e-08
1300  1.1579420089447012e-08
1284  1.1576681835379077e-08
1290  1.1575268743513334e-08
1275  1.1573193958724914e-08
1267  1.1571184899139553e-08
1265  1.1570567615137861e-08
1303  1.1564014634757314e-08
1299  1.1557554024932415e-08
