60  0.26848047971725464
61  0.26848047971725464
62  0.26848047971725464
63  0.26848047971725464
64  0.26848047971725464
65  0.26848047971725464
66  0.26848047971725464
67  0.26848047971725464
68  0.26848047971725464
69  0.26848047971725464
70  0.26848047971725464
71  0.26848047971725464
72  0.26848047971725464
73  0.26848047971725464
74  0.26848047971725464
75  0.26848047971725464
76  0.26848047971725464
77  0.26848047971725464
78  0.26848047971725464
79  0.26848047971725464
80  0.26848047971725464
81  0.26848047971725464
82  0.26848047971725464
83  0.26848047971725464
84  0.26848047971725464
85  0.26848047971725464
86  0.26848047971725464
87  0.26848047971725464
88  0.26848047971725464
89  0.26848047971725464
90  0.26848047971725464
91  0.26848047971725464
92  0.26848047971725464
93  0.26848047971725464
94  0.26848047971725464
95  0.26848047971725464
96  0.26848047971725464
97  0.26848047971725464
98  0.26848047971725464
99  0.26848047971725464
100  0.26848047971725464
101  0.26848047971725464
102  0.26848047971725464
103  0.26848047971725464
104  0.26848047971725464
105  0.26848047971725464
106  0.26848047971725464
107  0.26848047971725464
108  0.26848047971725464
109  0.26848047971725464
110  0.26848047971725464
111  0.26848047971725464
112  0.26848047971725464
113  0.26848047971725464
114  0.26848047971725464
115  0.26848047971725464
116  0.26848047971725464
117  0.26848047971725464
355  0.26848047971725464
356  0.26848047971725464
357  0.26848047971725464
358  0.26848047971725464
359  0.26848047971725464
360  0.26848047971725464
361  0.26848047971725464
362  0.26848047971725464
363  0.26848047971725464
364  0.26848047971725464
365  0.26848047971725464
366  0.26848047971725464
367  0.26848047971725464
368  0.26848047971725464
369  0.26848047971725464
370  0.26848047971725464
371  0.26848047971725464
372  0.26848047971725464
373  0.26848047971725464
374  0.26848047971725464
375  0.26848047971725464
376  0.26848047971725464
377  0.26848047971725464
378  0.26848047971725464
379  0.26848047971725464
380  0.26848047971725464
381  0.26848047971725464
382  0.26848047971725464
383  0.26848047971725464
384  0.26848047971725464
385  0.26848047971725464
386  0.26848047971725464
387  0.26848047971725464
388  0.26848047971725464
389  0.26848047971725464
390  0.26848047971725464
391  0.26848047971725464
392  0.26848047971725464
393  0.26848047971725464
394  0.26848047971725464
395  0.26848047971725464
396  0.26848047971725464
397  0.26848047971725464
398  0.26848047971725464
399  0.26848047971725464
400  0.26848047971725464
401  0.26848047971725464
402  0.26848047971725464
403  0.26848047971725464
404  0.26848047971725464
405  0.26848047971725464
406  0.26848047971725464
407  0.26848047971725464
408  0.26848047971725464
409  0.26848047971725464
410  0.26848047971725464
411  0.26848047971725464
412  0.26848047971725464
591  0.26848047971725464
592  0.26848047971725464
593  0.26848047971725464
594  0.26848047971725464
595  0.26848047971725464
596  0.26848047971725464
597  0.26848047971725464
598  0.26848047971725464
599  0.26848047971725464
600  0.26848047971725464
601  0.26848047971725464
602  0.26848047971725464
603  0.26848047971725464
604  0.26848047971725464
605  0.26848047971725464
606  0.26848047971725464
607  0.26848047971725464
608  0.26848047971725464
609  0.26848047971725464
610  0.26848047971725464
611  0.26848047971725464
612  0.26848047971725464
613  0.26848047971725464
614  0.26848047971725464
615  0.26848047971725464
616  0.26848047971725464
617  0.26848047971725464
618  0.26848047971725464
619  0.26848047971725464
620  0.26848047971725464
621  0.26848047971725464
622  0.26848047971725464
623  0.26848047971725464
624  0.26848047971725464
625  0.26848047971725464
626  0.26848047971725464
627  0.26848047971725464
628  0.26848047971725464
629  0.26848047971725464
630  0.26848047971725464
631  0.26848047971725464
632  0.26848047971725464
633  0.26848047971725464
634  0.26848047971725464
635  0.26848047971725464
636  0.26848047971725464
637  0.26848047971725464
638  0.26848047971725464
639  0.26848047971725464
640  0.26848047971725464
641  0.26848047971725464
642  0.26848047971725464
643  0.26848047971725464
644  0.26848047971725464
645  0.26848047971725464
646  0.26848047971725464
647  0.26848047971725464
648  0.26848047971725464
827  0.26848047971725464
828  0.26848047971725464
829  0.26848047971725464
830  0.26848047971725464
831  0.26848047971725464
832  0.26848047971725464
833  0.26848047971725464
834  0.26848047971725464
835  0.26848047971725464
836  0.26848047971725464
837  0.26848047971725464
838  0.26848047971725464
839  0.26848047971725464
840  0.26848047971725464
841  0.26848047971725464
842  0.26848047971725464
843  0.26848047971725464
844  0.26848047971725464
845  0.26848047971725464
846  0.26848047971725464
847  0.26848047971725464
848  0.26848047971725464
849  0.26848047971725464
850  0.26848047971725464
851  0.26848047971725464
852  0.26848047971725464
853  0.26848047971725464
854  0.26848047971725464
855  0.26848047971725464
856  0.26848047971725464
857  0.26848047971725464
858  0.26848047971725464
859  0.26848047971725464
860  0.26848047971725464
861  0.26848047971725464
862  0.26848047971725464
863  0.26848047971725464
864  0.26848047971725464
865  0.26848047971725464
866  0.26848047971725464
867  0.26848047971725464
868  0.26848047971725464
869  0.26848047971725464
870  0.26848047971725464
871  0.26848047971725464
872  0.26848047971725464
873  0.26848047971725464
874  0.26848047971725464
875  0.26848047971725464
876  0.26848047971725464
877  0.26848047971725464
878  0.26848047971725464
879  0.26848047971725464
880  0.26848047971725464
881  0.26848047971725464
882  0.26848047971725464
883  0.26848047971725464
884  0.26848047971725464
885  0.26848047971725464
886  0.26848047971725464
887  0.26848047971725464
888  0.26848047971725464
889  0.26848047971725464
890  0.26848047971725464
891  0.26848047971725464
892  0.26848047971725464
893  0.26848047971725464
894  0.26848047971725464
895  0.26848047971725464
896  0.26848047971725464
897  0.26848047971725464
898  0.26848047971725464
899  0.26848047971725464
900  0.26848047971725464
901  0.26848047971725464
902  0.26848047971725464
903  0.26848047971725464
904  0.26848047971725464
905  0.26848047971725464
906  0.26848047971725464
907  0.26848047971725464
908  0.26848047971725464
909  0.26848047971725464
910  0.26848047971725464
911  0.26848047971725464
912  0.26848047971725464
913  0.26848047971725464
914  0.26848047971725464
915  0.26848047971725464
916  0.26848047971725464
917  0.26848047971725464
918  0.26848047971725464
919  0.26848047971725464
920  0.26848047971725464
921  0.26848047971725464
922  0.26848047971725464
923  0.26848047971725464
924  0.26848047971725464
925  0.26848047971725464
926  0.26848047971725464
927  0.26848047971725464
928  0.26848047971725464
929  0.26848047971725464
930  0.26848047971725464
931  0.26848047971725464
932  0.26848047971725464
933  0.26848047971725464
934  0.26848047971725464
935  0.26848047971725464
936  0.26848047971725464
937  0.26848047971725464
938  0.26848047971725464
939  0.26848047971725464
940  0.26848047971725464
941  0.26848047971725464
942  0.26848047971725464
1180  0.26848047971725464
1181  0.26848047971725464
1182  0.26848047971725464
1183  0.26848047971725464
1184  0.26848047971725464
1185  0.26848047971725464
1186  0.26848047971725464
1187  0.26848047971725464
1188  0.26848047971725464
1189  0.26848047971725464
1190  0.26848047971725464
1191  0.26848047971725464
1192  0.26848047971725464
1193  0.26848047971725464
1194  0.26848047971725464
1195  0.26848047971725464
1196  0.26848047971725464
1197  0.26848047971725464
1198  0.26848047971725464
1199  0.26848047971725464
1200  0.26848047971725464
1201  0.26848047971725464
1202  0.26848047971725464
1203  0.26848047971725464
1204  0.26848047971725464
1205  0.26848047971725464
1206  0.26848047971725464
1207  0.26848047971725464
1208  0.26848047971725464
1209  0.26848047971725464
1210  0.26848047971725464
1211  0.26848047971725464
1212  0.26848047971725464
1213  0.26848047971725464
1214  0.26848047971725464
1215  0.26848047971725464
1216  0.26848047971725464
1217  0.26848047971725464
1218  0.26848047971725464
1219  0.26848047971725464
1220  0.26848047971725464
1221  0.26848047971725464
1222  0.26848047971725464
1223  0.26848047971725464
1224  0.26848047971725464
1225  0.26848047971725464
1226  0.26848047971725464
1227  0.26848047971725464
1228  0.26848047971725464
1229  0.26848047971725464
1230  0.26848047971725464
1231  0.26848047971725464
1232  0.26848047971725464
1233  0.26848047971725464
1234  0.26848047971725464
1235  0.26848047971725464
1236  0.26848047971725464
1237  0.26848047971725464
1593  0.26848047971725464
1594  0.26848047971725464
1595  0.26848047971725464
1596  0.26848047971725464
1597  0.26848047971725464
1598  0.26848047971725464
1599  0.26848047971725464
1600  0.26848047971725464
1601  0.26848047971725464
1602  0.26848047971725464
1603  0.26848047971725464
1604  0.26848047971725464
1605  0.26848047971725464
1606  0.26848047971725464
1607  0.26848047971725464
1608  0.26848047971725464
1609  0.26848047971725464
1610  0.26848047971725464
1611  0.26848047971725464
1612  0.26848047971725464
1613  0.26848047971725464
1614  0.26848047971725464
1615  0.26848047971725464
1616  0.26848047971725464
1617  0.26848047971725464
1618  0.26848047971725464
1619  0.26848047971725464
1620  0.26848047971725464
1621  0.26848047971725464
1622  0.26848047971725464
1623  0.26848047971725464
1624  0.26848047971725464
1625  0.26848047971725464
1626  0.26848047971725464
1627  0.26848047971725464
1628  0.26848047971725464
1629  0.26848047971725464
1630  0.26848047971725464
1631  0.26848047971725464
1632  0.26848047971725464
1633  0.26848047971725464
1634  0.26848047971725464
1635  0.26848047971725464
1636  0.26848047971725464
1637  0.26848047971725464
1638  0.26848047971725464
1639  0.26848047971725464
1640  0.26848047971725464
1641  0.26848047971725464
1642  0.26848047971725464
1643  0.26848047971725464
1644  0.26848047971725464
1645  0.26848047971725464
1646  0.26848047971725464
1647  0.26848047971725464
1648  0.26848047971725464
1649  0.26848047971725464
1650  0.26848047971725464
1690  0.26716548204421997
1387  0.2670938968658447
1651  0.2669445872306824
1383  0.26691022515296936
1691  0.2668732702732086
1682  0.26685041189193726
1388  0.26681962609291077
1385  0.2668091356754303
1393  0.2667634189128876
1395  0.26664334535598755
1389  0.266560822725296
1357  0.2664611339569092
1381  0.26640650629997253
1364  0.2661409378051758
1673  0.26609763503074646
1398  0.2660942077636719
1366  0.26604893803596497
1379  0.2659963071346283
1382  0.2659948170185089
1370  0.26594090461730957
1674  0.2659265100955963
1685  0.2659217417240143
1358  0.2659046947956085
1372  0.26589447259902954
1390  0.2658925950527191
1391  0.26587599515914917
1660  0.26586881279945374
1386  0.26586732268333435
1371  0.2658586800098419
1380  0.26581236720085144
1362  0.26579123735427856
1675  0.2657720446586609
1411  0.26577019691467285
1396  0.2657216191291809
1401  0.2657090425491333
1394  0.26569032669067383
1392  0.26568692922592163
1384  0.26568660140037537
1678  0.2656838595867157
1377  0.2656432092189789
1679  0.2656233310699463
1408  0.2656196653842926
1363  0.2656155526638031
1399  0.2656060755252838
1688  0.2655865252017975
1360  0.26555192470550537
1368  0.2655382454395294
1365  0.2655336856842041
1412  0.2655230760574341
1406  0.26548871397972107
1407  0.26542505621910095
1657  0.26538920402526855
1400  0.2653747498989105
1677  0.2653661072254181
1402  0.26535576581954956
1694  0.26530909538269043
1413  0.26529404520988464
1681  0.2652777135372162
1373  0.2652568519115448
1369  0.2652469277381897
1687  0.26524218916893005
1701  0.2652348279953003
1664  0.2652105987071991
1367  0.2651681900024414
1689  0.2651600241661072
1359  0.2651313245296478
1698  0.2651281952857971
1403  0.2651132047176361
1696  0.2651037275791168
1684  0.26509642601013184
1397  0.2650758624076843
1697  0.2650482952594757
1374  0.2650175988674164
1661  0.2650042772293091
1410  0.2649993598461151
1654  0.26497960090637207
1361  0.264975905418396
1692  0.26495006680488586
1658  0.26491472125053406
1709  0.2648973762989044
1686  0.26489585638046265
1676  0.2648724317550659
1659  0.2648618221282959
1405  0.26483017206192017
1375  0.26477351784706116
1376  0.2647387683391571
1652  0.2646664083003998
1378  0.26461708545684814
1683  0.26461637020111084
1670  0.26461511850357056
1414  0.26455023884773254
1706  0.2645222842693329
1680  0.26449790596961975
1409  0.2644951641559601
1655  0.26445290446281433
1653  0.2644200921058655
1669  0.2643524706363678
1668  0.2642243206501007
1693  0.2642027735710144
1404  0.26419830322265625
1672  0.2641315758228302
1667  0.26406610012054443
1666  0.26398196816444397
1695  0.26395076513290405
1699  0.2639319598674774
1663  0.2638886272907257
1705  0.26386767625808716
1662  0.2637892961502075
1671  0.2637255787849426
1700  0.2636874318122864
1707  0.2636815011501312
1665  0.2635207772254944
1704  0.26344388723373413
1702  0.2634293735027313
1703  0.26306846737861633
1708  0.26299554109573364
1656  0.2628343105316162
1415  0.25370854139328003
1446  0.2462092489004135
1452  0.2458021491765976
1454  0.24550510942935944
1442  0.2454938143491745
1447  0.245331808924675
1440  0.24519145488739014
1430  0.24480795860290527
1416  0.24425534904003143
1455  0.2441786229610443
1423  0.24417856335639954
1425  0.24412024021148682
1431  0.24410313367843628
1445  0.2440936416387558
1444  0.2439979612827301
1453  0.24395671486854553
1417  0.243937686085701
1448  0.2436705231666565
1458  0.24366827309131622
1438  0.24348880350589752
1451  0.24333353340625763
1450  0.24332009255886078
1439  0.24329954385757446
1421  0.24324457347393036
1441  0.24311593174934387
1443  0.24306274950504303
1424  0.2430083155632019
1470  0.24293430149555206
1449  0.24285154044628143
1459  0.24280573427677155
1461  0.2427796572446823
1436  0.24261023104190826
1465  0.24240557849407196
1460  0.24236507713794708
1419  0.2423333078622818
1428  0.24233241379261017
1427  0.2423267662525177
1457  0.24225829541683197
1464  0.24215422570705414
1467  0.24206380546092987
1471  0.2420378476381302
1456  0.24190914630889893
1429  0.24184994399547577
1426  0.24169449508190155
1422  0.24168099462985992
1433  0.24128618836402893
1418  0.24097904562950134
1435  0.24092236161231995
1432  0.24080538749694824
1466  0.24079352617263794
1462  0.24079042673110962
1434  0.24068544805049896
1420  0.2406265139579773
1468  0.24050459265708923
1469  0.24044117331504822
1472  0.24041840434074402
1437  0.24033112823963165
1473  0.24023278057575226
1463  0.23942314088344574
826  0.194710373878479
943  0.17553304135799408
1238  0.15161846578121185
1592  0.1440945565700531
354  0.11847634613513947
118  0.10448309779167175
344  0.06410535424947739
349  0.06407942622900009
343  0.06405012309551239
317  0.06403760612010956
329  0.06403656303882599
342  0.06403586268424988
340  0.06402911245822906
310  0.06401008367538452
300  0.06400999426841736
325  0.0640086904168129
313  0.0639987364411354
353  0.06399299949407578
306  0.06399206072092056
314  0.06398570537567139
347  0.06398500502109528
320  0.06398256123065948
316  0.063981793820858
319  0.06397777050733566
352  0.06397322565317154
346  0.06396885961294174
327  0.06396619230508804
345  0.0639636367559433
351  0.06396273523569107
308  0.06396077573299408
322  0.06396038085222244
299  0.06395762413740158
348  0.06395673006772995
297  0.06395294517278671
334  0.06394510716199875
301  0.06394236534833908
341  0.06394203752279282
338  0.06393986940383911
298  0.06393861025571823
323  0.06393484771251678
304  0.06393252313137054
318  0.06392792612314224
330  0.06392624974250793
307  0.06392136961221695
339  0.06391507387161255
331  0.06391209363937378
328  0.06390972435474396
311  0.06390800327062607
305  0.06389934569597244
296  0.06389839947223663
336  0.0638938695192337
321  0.06389293819665909
333  0.06389164179563522
302  0.06388912349939346
350  0.06388544291257858
332  0.06388357281684875
324  0.0638759583234787
303  0.0638747438788414
335  0.06386653333902359
312  0.063860222697258
315  0.06385758519172668
337  0.06385599076747894
326  0.06385424733161926
309  0.06385310739278793
1271  0.05806807056069374
1275  0.057997703552246094
1270  0.05791816860437393
1269  0.057907357811927795
1261  0.05790696665644646
1267  0.057866454124450684
1280  0.0578201524913311
1265  0.05781640484929085
1263  0.057752449065446854
1264  0.0577397495508194
1273  0.05771130695939064
1266  0.05770672485232353
1277  0.057685740292072296
1284  0.057682644575834274
1240  0.05768103897571564
1289  0.057642146944999695
1252  0.057635389268398285
1249  0.05757168307900429
1274  0.057566072791814804
1250  0.05755476653575897
1295  0.057545535266399384
1279  0.05754230171442032
1244  0.057542283087968826
1268  0.05751608684659004
1246  0.057515762746334076
1294  0.05751534923911095
1283  0.05749910697340965
1239  0.05749570578336716
1281  0.05746975913643837
1290  0.05745656043291092
1254  0.05742650851607323
1243  0.05742352828383446
1245  0.057416703552007675
1278  0.05740993842482567
1262  0.05740838125348091
1272  0.057399410754442215
1247  0.05739433318376541
1276  0.057389095425605774
1248  0.057382334023714066
1241  0.057353805750608444
1256  0.05734161287546158
1251  0.057315703481435776
1285  0.05730133876204491
1292  0.0572805181145668
1258  0.05726715922355652
1293  0.057261981070041656
1260  0.05726146697998047
1255  0.05725545808672905
1242  0.05722902715206146
1282  0.0571889691054821
1253  0.05716902017593384
1296  0.05716653913259506
1291  0.057164620608091354
1257  0.05714275687932968
1288  0.05711209401488304
1259  0.05702629312872887
1287  0.056979600340127945
1286  0.05696014314889908
59  0.04352277144789696
1710  0.04022485762834549
29  0.03788769990205765
26  0.0375739187002182
37  0.03756748512387276
40  0.037559665739536285
1  0.037545934319496155
41  0.03754119202494621
11  0.03747958689928055
35  0.037474632263183594
38  0.03747273609042168
14  0.03744829073548317
25  0.03739843890070915
24  0.03738589957356453
33  0.037382494658231735
21  0.03737341985106468
43  0.037368904799222946
30  0.037364669144153595
28  0.03736327961087227
23  0.03735358268022537
2  0.03732539713382721
36  0.0373065210878849
39  0.03727937862277031
9  0.03727782890200615
42  0.037274669855833054
10  0.037267055362463
44  0.037261925637722015
27  0.037257734686136246
18  0.03725250065326691
57  0.03725073114037514
32  0.037247687578201294
13  0.037240657955408096
34  0.03721741586923599
3  0.03718908131122589
55  0.03716171905398369
7  0.03714697062969208
12  0.037142351269721985
51  0.037138428539037704
17  0.03712822496891022
31  0.037126317620277405
56  0.03711867332458496
5  0.0370711013674736
52  0.0370405837893486
22  0.03703982010483742
53  0.037022337317466736
4  0.03701943904161453
20  0.03699960932135582
19  0.03699841350317001
49  0.03697611019015312
46  0.036915455013513565
8  0.036898136138916016
48  0.036876849830150604
54  0.03687224164605141
47  0.03685526177287102
58  0.03683370351791382
16  0.03679227456450462
45  0.03676765784621239
50  0.036761410534381866
15  0.03671213984489441
6  0.036710698157548904
1739  0.034241676330566406
1749  0.03423703834414482
1746  0.03422894328832626
1747  0.03420842066407204
1744  0.03419223427772522
1750  0.034187521785497665
1720  0.03413466736674309
1760  0.03410656005144119
1738  0.034105539321899414
1734  0.03410099819302559
1741  0.03410075604915619
1752  0.034098558127880096
1735  0.034096892923116684
1716  0.03408452868461609
1719  0.034082189202308655
1745  0.03408021479845047
1733  0.034077238291502
1711  0.03407390043139458
1732  0.034068502485752106
1743  0.03406429663300514
1753  0.03406378626823425
1737  0.03405819460749626
1748  0.03404849395155907
1723  0.034045394510030746
1768  0.034020837396383286
1712  0.03401796519756317
1730  0.03401153162121773
1740  0.034010954201221466
1757  0.03400493413209915
1731  0.03400375321507454
1717  0.03399895876646042
1718  0.033986590802669525
1736  0.03398316353559494
1727  0.033975932747125626
1721  0.033972036093473434
1751  0.033968567848205566
1766  0.03396791219711304
1756  0.033962834626436234
1726  0.033960673958063126
1713  0.033959176391363144
1765  0.033954914659261703
1742  0.033921461552381516
1729  0.03391961008310318
1714  0.03391683101654053
1764  0.03390740230679512
1755  0.03389596939086914
1759  0.03389594703912735
1722  0.03389578312635422
1763  0.03389508277177811
1761  0.03386746346950531
1728  0.03386731445789337
1758  0.03382805734872818
1724  0.03382217884063721
1762  0.03381605073809624
1767  0.03381513059139252
1754  0.033782001584768295
1715  0.03372739255428314
1725  0.033704839646816254
295  0.017896799370646477
1179  0.01724286749958992
1356  0.014392350800335407
1101  0.014367357827723026
1099  0.014332260005176067
1090  0.01432434655725956
1084  0.014323175884783268
1098  0.014296608977019787
1094  0.014291685074567795
1087  0.014272633008658886
1063  0.014272416941821575
1104  0.014270775020122528
1096  0.014261138625442982
1062  0.014249499887228012
1103  0.014243405312299728
1085  0.01424308493733406
1097  0.014240278862416744
1075  0.014232464134693146
1093  0.014218841679394245
1100  0.014215908944606781
1095  0.01421587634831667
1088  0.014215453527867794
1092  0.014215299859642982
1066  0.014212914742529392
1091  0.014209208078682423
1074  0.014196502976119518
1073  0.01419572252780199
1118  0.014188137836754322
1068  0.014184488914906979
1116  0.014182569459080696
1102  0.014182455837726593
1081  0.014181588776409626
1065  0.014176410622894764
1105  0.014170506969094276
1076  0.014166324399411678
1072  0.014163187704980373
1070  0.014160525053739548
1067  0.014160079881548882
1107  0.014155687764286995
1086  0.014155394397675991
1064  0.014153923839330673
1078  0.01415381021797657
1106  0.014151873998343945
1119  0.014141938649117947
1071  0.014140630140900612
1089  0.014138755388557911
1069  0.014129413291811943
1117  0.01412784680724144
1082  0.0141254011541605
1077  0.014124836772680283
1080  0.014122520573437214
1111  0.014121245592832565
1113  0.01409116480499506
1109  0.014077420346438885
1114  0.01407415047287941
1083  0.014072239398956299
1079  0.014057109132409096
1112  0.014055417850613594
1115  0.01403770036995411
1108  0.014037172310054302
1110  0.014035033993422985
649  0.010449518449604511
1120  0.00991032924503088
276  0.009238697588443756
265  0.009232249110937119
259  0.009231289848685265
273  0.009224998764693737
269  0.009221220389008522
274  0.009220371022820473
278  0.009212146513164043
250  0.009208391420543194
262  0.009201154112815857
272  0.009197099134325981
237  0.009190232492983341
271  0.00918996799737215
238  0.009189550764858723
275  0.009186728857457638
277  0.009182645939290524
267  0.009178954176604748
279  0.00917370431125164
243  0.009173305705189705
268  0.009169865399599075
293  0.00916785467416048
256  0.009165295399725437
244  0.009164528921246529
245  0.009162753820419312
247  0.009158357046544552
246  0.009157984517514706
248  0.009157625027000904
291  0.009156051091849804
264  0.009155428037047386
260  0.009153502993285656
249  0.009153230115771294
263  0.00915058795362711
280  0.009149892255663872
266  0.00914772693067789
282  0.009146412834525108
253  0.0091443732380867
270  0.00913967378437519
239  0.009139414876699448
241  0.009134653024375439
242  0.009133042767643929
261  0.00913092028349638
240  0.009130813181400299
252  0.009127615951001644
287  0.009123480878770351
292  0.009115583263337612
286  0.009113848209381104
281  0.009109452366828918
251  0.009108147583901882
257  0.00910442229360342
294  0.009104215539991856
255  0.009099643677473068
289  0.009096982888877392
288  0.009093618020415306
254  0.009093480184674263
258  0.009078347124159336
284  0.009077412076294422
290  0.009055285714566708
283  0.009045975282788277
285  0.009029107168316841
413  0.007678195368498564
1564  0.005968710407614708
1573  0.005947346333414316
1572  0.005941434763371944
1576  0.005938507150858641
1556  0.0059223659336566925
1571  0.005915878806263208
1563  0.005914493929594755
1542  0.005912240128964186
1579  0.005909371189773083
1565  0.005908556282520294
1570  0.005907013081014156
1560  0.005906399805098772
1558  0.005903293378651142
1557  0.005901896860450506
1535  0.005901432130485773
1561  0.005894165951758623
1569  0.005883778911083937
1549  0.005882644094526768
1566  0.005879153497517109
1548  0.005874924827367067
1559  0.005874910391867161
1539  0.005873044952750206
1551  0.005865396466106176
1541  0.005865257699042559
1562  0.005864068400114775
1586  0.005860200151801109
1552  0.005855123978108168
1580  0.0058524152263998985
1578  0.005848579574376345
1567  0.005847753956913948
1536  0.005846664775162935
1568  0.005845500621944666
1585  0.0058439262211322784
1577  0.0058430265635252
1555  0.00584064144641161
1543  0.005839966703206301
1574  0.00583994435146451
1583  0.005839689634740353
1589  0.00583952059969306
1544  0.005838756449520588
1534  0.005835029762238264
1582  0.005834971554577351
1553  0.005833986680954695
1575  0.005833381321281195
1581  0.005833113100379705
1545  0.005826584994792938
1546  0.005824775900691748
1584  0.005821146070957184
1588  0.005819741636514664
1591  0.005806114990264177
1537  0.005804554093629122
1547  0.005799870006740093
1554  0.005789886228740215
1540  0.005788851995021105
1587  0.005785984452813864
1590  0.005775416735559702
1550  0.005765513516962528
1538  0.005742209497839212
1297  0.005504103377461433
1149  0.003718550316989422
1153  0.0037179039791226387
1157  0.003715049009770155
1143  0.0037133460864424706
1160  0.0037130904383957386
1162  0.003711501369252801
1146  0.0037036389112472534
1134  0.0037032521795481443
1158  0.003702307352796197
1156  0.003700257046148181
1161  0.003695000894367695
1130  0.003693021135404706
1148  0.0036923671141266823
1128  0.003690076759085059
1129  0.003689834848046303
1151  0.0036888481117784977
1122  0.003688171738758683
1159  0.0036878192331641912
1127  0.003686514450237155
1175  0.0036864953581243753
1140  0.0036864778958261013
1155  0.0036861763801425695
1121  0.003685404546558857
1177  0.0036852573975920677
1166  0.0036848844029009342
1137  0.0036844501737505198
1163  0.003682380309328437
1133  0.0036817521322518587
1150  0.003681748639792204
1152  0.003681626170873642
1131  0.003680891590192914
1164  0.003680739551782608
1123  0.0036782484967261553
1147  0.003678038716316223
1144  0.003677766304463148
1136  0.003677605651319027
1171  0.0036765695549547672
1145  0.0036737131886184216
1124  0.003673592349514365
1126  0.0036727478727698326
1132  0.0036716351751238108
1125  0.0036703371442854404
1138  0.003667510114610195
1170  0.0036660642363131046
1176  0.003665059106424451
1154  0.003664768533781171
1173  0.0036601282190531492
1135  0.0036579447332769632
1178  0.0036579270381480455
1172  0.003657016670331359
1165  0.0036536287516355515
1139  0.0036517768166959286
1141  0.0036496594548225403
1142  0.003648885991424322
1168  0.0036443036515265703
1174  0.0036388207226991653
1167  0.0036324611864984035
1169  0.0036265291273593903
680  0.0030477596446871758
676  0.003040821524336934
688  0.0030394529458135366
689  0.0030342903919517994
686  0.0030278924386948347
672  0.003022931981831789
658  0.0030214765574783087
681  0.00302010215818882
679  0.003016658127307892
674  0.0030159801244735718
687  0.0030154481064528227
677  0.0030153049156069756
664  0.00301466416567564
695  0.003011411288753152
675  0.003010327694937587
692  0.0030095179099589586
685  0.003008127212524414
657  0.0030071523506194353
673  0.003006906481459737
665  0.003005795879289508
655  0.0030037846881896257
651  0.0030030636116862297
682  0.0030018361285328865
678  0.0029989418108016253
684  0.0029973138589411974
683  0.0029971248004585505
690  0.00299693807028234
650  0.002996912458911538
698  0.002995829563587904
699  0.0029955802019685507
659  0.002994213718920946
702  0.002991252578794956
667  0.002989083295688033
694  0.002986286533996463
693  0.002985124010592699
691  0.002984471619129181
662  0.002983692567795515
704  0.002981701632961631
696  0.0029815230518579483
653  0.0029806329403072596
669  0.002980403369292617
668  0.0029797207098454237
701  0.0029794657602906227
670  0.002979118609800935
663  0.0029778853058815002
660  0.0029777095187455416
705  0.0029768943786621094
671  0.002975876908749342
652  0.002974622417241335
661  0.0029744370840489864
700  0.002974401693791151
703  0.002970364410430193
697  0.0029683203902095556
707  0.0029663664754480124
656  0.0029645801987499
666  0.002960437908768654
654  0.0029502653051167727
706  0.002949628746137023
1533  0.002012510085478425
590  0.0019909769762307405
1474  0.001350933569483459
804  0.0011657942086458206
807  0.0011650648666545749
806  0.001164963934570551
801  0.0011640875600278378
803  0.001163990469649434
796  0.001163188018836081
798  0.0011611764784902334
795  0.0011599400313571095
777  0.001159515231847763
776  0.0011590111535042524
817  0.0011582765728235245
773  0.0011578729609027505
789  0.001157809398137033
791  0.0011571688810363412
790  0.001156796352006495
794  0.001156297279521823
768  0.0011561920400708914
780  0.001156067126430571
809  0.0011557010002434254
802  0.0011555684031918645
800  0.0011551588540896773
792  0.0011548366164788604
805  0.0011540756095200777
769  0.0011536827078089118
797  0.001153419492766261
825  0.0011532881762832403
814  0.001153080491349101
808  0.0011528055183589458
810  0.0011525270529091358
774  0.0011525056324899197
813  0.001152238342911005
788  0.0011519069084897637
793  0.001151637639850378
784  0.0011514785001054406
787  0.0011506567243486643
775  0.001150487340055406
778  0.0011490992037579417
783  0.00114878558088094
821  0.0011485213181003928
812  0.0011481849942356348
822  0.0011478000087663531
770  0.0011473142076283693
816  0.0011471840552985668
799  0.001147039351053536
771  0.0011469906894490123
823  0.001146986847743392
786  0.0011469032615423203
820  0.001146873226389289
785  0.0011457190848886967
779  0.0011446691351011395
818  0.0011419360525906086
819  0.0011406259145587683
781  0.0011406047269701958
811  0.0011403674725443125
824  0.0011402273084968328
815  0.0011401583906263113
772  0.0011366247199475765
782  0.0011346357641741633
767  0.0004085269174538553
236  0.0004004996153526008
1330  0.0003702732501551509
1320  0.00036907504545524716
1334  0.0003686311247292906
1339  0.00036761039518751204
1326  0.0003671297163236886
1343  0.00036652892595157027
1323  0.0003662091912701726
1329  0.00036611195537261665
1322  0.00036575665581040084
1336  0.0003656044718809426
1332  0.00036537120467983186
1338  0.00036522213486023247
1324  0.0003651826409623027
1308  0.000365160551154986
1325  0.00036514486419036984
1299  0.00036514157545752823
1354  0.0003650589205790311
1348  0.0003647805715445429
1311  0.0003646893019322306
1306  0.00036450388142839074
1337  0.0003643612435553223
1328  0.0003641841176431626
1327  0.00036386260762810707
1303  0.00036382186226546764
1310  0.00036374785122461617
1333  0.0003637249465100467
1298  0.0003633355663623661
1300  0.00036306632682681084
1321  0.0003630241262726486
1309  0.00036295957397669554
1302  0.00036285215173847973
1340  0.0003628234553616494
1307  0.00036274842568673193
1331  0.00036237630411051214
1305  0.000362199149094522
1352  0.00036210918915458024
1304  0.00036198063753545284
1353  0.0003619739436544478
1349  0.00036197216832078993
1335  0.00036188506055623293
1314  0.0003617467300500721
1315  0.00036173328408040106
1350  0.0003615264140535146
1342  0.0003613853477872908
1341  0.00036107024061493576
1313  0.00036083420854993165
1319  0.00036064040614292026
1351  0.00036058039404451847
1317  0.0003604723315220326
1301  0.0003602092037908733
1312  0.0003601460193749517
1344  0.0003598836192395538
1316  0.0003591034037526697
1355  0.0003587863757275045
1347  0.00035821457277052104
1346  0.00035812685382552445
1345  0.00035693234531208873
1318  0.00035671633668243885
980  0.00019216629152651876
973  0.000191881597856991
964  0.00019184920529369265
969  0.00019182781397830695
984  0.00019179379160050303
945  0.00019170621817465872
972  0.00019160461670253426
944  0.00019158177019562572
956  0.00019157207862008363
976  0.00019155838526785374
954  0.0001915103493956849
982  0.00019150380103383213
986  0.00019150105072185397
968  0.00019146270642522722
981  0.00019135391630697995
995  0.00019129719294141978
1000  0.0001912426669150591
992  0.00019123480888083577
948  0.00019123044330626726
978  0.00019121951481793076
957  0.00019116391194984317
999  0.00019116190378554165
966  0.00019115806207992136
952  0.00019115606846753508
979  0.00019114949100185186
950  0.00019112270092591643
961  0.00019111085566692054
963  0.0001910849823616445
967  0.00019107716798316687
987  0.00019104784587398171
946  0.00019101832003798336
977  0.00019101558427792042
974  0.00019098972552455962
983  0.00019097368931397796
953  0.00019090398564003408
947  0.0001908945123432204
960  0.00019084775703959167
970  0.00019084317318629473
975  0.00019083173538092524
998  0.00019077514298260212
985  0.00019075730233453214
996  0.00019075622549280524
971  0.00019073422299697995
962  0.00019072658324148506
965  0.00019072658324148506
993  0.0001906347752083093
991  0.00019062658248003572
994  0.0001905798853840679
1001  0.00019056115706916898
990  0.0001905584504129365
955  0.0001905373646877706
997  0.00019047560635954142
958  0.00019035795412492007
949  0.0001903026131913066
951  0.00019029989198315889
988  0.00019003261695615947
959  0.00018996864673681557
989  0.00018996559083461761
147  0.00015987838560249656
145  0.0001586215221323073
144  0.00015854397497605532
155  0.00015850360796321183
161  0.00015847309259697795
158  0.00015826242452021688
120  0.0001582499098731205
131  0.0001581013493705541
151  0.00015809922479093075
143  0.0001579966046847403
173  0.00015796677325852215
123  0.00015796498337294906
119  0.00015791947953402996
149  0.0001578800438437611
148  0.00015787823940627277
174  0.0001578755327500403
156  0.0001578702504048124
150  0.00015786287258379161
141  0.00015781892579980195
139  0.0001577707880642265
159  0.00015776250802446157
152  0.00015770475147292018
132  0.00015768100274726748
146  0.00015765214629936963
153  0.00015761650865897536
162  0.00015760869428049773
129  0.0001576007343828678
157  0.00015760028327349573
130  0.00015753852494526654
127  0.00015740279923193157
121  0.00015736467321403325
175  0.0001573379704495892
142  0.00015731141320429742
135  0.00015730121231172234
170  0.00015728337166365236
160  0.0001572625187691301
128  0.00015724032709840685
138  0.0001572142355144024
171  0.00015718815848231316
166  0.00015697396884206682
154  0.0001569364103488624
136  0.0001569221931276843
140  0.00015692174201831222
167  0.00015692174201831222
125  0.0001568224251968786
137  0.00015672316658310592
176  0.0001567044819239527
124  0.00015665039245504886
126  0.00015660440840292722
122  0.00015656872710678726
168  0.00015649960550945252
164  0.0001564937992952764
169  0.00015634315786883235
134  0.00015634091687388718
172  0.00015630992129445076
163  0.0001562154502607882
133  0.00015614143921993673
165  0.00015598995378240943
177  0.00014891853788867593
217  0.00012351252371445298
215  0.00012325734132900834
206  0.00012317157234065235
214  0.00012315207277424634
178  0.00012307717406656593
200  0.00012303434778004885
212  0.000123005491332151
210  0.000122998928418383
203  0.0001229895424330607
179  0.0001229652698384598
220  0.00012291590974200517
208  0.00012288344441913068
213  0.0001227941975230351
207  0.0001227938337251544
209  0.00012277287896722555
191  0.000122769721201621
201  0.00012274924665689468
189  0.00012273753236513585
218  0.00012272092862986028
211  0.00012269178114365786
219  0.0001226845197379589
234  0.00012267785496078432
197  0.00012265073019079864
182  0.00012263961252756417
216  0.0001226379827130586
185  0.00012260768562555313
184  0.00012259272625669837
188  0.00012252166925463825
202  0.0001225025043822825
204  0.00012249771680217236
190  0.0001224974839715287
232  0.00012247949780430645
193  0.0001224729639943689
187  0.00012246174446772784
186  0.00012245321704540402
221  0.00012244528625160456
223  0.00012244236131664366
194  0.00012241143849678338
183  0.00012240163050591946
192  0.00012239532952662557
180  0.00012237875489518046
181  0.00012237548071425408
205  0.0001223678991664201
233  0.00012233592860866338
198  0.00012229662388563156
196  0.00012224625970702618
235  0.00012220324424561113
222  0.0001221627026097849
229  0.00012214815069455653
230  0.00012213835725560784
227  0.00012212066212669015
195  0.00012209761189296842
225  0.00012204790982650593
228  0.00012202543439343572
226  0.00012190715642645955
199  0.00012186009553261101
224  0.00012177366443211213
231  0.00012168626562925056
450  0.00010157383803743869
445  0.00010156773350900039
442  0.00010149782610824332
438  0.00010142690734937787
452  0.00010141831444343552
446  0.00010139171354239807
439  0.0001013413566397503
444  0.00010134009062312543
443  0.00010129015572601929
453  0.0001012571228784509
440  0.00010124138498213142
421  0.00010123800166184083
414  0.00010123240645043552
420  0.00010120691877091303
427  0.00010120218939846382
447  0.00010120141814695671
436  0.00010119196667801589
428  0.00010117479541804641
437  0.00010111171286553144
455  0.00010110612493008375
415  0.00010110602306667715
441  0.00010110024595633149
434  0.00010108433343702927
451  0.00010108115384355187
468  0.0001010222767945379
422  0.00010099877545144409
426  0.00010096449841512367
449  0.00010096190089825541
425  0.0001009423504001461
429  0.00010093273158418015
419  0.00010092867887578905
448  0.00010092474258271977
458  0.00010091761942021549
423  0.00010090482101077214
416  0.00010085710528073832
456  0.00010084172390634194
463  0.00010084066161653027
424  0.0001008343169814907
431  0.00010082095104735345
470  0.00010081816435558721
417  0.00010079037747345865
459  0.00010076961916638538
430  0.00010075992031488568
457  0.00010075377213070169
464  0.00010074675810756162
469  0.00010070603457279503
418  0.00010069700510939583
465  0.00010067905532196164
454  0.0001005454032565467
467  0.00010050783021142706
435  0.00010046028910437599
461  0.00010045636736322194
466  0.00010044545342680067
433  0.00010038962500402704
432  0.0001003598517854698
462  0.00010023092909250408
460  0.0001002274002530612
471  0.00010014237341238186
1516  9.077538561541587e-05
1501  9.075651178136468e-05
1489  9.07304638531059e-05
1505  9.072483953787014e-05
1502  9.067727660294622e-05
1506  9.06751083675772e-05
1500  9.064943151315674e-05
1475  9.0643203293439e-05
1512  9.063568722922355e-05
1503  9.062937897397205e-05
1482  9.06204804778099e-05
1510  9.061953460332006e-05
1490  9.061711170943454e-05
1480  9.061599121196195e-05
1495  9.06155546545051e-05
1513  9.061262244358659e-05
1507  9.060959564521909e-05
1511  9.060337470145896e-05
1518  9.060181037057191e-05
1527  9.059550211532041e-05
1528  9.059412695933133e-05
1504  9.059240255737677e-05
1514  9.05911874724552e-05
1529  9.058290015673265e-05
1483  9.057849092641845e-05
1523  9.05772831174545e-05
1485  9.056933777173981e-05
1497  9.05690758372657e-05
1488  9.056528506334871e-05
1509  9.056208364199847e-05
1484  9.055888949660584e-05
1515  9.055534610524774e-05
1532  9.055258124135435e-05
1508  9.054264955921099e-05
1486  9.053125540958717e-05
1476  9.052910172613338e-05
1494  9.051770757650957e-05
1524  9.051269444171339e-05
1519  9.048861829796806e-05
1498  9.048137144418433e-05
1478  9.048129140865058e-05
1526  9.047223284142092e-05
1499  9.047162166098133e-05
1531  9.046516061061993e-05
1479  9.045557817444205e-05
1517  9.044177568284795e-05
1521  9.043142927112058e-05
1491  9.043048339663073e-05
1530  9.042953752214089e-05
1492  9.042840974871069e-05
1481  9.04253902263008e-05
1520  9.041004523169249e-05
1487  9.039419092005119e-05
1525  9.038211283041164e-05
1522  9.037892596097663e-05
1477  9.036488336278126e-05
1493  9.034799586515874e-05
1496  9.032517118612304e-05
1002  8.030626486288384e-05
472  5.0129234296036884e-05
503  2.7238707843935117e-05
499  2.7224295990890823e-05
508  2.721025339269545e-05
511  2.7205192964174785e-05
487  2.7201145712751895e-05
514  2.719832082220819e-05
500  2.719634721870534e-05
510  2.7193029382033274e-05
488  2.718265932344366e-05
509  2.7181129553355277e-05
501  2.7180713004781865e-05
525  2.7179496100870892e-05
504  2.7173844500794075e-05
502  2.717348252190277e-05
498  2.717306779231876e-05
473  2.716910239541903e-05
512  2.7168482120032422e-05
495  2.7167418011231348e-05
474  2.7165606297785416e-05
481  2.7164544007973745e-05
527  2.7162650440004654e-05
478  2.7161850084667094e-05
515  2.7159414457855746e-05
507  2.715832852118183e-05
497  2.715827758947853e-05
484  2.7156669602845795e-05
486  2.7155376301379874e-05
505  2.7150534151587635e-05
493  2.7149575544171967e-05
483  2.7149420930072665e-05
516  2.7148642402607948e-05
530  2.714659603952896e-05
482  2.7146521460963413e-05
521  2.7146492357132956e-05
496  2.71457956841914e-05
526  2.7144889827468432e-05
513  2.714483707677573e-05
524  2.714193942665588e-05
480  2.7140980819240212e-05
522  2.7139660232933238e-05
517  2.7137924917042255e-05
492  2.713715184654575e-05
523  2.7135287382407114e-05
476  2.7134950869367458e-05
506  2.7132051400258206e-05
528  2.713039611990098e-05
518  2.7129619411425665e-05
519  2.7127265639137477e-05
520  2.7119298465549946e-05
479  2.7118652724311687e-05
477  2.7116506316815503e-05
475  2.7109344955533743e-05
485  2.710771696001757e-05
490  2.7102078092866577e-05
489  2.7101435989607126e-05
491  2.708639658521861e-05
529  2.7082573069492355e-05
494  2.707761450437829e-05
1061  4.813416126125958e-06
708  3.1178794870356796e-06
531  6.657905373685935e-07
747  6.365462468238547e-07
748  6.362482736221864e-07
739  6.35817571037478e-07
730  6.338976845654543e-07
754  6.335562261483574e-07
745  6.334203135338612e-07
717  6.331407007564849e-07
738  6.330392352538183e-07
742  6.330386668196297e-07
755  6.329360076051671e-07
731  6.326052925942349e-07
734  6.324080459307879e-07
732  6.323724619505811e-07
744  6.319119165709708e-07
753  6.317467864391801e-07
727  6.314811571428436e-07
714  6.31245768545341e-07
721  6.312192795121518e-07
741  6.311674951575696e-07
736  6.311524316515715e-07
711  6.31094678738009e-07
718  6.310007734100509e-07
751  6.309592777142825e-07
758  6.309466584752954e-07
710  6.308707725111162e-07
749  6.306271984612977e-07
709  6.305881470325403e-07
735  6.305093620539992e-07
733  6.304750854724261e-07
746  6.304347834884538e-07
766  6.298561174844508e-07
715  6.29755163572554e-07
763  6.29442354238563e-07
743  6.294393415373634e-07
737  6.294267222983763e-07
716  6.291440968198003e-07
740  6.288963163569861e-07
726  6.288460099312942e-07
725  6.288381655394915e-07
762  6.287884275479882e-07
750  6.287301630436559e-07
756  6.28489203791105e-07
761  6.282704703153286e-07
712  6.282626827669446e-07
757  6.282243703026325e-07
723  6.280614002207585e-07
724  6.280081379372859e-07
729  6.278200999076944e-07
719  6.276470685406821e-07
752  6.273263011280505e-07
759  6.273095891629055e-07
720  6.272670702855976e-07
764  6.271175720939937e-07
728  6.270463472901611e-07
722  6.264157832447381e-07
760  6.256814799598942e-07
713  6.255561402213061e-07
765  6.254427944440977e-07
1031  5.520914214685035e-07
1029  5.496935955306981e-07
1045  5.485572387442517e-07
1025  5.481963398779044e-07
1004  5.478263460645394e-07
1042  5.477375566442788e-07
1015  5.470666906148836e-07
1033  5.468247081807931e-07
1039  5.468028234645317e-07
1040  5.467355208566005e-07
1057  5.466145580612647e-07
1037  5.465691970130138e-07
1035  5.464357855089474e-07
1016  5.46434762327408e-07
1028  5.463529646476672e-07
1036  5.463294883156777e-07
1003  5.458852569972805e-07
1032  5.457946485876164e-07
1007  5.457816314446973e-07
1041  5.456005283122067e-07
1034  5.455521545627562e-07
1044  5.453289873003087e-07
1014  5.453190965454269e-07
1026  5.452868663269328e-07
1027  5.451641982290312e-07
1058  5.448642355077027e-07
1005  5.447213879961055e-07
1030  5.446912609841092e-07
1043  5.443636155177956e-07
1046  5.443200166155293e-07
1008  5.442965971269587e-07
1038  5.442530550681113e-07
1055  5.439613914859365e-07
1023  5.439090386971657e-07
1054  5.43823944099131e-07
1019  5.436792775981303e-07
1011  5.436740480035951e-07
1059  5.43593216661975e-07
1013  5.434542913462792e-07
1009  5.43313888101693e-07
1012  5.431905378827651e-07
1060  5.431040790426778e-07
1024  5.430206329037901e-07
1047  5.428647682492738e-07
1021  5.428595954981574e-07
1050  5.427763198895263e-07
1022  5.427509108812956e-07
1006  5.424999471870251e-07
1018  5.419724971034157e-07
1056  5.417844022304052e-07
1048  5.416691237769555e-07
1051  5.416577550931834e-07
1017  5.414362362898828e-07
1052  5.413644998952805e-07
1020  5.408654715211014e-07
1049  5.407901539911109e-07
1010  5.405199772212654e-07
1053  5.393295055000635e-07
562  5.615016007709528e-08
568  5.614963072275714e-08
556  5.603215313954024e-08
563  5.5972449786168e-08
558  5.591312657315939e-08
570  5.584182716233954e-08
569  5.5752099825667756e-08
546  5.568918481912988e-08
539  5.560216109756766e-08
554  5.552225346150408e-08
561  5.55102843691202e-08
547  5.5488797556790814e-08
574  5.547683912254797e-08
559  5.542522174550868e-08
532  5.539331482395937e-08
567  5.5389190123378285e-08
533  5.538538871974197e-08
571  5.537893343898759e-08
541  5.536722014198858e-08
564  5.535021685432184e-08
560  5.532931979246314e-08
566  5.5325095615899045e-08
552  5.5293135403644555e-08
555  5.528237423391147e-08
543  5.525802038164329e-08
557  5.524463730921525e-08
565  5.523631330106582e-08
544  5.521199142322075e-08
545  5.519040513490836e-08
540  5.516535139804546e-08
576  5.5128325016085e-08
537  5.51135102000444e-08
535  5.5094901085794845e-08
586  5.503272149098848e-08
538  5.501803101992664e-08
581  5.501487976289354e-08
549  5.499631683392181e-08
587  5.4936240445613294e-08
575  5.4929010673276935e-08
534  5.4902617563357126e-08
572  5.488450227630892e-08
577  5.487612853016799e-08
583  5.487235910095478e-08
542  5.4853842357260874e-08
580  5.4749726530189946e-08
573  5.4705157737089394e-08
553  5.4669378357630194e-08
551  5.462664631750158e-08
589  5.457134477637737e-08
548  5.4535973958991235e-08
579  5.4525045811715245e-08
588  5.452006135442389e-08
585  5.450946005680635e-08
536  5.4506536173448694e-08
582  5.450331386214202e-08
584  5.447141759873375e-08
578  5.440901418296562e-08
550  5.440683281676684e-08
