415  0.26386386156082153
416  0.26386386156082153
417  0.26386386156082153
418  0.26386386156082153
419  0.26386386156082153
420  0.26386386156082153
421  0.26386386156082153
422  0.26386386156082153
423  0.26386386156082153
424  0.26386386156082153
425  0.26386386156082153
426  0.26386386156082153
427  0.26386386156082153
428  0.26386386156082153
429  0.26386386156082153
430  0.26386386156082153
431  0.26386386156082153
432  0.26386386156082153
433  0.26386386156082153
434  0.26386386156082153
435  0.26386386156082153
436  0.26386386156082153
437  0.26386386156082153
438  0.26386386156082153
439  0.26386386156082153
440  0.26386386156082153
441  0.26386386156082153
442  0.26386386156082153
443  0.26386386156082153
444  0.26386386156082153
445  0.26386386156082153
446  0.26386386156082153
447  0.26386386156082153
448  0.26386386156082153
449  0.26386386156082153
450  0.26386386156082153
451  0.26386386156082153
452  0.26386386156082153
453  0.26386386156082153
454  0.26386386156082153
455  0.26386386156082153
456  0.26386386156082153
457  0.26386386156082153
458  0.26386386156082153
459  0.26386386156082153
460  0.26386386156082153
461  0.26386386156082153
462  0.26386386156082153
463  0.26386386156082153
464  0.26386386156082153
465  0.26386386156082153
466  0.26386386156082153
467  0.26386386156082153
468  0.26386386156082153
469  0.26386386156082153
470  0.26386386156082153
471  0.26386386156082153
472  0.26386386156082153
473  0.26386386156082153
474  0.26386386156082153
475  0.26386386156082153
476  0.26386386156082153
477  0.26386386156082153
478  0.26386386156082153
479  0.26386386156082153
480  0.26386386156082153
481  0.26386386156082153
482  0.26386386156082153
483  0.26386386156082153
484  0.26386386156082153
485  0.26386386156082153
486  0.26386386156082153
487  0.26386386156082153
488  0.26386386156082153
489  0.26386386156082153
490  0.26386386156082153
491  0.26386386156082153
492  0.26386386156082153
493  0.26386386156082153
494  0.26386386156082153
495  0.26386386156082153
496  0.26386386156082153
497  0.26386386156082153
498  0.26386386156082153
499  0.26386386156082153
500  0.26386386156082153
501  0.26386386156082153
502  0.26386386156082153
503  0.26386386156082153
504  0.26386386156082153
505  0.26386386156082153
506  0.26386386156082153
507  0.26386386156082153
508  0.26386386156082153
509  0.26386386156082153
510  0.26386386156082153
511  0.26386386156082153
512  0.26386386156082153
513  0.26386386156082153
514  0.26386386156082153
515  0.26386386156082153
516  0.26386386156082153
517  0.26386386156082153
518  0.26386386156082153
519  0.26386386156082153
520  0.26386386156082153
521  0.26386386156082153
522  0.26386386156082153
523  0.26386386156082153
524  0.26386386156082153
525  0.26386386156082153
526  0.26386386156082153
527  0.26386386156082153
528  0.26386386156082153
529  0.26386386156082153
530  0.26386386156082153
531  0.26386386156082153
651  0.26386386156082153
652  0.26386386156082153
653  0.26386386156082153
654  0.26386386156082153
655  0.26386386156082153
656  0.26386386156082153
657  0.26386386156082153
658  0.26386386156082153
659  0.26386386156082153
660  0.26386386156082153
661  0.26386386156082153
662  0.26386386156082153
663  0.26386386156082153
664  0.26386386156082153
665  0.26386386156082153
666  0.26386386156082153
667  0.26386386156082153
668  0.26386386156082153
669  0.26386386156082153
670  0.26386386156082153
671  0.26386386156082153
672  0.26386386156082153
673  0.26386386156082153
674  0.26386386156082153
675  0.26386386156082153
676  0.26386386156082153
677  0.26386386156082153
678  0.26386386156082153
679  0.26386386156082153
680  0.26386386156082153
681  0.26386386156082153
682  0.26386386156082153
683  0.26386386156082153
684  0.26386386156082153
685  0.26386386156082153
686  0.26386386156082153
687  0.26386386156082153
688  0.26386386156082153
689  0.26386386156082153
690  0.26386386156082153
691  0.26386386156082153
692  0.26386386156082153
693  0.26386386156082153
694  0.26386386156082153
695  0.26386386156082153
696  0.26386386156082153
697  0.26386386156082153
698  0.26386386156082153
699  0.26386386156082153
700  0.26386386156082153
701  0.26386386156082153
702  0.26386386156082153
703  0.26386386156082153
704  0.26386386156082153
705  0.26386386156082153
706  0.26386386156082153
707  0.26386386156082153
708  0.26386386156082153
828  0.26386386156082153
829  0.26386386156082153
830  0.26386386156082153
831  0.26386386156082153
832  0.26386386156082153
833  0.26386386156082153
834  0.26386386156082153
835  0.26386386156082153
836  0.26386386156082153
837  0.26386386156082153
838  0.26386386156082153
839  0.26386386156082153
840  0.26386386156082153
841  0.26386386156082153
842  0.26386386156082153
843  0.26386386156082153
844  0.26386386156082153
845  0.26386386156082153
846  0.26386386156082153
847  0.26386386156082153
848  0.26386386156082153
849  0.26386386156082153
850  0.26386386156082153
851  0.26386386156082153
852  0.26386386156082153
853  0.26386386156082153
854  0.26386386156082153
855  0.26386386156082153
856  0.26386386156082153
857  0.26386386156082153
858  0.26386386156082153
859  0.26386386156082153
860  0.26386386156082153
861  0.26386386156082153
862  0.26386386156082153
863  0.26386386156082153
864  0.26386386156082153
865  0.26386386156082153
866  0.26386386156082153
867  0.26386386156082153
868  0.26386386156082153
869  0.26386386156082153
870  0.26386386156082153
871  0.26386386156082153
872  0.26386386156082153
873  0.26386386156082153
874  0.26386386156082153
875  0.26386386156082153
876  0.26386386156082153
877  0.26386386156082153
878  0.26386386156082153
879  0.26386386156082153
880  0.26386386156082153
881  0.26386386156082153
882  0.26386386156082153
883  0.26386386156082153
884  0.26386386156082153
885  0.26386386156082153
886  0.26386386156082153
887  0.26386386156082153
888  0.26386386156082153
889  0.26386386156082153
890  0.26386386156082153
891  0.26386386156082153
892  0.26386386156082153
893  0.26386386156082153
894  0.26386386156082153
895  0.26386386156082153
896  0.26386386156082153
897  0.26386386156082153
898  0.26386386156082153
899  0.26386386156082153
900  0.26386386156082153
901  0.26386386156082153
902  0.26386386156082153
903  0.26386386156082153
904  0.26386386156082153
905  0.26386386156082153
906  0.26386386156082153
907  0.26386386156082153
908  0.26386386156082153
909  0.26386386156082153
910  0.26386386156082153
911  0.26386386156082153
912  0.26386386156082153
913  0.26386386156082153
914  0.26386386156082153
915  0.26386386156082153
916  0.26386386156082153
917  0.26386386156082153
918  0.26386386156082153
919  0.26386386156082153
920  0.26386386156082153
921  0.26386386156082153
922  0.26386386156082153
923  0.26386386156082153
924  0.26386386156082153
925  0.26386386156082153
926  0.26386386156082153
927  0.26386386156082153
928  0.26386386156082153
929  0.26386386156082153
930  0.26386386156082153
931  0.26386386156082153
932  0.26386386156082153
933  0.26386386156082153
934  0.26386386156082153
935  0.26386386156082153
936  0.26386386156082153
937  0.26386386156082153
938  0.26386386156082153
939  0.26386386156082153
940  0.26386386156082153
941  0.26386386156082153
942  0.26386386156082153
943  0.26386386156082153
944  0.26386386156082153
1064  0.26386386156082153
1065  0.26386386156082153
1066  0.26386386156082153
1067  0.26386386156082153
1068  0.26386386156082153
1069  0.26386386156082153
1070  0.26386386156082153
1071  0.26386386156082153
1072  0.26386386156082153
1073  0.26386386156082153
1074  0.26386386156082153
1075  0.26386386156082153
1076  0.26386386156082153
1077  0.26386386156082153
1078  0.26386386156082153
1079  0.26386386156082153
1080  0.26386386156082153
1081  0.26386386156082153
1082  0.26386386156082153
1083  0.26386386156082153
1084  0.26386386156082153
1085  0.26386386156082153
1086  0.26386386156082153
1087  0.26386386156082153
1088  0.26386386156082153
1089  0.26386386156082153
1090  0.26386386156082153
1091  0.26386386156082153
1092  0.26386386156082153
1093  0.26386386156082153
1094  0.26386386156082153
1095  0.26386386156082153
1096  0.26386386156082153
1097  0.26386386156082153
1098  0.26386386156082153
1099  0.26386386156082153
1100  0.26386386156082153
1101  0.26386386156082153
1102  0.26386386156082153
1103  0.26386386156082153
1104  0.26386386156082153
1105  0.26386386156082153
1106  0.26386386156082153
1107  0.26386386156082153
1108  0.26386386156082153
1109  0.26386386156082153
1110  0.26386386156082153
1111  0.26386386156082153
1112  0.26386386156082153
1113  0.26386386156082153
1114  0.26386386156082153
1115  0.26386386156082153
1116  0.26386386156082153
1117  0.26386386156082153
1118  0.26386386156082153
1119  0.26386386156082153
1120  0.26386386156082153
1121  0.26386386156082153
1654  0.26386386156082153
1655  0.26386386156082153
1656  0.26386386156082153
1657  0.26386386156082153
1658  0.26386386156082153
1659  0.26386386156082153
1660  0.26386386156082153
1661  0.26386386156082153
1662  0.26386386156082153
1663  0.26386386156082153
1664  0.26386386156082153
1665  0.26386386156082153
1666  0.26386386156082153
1667  0.26386386156082153
1668  0.26386386156082153
1669  0.26386386156082153
1670  0.26386386156082153
1671  0.26386386156082153
1672  0.26386386156082153
1673  0.26386386156082153
1674  0.26386386156082153
1675  0.26386386156082153
1676  0.26386386156082153
1677  0.26386386156082153
1678  0.26386386156082153
1679  0.26386386156082153
1680  0.26386386156082153
1681  0.26386386156082153
1682  0.26386386156082153
1683  0.26386386156082153
1684  0.26386386156082153
1685  0.26386386156082153
1686  0.26386386156082153
1687  0.26386386156082153
1688  0.26386386156082153
1689  0.26386386156082153
1690  0.26386386156082153
1691  0.26386386156082153
1692  0.26386386156082153
1693  0.26386386156082153
1694  0.26386386156082153
1695  0.26386386156082153
1696  0.26386386156082153
1697  0.26386386156082153
1698  0.26386386156082153
1699  0.26386386156082153
1700  0.26386386156082153
1701  0.26386386156082153
1702  0.26386386156082153
1703  0.26386386156082153
1704  0.26386386156082153
1705  0.26386386156082153
1706  0.26386386156082153
1707  0.26386386156082153
1708  0.26386386156082153
1709  0.26386386156082153
1710  0.26386386156082153
1711  0.26386386156082153
1300  0.26321253180503845
1182  0.26321160793304443
1336  0.26281994581222534
1218  0.26260170340538025
1342  0.2625412046909332
1327  0.26244497299194336
1331  0.26233240962028503
1224  0.26230573654174805
1322  0.261896550655365
1213  0.261788934469223
1338  0.26169511675834656
1204  0.2615952491760254
1209  0.2614987790584564
1337  0.261441707611084
1339  0.2614111006259918
1333  0.2613716721534729
1343  0.26127442717552185
1329  0.26125243306159973
1184  0.2611694633960724
1221  0.26114898920059204
1323  0.26114243268966675
1330  0.2611256539821625
1302  0.26109808683395386
1205  0.26107266545295715
1340  0.26105475425720215
1211  0.26103881001472473
1304  0.2610306143760681
1301  0.26096972823143005
1305  0.26088857650756836
1332  0.26087018847465515
1303  0.2608475089073181
1312  0.260842502117157
1214  0.26079297065734863
1185  0.26078471541404724
1215  0.2607558071613312
1222  0.2607386112213135
1319  0.2606709897518158
1315  0.2606378495693207
1183  0.2605961859226227
1219  0.260545939207077
1354  0.2605151832103729
1220  0.26051512360572815
1348  0.2605132460594177
1212  0.26051008701324463
1308  0.26050323247909546
1335  0.2604893445968628
1318  0.26048603653907776
1314  0.26047036051750183
1197  0.260456919670105
1324  0.26036620140075684
1217  0.2603380084037781
1187  0.2602745592594147
1186  0.26026877760887146
1306  0.26025548577308655
1206  0.26022469997406006
1225  0.2602035403251648
1196  0.2602028548717499
1310  0.2601886987686157
1341  0.26015427708625793
1351  0.26015201210975647
1325  0.2601289749145508
1326  0.26012662053108215
1356  0.26010581851005554
1334  0.26009324193000793
1357  0.2600550353527069
1192  0.2600063383579254
1328  0.2599845230579376
1230  0.25996914505958557
1200  0.25993287563323975
1194  0.2599135935306549
1355  0.2598879337310791
1207  0.25986403226852417
1313  0.2598637044429779
1208  0.25986146926879883
1352  0.25985753536224365
1307  0.25982463359832764
1233  0.2597811222076416
1347  0.25976622104644775
1321  0.25975072383880615
1236  0.2597089409828186
1344  0.25965458154678345
1311  0.2596530318260193
1316  0.25965243577957153
1320  0.2595784366130829
1349  0.25948116183280945
1353  0.25946176052093506
1201  0.25941023230552673
1188  0.2593667209148407
1345  0.2593649625778198
1189  0.25932449102401733
1210  0.2593139410018921
1198  0.2593016028404236
1193  0.2592787444591522
1346  0.2592712938785553
1234  0.25921520590782166
1238  0.25920456647872925
1239  0.25919705629348755
1195  0.25919291377067566
1317  0.2591487467288971
1190  0.2591214179992676
1227  0.2591133713722229
1216  0.2590775489807129
1226  0.25906872749328613
1229  0.25904759764671326
1202  0.25897929072380066
1223  0.2589525580406189
1309  0.2587137222290039
1350  0.25846827030181885
1228  0.2583667039871216
1237  0.2583160400390625
1235  0.2582922875881195
1231  0.25828859210014343
1203  0.25828132033348083
1199  0.25815561413764954
1191  0.2580409348011017
1232  0.2580031752586365
1712  0.19393779337406158
1358  0.1468084305524826
414  0.11759709566831589
21  0.1153293177485466
45  0.11529393494129181
52  0.11526572704315186
22  0.11526106297969818
20  0.11525977402925491
15  0.11525668948888779
18  0.11525599658489227
57  0.11525513231754303
47  0.11525125801563263
46  0.11524949967861176
14  0.11524613946676254
17  0.11524046957492828
54  0.1152300089597702
7  0.11522764712572098
35  0.11522655189037323
11  0.1152104064822197
59  0.1152101382613182
8  0.11520551890134811
40  0.11520522087812424
48  0.11520296335220337
53  0.11520115286111832
51  0.11519959568977356
56  0.11519745737314224
6  0.11519301682710648
27  0.11519157141447067
12  0.1151914969086647
36  0.11519031226634979
43  0.1151735708117485
19  0.1151721179485321
26  0.11516758799552917
4  0.11516700685024261
38  0.11516695469617844
55  0.11516425013542175
5  0.11516169458627701
49  0.1151590645313263
30  0.11515357345342636
10  0.11514970660209656
23  0.11514760553836823
50  0.11514583230018616
39  0.11514555662870407
13  0.11514130979776382
44  0.11513971537351608
16  0.11513946205377579
37  0.11512105911970139
25  0.1151195615530014
32  0.11511629074811935
29  0.1151106208562851
28  0.11508273333311081
34  0.11507044732570648
2  0.11506486684083939
3  0.11506323516368866
42  0.11505826562643051
33  0.11505330353975296
58  0.11505250632762909
31  0.11505178362131119
9  0.11504661291837692
1  0.11502868682146072
41  0.11502682417631149
24  0.11500247567892075
532  0.09589169174432755
1449  0.06840527057647705
1445  0.06812892854213715
1461  0.06776990741491318
1456  0.06776605546474457
1418  0.06776256114244461
1448  0.06772380322217941
1454  0.06756558269262314
1460  0.06749115139245987
1458  0.0674886554479599
1459  0.06747864931821823
1419  0.06741050630807877
1447  0.06732246279716492
1455  0.06732108443975449
1450  0.06724655628204346
1426  0.06724561750888824
1441  0.06723813712596893
1451  0.06723420321941376
1467  0.06719618290662766
1433  0.06716689467430115
1431  0.06715724617242813
1430  0.06712967902421951
1420  0.06708740442991257
1442  0.0670795887708664
1444  0.06707385927438736
1471  0.06705883145332336
1472  0.06704499572515488
1422  0.06704498082399368
1452  0.06704456359148026
1457  0.06703124940395355
1423  0.06702850013971329
1475  0.06697395443916321
1464  0.06697212159633636
1440  0.06694206595420837
1437  0.0669315978884697
1421  0.06690891832113266
1470  0.06687436997890472
1453  0.06687365472316742
1446  0.06686814874410629
1424  0.0668674036860466
1462  0.06685546040534973
1466  0.06683001667261124
1474  0.06680053472518921
1473  0.06676716357469559
1443  0.06674559414386749
1428  0.06664891541004181
1439  0.06659785658121109
1465  0.06655517220497131
1436  0.06654975563287735
1469  0.06647029519081116
1427  0.0664142593741417
1429  0.06639120727777481
1468  0.06632223725318909
1463  0.06631234288215637
1425  0.06627974659204483
1435  0.06624259799718857
1432  0.0661792978644371
1438  0.06617894023656845
1434  0.06602248549461365
1476  0.0652172714471817
569  0.05786819010972977
556  0.057745929807424545
575  0.05772719159722328
563  0.05762310326099396
559  0.05760221183300018
534  0.05755872651934624
564  0.05748572200536728
557  0.0573887974023819
560  0.05731438845396042
558  0.05727703124284744
574  0.057272057980298996
1508  0.05726424977183342
533  0.057258278131484985
535  0.057257939130067825
566  0.05725718289613724
544  0.05723336338996887
549  0.0571884959936142
562  0.057156454771757126
586  0.05709254741668701
587  0.05708036571741104
570  0.05707719549536705
1517  0.05705120787024498
568  0.05701426416635513
538  0.05700130760669708
573  0.056997694075107574
1515  0.05699697509407997
1477  0.056987058371305466
1520  0.056960251182317734
543  0.05694447457790375
567  0.05693856626749039
1507  0.056936006993055344
571  0.05692121759057045
1519  0.056912701576948166
536  0.05691242963075638
1504  0.056897617876529694
540  0.05688250809907913
555  0.05686252936720848
537  0.05684373900294304
1518  0.05683422088623047
572  0.056823957711458206
542  0.056820113211870193
1509  0.05679295212030411
582  0.05678652971982956
580  0.056759461760520935
1501  0.05675482749938965
1514  0.056752972304821014
547  0.05674987658858299
1500  0.05674564093351364
1510  0.056740131229162216
561  0.056722912937402725
1513  0.056722111999988556
539  0.05671420320868492
589  0.05671316757798195
1516  0.05670496076345444
581  0.056698042899370193
1485  0.056684985756874084
1478  0.0566769540309906
1526  0.056674521416425705
1492  0.05666002258658409
1511  0.05665909871459007
552  0.05664883181452751
578  0.05664168298244476
585  0.05664020776748657
576  0.05663958936929703
1479  0.05661962181329727
1534  0.05661771073937416
1506  0.056607767939567566
1483  0.056606508791446686
550  0.056587476283311844
1523  0.05657365918159485
553  0.056568682193756104
1531  0.05656777322292328
554  0.05656767636537552
1481  0.056550029665231705
1505  0.05654488876461983
541  0.0565362423658371
1530  0.056533969938755035
1499  0.05652805045247078
1503  0.05652375519275665
1490  0.05652012676000595
1489  0.056516051292419434
546  0.05651396885514259
590  0.056485649198293686
579  0.05648159608244896
551  0.05646433308720589
1482  0.05644664913415909
1525  0.056427355855703354
577  0.056417401880025864
1521  0.056413810700178146
1529  0.05641260743141174
548  0.056397199630737305
1496  0.05639445409178734
545  0.056388866156339645
1512  0.056374937295913696
1533  0.056372884660959244
588  0.056364040821790695
1532  0.05636337026953697
1480  0.05635742470622063
583  0.056327272206544876
1524  0.05632000416517258
1502  0.05630479380488396
584  0.056245505809783936
1527  0.05624506622552872
1487  0.05621877312660217
565  0.05620459094643593
1495  0.05617664009332657
1486  0.0561705008149147
1493  0.056133948266506195
1522  0.05612727999687195
1498  0.05612342804670334
1491  0.05608208104968071
1528  0.0560174323618412
1488  0.056000158190727234
1494  0.05598900839686394
1497  0.055886272341012955
1484  0.05585451424121857
1240  0.05103282257914543
1535  0.04810738191008568
142  0.044286780059337616
146  0.04414147511124611
121  0.04409564658999443
161  0.04407934844493866
156  0.04406629875302315
149  0.04401247203350067
150  0.04395255073904991
160  0.04392481595277786
120  0.043913643807172775
152  0.04387181997299194
143  0.04384149983525276
147  0.043832313269376755
155  0.04382987692952156
157  0.04380328580737114
159  0.04380328580737114
162  0.043764613568782806
134  0.043761033564805984
123  0.0436926931142807
151  0.04368524253368378
144  0.04368341341614723
122  0.043682582676410675
145  0.04366569593548775
127  0.04366345703601837
158  0.04364205524325371
141  0.043606363236904144
153  0.04359511286020279
148  0.043592508882284164
154  0.04355918988585472
176  0.04354257509112358
168  0.04351915791630745
133  0.043500158935785294
126  0.04349549487233162
124  0.043469782918691635
129  0.04344433173537254
125  0.043439675122499466
164  0.04342972859740257
130  0.043425291776657104
167  0.04342358559370041
174  0.043417129665613174
171  0.04341218248009682
166  0.04341169446706772
177  0.043399713933467865
135  0.043399132788181305
128  0.04339621216058731
169  0.04336566850543022
131  0.04336432367563248
132  0.04335515946149826
165  0.04334162175655365
173  0.04333464056253433
137  0.04330406337976456
172  0.043295104056596756
138  0.0432899072766304
175  0.04323546588420868
136  0.043227940797805786
163  0.04316597059369087
140  0.04313897714018822
170  0.04310474917292595
139  0.04281448572874069
119  0.04195093736052513
945  0.02438044734299183
1417  0.024088025093078613
60  0.021767647936940193
87  0.020331203937530518
62  0.02032998390495777
83  0.02032732404768467
91  0.02031703293323517
97  0.020268529653549194
90  0.020261453464627266
100  0.020254001021385193
61  0.020246597006917
102  0.020244883373379707
101  0.020237017422914505
98  0.020230066031217575
103  0.020222840830683708
93  0.020203763619065285
84  0.02020215056836605
96  0.020182734355330467
63  0.020170899108052254
88  0.02016487345099449
75  0.02015853486955166
109  0.020157136023044586
92  0.02015635371208191
68  0.020150648429989815
86  0.020142603665590286
99  0.020125862210989
94  0.020118389278650284
65  0.020113976672291756
89  0.020113060250878334
108  0.020091606304049492
64  0.020090052857995033
117  0.02008984051644802
95  0.020082982257008553
82  0.020080821588635445
85  0.020075665786862373
66  0.020070109516382217
107  0.020053574815392494
112  0.020049655809998512
106  0.02004452794790268
114  0.020038822665810585
69  0.020033352077007294
110  0.020031463354825974
72  0.020026566460728645
115  0.020024826750159264
118  0.020014436915516853
104  0.020006077364087105
79  0.020000828430056572
73  0.019995475187897682
105  0.019991176202893257
76  0.019984744489192963
71  0.019977374002337456
116  0.019970089197158813
70  0.019969958811998367
74  0.019961681216955185
67  0.019957397133111954
78  0.01995713822543621
111  0.01995316706597805
113  0.019946252927184105
81  0.01994229108095169
77  0.019929710775613785
80  0.019861692562699318
1567  0.018357424065470695
1395  0.018283406272530556
1563  0.01828061230480671
1536  0.018258389085531235
1359  0.018252205103635788
1390  0.018242787569761276
1566  0.018231816589832306
1386  0.01822436787188053
1572  0.018219897523522377
1574  0.018206987529993057
1382  0.018204066902399063
1579  0.018201448023319244
1577  0.018184738233685493
1576  0.018179502338171005
1559  0.018177544698119164
1537  0.01817602477967739
1544  0.01816539280116558
1548  0.018165268003940582
1362  0.018162287771701813
1549  0.01815972849726677
1578  0.01815289817750454
1374  0.018152430653572083
1589  0.018149767071008682
1551  0.0181454848498106
1364  0.018144818022847176
1565  0.018144376575946808
1590  0.01814412884414196
1540  0.018138324841856956
1399  0.01813783496618271
1361  0.018137292936444283
1568  0.018135083839297295
1538  0.018127432093024254
1371  0.018126344308257103
1582  0.018125241622328758
1381  0.018121419474482536
1573  0.018121415749192238
1560  0.018121279776096344
1389  0.018119854852557182
1398  0.01811870187520981
1539  0.018118031322956085
1541  0.01811567321419716
1570  0.018114935606718063
1569  0.018113398924469948
1571  0.01811189576983452
1585  0.018111713230609894
1391  0.018111029639840126
1397  0.018109694123268127
1558  0.018109258264303207
1401  0.01810561679303646
1575  0.01810213178396225
1593  0.01810114085674286
1564  0.01810016669332981
1562  0.018099399283528328
1392  0.01809888705611229
1394  0.018097801133990288
1588  0.01808849535882473
1385  0.01808754727244377
1388  0.018082674592733383
1360  0.0180821530520916
1413  0.018073327839374542
1580  0.01807156391441822
1373  0.018070939928293228
1366  0.01807035505771637
1369  0.018065238371491432
1546  0.01806374453008175
1363  0.018060848116874695
1583  0.018056217581033707
1591  0.01805141568183899
1384  0.018050380051136017
1584  0.018048619851469994
1561  0.01804577186703682
1402  0.018045535311102867
1554  0.018045315518975258
1592  0.018042519688606262
1377  0.018041489645838737
1542  0.018040820956230164
1555  0.018039723858237267
1396  0.018034938722848892
1545  0.018031176179647446
1416  0.01802884414792061
1383  0.018028639256954193
1410  0.018026912584900856
1587  0.018022160977125168
1393  0.01802034117281437
1547  0.018019845709204674
1406  0.018017727881669998
1411  0.01801607571542263
1367  0.01801597699522972
1400  0.018014995381236076
1405  0.018008196726441383
1403  0.018007531762123108
1372  0.01800570823252201
1557  0.0180020984262228
1553  0.0180007703602314
1407  0.01799706183373928
1376  0.017996754497289658
1387  0.017996525391936302
1368  0.017995519563555717
1543  0.017994845286011696
1370  0.017991606146097183
1378  0.01798805221915245
1365  0.017980491742491722
1550  0.017975112423300743
1581  0.017974700778722763
1412  0.017973674461245537
1404  0.017969820648431778
1586  0.017960170283913612
1380  0.017951585352420807
1556  0.01795104704797268
1414  0.017944198101758957
1379  0.017940636724233627
1408  0.01793200895190239
1415  0.017903413623571396
1552  0.01790238916873932
1409  0.01789461076259613
1375  0.017859917134046555
178  0.015733344480395317
201  0.013875654898583889
180  0.01384825725108385
205  0.013836560770869255
220  0.013829569332301617
208  0.01381110493093729
179  0.01380500104278326
215  0.01380213350057602
219  0.013785268180072308
216  0.013777199201285839
211  0.013776389881968498
218  0.013768695294857025
206  0.013767944648861885
209  0.01376444660127163
202  0.013761463575065136
193  0.013752256520092487
221  0.013751862570643425
214  0.013750375248491764
210  0.013744983822107315
182  0.013741673901677132
186  0.013733254745602608
204  0.013726637698709965
181  0.013719836249947548
212  0.013718659989535809
203  0.013706961646676064
213  0.013700374402105808
217  0.013696078211069107
200  0.0136927030980587
207  0.013691595755517483
227  0.013686953112483025
185  0.01368423830717802
188  0.013683144003152847
226  0.01367985550314188
235  0.013678068295121193
230  0.013673526234924793
189  0.013671943917870522
190  0.013669276610016823
184  0.013668452389538288
233  0.013668298721313477
192  0.01366247609257698
236  0.013661087490618229
225  0.013658696785569191
187  0.013658609241247177
183  0.013656334951519966
223  0.013655922375619411
191  0.013651981018483639
224  0.013647422194480896
232  0.013644424267113209
194  0.013640748336911201
196  0.013638393953442574
234  0.013638278469443321
228  0.013635014183819294
197  0.013625629246234894
222  0.013606934808194637
199  0.01360634621232748
195  0.013599575497210026
231  0.013597836717963219
229  0.01359637826681137
198  0.013519023545086384
827  0.012852574698626995
650  0.012458878569304943
1122  0.011165693402290344
1594  0.011043589562177658
392  0.006970083341002464
397  0.006899374071508646
382  0.006889836397022009
379  0.006888942793011665
386  0.00687835831195116
357  0.006867660209536552
358  0.006865120492875576
398  0.006865009665489197
383  0.006843090057373047
381  0.006829059682786465
393  0.006823443807661533
385  0.006822565104812384
378  0.006822206545621157
391  0.006821156479418278
356  0.006817116402089596
380  0.006815641652792692
394  0.006806999444961548
396  0.006803448311984539
389  0.006802339572459459
367  0.006793215870857239
359  0.006783545017242432
402  0.006780326832085848
372  0.006779774557799101
399  0.006777116097509861
409  0.006776259746402502
360  0.006771337706595659
361  0.006770138628780842
405  0.006768741179257631
410  0.006763020996004343
404  0.006762873847037554
387  0.006762063596397638
401  0.006760395132005215
403  0.006756928283721209
370  0.006754535250365734
377  0.006753210909664631
365  0.006752221845090389
400  0.006748092360794544
371  0.006746082101017237
363  0.00674210861325264
362  0.006739647127687931
366  0.006739557720720768
384  0.006739359814673662
375  0.0067367395386099815
390  0.006734069902449846
395  0.006732574198395014
407  0.006727646104991436
364  0.006726693361997604
376  0.006724685896188021
369  0.006723622791469097
368  0.006713370326906443
408  0.006710928399115801
373  0.006708960514515638
374  0.006698193959891796
388  0.0066930633038282394
413  0.006684949155896902
406  0.006677079014480114
412  0.00666833994910121
411  0.006646597757935524
355  0.005367492325603962
1299  0.003566854866221547
1063  0.003097509266808629
333  0.002167304279282689
320  0.0021660197526216507
339  0.0021603484638035297
308  0.002158017363399267
324  0.0021576283033937216
338  0.002156787784770131
323  0.0021544655319303274
350  0.002152675297111273
327  0.0021488654892891645
321  0.00214411411434412
313  0.002143035177141428
328  0.002142815850675106
316  0.0021425681188702583
299  0.0021416018716990948
322  0.0021409548353403807
332  0.0021406228188425303
298  0.002140038413926959
326  0.002138555981218815
343  0.0021372868213802576
334  0.0021353329066187143
335  0.0021352232433855534
351  0.002135182498022914
317  0.002133355475962162
345  0.0021330388262867928
302  0.0021321731619536877
342  0.002130473731085658
340  0.0021298443898558617
330  0.0021295587066560984
337  0.0021290986333042383
346  0.0021289163269102573
297  0.002128630643710494
306  0.002128222491592169
344  0.002127248328179121
336  0.00212682643905282
319  0.00212613632902503
301  0.0021259847562760115
304  0.0021232266444712877
341  0.00212153815664351
349  0.002120270859450102
300  0.002119373995810747
307  0.0021180754993110895
305  0.002117761177942157
331  0.002117537660524249
311  0.002117352094501257
315  0.0021135371644049883
312  0.0021132214460521936
303  0.0021115215495228767
309  0.0021108314394950867
318  0.0021108314394950867
314  0.002110787434503436
348  0.002109203953295946
325  0.0021087483037263155
353  0.002106495900079608
354  0.002102442318573594
310  0.002099159639328718
347  0.0020989268086850643
329  0.002096615033224225
352  0.0020903830882161856
709  0.0012211924185976386
296  0.001093924161978066
946  0.0009929644875228405
988  0.0009924296755343676
982  0.0009858283447101712
985  0.0009849121561273932
975  0.0009848717600107193
976  0.0009843985317274928
970  0.0009841969003900886
969  0.0009841002756729722
994  0.0009827768662944436
981  0.0009824899025261402
968  0.0009823729051277041
974  0.0009815365774556994
948  0.000981103628873825
986  0.0009798486717045307
979  0.0009793423814699054
987  0.0009791922057047486
951  0.0009789891773834825
947  0.0009785812580958009
961  0.0009785168804228306
977  0.0009783784626051784
952  0.000978144002147019
999  0.0009776786901056767
978  0.000977476593106985
971  0.0009773108176887035
957  0.0009772558696568012
973  0.0009768346790224314
972  0.0009766774019226432
949  0.0009762838599272072
958  0.0009758667438291013
1003  0.000975194328930229
983  0.0009749411838129163
959  0.0009745910647325218
997  0.0009744800627231598
992  0.0009744340786710382
965  0.0009743186528794467
950  0.0009743129485286772
967  0.0009740164969116449
995  0.0009734046179801226
964  0.0009732275502756238
984  0.0009729726007208228
953  0.0009728836012072861
954  0.0009727815631777048
996  0.0009723498951643705
962  0.0009720507077872753
980  0.0009711370221339166
956  0.0009711086750030518
991  0.0009710018639452755
966  0.0009709792211651802
955  0.0009707978460937738
990  0.0009699223446659744
998  0.0009694793843664229
1001  0.0009693977190181613
993  0.0009690393344499171
963  0.0009686318226158619
1000  0.0009685307741165161
960  0.0009683352545835078
989  0.0009667698759585619
1002  0.000964099308475852
1272  0.0006676713819615543
1268  0.0006663326057605445
1241  0.0006659212522208691
1277  0.0006642589578405023
1265  0.0006629412528127432
1264  0.0006628133123740554
1246  0.0006623099907301366
1243  0.0006617384497076273
1281  0.0006613922887481749
1271  0.0006612699944525957
1283  0.0006612425786443055
1244  0.0006610230193473399
1253  0.0006609726697206497
1242  0.0006607390241697431
1270  0.0006607099785469472
1256  0.000660281628370285
1273  0.0006597312749363482
1248  0.0006596067687496543
1263  0.0006595661980099976
1295  0.0006595539744012058
1298  0.0006594998994842172
1245  0.0006594958249479532
1284  0.0006594178266823292
1267  0.0006594081642106175
1276  0.0006593578727915883
1254  0.0006592909339815378
1279  0.0006592042045667768
1274  0.0006591665442101657
1260  0.000659121957141906
1280  0.0006590952980332077
1293  0.000658720382489264
1266  0.0006586472154594958
1251  0.0006585066439583898
1278  0.0006583375507034361
1252  0.0006582023343071342
1294  0.000657872122246772
1249  0.0006576724117621779
1288  0.0006574926082976162
1255  0.0006573168793693185
1285  0.000657234457321465
1287  0.0006568662938661873
1282  0.0006568453391082585
1259  0.0006567692034877837
1269  0.0006567486561834812
1247  0.000656462274491787
1292  0.0006563678616657853
1290  0.000656119838822633
1262  0.0006560895126312971
1286  0.0006560835754498839
1261  0.0006560817128047347
1250  0.0006559882313013077
1289  0.0006558066233992577
1296  0.0006557213491760194
1258  0.0006556816515512764
1275  0.0006556694861501455
1297  0.0006555673317052424
1291  0.000653452065307647
1257  0.0006512893596664071
591  0.0006407986511476338
1181  0.0005007815198041499
1004  0.0004464889643713832
769  0.00039820795063860714
811  0.0003980827168561518
805  0.000396746676415205
798  0.00039670904516242445
799  0.00039655689033679664
808  0.00039631332037970424
792  0.00039596474380232394
804  0.0003959449240937829
793  0.0003959241439588368
797  0.0003956304572056979
817  0.00039557236596010625
771  0.00039511200156994164
809  0.00039510842179879546
784  0.0003950577520299703
775  0.00039503141306340694
810  0.00039489701157435775
802  0.0003948348748963326
791  0.000394496280932799
770  0.0003944889467675239
774  0.0003943236661143601
796  0.00039418970118276775
801  0.00039416979416273534
772  0.00039415532955899835
795  0.00039415439823642373
781  0.0003941305330954492
800  0.00039405666757375
822  0.0003939299494959414
794  0.0003938859445042908
773  0.00039381071110256016
780  0.00039372549508698285
806  0.00039336326881311834
826  0.00039324836689047515
815  0.00039316609036177397
776  0.00039314921014010906
790  0.00039313462912105024
803  0.0003931062819901854
782  0.00039310180000029504
820  0.0003930613165721297
807  0.00039306096732616425
777  0.0003930317470803857
778  0.000393022783100605
818  0.0003930118982680142
787  0.0003930064558517188
788  0.0003929519734811038
779  0.00039279877091757953
814  0.0003927118959836662
819  0.00039236166048794985
785  0.0003921819443348795
813  0.0003921664319932461
789  0.0003921226889360696
821  0.00039196459692902863
816  0.00039184768684208393
786  0.00039175411802716553
824  0.0003916732966899872
783  0.00039146983181126416
823  0.00039127771742641926
825  0.0003912003303412348
812  0.00039067238685674965
1653  0.0003108854580204934
1626  0.0001830572000471875
1595  0.00018252803420182317
1622  0.00018243269005324692
1635  0.00018220949277747422
1633  0.00018203114450443536
1625  0.00018197577446699142
1638  0.00018183875363320112
1637  0.00018179351172875613
1628  0.00018175433797296137
1636  0.00018170927069149911
1603  0.0001816360017983243
1627  0.00018162716878578067
1618  0.00018148157687392086
1632  0.0001814660063246265
1631  0.0001813841809052974
1610  0.0001812693808460608
1597  0.00018123103654943407
1624  0.00018122773326467723
1596  0.00018121165339834988
1619  0.0001811693364288658
1652  0.0001811138936318457
1644  0.00018110802921000868
1607  0.00018109161464963108
1600  0.00018102239118888974
1617  0.00018100978923030198
1601  0.00018096284475177526
1634  0.00018091659876517951
1629  0.0001809126406442374
1623  0.00018090831872541457
1630  0.0001809073000913486
1599  0.00018083796021528542
1649  0.00018081831512972713
1621  0.00018080467998515815
1641  0.000180787465069443
1651  0.00018076934793498367
1650  0.0001807622902560979
1608  0.00018074108811561018
1647  0.00018072902457788587
1614  0.00018064564210362732
1598  0.00018060533329844475
1648  0.0001805860665626824
1620  0.00018049533537123352
1643  0.00018046247714664787
1645  0.0001801706966944039
1639  0.0001801696780603379
1613  0.00018016125250142068
1616  0.0001801450998755172
1642  0.00018006404570769519
1604  0.00018003057630266994
1605  0.0001800168538466096
1612  0.00017976350500248373
1640  0.0001797016302589327
1611  0.0001796437136363238
1615  0.00017955724615603685
1609  0.00017953499627765268
1646  0.00017951906193047762
1606  0.00017945660511031747
1602  0.0001791852555470541
1047  0.00015522268950007856
1041  0.00015446571342181414
1005  0.00015441564028151333
1034  0.00015430524945259094
1033  0.0001538920623715967
1006  0.00015386843006126583
1027  0.00015379171236418188
1040  0.00015378789976239204
1044  0.0001537059579277411
1007  0.00015370537585113198
1053  0.00015366902516689152
1028  0.00015362215344794095
1035  0.00015359489771071821
1038  0.00015358200471382588
1042  0.0001535610790597275
1020  0.0001534512994112447
1045  0.00015345100837294012
1032  0.00015340697427745908
1029  0.00015338577213697135
1031  0.0001533712784294039
1015  0.0001533430622657761
1008  0.00015332727343775332
1037  0.0001532914611743763
1009  0.00015328444715123624
1046  0.0001532679161755368
1011  0.00015320567763410509
1021  0.0001531929592601955
1010  0.00015314608754124492
1030  0.00015312462346628308
1061  0.00015306082786992192
1036  0.00015304565022233874
1056  0.00015298553626053035
1039  0.00015294805052690208
1019  0.00015293886826839298
1023  0.00015292470925487578
1024  0.00015292063471861184
1018  0.00015290110604837537
1050  0.00015286188863683492
1059  0.0001528244320070371
1055  0.00015278378850780427
1057  0.00015278290084097534
1043  0.0001527208514744416
1026  0.0001526730920886621
1058  0.00015266203263308853
1025  0.00015260381042025983
1017  0.00015260162763297558
1016  0.00015259756764862686
1052  0.00015258970961440355
1054  0.00015257981431204826
1013  0.0001525078114354983
1048  0.00015250722935888916
1060  0.00015248978161253035
1014  0.0001523522805655375
1012  0.00015231873840093613
1022  0.0001523071259725839
1051  0.00015228053962346166
1062  0.00015226863615680486
1049  0.00015226368850562721
237  0.00010538243077462539
768  0.00010506716353120282
628  5.7635264965938404e-05
615  5.7505370932631195e-05
622  5.741019776905887e-05
625  5.7267374359071255e-05
634  5.725126902689226e-05
621  5.72285644011572e-05
616  5.7226268836529925e-05
626  5.719991531805135e-05
593  5.7199649745598435e-05
592  5.719048567698337e-05
599  5.7189117796951905e-05
617  5.7167853810824454e-05
598  5.7149976782966405e-05
594  5.7140656281262636e-05
618  5.7123168517136946e-05
633  5.709980905521661e-05
623  5.7050492614507675e-05
619  5.703999340767041e-05
602  5.701465124730021e-05
627  5.7009488955372944e-05
645  5.6912907894002274e-05
603  5.691171099897474e-05
632  5.690601028618403e-05
595  5.690432953997515e-05
597  5.690216494258493e-05
608  5.686110307578929e-05
620  5.685317955794744e-05
631  5.6840228353394195e-05
642  5.682370101567358e-05
630  5.682044502464123e-05
609  5.6800399761414155e-05
639  5.679969399352558e-05
637  5.6794659030856565e-05
624  5.678593515767716e-05
614  5.6785615015542135e-05
607  5.677028821082786e-05
641  5.676027649315074e-05
646  5.6740795116638765e-05
605  5.674008934875019e-05
629  5.666666038450785e-05
596  5.666206561727449e-05
613  5.6661148846615106e-05
648  5.665450225933455e-05
604  5.6641321862116456e-05
610  5.6634944485267624e-05
611  5.6628738093422726e-05
649  5.658128793584183e-05
640  5.6581018725410104e-05
635  5.656483699567616e-05
647  5.654509368469007e-05
600  5.6525954278185964e-05
601  5.650833190884441e-05
612  5.649168451782316e-05
636  5.64727233722806e-05
638  5.644951670547016e-05
606  5.644731572829187e-05
644  5.6393346312688664e-05
643  5.6331264204345644e-05
274  4.697970871347934e-05
240  4.6785313315922394e-05
268  4.676327807828784e-05
260  4.675369200413115e-05
264  4.6750661567784846e-05
239  4.6749322791583836e-05
279  4.672989234677516e-05
238  4.6706856664968655e-05
261  4.668788824346848e-05
267  4.6682274842169136e-05
273  4.667804387281649e-05
275  4.6663273678859696e-05
280  4.663916115532629e-05
278  4.663021900341846e-05
263  4.6624172682641074e-05
276  4.66174133180175e-05
262  4.659892510971986e-05
259  4.659390469896607e-05
241  4.658906254917383e-05
265  4.6587330871261656e-05
244  4.658368561649695e-05
266  4.656840974348597e-05
242  4.65504708699882e-05
271  4.6550332626793534e-05
251  4.654580698115751e-05
253  4.6531255065929145e-05
287  4.6529166866093874e-05
285  4.652126881410368e-05
252  4.6508273953804746e-05
245  4.650689515983686e-05
282  4.649399488698691e-05
286  4.6479141019517556e-05
289  4.647718742489815e-05
254  4.646961315302178e-05
270  4.646841262001544e-05
294  4.6463232138194144e-05
272  4.646287561627105e-05
248  4.6461991587420925e-05
283  4.64611075585708e-05
284  4.645893204724416e-05
277  4.6457076678052545e-05
243  4.644409636966884e-05
250  4.64390468550846e-05
247  4.643745342036709e-05
281  4.64332006231416e-05
292  4.643018837668933e-05
269  4.642146814148873e-05
246  4.641752821044065e-05
290  4.640694533009082e-05
255  4.6380846470128745e-05
249  4.637854726752266e-05
291  4.636594167095609e-05
256  4.635926597984508e-05
295  4.635484583559446e-05
288  4.6354489313671365e-05
258  4.6347773604793474e-05
293  4.626938607543707e-05
257  4.622677806764841e-05
746  2.0876910639344715e-05
733  2.0817307813558728e-05
1159  2.0807481632800773e-05
1123  2.079399382637348e-05
752  2.0787449102499522e-05
740  2.077694625768345e-05
710  2.077072531392332e-05
1154  2.0766268789884634e-05
734  2.0755556761287153e-05
1146  2.074853182421066e-05
1150  2.0732806660817005e-05
743  2.070899608952459e-05
1145  2.070386108243838e-05
1125  2.07002285605995e-05
1165  2.0697070794994943e-05
1126  2.0694187696790323e-05
739  2.0684443370555528e-05
1163  2.0676630811067298e-05
1162  2.0674286133726127e-05
1153  2.0671684978879057e-05
1128  2.0669220248237252e-05
736  2.0666775526478887e-05
711  2.0664214389398694e-05
1138  2.0656372726080008e-05
1135  2.0655761545640416e-05
712  2.0648611098295078e-05
744  2.0647154087782837e-05
735  2.064678119495511e-05
1158  2.0642470190068707e-05
1155  2.0636369299609214e-05
1156  2.0634932297980413e-05
1124  2.0632236555684358e-05
1152  2.0629224309232086e-05
1161  2.062527164525818e-05
1177  2.0624662283807993e-05
1160  2.062395287794061e-05
741  2.061665873043239e-05
1147  2.0616127585526556e-05
1137  2.0610408682841808e-05
717  2.060995393549092e-05
1148  2.060902988887392e-05
1149  2.0607754777302034e-05
737  2.0607143596862443e-05
1127  2.060635779344011e-05
1133  2.06041968340287e-05
1130  2.060058068309445e-05
749  2.0592489818227477e-05
716  2.0590958229149692e-05
751  2.059050530078821e-05
745  2.058267273241654e-05
1141  2.05815740628168e-05
1136  2.0579453121172264e-05
1174  2.0575036614900455e-05
1157  2.0572919311234728e-05
1166  2.057125311694108e-05
1170  2.05712130991742e-05
1171  2.05685446417192e-05
1164  2.0563895304803737e-05
738  2.056216908385977e-05
721  2.0559758922900073e-05
750  2.0558132746373303e-05
1131  2.0557816242217086e-05
726  2.055734694295097e-05
713  2.0554662114591338e-05
1151  2.055364166153595e-05
1175  2.055283766821958e-05
1180  2.0552526621031575e-05
1169  2.0547586245811544e-05
1134  2.0539240722428076e-05
715  2.053735988738481e-05
720  2.0535304429358803e-05
1167  2.053326716122683e-05
1142  2.0528979803202674e-05
1132  2.0528001186903566e-05
732  2.0527686501736753e-05
1168  2.0522968043223955e-05
763  2.0522833438008092e-05
1129  2.0521736587397754e-05
1176  2.0512461560429074e-05
1140  2.05097039724933e-05
742  2.0503406631178223e-05
1144  2.049683826044202e-05
1143  2.049443355645053e-05
1172  2.0482417312450707e-05
764  2.0476831195992418e-05
1178  2.0476813006098382e-05
1179  2.0475054043345153e-05
1173  2.0472458345466293e-05
758  2.0470095478231087e-05
748  2.046271947619971e-05
723  2.046191912086215e-05
757  2.0454719560802914e-05
1139  2.0453997422009706e-05
760  2.044890607066918e-05
725  2.044865323114209e-05
728  2.0436020349734463e-05
747  2.0432882593013346e-05
714  2.0429706637514755e-05
767  2.0426939954631962e-05
759  2.042561573034618e-05
755  2.0420533473952673e-05
766  2.0400153516675346e-05
727  2.039367609540932e-05
722  2.038642378465738e-05
731  2.0385101379361004e-05
765  2.0380688511068e-05
719  2.0372624931042083e-05
730  2.0370507627376355e-05
729  2.0369498088257387e-05
754  2.0361843780847266e-05
756  2.0351342755020596e-05
762  2.0329945982666686e-05
753  2.03266699827509e-05
724  2.0316785594332032e-05
718  2.0314442735980265e-05
761  2.0272638721507974e-05
1736  5.737148967455141e-06
1713  5.7331344578415155e-06
1715  5.7262654991063755e-06
1753  5.7209867918572854e-06
1745  5.712749498343328e-06
1714  5.7117140386253595e-06
1754  5.710706318495795e-06
1721  5.708109711122233e-06
1740  5.707908258045791e-06
1744  5.705518560716882e-06
1737  5.705225248675561e-06
1743  5.703968781745061e-06
1746  5.70350630368921e-06
1770  5.700036581401946e-06
1728  5.698890163330361e-06
1741  5.698178028978873e-06
1749  5.695358140656026e-06
1751  5.693701950804098e-06
1750  5.691524620488053e-06
1755  5.689782938134158e-06
1716  5.6897129070421215e-06
1738  5.686815256922273e-06
1756  5.6860562835936435e-06
1717  5.684988082066411e-06
1748  5.684944881068077e-06
1739  5.683952622348443e-06
1761  5.6829717323125806e-06
1722  5.6823591876309365e-06
1767  5.6818985285644885e-06
1725  5.681265065504704e-06
1771  5.677581611962523e-06
1747  5.675692591466941e-06
1735  5.674977728631347e-06
1762  5.674977728631347e-06
1723  5.67372217119555e-06
1768  5.673684427165426e-06
1742  5.672965471603675e-06
1765  5.671520284522558e-06
1718  5.670590326189995e-06
1724  5.669476195180323e-06
1760  5.669341589964461e-06
1726  5.6674275583645795e-06
1769  5.666876404575305e-06
1731  5.666741344612092e-06
1729  5.666378910973435e-06
1752  5.666308879881399e-06
1763  5.665541266353102e-06
1758  5.6648987083463e-06
1759  5.66470407648012e-06
1720  5.663175670633791e-06
1719  5.6618036978761666e-06
1766  5.656498615280725e-06
1727  5.654486813000403e-06
1732  5.654211690853117e-06
1757  5.6470721574441995e-06
1764  5.640424660668941e-06
1734  5.638939910568297e-06
1730  5.638934908347437e-06
1733  5.624535788228968e-06
