310  0.20854529738426208
359  0.20818962156772614
453  0.20812445878982544
316  0.20811203122138977
771  0.20803984999656677
614  0.2080366313457489
169  0.2079933136701584
859  0.20790913701057434
195  0.20785914361476898
874  0.20780974626541138
879  0.20776915550231934
370  0.20776499807834625
757  0.2077241688966751
356  0.20770792663097382
416  0.20770692825317383
514  0.20770029723644257
709  0.20769716799259186
498  0.20767515897750854
206  0.20766957104206085
427  0.2076677680015564
463  0.20766517519950867
299  0.2076616734266281
87  0.2076450139284134
383  0.2076358050107956
623  0.20763030648231506
446  0.20761607587337494
62  0.20761226117610931
778  0.20760512351989746
409  0.20760224759578705
261  0.20759795606136322
849  0.2075960636138916
633  0.20759260654449463
697  0.20758886635303497
492  0.20758624374866486
69  0.2075807750225067
478  0.20758046209812164
928  0.20757339894771576
431  0.20755669474601746
454  0.20755665004253387
606  0.20754404366016388
510  0.20753730833530426
887  0.2075272798538208
812  0.2075234055519104
140  0.20752264559268951
500  0.20751670002937317
669  0.20750349760055542
698  0.20750102400779724
566  0.20749853551387787
547  0.2074967324733734
720  0.2074947953224182
657  0.20749306678771973
480  0.20748822391033173
799  0.20748066902160645
738  0.20746906101703644
461  0.2074590027332306
426  0.20744387805461884
935  0.2074437290430069
45  0.2074284702539444
772  0.2074277549982071
479  0.20742452144622803
645  0.20742422342300415
109  0.20742204785346985
85  0.20742200314998627
741  0.20741845667362213
682  0.20741605758666992
489  0.20740389823913574
96  0.20739313960075378
410  0.20739060640335083
714  0.20738793909549713
628  0.2073853313922882
256  0.20737570524215698
501  0.20736956596374512
97  0.20736923813819885
138  0.2073686122894287
152  0.20736396312713623
240  0.20735645294189453
693  0.2073468565940857
929  0.2073443979024887
552  0.2073439359664917
619  0.20734068751335144
31  0.2073393017053604
292  0.20733673870563507
785  0.20733661949634552
774  0.2073347121477127
494  0.20733192563056946
516  0.2073267549276352
844  0.20732510089874268
687  0.2073248326778412
609  0.2073189616203308
127  0.20731741189956665
716  0.2073172926902771
599  0.20731677114963531
365  0.20730999112129211
269  0.20730683207511902
781  0.20730458199977875
460  0.20730207860469818
249  0.2072959542274475
632  0.20729348063468933
621  0.20729157328605652
16  0.20729027688503265
776  0.20728880167007446
457  0.2072828859090805
840  0.2072763890028
804  0.20726712048053741
740  0.20726531744003296
28  0.20726299285888672
558  0.20725393295288086
627  0.20725254714488983
380  0.2072511464357376
182  0.2072494775056839
563  0.20724931359291077
862  0.20724748075008392
607  0.20723284780979156
519  0.20723238587379456
15  0.20723165571689606
847  0.20722460746765137
806  0.20722448825836182
517  0.20722027122974396
902  0.20721928775310516
81  0.20721924304962158
361  0.20721764862537384
44  0.20721301436424255
301  0.20720139145851135
371  0.20720110833644867
705  0.20719948410987854
675  0.20719477534294128
955  0.20719324052333832
871  0.20718993246555328
464  0.2071860432624817
752  0.2071821093559265
98  0.20717813074588776
717  0.20717601478099823
921  0.20717044174671173
662  0.20716911554336548
438  0.2071681022644043
600  0.20716552436351776
695  0.2071637362241745
52  0.20716042816638947
582  0.20715971291065216
399  0.20715700089931488
226  0.20715513825416565
762  0.20715214312076569
638  0.20714789628982544
107  0.20713922381401062
364  0.20713810622692108
251  0.20713749527931213
320  0.20713648200035095
271  0.20713315904140472
764  0.20713315904140472
176  0.20712538063526154
881  0.20712247490882874
581  0.2071174532175064
548  0.2071153223514557
247  0.2071121335029602
126  0.20710721611976624
540  0.20710544288158417
456  0.2071046084165573
321  0.20709848403930664
434  0.2070927768945694
20  0.20708897709846497
591  0.2070874273777008
402  0.2070814073085785
677  0.207076296210289
843  0.20707450807094574
238  0.2070714384317398
557  0.20706914365291595
915  0.20706766843795776
640  0.20706477761268616
725  0.20706447958946228
303  0.20706158876419067
531  0.20706027746200562
273  0.20705851912498474
768  0.20705774426460266
976  0.20704896748065948
9  0.20704375207424164
428  0.20704016089439392
91  0.20703844726085663
787  0.20703643560409546
888  0.20703500509262085
66  0.20702393352985382
495  0.20702046155929565
343  0.2070203721523285
572  0.2070196121931076
906  0.20701958239078522
608  0.2070193886756897
545  0.20701691508293152
474  0.20701493322849274
159  0.20701350271701813
95  0.20700891315937042
679  0.20700880885124207
433  0.2069961130619049
504  0.20699335634708405
155  0.20699332654476166
703  0.20698800683021545
113  0.20698674023151398
761  0.20698294043540955
136  0.2069827765226364
472  0.20697754621505737
462  0.20697656273841858
722  0.20697571337223053
347  0.20697490870952606
408  0.20697186887264252
603  0.2069701999425888
17  0.2069648802280426
723  0.2069629430770874
897  0.20694781839847565
922  0.20694662630558014
473  0.2069425880908966
391  0.20694001019001007
601  0.2069363296031952
964  0.20693175494670868
661  0.20693102478981018
509  0.20693032443523407
268  0.2069300413131714
468  0.2069275975227356
313  0.20692649483680725
736  0.2069232314825058
626  0.20692060887813568
76  0.20692016184329987
788  0.2069188505411148
341  0.2069176733493805
180  0.20691350102424622
523  0.20691120624542236
909  0.20690955221652985
246  0.2069084495306015
543  0.2069084495306015
252  0.206904798746109
216  0.20690420269966125
962  0.20690394937992096
394  0.20690220594406128
702  0.20690162479877472
710  0.20689961314201355
798  0.2068992555141449
934  0.20689897239208221
99  0.20689530670642853
323  0.20689432322978973
644  0.20689362287521362
537  0.2068934291601181
41  0.20688925683498383
330  0.20688676834106445
753  0.20688578486442566
594  0.2068857103586197
518  0.20688383281230927
620  0.20688223838806152
135  0.206881582736969
630  0.2068798691034317
574  0.2068793773651123
700  0.20687235891819
553  0.20686423778533936
357  0.2068641632795334
819  0.20686203241348267
602  0.20686043798923492
146  0.20686015486717224
362  0.20685864984989166
260  0.2068573385477066
612  0.20685097575187683
483  0.20684827864170074
2  0.2068462371826172
954  0.20684505999088287
818  0.20684468746185303
642  0.20684313774108887
30  0.20683638751506805
939  0.20683391392230988
78  0.2068300098180771
445  0.20682848989963531
631  0.20682574808597565
439  0.2068236619234085
477  0.20682293176651
172  0.20681531727313995
584  0.2068137228488922
193  0.2068132758140564
311  0.20681323111057281
108  0.2068128138780594
850  0.20680850744247437
245  0.20680636167526245
406  0.20680607855319977
467  0.20680458843708038
907  0.20680290460586548
754  0.20680254697799683
639  0.2068016082048416
503  0.20679871737957
486  0.20679663121700287
544  0.2067965716123581
400  0.20679467916488647
727  0.20679451525211334
688  0.20679059624671936
229  0.2067892998456955
476  0.2067892998456955
189  0.20678868889808655
712  0.20678704977035522
196  0.2067812830209732
890  0.20677930116653442
821  0.20676358044147491
674  0.20676344633102417
307  0.20676112174987793
36  0.20675896108150482
526  0.2067563533782959
244  0.20674823224544525
532  0.2067471444606781
481  0.2067442387342453
878  0.20674362778663635
561  0.2067430168390274
129  0.2067415565252304
672  0.2067384570837021
969  0.20673678815364838
650  0.20673644542694092
23  0.20673102140426636
327  0.2067297101020813
573  0.20672889053821564
225  0.20672760903835297
163  0.20672737061977386
505  0.20672626793384552
801  0.206724613904953
235  0.20672455430030823
77  0.20672211050987244
691  0.20671893656253815
883  0.20671840012073517
676  0.20671726763248444
139  0.20671607553958893
167  0.20671574771404266
285  0.20671400427818298
221  0.20671388506889343
40  0.20671218633651733
613  0.20671066641807556
867  0.20670413970947266
288  0.20670408010482788
588  0.2067025750875473
541  0.20670123398303986
748  0.2067008763551712
827  0.20669998228549957
217  0.2066999077796936
803  0.20669932663440704
293  0.20669099688529968
187  0.20668931305408478
137  0.2066885381937027
166  0.20668841898441315
732  0.20668543875217438
846  0.20668475329875946
539  0.206682950258255
937  0.206682950258255
747  0.20667998492717743
636  0.20667965710163116
597  0.20667912065982819
565  0.2066774070262909
121  0.20667587220668793
734  0.20667052268981934
848  0.2066699117422104
699  0.20666645467281342
880  0.20666518807411194
869  0.2066647857427597
670  0.20666368305683136
721  0.2066633254289627
903  0.20666185021400452
856  0.20665651559829712
735  0.206655353307724
511  0.20665444433689117
360  0.20665346086025238
605  0.2066517472267151
382  0.20665045082569122
490  0.20664532482624054
286  0.20664502680301666
447  0.2066439539194107
242  0.20663969218730927
651  0.2066393792629242
332  0.2066388875246048
899  0.2066354602575302
793  0.20663513243198395
348  0.2066340446472168
649  0.20662745833396912
917  0.2066265493631363
72  0.20662462711334229
886  0.2066216766834259
570  0.2066170573234558
367  0.20661091804504395
80  0.20660944283008575
681  0.2066078931093216
870  0.20660735666751862
161  0.20660710334777832
71  0.20660269260406494
353  0.20660240948200226
35  0.2065969556570053
280  0.2065957933664322
194  0.2065953016281128
711  0.20659446716308594
663  0.20659172534942627
379  0.2065906822681427
484  0.20658941566944122
678  0.20658941566944122
924  0.2065882384777069
413  0.20658761262893677
90  0.2065865844488144
191  0.20658628642559052
864  0.20658139884471893
88  0.20658083260059357
895  0.20657800137996674
411  0.20657765865325928
369  0.20657393336296082
653  0.20657216012477875
120  0.20657196640968323
625  0.20656579732894897
419  0.20656423270702362
515  0.20656336843967438
925  0.2065623551607132
491  0.20655997097492218
329  0.2065586894750595
592  0.20655621588230133
112  0.2065560519695282
569  0.20655511319637299
622  0.20655275881290436
263  0.20654408633708954
637  0.20654335618019104
487  0.20654334127902985
4  0.20653952658176422
779  0.20653928816318512
93  0.20653866231441498
777  0.20653754472732544
892  0.20653627812862396
972  0.2065354287624359
611  0.2065325379371643
792  0.20652535557746887
829  0.20652185380458832
580  0.20651841163635254
655  0.2065122425556183
586  0.2065102905035019
598  0.20651008188724518
666  0.20650985836982727
624  0.2065078616142273
458  0.20650561153888702
948  0.20650532841682434
713  0.20649902522563934
122  0.20649825036525726
667  0.20649585127830505
551  0.20649540424346924
466  0.20649012923240662
415  0.20648637413978577
27  0.20648477971553802
802  0.20648421347141266
527  0.2064840942621231
852  0.20648235082626343
596  0.20648153126239777
560  0.20647844672203064
763  0.20647743344306946
587  0.20647618174552917
593  0.20647482573986053
328  0.20647437870502472
502  0.20647260546684265
86  0.20647002756595612
577  0.20646639168262482
219  0.20646598935127258
496  0.2064654529094696
149  0.20646457374095917
243  0.20646332204341888
508  0.20646055042743683
374  0.20645751059055328
199  0.20645485818386078
354  0.2064540982246399
284  0.20645321905612946
440  0.20645210146903992
381  0.20645098388195038
73  0.20644892752170563
851  0.20644859969615936
635  0.20644767582416534
528  0.20644623041152954
571  0.20644614100456238
794  0.20644600689411163
835  0.20644567906856537
204  0.20644479990005493
437  0.20644406974315643
910  0.20644326508045197
534  0.20644043385982513
684  0.20643974840641022
967  0.20643873512744904
865  0.20643796026706696
61  0.2064354121685028
920  0.20642982423305511
68  0.20642970502376556
894  0.20642758905887604
79  0.20642487704753876
49  0.20642349123954773
47  0.20642222464084625
643  0.20642170310020447
5  0.2064201384782791
944  0.2064194679260254
841  0.206412672996521
968  0.20641028881072998
84  0.20640958845615387
326  0.2064056247472763
55  0.20640461146831512
231  0.2064020335674286
783  0.20639988780021667
278  0.20639930665493011
823  0.2063906192779541
951  0.20638808608055115
536  0.2063879519701004
750  0.20638629794120789
224  0.20638607442378998
938  0.20638546347618103
952  0.20638355612754822
177  0.20638200640678406
64  0.20638196170330048
174  0.20638076961040497
318  0.20638054609298706
38  0.20637468993663788
164  0.20637445151805878
389  0.2063738852739334
395  0.2063719779253006
760  0.20636923611164093
298  0.2063683569431305
533  0.20636683702468872
334  0.20636633038520813
647  0.2063656598329544
254  0.2063639760017395
525  0.20636136829853058
947  0.20636096596717834
144  0.20635885000228882
718  0.20635879039764404
418  0.2063579261302948
355  0.2063576728105545
811  0.2063518762588501
388  0.20635178685188293
368  0.20635166764259338
337  0.206351175904274
658  0.20634981989860535
277  0.20634739100933075
641  0.20634725689888
157  0.2063470333814621
234  0.20634421706199646
435  0.2063438445329666
926  0.20634375512599945
230  0.2063428908586502
916  0.20634113252162933
784  0.20633980631828308
759  0.20633843541145325
825  0.20633676648139954
469  0.20633463561534882
891  0.20633339881896973
65  0.2063312828540802
564  0.20633083581924438
471  0.2063286453485489
671  0.20632843673229218
521  0.2063150852918625
961  0.20631273090839386
162  0.20631176233291626
629  0.20630931854248047
696  0.20630595088005066
181  0.20630522072315216
455  0.20630477368831635
74  0.20630355179309845
942  0.20630262792110443
168  0.2063010036945343
820  0.20629601180553436
610  0.2062959223985672
432  0.20629572868347168
686  0.20629365742206573
296  0.20629321038722992
857  0.20629321038722992
535  0.20629309117794037
708  0.20629222691059113
815  0.2062920778989792
83  0.20629198849201202
75  0.20628975331783295
171  0.20628607273101807
214  0.20628391206264496
173  0.20628371834754944
767  0.206283301115036
660  0.20627917349338531
294  0.20627844333648682
839  0.20626965165138245
524  0.206269308924675
726  0.20626921951770782
836  0.20626913011074066
315  0.20626863837242126
549  0.20626232028007507
281  0.20626145601272583
824  0.20626044273376465
900  0.2062588334083557
943  0.20625703036785126
342  0.20625504851341248
742  0.2062510848045349
506  0.20624974370002747
706  0.206247478723526
264  0.2062450498342514
568  0.2062438726425171
884  0.20624381303787231
133  0.20624375343322754
863  0.20624354481697083
43  0.20624220371246338
529  0.2062395215034485
110  0.20623697340488434
838  0.2062368541955948
595  0.20623600482940674
905  0.20623445510864258
344  0.2062343806028366
775  0.20623348653316498
274  0.2062329202890396
106  0.2062317430973053
497  0.20623010396957397
530  0.20622915029525757
156  0.20622467994689941
51  0.20622344315052032
223  0.2062160074710846
589  0.2062133401632309
188  0.20621243119239807
363  0.20621198415756226
756  0.2062118649482727
971  0.20621101558208466
739  0.2062102109193802
901  0.20620906352996826
868  0.2062082141637802
604  0.2062075287103653
896  0.20620501041412354
770  0.2062041163444519
115  0.20620229840278625
459  0.20620132982730865
272  0.20620128512382507
227  0.20620112121105194
378  0.20619580149650574
170  0.20618851482868195
373  0.2061849981546402
452  0.2061844766139984
769  0.20618316531181335
279  0.20618267357349396
345  0.20618149638175964
322  0.20617976784706116
150  0.20617902278900146
250  0.20617881417274475
790  0.20617857575416565
185  0.2061762511730194
94  0.2061726599931717
858  0.2061721682548523
145  0.20617002248764038
567  0.20616808533668518
520  0.2061641663312912
375  0.20616281032562256
309  0.2061619609594345
143  0.20615838468074799
719  0.20615758001804352
58  0.20615652203559875
946  0.20615437626838684
207  0.20615294575691223
690  0.20615173876285553
451  0.20615121722221375
914  0.2061510682106018
656  0.20614969730377197
111  0.20614716410636902
499  0.2061470001935959
648  0.206145778298378
845  0.20614442229270935
124  0.2061438262462616
932  0.20614378154277802
745  0.20614318549633026
832  0.20614108443260193
349  0.20614080131053925
689  0.2061397135257721
744  0.2061367630958557
733  0.20613370835781097
63  0.2061333805322647
414  0.20613321661949158
542  0.2061326503753662
1  0.20613257586956024
441  0.2061319202184677
290  0.20613111555576324
889  0.20613062381744385
11  0.20613059401512146
876  0.2061290144920349
390  0.20612628757953644
385  0.2061253786087036
673  0.20611600577831268
417  0.2061118334531784
412  0.2061101347208023
424  0.2061067521572113
766  0.2061053067445755
853  0.20610453188419342
694  0.20610307157039642
842  0.20609983801841736
654  0.20609882473945618
60  0.20609740912914276
485  0.20609432458877563
731  0.20609290897846222
147  0.20609226822853088
800  0.2060917764902115
444  0.20608319342136383
248  0.2060830444097519
266  0.20608225464820862
949  0.2060803472995758
634  0.2060789316892624
576  0.20607824623584747
475  0.20607633888721466
554  0.20606791973114014
470  0.20606684684753418
325  0.2060645967721939
782  0.20606042444705963
376  0.20606017112731934
67  0.2060588300228119
32  0.2060578167438507
715  0.20605209469795227
13  0.20604828000068665
209  0.20604486763477325
222  0.20603877305984497
3  0.20603765547275543
183  0.20603132247924805
615  0.20602907240390778
324  0.20602817833423615
350  0.20602641999721527
141  0.2060251086950302
837  0.20602095127105713
966  0.20601679384708405
773  0.2060161828994751
646  0.20601476728916168
912  0.20601476728916168
241  0.20601211488246918
70  0.20601138472557068
908  0.20601022243499756
118  0.20600958168506622
372  0.20600703358650208
465  0.20600606501102448
507  0.2059934288263321
190  0.20598867535591125
386  0.20597679913043976
429  0.2059767246246338
119  0.2059764862060547
265  0.2059764862060547
737  0.2059730440378189
54  0.20597243309020996
958  0.20596672594547272
430  0.2059645652770996
973  0.20596173405647278
556  0.20596161484718323
312  0.20596155524253845
103  0.2059587985277176
743  0.20595665276050568
442  0.20595580339431763
192  0.20595552027225494
33  0.20594723522663116
262  0.20594431459903717
186  0.20593760907649994
538  0.20593620836734772
780  0.2059359848499298
377  0.20593440532684326
26  0.20593015849590302
134  0.2059299200773239
977  0.20592918992042542
7  0.20592765510082245
578  0.20592539012432098
488  0.20592522621154785
102  0.2059250921010971
877  0.20592449605464935
449  0.20592109858989716
39  0.20592086017131805
131  0.20591916143894196
831  0.20591892302036285
351  0.20591863989830017
283  0.2059178650379181
392  0.20591558516025543
259  0.2059154212474823
339  0.20591451227664948
555  0.2059118002653122
685  0.2059115171432495
970  0.20591135323047638
957  0.20591126382350922
160  0.20590832829475403
559  0.20590832829475403
945  0.20590808987617493
114  0.20590545237064362
14  0.20589792728424072
930  0.20589666068553925
758  0.2058955878019333
308  0.2058953493833542
154  0.20589213073253632
953  0.20588834583759308
797  0.20588581264019012
401  0.2058824896812439
828  0.2058783322572708
208  0.20587767660617828
665  0.20587708055973053
302  0.20587630569934845
319  0.20586875081062317
123  0.2058650106191635
101  0.2058643400669098
936  0.2058642953634262
562  0.2058635801076889
795  0.2058633714914322
959  0.20585966110229492
833  0.20585565268993378
830  0.20585331320762634
975  0.2058526575565338
729  0.20585039258003235
807  0.20584861934185028
960  0.20584793388843536
366  0.20584717392921448
215  0.2058471292257309
237  0.20584441721439362
482  0.20583884418010712
18  0.20583787560462952
255  0.20583665370941162
340  0.20582449436187744
875  0.2058202177286148
297  0.2058180421590805
21  0.20581646263599396
659  0.20581164956092834
872  0.2058098018169403
352  0.2058088481426239
336  0.20580437779426575
19  0.2058015912771225
974  0.2057977020740509
965  0.2057957947254181
585  0.20579184591770172
866  0.205778568983078
305  0.20577582716941833
287  0.20576924085617065
384  0.20576921105384827
805  0.20576900243759155
749  0.20576517283916473
151  0.20576269924640656
42  0.2057606428861618
393  0.20575971901416779
405  0.20575931668281555
704  0.20575712621212006
346  0.20575466752052307
34  0.2057536542415619
59  0.20575253665447235
493  0.20575156807899475
213  0.20575140416622162
53  0.20574824512004852
575  0.20574744045734406
860  0.2057397961616516
57  0.20573793351650238
885  0.2057374268770218
873  0.20573723316192627
450  0.20573706924915314
317  0.20573581755161285
652  0.2057340443134308
198  0.20573189854621887
314  0.2057289183139801
448  0.2057255655527115
257  0.20572447776794434
420  0.20572420954704285
197  0.20572276413440704
117  0.20571526885032654
236  0.20571288466453552
25  0.20571179687976837
618  0.2057114839553833
583  0.20571042597293854
861  0.20570950210094452
436  0.20570829510688782
810  0.20570483803749084
683  0.2057037651538849
809  0.2057027369737625
89  0.20570260286331177
153  0.20570017397403717
218  0.20569558441638947
898  0.20569297671318054
24  0.20569287240505219
179  0.20569036900997162
158  0.20568925142288208
425  0.20568625628948212
82  0.20568408071994781
396  0.20568214356899261
331  0.20568028092384338
834  0.20567552745342255
822  0.2056734263896942
791  0.2056722640991211
130  0.20566794276237488
358  0.2056678682565689
808  0.20566241443157196
201  0.20566047728061676
397  0.20565785467624664
29  0.2056557536125183
617  0.20565567910671234
904  0.20565514266490936
10  0.2056516855955124
398  0.20564717054367065
786  0.20564579963684082
203  0.2056429088115692
522  0.20564256608486176
253  0.20564088225364685
142  0.20563781261444092
941  0.20563581585884094
765  0.2056347131729126
403  0.20562829077243805
105  0.2056233435869217
178  0.20561940968036652
616  0.20561741292476654
816  0.2056138813495636
590  0.20561012625694275
796  0.20560798048973083
512  0.20559950172901154
421  0.20559708774089813
22  0.205593079328537
422  0.20557431876659393
407  0.2055734246969223
100  0.20556676387786865
125  0.20556344091892242
956  0.20555715262889862
211  0.20555485785007477
746  0.20555388927459717
404  0.2055538445711136
826  0.20555360615253448
933  0.2055523544549942
814  0.20555195212364197
423  0.2055455893278122
104  0.20554405450820923
258  0.20552872121334076
128  0.2055162936449051
8  0.20551146566867828
813  0.20550595223903656
680  0.20550356805324554
927  0.20549876987934113
668  0.20548953115940094
48  0.20548182725906372
387  0.20547199249267578
579  0.2054709941148758
202  0.2054637372493744
300  0.20546217262744904
443  0.2054583877325058
210  0.20545552670955658
707  0.20545440912246704
12  0.2054508626461029
233  0.20543931424617767
184  0.20543840527534485
918  0.20543606579303741
205  0.20543202757835388
913  0.20542317628860474
220  0.20541295409202576
931  0.20540685951709747
56  0.20540377497673035
276  0.20539186894893646
306  0.2053857445716858
46  0.20538330078125
950  0.20535852015018463
50  0.20535531640052795
37  0.20535516738891602
730  0.2053520828485489
304  0.20535075664520264
333  0.2053501158952713
550  0.20533226430416107
755  0.20531827211380005
940  0.20531490445137024
923  0.20531438291072845
724  0.20531058311462402
751  0.205305278301239
6  0.205303356051445
165  0.20528842508792877
817  0.20528699457645416
175  0.20527924597263336
335  0.20526409149169922
882  0.20524564385414124
295  0.20524409413337708
267  0.20523661375045776
338  0.2052268534898758
92  0.20522479712963104
148  0.20522046089172363
291  0.20521321892738342
701  0.20520515739917755
855  0.20519530773162842
854  0.2051766961812973
232  0.20517641305923462
513  0.20517094433307648
282  0.2051500380039215
212  0.2051212638616562
728  0.20505176484584808
228  0.20503781735897064
789  0.20503415167331696
911  0.20502737164497375
664  0.20496493577957153
546  0.2049638330936432
893  0.20495620369911194
116  0.2049279659986496
919  0.204925075173378
239  0.20492400228977203
132  0.2049071192741394
275  0.2048623412847519
963  0.2048591822385788
270  0.2048572599887848
692  0.20485232770442963
200  0.20479145646095276
289  0.20475612580776215
