1237  0.16379965841770172
278  0.1637290120124817
1052  0.16355392336845398
1166  0.16344133019447327
254  0.1634027659893036
650  0.16339531540870667
621  0.16331900656223297
290  0.16327592730522156
917  0.16325028240680695
1765  0.16324391961097717
1084  0.16323955357074738
1317  0.16322042047977448
1111  0.16321317851543427
608  0.16319076716899872
883  0.163173645734787
865  0.16317231953144073
19  0.16316625475883484
270  0.1631532609462738
1018  0.1631329208612442
92  0.16311611235141754
41  0.1631135791540146
998  0.16311001777648926
478  0.16310462355613708
83  0.16309931874275208
1775  0.16309446096420288
1171  0.16309359669685364
1236  0.16309116780757904
1620  0.16307805478572845
1128  0.1630692183971405
966  0.16305039823055267
694  0.16304969787597656
1006  0.16304273903369904
11  0.16302378475666046
49  0.16302070021629333
1638  0.16302046179771423
804  0.16299818456172943
299  0.162997767329216
1057  0.16299574077129364
336  0.16298158466815948
1285  0.16297665238380432
1125  0.16297177970409393
4  0.16297145187854767
832  0.1629703789949417
1689  0.16296733915805817
282  0.1629372090101242
1262  0.16293586790561676
1473  0.1629352867603302
460  0.16293485462665558
781  0.16293174028396606
160  0.1629278063774109
1122  0.16291449964046478
208  0.162910595536232
167  0.16290786862373352
25  0.16290174424648285
102  0.16290122270584106
1037  0.16290007531642914
1668  0.16289979219436646
777  0.1628982424736023
1398  0.1628909409046173
150  0.1628885567188263
495  0.16288723051548004
1625  0.16288359463214874
48  0.16288235783576965
1030  0.16287559270858765
1099  0.16286948323249817
1145  0.1628658026456833
1063  0.16286253929138184
1602  0.1628604382276535
901  0.16285856068134308
859  0.1628582924604416
704  0.16285325586795807
875  0.16285043954849243
1413  0.16284897923469543
1455  0.1628432422876358
716  0.1628362238407135
838  0.16283616423606873
24  0.16283486783504486
1729  0.1628330945968628
1133  0.1628330647945404
420  0.16282722353935242
191  0.16282342374324799
56  0.16282203793525696
1330  0.1628207415342331
686  0.16281871497631073
1180  0.16281002759933472
1212  0.16280800104141235
542  0.16279911994934082
1421  0.16279718279838562
1019  0.1627965122461319
62  0.16278275847434998
715  0.16278187930583954
257  0.16278168559074402
1038  0.16278019547462463
1211  0.16277673840522766
277  0.16276822984218597
1235  0.16275516152381897
605  0.16275478899478912
700  0.16275382041931152
396  0.16275319457054138
452  0.16275030374526978
1107  0.16274385154247284
1295  0.16274191439151764
867  0.1627379059791565
402  0.16273628175258636
464  0.16273415088653564
1665  0.16272254288196564
1008  0.16271960735321045
698  0.1627179980278015
591  0.1627175509929657
1763  0.16271649301052094
880  0.1627134084701538
768  0.16271188855171204
744  0.1627015918493271
922  0.16270051896572113
1310  0.16269844770431519
89  0.16269411146640778
711  0.1626899540424347
113  0.16268706321716309
385  0.16268590092658997
1087  0.16268473863601685
1157  0.16268372535705566
1326  0.1626826673746109
839  0.1626826524734497
1397  0.1626783013343811
680  0.16267475485801697
981  0.16267129778862
761  0.1626681685447693
695  0.16266660392284393
982  0.1626610904932022
1248  0.16265980899333954
139  0.16265767812728882
949  0.1626565158367157
1753  0.16265593469142914
1278  0.1626550853252411
101  0.16265203058719635
830  0.1626514494419098
53  0.16265065968036652
892  0.1626499444246292
1250  0.16264943778514862
826  0.1626465618610382
532  0.16264653205871582
1584  0.1626451164484024
1116  0.1626385897397995
510  0.1626364141702652
1395  0.1626364141702652
942  0.16263316571712494
301  0.16263151168823242
229  0.16262978315353394
158  0.162624329328537
1611  0.16262340545654297
28  0.16262324154376984
578  0.1626226156949997
968  0.16262176632881165
126  0.162618488073349
1147  0.1626162827014923
1523  0.16261222958564758
1612  0.16261053085327148
456  0.16260631382465363
1200  0.16260504722595215
361  0.16260471940040588
470  0.16259996592998505
333  0.16259463131427765
1527  0.16259442269802094
722  0.16259373724460602
1220  0.1625915765762329
1549  0.16258996725082397
1153  0.162589892745018
163  0.16258984804153442
916  0.16258952021598816
773  0.1625884622335434
1119  0.16258753836154938
31  0.16258752346038818
1504  0.16258615255355835
701  0.16258203983306885
325  0.16257962584495544
1213  0.16257904469966888
2  0.16257816553115845
676  0.1625770628452301
288  0.16257598996162415
897  0.16257533431053162
39  0.1625748574733734
1260  0.1625703126192093
1004  0.16256491839885712
1418  0.1625613272190094
924  0.16255946457386017
1096  0.1625555008649826
1663  0.1625548154115677
1120  0.16255085170269012
1217  0.1625506728887558
1272  0.16255058348178864
1437  0.16254554688930511
45  0.1625453382730484
1249  0.16253775358200073
1175  0.16253544390201569
551  0.1625344157218933
684  0.16253408789634705
22  0.16253335773944855
115  0.16253332793712616
688  0.1625298708677292
1459  0.1625298112630844
640  0.16252943873405457
1020  0.16252900660037994
763  0.1625230610370636
177  0.16251859068870544
1313  0.16251537203788757
1140  0.16251517832279205
953  0.1625148057937622
920  0.16251428425312042
138  0.1625136435031891
668  0.1625109314918518
829  0.1625104546546936
969  0.16250833868980408
1674  0.16250759363174438
1130  0.1625066101551056
873  0.16250647604465485
471  0.16250622272491455
1126  0.16250412166118622
416  0.16250410676002502
699  0.1625036895275116
927  0.16250234842300415
186  0.16249948740005493
133  0.16249895095825195
841  0.1624957025051117
1089  0.1624956876039505
1040  0.16249538958072662
958  0.16249486804008484
1075  0.16249483823776245
196  0.1624889373779297
1050  0.1624889373779297
1047  0.1624864935874939
816  0.1624845415353775
1559  0.16247938573360443
1324  0.1624763309955597
511  0.1624758094549179
910  0.16247527301311493
1239  0.16247472167015076
1014  0.1624731868505478
914  0.1624717265367508
1664  0.16247141361236572
1690  0.16247065365314484
822  0.16246822476387024
1386  0.16246706247329712
1003  0.1624639630317688
1736  0.1624634712934494
3  0.16246329247951508
1615  0.1624601036310196
731  0.16245950758457184
1483  0.16245871782302856
1114  0.1624573916196823
937  0.16245687007904053
1077  0.16245588660240173
1402  0.162454754114151
77  0.16245456039905548
1485  0.16245226562023163
1059  0.16245035827159882
337  0.16244785487651825
64  0.16244782507419586
1721  0.16244684159755707
323  0.1624467819929123
932  0.1624467819929123
1135  0.16244474053382874
847  0.1624414324760437
1277  0.16244129836559296
1686  0.1624409705400467
632  0.16243933141231537
1537  0.16243670880794525
844  0.16243602335453033
810  0.16243556141853333
10  0.16243459284305573
1196  0.16243353486061096
580  0.16243351995944977
1712  0.16243185102939606
850  0.16243109107017517
1170  0.16243092715740204
1447  0.162429541349411
87  0.16242940723896027
1011  0.1624271273612976
1127  0.1624271273612976
1334  0.162424236536026
1300  0.1624235212802887
802  0.16241954267024994
473  0.16241884231567383
225  0.16241787374019623
122  0.1624135971069336
691  0.16241158545017242
730  0.16240794956684113
762  0.16240721940994263
1656  0.16240614652633667
1566  0.16240602731704712
1132  0.16240540146827698
1552  0.16240452229976654
654  0.16240188479423523
725  0.16240055859088898
173  0.1624002456665039
652  0.16239698231220245
1268  0.16239584982395172
728  0.1623956859111786
1391  0.16239413619041443
1173  0.1623915433883667
1318  0.16239045560359955
616  0.16238941252231598
891  0.16238828003406525
882  0.1623854637145996
1410  0.16238544881343842
419  0.16238458454608917
1646  0.16238456964492798
414  0.1623838096857071
1121  0.16238144040107727
687  0.16237573325634003
714  0.16237080097198486
921  0.1623697280883789
984  0.16236823797225952
739  0.16236764192581177
557  0.1623666137456894
441  0.16236644983291626
1607  0.16236618161201477
1273  0.16236495971679688
547  0.16236485540866852
1476  0.16236437857151031
141  0.16236339509487152
293  0.16236206889152527
1083  0.16235889494419098
877  0.16235852241516113
1385  0.16235694289207458
1258  0.16235603392124176
1774  0.16235478222370148
1773  0.1623544842004776
929  0.16235217452049255
1102  0.16235068440437317
513  0.16234691441059113
61  0.16234663128852844
820  0.1623455435037613
895  0.16234450042247772
1401  0.16234244406223297
742  0.1623421162366867
948  0.16234131157398224
1199  0.16233877837657928
1299  0.16233865916728973
1667  0.16233837604522705
1546  0.16233398020267487
637  0.16233380138874054
324  0.16233164072036743
593  0.16233140230178833
857  0.16232962906360626
988  0.16232804954051971
918  0.16232633590698242
1424  0.1623258888721466
754  0.16232581436634064
961  0.16232523322105408
1078  0.1623242050409317
737  0.16232332587242126
545  0.16232189536094666
1146  0.1623213142156601
214  0.16232077777385712
1195  0.1623201072216034
550  0.16231754422187805
330  0.1623164266347885
1056  0.16231486201286316
105  0.16231366991996765
1194  0.16231225430965424
1181  0.16231028735637665
427  0.16230714321136475
528  0.16230441629886627
286  0.16230155527591705
1488  0.1623012125492096
1064  0.1622992306947708
1025  0.16229869425296783
1466  0.1622975468635559
824  0.16229721903800964
1577  0.16229699552059174
142  0.16229557991027832
1080  0.16229483485221863
1017  0.1622939258813858
1568  0.1622934341430664
778  0.16229301691055298
221  0.1622922718524933
1308  0.16228854656219482
746  0.1622871458530426
1257  0.162286177277565
1104  0.1622859537601471
12  0.1622825562953949
181  0.1622823178768158
1771  0.1622822880744934
110  0.16228196024894714
492  0.16228127479553223
879  0.16228030622005463
1137  0.16227982938289642
1103  0.1622752845287323
805  0.16227366030216217
1254  0.1622733622789383
1070  0.1622726172208786
1548  0.1622704714536667
287  0.16226889193058014
447  0.16226665675640106
751  0.16226640343666077
617  0.16226372122764587
997  0.16226240992546082
657  0.16226138174533844
321  0.1622583121061325
671  0.16225700080394745
995  0.16225633025169373
1420  0.16225555539131165
717  0.1622525006532669
1427  0.16225120425224304
524  0.16224835813045502
1191  0.16224782168865204
1265  0.16224630177021027
1368  0.16224589943885803
992  0.1622440367937088
792  0.16224272549152374
795  0.16224239766597748
923  0.16224078834056854
957  0.16224010288715363
424  0.16223996877670288
1223  0.16223956644535065
1183  0.1622381955385208
1190  0.1622380167245865
465  0.16223759949207306
1684  0.16223573684692383
1027  0.16223487257957458
952  0.16223333775997162
1178  0.16223324835300446
941  0.16223271191120148
294  0.16223196685314178
1161  0.16223059594631195
1192  0.1622297614812851
1238  0.16222833096981049
960  0.16222676634788513
750  0.16222625970840454
1026  0.16222478449344635
1752  0.16222386062145233
458  0.1622224748134613
848  0.16222207248210907
522  0.1622219681739807
798  0.16221998631954193
954  0.16221892833709717
1283  0.16221807897090912
119  0.16221797466278076
1450  0.16221795976161957
170  0.16221751272678375
1603  0.16221600770950317
1675  0.16221538186073303
904  0.16221514344215393
586  0.16221442818641663
331  0.16221292316913605
14  0.1622118502855301
36  0.1622113436460495
1163  0.16220919787883759
1076  0.1622079461812973
1233  0.16220667958259583
1382  0.16220444440841675
696  0.16220417618751526
202  0.16220323741436005
1670  0.16220301389694214
1240  0.16220198571681976
794  0.16220185160636902
145  0.16220130026340485
1541  0.16220100224018097
1525  0.16220048069953918
1201  0.16219887137413025
184  0.16219884157180786
68  0.16219647228717804
1614  0.1621963232755661
1699  0.16219589114189148
789  0.16219522058963776
1312  0.16219522058963776
486  0.16219505667686462
825  0.16219502687454224
1150  0.1621936708688736
1715  0.16219240427017212
1129  0.16219204664230347
47  0.16219079494476318
103  0.162190243601799
1581  0.16218966245651245
598  0.16218866407871246
459  0.1621883362531662
360  0.16218596696853638
1263  0.16218571364879608
35  0.16218514740467072
1251  0.16218478977680206
1492  0.1621842384338379
887  0.1621796041727066
1626  0.16217923164367676
1082  0.16217882931232452
1322  0.16217561066150665
500  0.16217540204524994
906  0.16217520833015442
477  0.16217359900474548
1321  0.1621735692024231
1671  0.16217254102230072
60  0.1621723771095276
726  0.16217105090618134
1221  0.1621706485748291
1302  0.1621689349412918
1267  0.1621684581041336
381  0.16216835379600525
450  0.1621677428483963
212  0.16216668486595154
555  0.1621655374765396
1683  0.16216547787189484
667  0.1621643602848053
807  0.16216377913951874
788  0.1621631383895874
1596  0.16216187179088593
40  0.16216185688972473
1269  0.16215960681438446
1480  0.16215932369232178
1049  0.16215839982032776
568  0.1621544510126114
753  0.1621543914079666
1232  0.1621539145708084
376  0.16215288639068604
801  0.16215267777442932
73  0.16215252876281738
1206  0.1621510535478592
1694  0.16214899718761444
1722  0.16214889287948608
994  0.16214850544929504
1610  0.16214850544929504
347  0.16214826703071594
677  0.16214795410633087
1377  0.1621464490890503
55  0.162144273519516
673  0.16214360296726227
564  0.16214321553707123
1588  0.16214163601398468
227  0.16214147210121155
846  0.16214142739772797
661  0.16214004158973694
878  0.1621396392583847
709  0.16213935613632202
1259  0.16213926672935486
1457  0.1621391922235489
909  0.1621391326189041
1445  0.16213807463645935
1416  0.1621367335319519
1325  0.16213390231132507
1376  0.1621323972940445
476  0.16213224828243256
147  0.16213162243366241
996  0.16213145852088928
291  0.16213107109069824
1029  0.1621304303407669
1203  0.16213028132915497
1383  0.16212987899780273
372  0.16212530434131622
1389  0.16212482750415802
1465  0.1621231734752655
1767  0.16212229430675507
1629  0.16211852431297302
445  0.16211773455142975
827  0.16211248934268951
911  0.16211123764514923
786  0.16210950911045074
604  0.1621079295873642
980  0.16210755705833435
974  0.16210594773292542
1353  0.16210539638996124
1261  0.1621052473783493
1013  0.16210515797138214
1252  0.1621047854423523
1117  0.16210409998893738
1016  0.16210289299488068
1289  0.16210228204727173
1378  0.16210049390792847
787  0.1620999574661255
594  0.16209827363491058
881  0.16209648549556732
1044  0.16209502518177032
967  0.1620938926935196
1545  0.1620938628911972
232  0.1620916724205017
246  0.16209037601947784
1174  0.16208811104297638
148  0.16208764910697937
1514  0.16208741068840027
1438  0.16208675503730774
264  0.16208615899085999
1503  0.162084698677063
1148  0.1620827317237854
649  0.16208232939243317
1193  0.162082239985466
571  0.16208183765411377
972  0.16208061575889587
267  0.16208027303218842
1642  0.16208015382289886
933  0.1620800644159317
1024  0.1620793342590332
546  0.16207709908485413
1735  0.162075936794281
803  0.16207581758499146
1582  0.1620747596025467
8  0.16207368671894073
1159  0.162073016166687
606  0.16207149624824524
436  0.16206978261470795
1565  0.16206863522529602
561  0.1620681881904602
503  0.16206812858581543
1580  0.1620676964521408
755  0.16206400096416473
831  0.16206100583076477
986  0.16206078231334686
849  0.16206048429012299
975  0.16206027567386627
1531  0.16206024587154388
269  0.1620594561100006
1502  0.16205833852291107
945  0.1620582640171051
964  0.16205742955207825
1046  0.16205640137195587
1497  0.1620556265115738
963  0.1620548516511917
391  0.16205425560474396
931  0.16205307841300964
386  0.16205105185508728
1618  0.16204948723316193
143  0.1620490849018097
1071  0.1620476245880127
1225  0.16204597055912018
415  0.1620451658964157
610  0.1620444506406784
245  0.16204415261745453
928  0.16204415261745453
978  0.16204358637332916
247  0.16204218566417694
908  0.16204215586185455
854  0.1620367169380188
685  0.16203582286834717
943  0.16203559935092926
1586  0.16203449666500092
1039  0.1620335578918457
303  0.1620320826768875
455  0.1620320826768875
1022  0.1620311290025711
1536  0.16203036904335022
1604  0.1620296984910965
1518  0.16202926635742188
1086  0.1620284765958786
1112  0.16202802956104279
767  0.1620277315378189
366  0.16202661395072937
1010  0.16202649474143982
1202  0.1620262712240219
1496  0.16202403604984283
533  0.1620231568813324
234  0.16202294826507568
874  0.16202285885810852
1113  0.16202068328857422
1106  0.16201987862586975
1520  0.16201961040496826
1369  0.16201892495155334
959  0.16201889514923096
272  0.16201722621917725
1154  0.16201679408550262
1740  0.1620165854692459
1210  0.16201619803905487
1245  0.16201439499855042
775  0.1620139628648758
678  0.16201308369636536
398  0.16201306879520416
1229  0.1620125025510788
655  0.1620122790336609
631  0.16201187670230865
165  0.162011057138443
241  0.16200995445251465
1719  0.16200987994670868
98  0.16200968623161316
1738  0.16200946271419525
1666  0.16200707852840424
979  0.16200177371501923
675  0.1619986891746521
1499  0.16199761629104614
256  0.16199716925621033
1640  0.16199614107608795
871  0.16199365258216858
306  0.1619929075241089
446  0.16199278831481934
976  0.16199266910552979
1595  0.16199246048927307
20  0.16199153661727905
1207  0.16199037432670593
171  0.16199029982089996
1042  0.16199029982089996
939  0.1619897484779358
1677  0.1619897186756134
1526  0.16198928654193878
864  0.16198909282684326
1231  0.16198886930942535
1158  0.1619884967803955
729  0.1619860827922821
641  0.161985844373703
211  0.16198506951332092
1344  0.16198401153087616
97  0.1619836539030075
1379  0.1619826853275299
1304  0.16198255121707916
1746  0.1619822084903717
1036  0.1619819551706314
1443  0.16198189556598663
905  0.1619814932346344
378  0.16198128461837769
987  0.16198115050792694
1134  0.16198097169399261
1069  0.1619802713394165
494  0.16197986900806427
201  0.1619783490896225
856  0.1619773954153061
132  0.1619773805141449
1338  0.16197706758975983
1724  0.16197651624679565
692  0.1619763970375061
1182  0.1619763970375061
635  0.16197538375854492
204  0.16197489202022552
776  0.16197338700294495
157  0.16197311878204346
57  0.16197286546230316
346  0.16197261214256287
161  0.16197195649147034
861  0.16197139024734497
1301  0.161970853805542
1396  0.16197052597999573
389  0.1619701236486435
71  0.16196997463703156
1468  0.16196729242801666
91  0.16196618974208832
355  0.16196613013744354
1655  0.16196557879447937
853  0.1619648039340973
154  0.16196207702159882
1622  0.1619611233472824
1524  0.16196109354496002
429  0.1619579941034317
268  0.16195663809776306
1091  0.16195547580718994
480  0.16195522248744965
1060  0.16195498406887054
758  0.16195383667945862
622  0.1619533896446228
697  0.1619516909122467
216  0.1619507372379303
706  0.16195052862167358
15  0.16195039451122284
712  0.16194991767406464
474  0.1619492471218109
1720  0.16194848716259003
309  0.16194652020931244
907  0.16194458305835724
1290  0.1619439274072647
1414  0.16194336116313934
1214  0.16194230318069458
125  0.1619417667388916
587  0.16193711757659912
79  0.16193555295467377
1742  0.161935493350029
37  0.1619350165128708
977  0.1619337946176529
947  0.1619333028793335
174  0.16193079948425293
475  0.16193027794361115
193  0.16192995011806488
1097  0.16192927956581116
1346  0.16192927956581116
707  0.16192907094955444
192  0.16192899644374847
200  0.16192775964736938
1074  0.16192613542079926
757  0.16192597150802612
689  0.16192525625228882
1511  0.16192464530467987
669  0.1619240939617157
1563  0.16192370653152466
106  0.16192366182804108
380  0.16192185878753662
1429  0.16192179918289185
1744  0.16192154586315155
1187  0.16191986203193665
178  0.16191980242729187
1282  0.16191942989826202
265  0.16191869974136353
1544  0.1619185507297516
1009  0.1619158238172531
6  0.16191551089286804
390  0.16191445291042328
989  0.16191217303276062
1567  0.16191105544567108
1209  0.16191063821315765
613  0.16191022098064423
1458  0.1619076281785965
993  0.16190700232982635
1228  0.16190652549266815
497  0.16190558671951294
752  0.16190525889396667
38  0.161904439330101
764  0.1619035005569458
275  0.16190342605113983
43  0.16190201044082642
487  0.16190198063850403
1243  0.16190196573734283
577  0.16190093755722046
1031  0.16190087795257568
1598  0.1619003415107727
95  0.16189983487129211
1270  0.16189944744110107
433  0.16189733147621155
740  0.16189710795879364
5  0.1618967354297638
328  0.16189663112163544
1490  0.16189472377300262
1556  0.16189348697662354
1551  0.16189345717430115
65  0.16189303994178772
597  0.16189144551753998
1123  0.16189086437225342
1328  0.1618906706571579
1513  0.1618901938199997
1246  0.1618899405002594
1430  0.1618899405002594
1741  0.1618899405002594
940  0.1618892401456833
13  0.1618874967098236
1255  0.1618868112564087
896  0.16188517212867737
334  0.16188450157642365
1109  0.1618843972682953
749  0.16188381612300873
821  0.1618836671113968
1242  0.16188286244869232
783  0.1618821620941162
155  0.16188110411167145
811  0.1618809849023819
1426  0.1618790626525879
1208  0.1618785709142685
855  0.16187840700149536
400  0.16187801957130432
504  0.16187691688537598
1400  0.16187654435634613
1470  0.16187646985054016
747  0.16187289357185364
356  0.1618720293045044
672  0.16187159717082977
572  0.16187143325805664
483  0.16187062859535217
1436  0.16187046468257904
1219  0.1618698388338089
629  0.16186921298503876
956  0.1618688851594925
281  0.16186873614788055
1676  0.16186799108982086
843  0.1618642657995224
116  0.1618639975786209
1587  0.16186395287513733
1085  0.16186219453811646
388  0.16186217963695526
259  0.16185972094535828
915  0.16185933351516724
1761  0.16185900568962097
488  0.16185809671878815
1623  0.1618579775094986
374  0.16185696423053741
639  0.16185590624809265
1001  0.16185489296913147
1141  0.16185040771961212
1093  0.16184969246387482
1349  0.16184864938259125
1288  0.16184808313846588
74  0.16184763610363007
238  0.16184625029563904
570  0.16184599697589874
263  0.1618458479642868
1698  0.16184429824352264
1350  0.16184267401695251
481  0.161842480301857
1118  0.16184239089488983
23  0.16184177994728088
1461  0.16184157133102417
1569  0.16184157133102417
107  0.16184134781360626
1745  0.16184101998806
159  0.16184088587760925
185  0.16184058785438538
1168  0.1618395298719406
845  0.16183778643608093
72  0.16183426976203918
1772  0.16183361411094666
1073  0.1618325114250183
531  0.16183127462863922
152  0.1618305891752243
448  0.16182944178581238
1323  0.16182883083820343
1275  0.1618286520242691
721  0.1618283987045288
527  0.16182558238506317
858  0.1618252545595169
449  0.1618247926235199
1723  0.1618243306875229
1218  0.1618223339319229
1411  0.1618218868970871
703  0.1618214100599289
1539  0.16181965172290802
1627  0.16181878745555878
231  0.16181783378124237
375  0.16181771457195282
393  0.16181564331054688
1347  0.16181479394435883
785  0.16181349754333496
316  0.1618112176656723
835  0.16180995106697083
439  0.16180643439292908
217  0.16180603206157684
1186  0.1618056446313858
329  0.16180552542209625
1305  0.16180194914340973
732  0.16180184483528137
1098  0.1617986261844635
1533  0.16179853677749634
938  0.1617981493473053
1619  0.16179803013801575
536  0.1617976874113083
772  0.1617976278066635
128  0.1617969125509262
467  0.16179685294628143
1241  0.16179664433002472
576  0.16179662942886353
1094  0.1617962270975113
81  0.16179323196411133
383  0.16179239749908447
1035  0.16179198026657104
842  0.16179175674915314
599  0.1617901623249054
600  0.16178978979587555
1384  0.1617884784936905
638  0.16178806126117706
1635  0.16178765892982483
583  0.1617872416973114
1279  0.16178639233112335
799  0.16178616881370544
1599  0.16178365051746368
462  0.1617831438779831
223  0.1617821455001831
1320  0.16178159415721893
1293  0.16178087890148163
1510  0.16178080439567566
300  0.16178058087825775
876  0.16177986562252045
1244  0.16177982091903687
1681  0.16177959740161896
350  0.16177883744239807
70  0.16177839040756226
1332  0.16177743673324585
1515  0.16177737712860107
860  0.1617772877216339
1507  0.16177640855312347
368  0.1617729514837265
317  0.16177190840244293
1390  0.16177180409431458
765  0.16177156567573547
633  0.16177131235599518
1188  0.16177131235599518
1092  0.16177096962928772
1264  0.16177071630954742
512  0.16176792979240417
283  0.16176742315292358
682  0.1617666333913803
1696  0.16176612675189972
1651  0.16176581382751465
1751  0.1617642045021057
176  0.16176393628120422
1364  0.16176387667655945
1718  0.16176360845565796
780  0.1617632806301117
1760  0.16176274418830872
1573  0.16176113486289978
1365  0.16176047921180725
1294  0.16176018118858337
526  0.16175802052021027
1184  0.1617569923400879
1550  0.161754310131073
136  0.16175425052642822
1176  0.16175362467765808
180  0.16175243258476257
1601  0.16175229847431183
1730  0.16174794733524323
760  0.16174742579460144
1494  0.16174742579460144
153  0.1617467850446701
619  0.16174566745758057
1090  0.16174565255641937
320  0.1617455631494522
1172  0.1617453247308731
708  0.16174152493476868
1081  0.16174151003360748
7  0.16174030303955078
16  0.16173957288265228
1307  0.16173794865608215
1522  0.16173721849918365
121  0.16173669695854187
1732  0.16173578798770905
134  0.16173449158668518
111  0.16173385083675385
720  0.1617337465286255
1478  0.16173236072063446
1449  0.1617318093776703
187  0.16173148155212402
1124  0.16173143684864044
172  0.16173139214515686
311  0.16173075139522552
75  0.16172994673252106
1521  0.16172897815704346
26  0.1617271900177002
438  0.16172698140144348
790  0.1617249846458435
162  0.16172456741333008
971  0.1617228388786316
482  0.16172204911708832
990  0.1617215871810913
1680  0.16172140836715698
69  0.16171957552433014
574  0.1617187112569809
1593  0.1617162972688675
501  0.16171622276306152
468  0.16171561181545258
1572  0.161714106798172
1691  0.16171282529830933
1165  0.16171154379844666
405  0.1617106944322586
814  0.161705881357193
194  0.16170556843280792
1574  0.16170468926429749
563  0.16170421242713928
428  0.16170401871204376
656  0.16170385479927063
99  0.16170340776443481
889  0.161702498793602
1204  0.1617017388343811
1657  0.16170158982276917
636  0.16170014441013336
1247  0.16169971227645874
304  0.16169968247413635
601  0.16169953346252441
322  0.16169825196266174
230  0.1616978943347931
151  0.16169768571853638
1387  0.16169647872447968
679  0.16169635951519012
548  0.1616954356431961
1591  0.16169340908527374
1256  0.1616932600736618
33  0.16169118881225586
1509  0.16168928146362305
1448  0.16168873012065887
1274  0.16168855130672455
417  0.16168810427188873
674  0.1616847962141037
220  0.1616843044757843
1592  0.16168411076068878
602  0.1616840660572052
1045  0.16168390214443207
665  0.16168290376663208
1501  0.16168290376663208
1088  0.16168275475502014
738  0.16167961061000824
507  0.16167764365673065
226  0.16167517006397247
1704  0.16167452931404114
1058  0.16167406737804413
285  0.16167287528514862
1617  0.16167238354682922
1287  0.1616722196340561
1100  0.1616714596748352
566  0.1616707742214203
644  0.16166865825653076
596  0.16166821122169495
367  0.16166788339614868
359  0.16166771948337555
1360  0.1616675853729248
1530  0.16166682541370392
382  0.16166669130325317
117  0.16166621446609497
884  0.16166278719902039
1372  0.16166162490844727
88  0.1616613119840622
1033  0.16166085004806519
1439  0.16166064143180847
233  0.16165925562381744
1547  0.16165654361248016
188  0.1616562455892563
1768  0.16165366768836975
1284  0.16165362298488617
1405  0.161653071641922
298  0.16165144741535187
1198  0.16165095567703247
890  0.16165068745613098
796  0.1616503745317459
559  0.16164949536323547
1155  0.16164901852607727
624  0.16164898872375488
727  0.1616465300321579
1315  0.16164594888687134
1101  0.16164548695087433
900  0.16164490580558777
219  0.16164377331733704
1714  0.16164377331733704
1433  0.1616431027650833
1679  0.16164274513721466
406  0.16164153814315796
59  0.16164028644561768
1053  0.16164006292819977
508  0.1616395264863968
21  0.16163919866085052
741  0.16163897514343262
1693  0.16163679957389832
94  0.161635160446167
1144  0.1616351157426834
1309  0.1616348773241043
713  0.16163420677185059
718  0.1616322249174118
1644  0.16163040697574615
651  0.16163001954555511
1440  0.16162972152233124
1271  0.16162876784801483
521  0.16162872314453125
1343  0.16162793338298798
131  0.16162636876106262
189  0.16162589192390442
554  0.16162492334842682
1543  0.1616237461566925
1139  0.1616232544183731
634  0.16162219643592834
295  0.16162149608135223
1431  0.1616169959306717
1215  0.16161558032035828
114  0.16161486506462097
817  0.16161316633224487
1613  0.16161271929740906
210  0.1616111546754837
496  0.16161079704761505
944  0.16160914301872253
127  0.16160906851291656
912  0.16160838305950165
403  0.16160650551319122
215  0.1616060435771942
1054  0.16160427033901215
902  0.16160185635089874
560  0.16160158812999725
9  0.16159920394420624
1441  0.16159889101982117
1015  0.1615971475839615
266  0.16159655153751373
146  0.16159546375274658
260  0.1615915596485138
1331  0.16159065067768097
1609  0.16158883273601532
1142  0.16158874332904816
565  0.16158846020698547
899  0.16158846020698547
543  0.1615883857011795
1068  0.16158831119537354
1404  0.16158805787563324
1558  0.16158778965473175
828  0.16158702969551086
392  0.1615864783525467
1479  0.16158568859100342
335  0.1615845113992691
535  0.1615843027830124
410  0.16158360242843628
252  0.16158300638198853
813  0.16158294677734375
485  0.16158023476600647
1553  0.16157718002796173
1298  0.16157664358615875
1292  0.16157425940036774
236  0.16157320141792297
766  0.16157278418540955
666  0.16157211363315582
1055  0.1615709811449051
409  0.16156955063343048
352  0.1615685671567917
1034  0.16156579554080963
1061  0.16156379878520966
1000  0.16156286001205444
228  0.16156190633773804
1578  0.1615598052740097
370  0.16155602037906647
886  0.161555215716362
1454  0.16155502200126648
1658  0.16155453026294708
1764  0.16155317425727844
1230  0.16155217587947845
67  0.1615493893623352
1728  0.1615488976240158
999  0.161546990275383
1706  0.16154688596725464
539  0.16154538094997406
620  0.16154465079307556
1489  0.16154271364212036
1463  0.1615404188632965
1197  0.16153718531131744
653  0.16153399646282196
868  0.16153331100940704
472  0.1615326851606369
58  0.16153228282928467
1500  0.16153079271316528
108  0.16153031587600708
1407  0.1615300178527832
1406  0.1615292876958847
1340  0.16152696311473846
1110  0.16152477264404297
1319  0.16152352094650269
538  0.16152334213256836
1167  0.16152329742908478
164  0.161521315574646
627  0.16152070462703705
1491  0.161518394947052
1108  0.16151675581932068
1650  0.1615164428949356
1493  0.1615150421857834
502  0.161514550447464
198  0.16151419281959534
339  0.16151338815689087
925  0.1615123599767685
412  0.16151131689548492
1388  0.16150908172130585
1734  0.16150687634944916
1707  0.16150537133216858
1575  0.161505326628685
1475  0.16150525212287903
432  0.16150428354740143
297  0.1615038365125656
710  0.16150309145450592
818  0.16150259971618652
530  0.16150130331516266
1358  0.16150116920471191
1226  0.16150027513504028
1594  0.1615000218153
558  0.16149964928627014
1370  0.16149906814098358
1296  0.16149741411209106
1709  0.16149699687957764
1072  0.16149505972862244
1156  0.16149358451366425
1361  0.16149018704891205
123  0.16148823499679565
1337  0.16148759424686432
175  0.16148360073566437
1280  0.16148319840431213
702  0.16148284077644348
646  0.1614822894334793
1700  0.1614815592765808
1647  0.1614799201488495
365  0.16147713363170624
812  0.16147658228874207
1708  0.16147516667842865
1464  0.16147510707378387
1756  0.16147491335868835
683  0.16147395968437195
1335  0.1614726483821869
1695  0.16147252917289734
797  0.16146939992904663
344  0.161468967795372
169  0.1614682972431183
664  0.1614665985107422
1628  0.16146616637706757
369  0.1614660918712616
17  0.16146306693553925
273  0.16146306693553925
782  0.16146224737167358
1341  0.16145889461040497
1185  0.16145774722099304
1579  0.16145633161067963
819  0.1614556759595871
457  0.161454439163208
248  0.16145387291908264
206  0.16145318746566772
618  0.1614522635936737
1737  0.1614493429660797
756  0.16144919395446777
1062  0.16144904494285583
523  0.16144873201847076
1688  0.16144859790802002
1516  0.16144607961177826
784  0.16144226491451263
581  0.16144214570522308
387  0.1614418923854828
1682  0.16144061088562012
1678  0.16143915057182312
623  0.16143660247325897
1032  0.1614360213279724
745  0.16143594682216644
1297  0.16143539547920227
1534  0.16143393516540527
140  0.16143378615379333
926  0.16143295168876648
903  0.16143274307250977
421  0.1614305078983307
1726  0.16142871975898743
515  0.1614280790090561
1151  0.16142772138118744
1425  0.16142727434635162
499  0.16142652928829193
630  0.16142645478248596
1329  0.16142591834068298
894  0.16142548620700836
1419  0.16142509877681732
435  0.16142359375953674
1506  0.16142264008522034
973  0.16142240166664124
1733  0.16142144799232483
308  0.16142112016677856
913  0.1614210456609726
96  0.1614197939634323
213  0.16141800582408905
733  0.1614171862602234
332  0.16141700744628906
1143  0.16141699254512787
833  0.16141557693481445
934  0.16141532361507416
401  0.1614152491092682
1276  0.16141395270824432
466  0.16141152381896973
567  0.1614108681678772
1645  0.16141033172607422
327  0.16140776872634888
1453  0.1614057421684265
983  0.16140519082546234
1095  0.16140486299991608
279  0.16140325367450714
1532  0.16140253841876984
659  0.16140106320381165
135  0.161399245262146
1131  0.16139677166938782
1417  0.1613965928554535
199  0.1613956242799759
407  0.16139233112335205
354  0.16139201819896698
592  0.16139177978038788
90  0.16138963401317596
42  0.16138827800750732
1253  0.16138635575771332
82  0.1613861471414566
104  0.16138488054275513
244  0.16138462722301483
1621  0.1613844633102417
1540  0.16138392686843872
1311  0.1613829880952835
1351  0.1613820493221283
1576  0.1613817662000656
363  0.16138096153736115
130  0.1613795906305313
991  0.16137605905532837
575  0.1613726019859314
562  0.16137182712554932
1314  0.16137076914310455
1152  0.16137056052684784
770  0.16137035191059113
869  0.16136975586414337
364  0.1613696962594986
1428  0.16136933863162994
544  0.16136783361434937
1412  0.16136735677719116
529  0.16136695444583893
166  0.1613636016845703
1374  0.16136346757411957
315  0.16136188805103302
78  0.16135984659194946
1725  0.16135817766189575
1554  0.16135795414447784
866  0.16135650873184204
1477  0.16135640442371368
179  0.161355659365654
50  0.16135536134243011
771  0.16135530173778534
556  0.16135308146476746
919  0.16135260462760925
1659  0.1613525003194809
1023  0.16135191917419434
479  0.16135159134864807
1375  0.16135141253471375
1403  0.16135020554065704
1703  0.16134992241859436
808  0.16134890913963318
505  0.16134855151176453
1557  0.16134801506996155
1498  0.16134779155254364
1  0.1613464504480362
1367  0.16134479641914368
120  0.16134308278560638
1762  0.161341592669487
1648  0.16134138405323029
1380  0.16134116053581238
430  0.1613408327102661
950  0.16133978962898254
84  0.1613384187221527
1487  0.16133639216423035
1105  0.16133594512939453
1342  0.16133342683315277
774  0.16133269667625427
1672  0.16132837533950806
736  0.16132688522338867
985  0.16132503747940063
1356  0.1613243967294693
1149  0.16132333874702454
734  0.1613232046365738
1359  0.16132217645645142
893  0.161320298910141
626  0.1613200306892395
437  0.16131946444511414
663  0.16131901741027832
1600  0.16131798923015594
454  0.16131776571273804
1160  0.16131636500358582
349  0.16131524741649628
1012  0.16131435334682465
642  0.16131339967250824
1717  0.16131292283535004
218  0.16131286323070526
1484  0.16130954027175903
345  0.16130764782428741
815  0.16130737960338593
852  0.16130129992961884
1517  0.16130076348781586
1281  0.1612999439239502
182  0.16129840910434723
643  0.16129808127880096
1481  0.1612967550754547
748  0.16129598021507263
1067  0.16129522025585175
1632  0.16129475831985474
66  0.16129152476787567
611  0.1612909436225891
18  0.16129058599472046
461  0.16128972172737122
791  0.16128750145435333
168  0.1612849086523056
724  0.16128461062908173
1630  0.16128379106521606
1653  0.16128352284431458
314  0.16128009557724
1266  0.16127875447273254
837  0.16127754747867584
1362  0.16127686202526093
690  0.16127553582191467
93  0.1612752377986908
1051  0.16127492487430573
271  0.16126979887485504
85  0.16126960515975952
1028  0.16126886010169983
109  0.1612645983695984
1542  0.1612643152475357
1711  0.1612633466720581
1442  0.16126224398612976
280  0.1612604558467865
1456  0.16125905513763428
1021  0.1612575501203537
51  0.16125665605068207
1564  0.1612561196088791
834  0.16125395894050598
431  0.16125328838825226
514  0.16125306487083435
1508  0.16125242412090302
1643  0.16125176846981049
149  0.16124683618545532
413  0.1612466722726822
425  0.16124661266803741
1519  0.16124661266803741
1606  0.16124650835990906
251  0.16124412417411804
418  0.16124241054058075
1286  0.16123880445957184
144  0.1612367480993271
1692  0.16123320162296295
1710  0.16123232245445251
681  0.16123053431510925
520  0.16122587025165558
1590  0.16122165322303772
1164  0.1612214595079422
1634  0.16121956706047058
1486  0.16121679544448853
1636  0.1612113118171692
100  0.16120998561382294
1138  0.1612083613872528
1697  0.16120800375938416
1749  0.16120576858520508
1583  0.16120561957359314
582  0.16120517253875732
305  0.16120070219039917
52  0.16120044887065887
1115  0.16119854152202606
434  0.16119574010372162
1451  0.16119448840618134
603  0.16119444370269775
442  0.1611936390399933
379  0.1611933410167694
612  0.16119243204593658
1002  0.16118834912776947
1444  0.16118735074996948
1529  0.1611870676279068
1177  0.16118691861629486
1399  0.16118472814559937
262  0.16118404269218445
80  0.16118358075618744
946  0.16118118166923523
243  0.16118109226226807
1291  0.16118036210536957
590  0.16117770969867706
862  0.16117748618125916
1394  0.1611773669719696
242  0.1611756831407547
1570  0.1611735224723816
569  0.16117198765277863
1041  0.16117174923419952
1065  0.16116958856582642
1216  0.16116687655448914
645  0.1611662209033966
965  0.16116619110107422
1227  0.16116584837436676
443  0.16116534173488617
129  0.1611606329679489
1043  0.16116046905517578
1637  0.16115964949131012
1759  0.16115911304950714
506  0.16115714609622955
258  0.16115456819534302
118  0.16115322709083557
1472  0.1611512154340744
1189  0.16115111112594604
1435  0.16115052998065948
319  0.16114960610866547
296  0.16114948689937592
338  0.16114871203899384
1409  0.16114453971385956
1048  0.16114188730716705
516  0.16113683581352234
1354  0.16113445162773132
1705  0.16113388538360596
1327  0.16113273799419403
951  0.16113272309303284
723  0.16112932562828064
411  0.16112849116325378
759  0.16112801432609558
1748  0.16112753748893738
348  0.16112640500068665
898  0.1611262708902359
534  0.16112537682056427
735  0.1611221432685852
537  0.16112053394317627
885  0.16111905872821808
1393  0.16111789643764496
310  0.1611175239086151
209  0.1611068695783615
1339  0.16110526025295258
1758  0.16110114753246307
137  0.16110029816627502
190  0.161099374294281
888  0.1610950380563736
1654  0.16109435260295868
44  0.1610942780971527
222  0.16109399497509003
1392  0.16109228134155273
1495  0.16109205782413483
253  0.1610908955335617
541  0.16108880937099457
552  0.16108840703964233
1381  0.16108645498752594
1423  0.1610807180404663
1505  0.1610788106918335
800  0.16107836365699768
423  0.1610775589942932
395  0.1610766500234604
343  0.16107656061649323
463  0.1610759049654007
509  0.16107453405857086
342  0.16107410192489624
1432  0.16107410192489624
399  0.1610722690820694
490  0.16107186675071716
1371  0.16107024252414703
614  0.16107003390789032
1205  0.16106921434402466
444  0.16106891632080078
1597  0.16106821596622467
1357  0.16106663644313812
498  0.1610659956932068
769  0.1610635668039322
1422  0.16106225550174713
1701  0.16106104850769043
955  0.16106067597866058
1348  0.16105930507183075
261  0.1610575169324875
1446  0.16105642914772034
705  0.16105137765407562
1770  0.16104981303215027
579  0.1610478013753891
1727  0.1610456258058548
1306  0.16104362905025482
1624  0.16103819012641907
255  0.16103659570217133
1512  0.16102945804595947
86  0.16102829575538635
63  0.1610281765460968
840  0.16102612018585205
1079  0.16102513670921326
183  0.16101855039596558
1066  0.161013662815094
660  0.16101253032684326
1662  0.16100741922855377
628  0.16100627183914185
284  0.1610022783279419
1739  0.16100147366523743
1673  0.16100101172924042
1005  0.1610005497932434
207  0.1609990894794464
205  0.16099701821804047
313  0.1609969437122345
1303  0.1609920710325241
648  0.16099204123020172
1469  0.1609915941953659
1660  0.160989910364151
1460  0.16098928451538086
377  0.16098849475383759
1633  0.16098633408546448
1179  0.1609860509634018
404  0.16098475456237793
1352  0.1609838753938675
493  0.16098134219646454
362  0.16097742319107056
276  0.16097478568553925
743  0.1609700322151184
1007  0.16096588969230652
156  0.1609630435705185
1702  0.16096144914627075
607  0.16096116602420807
519  0.1609605997800827
27  0.16095754504203796
719  0.16095516085624695
1631  0.16095003485679626
353  0.16094866394996643
1482  0.1609429568052292
54  0.16094151139259338
394  0.1609390377998352
341  0.16092805564403534
1462  0.1609264463186264
34  0.16092625260353088
307  0.16091901063919067
292  0.16091375052928925
1535  0.16090992093086243
809  0.16090421378612518
197  0.16090214252471924
1222  0.16090138256549835
112  0.1609010547399521
1755  0.16090050339698792
1769  0.16089598834514618
408  0.1608949601650238
29  0.16089469194412231
237  0.16089272499084473
469  0.16089022159576416
30  0.160884827375412
823  0.16088087856769562
249  0.16087870299816132
1713  0.16087736189365387
779  0.16086722910404205
553  0.16086485981941223
588  0.16086390614509583
1747  0.1608615219593048
625  0.1608588844537735
1571  0.16085173189640045
658  0.1608496755361557
1434  0.16084939241409302
1467  0.16084803640842438
589  0.16084779798984528
371  0.16084380447864532
1652  0.16083766520023346
453  0.16083689033985138
1641  0.1608351618051529
351  0.16083009541034698
1336  0.16082875430583954
203  0.16082409024238586
1649  0.16082137823104858
1743  0.16081839799880981
1136  0.16081766784191132
936  0.1608162224292755
1415  0.16081437468528748
1661  0.16081194579601288
518  0.16080878674983978
318  0.16080577671527863
1224  0.1608048528432846
1562  0.16080313920974731
870  0.16079890727996826
872  0.16079728305339813
1687  0.1607971340417862
549  0.16079528629779816
326  0.16078677773475647
46  0.1607854664325714
340  0.16077809035778046
584  0.16077300906181335
1685  0.16076770424842834
1589  0.16076621413230896
1538  0.16076545417308807
239  0.16076281666755676
312  0.16076047718524933
1750  0.16075794398784637
289  0.1607501208782196
1560  0.16074180603027344
595  0.16073913872241974
793  0.1607344001531601
124  0.16073428094387054
1355  0.1607280671596527
1474  0.16072659194469452
1169  0.1607264280319214
451  0.16072337329387665
373  0.1607162058353424
1345  0.1607116162776947
1333  0.16070827841758728
422  0.160707488656044
1366  0.16070321202278137
1585  0.160701185464859
1766  0.16069452464580536
426  0.16068771481513977
806  0.16068598628044128
540  0.16065160930156708
1754  0.16064955294132233
1408  0.16064751148223877
250  0.1606462448835373
1363  0.16064199805259705
1162  0.16064022481441498
274  0.16063806414604187
76  0.16063372790813446
484  0.16062839329242706
1471  0.16062083840370178
491  0.1606055200099945
1608  0.16060441732406616
302  0.1605977565050125
863  0.16059698164463043
517  0.16058674454689026
384  0.1605798900127411
489  0.16056932508945465
1234  0.16055843234062195
1452  0.16055817902088165
930  0.16055037081241608
670  0.16054518520832062
1555  0.16054503619670868
647  0.16052760183811188
935  0.16051337122917175
836  0.16051311790943146
970  0.16051138937473297
851  0.16050370037555695
397  0.16049714386463165
1316  0.1604922115802765
440  0.16049015522003174
358  0.16048596799373627
32  0.16048520803451538
1757  0.16046558320522308
525  0.16044509410858154
1616  0.1604347825050354
1716  0.1604127734899521
1561  0.16040290892124176
1669  0.16037467122077942
1639  0.16036948561668396
1731  0.16035805642604828
609  0.16033460199832916
357  0.1603163629770279
1605  0.16031360626220703
573  0.16029389202594757
195  0.16028490662574768
240  0.16025535762310028
1373  0.1602512151002884
615  0.16024909913539886
224  0.16019988059997559
693  0.1601954698562622
962  0.16014337539672852
1528  0.16014321148395538
662  0.16011862456798553
235  0.16007980704307556
585  0.16007302701473236
