150  0.24747459590435028
746  0.24689078330993652
715  0.24675843119621277
501  0.24674001336097717
547  0.24668313562870026
883  0.24664735794067383
160  0.24657860398292542
177  0.2464405596256256
527  0.24638323485851288
159  0.24627120792865753
155  0.24624408781528473
568  0.24622370302677155
1209  0.24621835350990295
206  0.2462121695280075
57  0.24613258242607117
418  0.24612917006015778
11  0.24612298607826233
139  0.2461227923631668
652  0.24610558152198792
448  0.246099591255188
60  0.24609826505184174
504  0.2460440695285797
462  0.24603071808815002
74  0.24601948261260986
1207  0.24600253999233246
969  0.24598614871501923
419  0.24594669044017792
10  0.24593618512153625
617  0.2459266185760498
223  0.24592310190200806
31  0.24590522050857544
158  0.24589815735816956
727  0.24589362740516663
55  0.2458769679069519
25  0.24587425589561462
75  0.24585747718811035
675  0.24585407972335815
592  0.24584756791591644
693  0.24584288895130157
630  0.24583859741687775
496  0.24583421647548676
151  0.2458319514989853
1289  0.24582301080226898
96  0.24581149220466614
976  0.24580791592597961
534  0.24579541385173798
1259  0.24576321244239807
49  0.24576278030872345
598  0.24575330317020416
219  0.24575065076351166
79  0.24574227631092072
1266  0.2457418441772461
593  0.24574074149131775
1116  0.24574048817157745
23  0.24570026993751526
21  0.2456851750612259
306  0.24567672610282898
558  0.24567648768424988
123  0.2456742376089096
323  0.24566365778446198
586  0.24565787613391876
1188  0.24565574526786804
696  0.2456384152173996
514  0.24563580751419067
532  0.24563269317150116
484  0.24562981724739075
1083  0.24562224745750427
450  0.24561253190040588
298  0.24561089277267456
508  0.24559979140758514
565  0.24559086561203003
503  0.24557580053806305
35  0.24556417763233185
795  0.24555882811546326
140  0.24555009603500366
1239  0.24554874002933502
193  0.24554799497127533
1288  0.2455371916294098
597  0.24552664160728455
63  0.24552497267723083
109  0.24552318453788757
1108  0.24550579488277435
1240  0.2454977184534073
509  0.24549375474452972
1213  0.2454909086227417
76  0.2454771101474762
279  0.24546410143375397
174  0.2454630732536316
122  0.24546122550964355
1285  0.2454598993062973
1210  0.24545513093471527
1181  0.24545100331306458
636  0.24543911218643188
608  0.24543778598308563
1261  0.24543611705303192
301  0.24543580412864685
623  0.24543413519859314
316  0.24543112516403198
157  0.24543078243732452
1242  0.24543066322803497
72  0.24542905390262604
753  0.2454289346933365
562  0.2454272210597992
575  0.2454254925251007
507  0.2454141527414322
235  0.24541382491588593
411  0.24541372060775757
550  0.2454100400209427
766  0.24540987610816956
393  0.24540941417217255
536  0.24540521204471588
906  0.2454005628824234
290  0.24539963901042938
190  0.24539817869663239
722  0.24539516866207123
466  0.2453920692205429
1162  0.24538445472717285
567  0.24538052082061768
1243  0.24537178874015808
680  0.2453700751066208
849  0.24536700546741486
1249  0.24536651372909546
1174  0.24536490440368652
957  0.24536478519439697
382  0.24536272883415222
78  0.24536146223545074
1284  0.24535462260246277
454  0.2453509271144867
26  0.24533788859844208
136  0.24533525109291077
1169  0.245334193110466
498  0.24533292651176453
535  0.24533115327358246
437  0.24532853066921234
750  0.24532704055309296
1282  0.24532505869865417
769  0.2453191578388214
176  0.2453189194202423
204  0.24531321227550507
82  0.2453051507472992
244  0.24528707563877106
1254  0.24528145790100098
788  0.24527975916862488
1246  0.24527861177921295
559  0.24527768790721893
648  0.2452775537967682
1136  0.24527724087238312
133  0.24527622759342194
664  0.24527576565742493
1021  0.24527333676815033
1231  0.24527107179164886
1137  0.24526900053024292
686  0.24526570737361908
668  0.24526478350162506
98  0.24526366591453552
265  0.2452583909034729
444  0.24525736272335052
27  0.24524831771850586
125  0.24523665010929108
320  0.24523475766181946
724  0.2452324628829956
1273  0.24523237347602844
930  0.24522219598293304
786  0.2452213317155838
283  0.24521313607692719
258  0.24521227180957794
493  0.24521034955978394
112  0.24520453810691833
107  0.2452031522989273
9  0.24520258605480194
104  0.24519839882850647
183  0.24519771337509155
778  0.24519318342208862
1151  0.2451930046081543
246  0.24518831074237823
89  0.24518629908561707
541  0.24517419934272766
511  0.2451690435409546
93  0.24516674876213074
85  0.24516624212265015
519  0.2451619952917099
1075  0.2451583594083786
469  0.24515727162361145
980  0.24515534937381744
88  0.24515511095523834
505  0.2451532781124115
81  0.24515190720558167
796  0.24514657258987427
578  0.24514541029930115
1112  0.24514417350292206
1193  0.24514265358448029
690  0.24514056742191315
936  0.24513877928256989
986  0.2451377511024475
705  0.24512872099876404
854  0.24512234330177307
1164  0.24512119591236115
145  0.24511247873306274
135  0.2451120764017105
651  0.24511130154132843
2  0.24511055648326874
694  0.24510720372200012
551  0.24510225653648376
1237  0.24509219825267792
828  0.24508355557918549
1039  0.24508251249790192
1102  0.24508073925971985
1263  0.24507993459701538
949  0.2450750470161438
660  0.24507436156272888
449  0.24507421255111694
823  0.2450682520866394
886  0.24505852162837982
1196  0.24505820870399475
683  0.24505358934402466
7  0.24505268037319183
563  0.245051309466362
154  0.2450481504201889
887  0.24504512548446655
610  0.24504466354846954
321  0.2450389862060547
806  0.24503538012504578
239  0.24503418803215027
1019  0.24503320455551147
954  0.24503177404403687
984  0.24503129720687866
247  0.24502897262573242
1146  0.24502848088741302
425  0.24502573907375336
1125  0.2450241893529892
1060  0.2450234740972519
787  0.24502238631248474
293  0.2450205236673355
1148  0.24501992762088776
465  0.2450195550918579
894  0.2450186014175415
513  0.2450181543827057
87  0.24501343071460724
192  0.24501340091228485
851  0.2450118511915207
84  0.24500976502895355
692  0.2450072169303894
92  0.2450019270181656
1271  0.24500085413455963
564  0.24499988555908203
165  0.24499422311782837
585  0.244993194937706
1269  0.24499313533306122
324  0.24498969316482544
810  0.2449876368045807
203  0.24498698115348816
606  0.24498698115348816
1274  0.2449832558631897
197  0.24497996270656586
545  0.2449764758348465
629  0.24497532844543457
268  0.24497383832931519
720  0.24497012794017792
148  0.2449551820755005
1011  0.24495507776737213
473  0.24495409429073334
91  0.2449534684419632
708  0.24495312571525574
253  0.24494843184947968
184  0.2449481189250946
464  0.24494408071041107
714  0.24494260549545288
1050  0.24494127929210663
152  0.24493518471717834
344  0.2449348419904709
485  0.2449304163455963
688  0.24493035674095154
885  0.2449258714914322
32  0.24492566287517548
890  0.24491971731185913
898  0.2449185699224472
599  0.2449178844690323
97  0.2449173629283905
1184  0.24491462111473083
1189  0.24491387605667114
381  0.24490901827812195
37  0.24490787088871002
116  0.2449035793542862
1095  0.24490217864513397
1089  0.24490009248256683
878  0.24489924311637878
207  0.24489855766296387
775  0.24489355087280273
113  0.2448931485414505
1  0.24489212036132812
457  0.24488848447799683
40  0.24488294124603271
1156  0.2448820173740387
50  0.2448759377002716
61  0.2448752224445343
410  0.24486903846263885
620  0.24486680328845978
549  0.24486546218395233
580  0.2448653280735016
833  0.2448645830154419
925  0.24486272037029266
639  0.2448575496673584
100  0.24485322833061218
915  0.24485079944133759
350  0.24484989047050476
681  0.24484924972057343
423  0.24484799802303314
443  0.24484765529632568
260  0.244847372174263
1073  0.244847372174263
900  0.24484588205814362
897  0.2448427379131317
717  0.2448401153087616
331  0.24483804404735565
569  0.24483321607112885
163  0.24482306838035583
1087  0.24481698870658875
402  0.244814932346344
745  0.24481232464313507
329  0.2448115348815918
735  0.2448112666606903
1168  0.24480895698070526
1059  0.24480627477169037
729  0.24480506777763367
397  0.24480503797531128
538  0.2448044717311859
913  0.24480289220809937
127  0.24480123817920685
196  0.24480083584785461
691  0.24479840695858002
1228  0.2447957545518875
52  0.24479492008686066
33  0.24478738009929657
544  0.24478626251220703
1198  0.24478483200073242
161  0.24478277564048767
1191  0.24478229880332947
912  0.24478143453598022
634  0.24477392435073853
601  0.24477314949035645
557  0.24477311968803406
856  0.24477306008338928
386  0.2447727471590042
965  0.24477271735668182
751  0.24476952850818634
1093  0.24476952850818634
16  0.2447664439678192
685  0.2447662651538849
985  0.24476592242717743
1217  0.2447652965784073
121  0.24476520717144012
554  0.2447616457939148
383  0.2447601556777954
398  0.244759663939476
1200  0.2447543889284134
1233  0.2447536736726761
1157  0.24475152790546417
676  0.24475130438804626
743  0.24475044012069702
1245  0.2447483241558075
41  0.24474698305130005
134  0.24474592506885529
288  0.2447454184293747
706  0.24474483728408813
1044  0.24474161863327026
880  0.24473899602890015
631  0.24473850429058075
34  0.24473793804645538
101  0.2447359263896942
669  0.24473273754119873
58  0.24473147094249725
1067  0.24472947418689728
638  0.24472759664058685
528  0.24472707509994507
1222  0.24472567439079285
531  0.24472495913505554
656  0.24472485482692719
238  0.24472102522850037
455  0.24472039937973022
539  0.24471600353717804
862  0.2447151392698288
162  0.24471507966518402
616  0.24471405148506165
315  0.2447134256362915
400  0.24471263587474823
280  0.24471189081668854
1220  0.24471154808998108
633  0.24471136927604675
1144  0.24471023678779602
510  0.24470585584640503
1004  0.24470482766628265
1194  0.24470463395118713
48  0.24469849467277527
427  0.24469681084156036
1232  0.24469538033008575
15  0.2446952760219574
191  0.24469110369682312
1063  0.24468913674354553
126  0.2446862757205963
226  0.24468493461608887
643  0.2446833997964859
275  0.24468231201171875
950  0.24468059837818146
757  0.24467962980270386
94  0.24467836320400238
229  0.24467810988426208
83  0.24467651546001434
378  0.24467548727989197
940  0.24467311799526215
212  0.24466928839683533
479  0.24466831982135773
1251  0.24466295540332794
1179  0.24466277658939362
1252  0.2446558177471161
605  0.2446518838405609
765  0.24465060234069824
843  0.24464645981788635
45  0.24464565515518188
831  0.24464331567287445
118  0.2446414679288864
200  0.2446397840976715
266  0.24463747441768646
1119  0.24463626742362976
1199  0.2446349859237671
832  0.2446337342262268
892  0.24463212490081787
658  0.24463161826133728
228  0.24463121592998505
201  0.24462516605854034
761  0.24462220072746277
90  0.24462011456489563
391  0.24461905658245087
310  0.24461723864078522
1190  0.24461627006530762
149  0.2446155846118927
1038  0.2446138709783554
774  0.24461016058921814
882  0.2446100413799286
1154  0.24460890889167786
295  0.24460825324058533
907  0.24460822343826294
388  0.24460311233997345
153  0.24460096657276154
1268  0.24459783732891083
1183  0.24459093809127808
105  0.24458648264408112
1078  0.24458570778369904
807  0.24458426237106323
13  0.24458231031894684
495  0.24457600712776184
289  0.24456480145454407
1277  0.24456152319908142
607  0.24456001818180084
1182  0.24455846846103668
542  0.2445574402809143
1045  0.24455247819423676
168  0.24455244839191437
555  0.2445519119501114
8  0.24455143511295319
1226  0.24455097317695618
983  0.2445509135723114
1187  0.2445506900548935
1235  0.24454978108406067
86  0.24454940855503082
346  0.2445482611656189
589  0.2445426732301712
826  0.24454164505004883
1020  0.24454164505004883
69  0.24454061686992645
512  0.2445383369922638
171  0.24453824758529663
813  0.24453693628311157
861  0.2445296198129654
447  0.24452950060367584
1167  0.2445278763771057
1276  0.24452725052833557
1192  0.24452553689479828
996  0.24452322721481323
430  0.24452003836631775
974  0.24451972544193268
726  0.24451729655265808
744  0.2445126175880432
261  0.2445089966058731
99  0.2445077747106552
641  0.24450568854808807
590  0.24450533092021942
475  0.24450333416461945
5  0.2445024698972702
314  0.244500532746315
1031  0.2444983720779419
602  0.24449722468852997
221  0.24449466168880463
868  0.24449272453784943
574  0.2444925606250763
687  0.24449221789836884
17  0.2444896399974823
1159  0.2444887012243271
274  0.24448838829994202
178  0.24448731541633606
1052  0.2444869726896286
416  0.24448645114898682
250  0.24448639154434204
422  0.24448572099208832
394  0.24448560178279877
611  0.24448323249816895
348  0.24448303878307343
740  0.24448047578334808
210  0.2444792091846466
979  0.24447910487651825
841  0.2444722056388855
1088  0.2444646805524826
349  0.24446417391300201
899  0.24446339905261993
367  0.24446283280849457
1092  0.24445968866348267
995  0.244458869099617
587  0.24445536732673645
736  0.24445433914661407
747  0.244452565908432
671  0.24445153772830963
1280  0.2444513440132141
1255  0.24445103108882904
721  0.24444809556007385
982  0.24444769322872162
68  0.24444031715393066
839  0.244439497590065
403  0.24443766474723816
470  0.2444373518228531
14  0.24443373084068298
271  0.24443143606185913
784  0.24442872405052185
326  0.24442718923091888
130  0.24442678689956665
809  0.24442626535892487
1227  0.24442394077777863
428  0.24442219734191895
188  0.24442125856876373
220  0.24441584944725037
1248  0.24441465735435486
1131  0.24441339075565338
20  0.24441231787204742
213  0.24440835416316986
829  0.2444082349538803
500  0.2444075345993042
6  0.24440541863441467
307  0.24440501630306244
644  0.24440422654151917
144  0.24440234899520874
960  0.24439562857151031
1171  0.24439185857772827
1264  0.24438801407814026
822  0.2443857640028
141  0.24438472092151642
28  0.24438388645648956
824  0.24438375234603882
170  0.24438278377056122
114  0.24437415599822998
128  0.24437369406223297
343  0.24436691403388977
1225  0.2443651556968689
962  0.24436341226100922
460  0.24436043202877045
1051  0.24435988068580627
502  0.24435769021511078
1195  0.24435700476169586
764  0.24435600638389587
4  0.24435481429100037
106  0.24435319006443024
944  0.24434886872768402
808  0.24434775114059448
1170  0.2443423718214035
252  0.2443414330482483
291  0.24434129893779755
901  0.24433565139770508
311  0.24433252215385437
741  0.2443304806947708
579  0.24432770907878876
922  0.2443266063928604
1110  0.24432119727134705
968  0.2443210780620575
166  0.2443210482597351
242  0.2443203181028366
1147  0.24431875348091125
436  0.24431556463241577
42  0.2443123161792755
1138  0.24431197345256805
682  0.2443099021911621
1241  0.24430890381336212
1000  0.24430765211582184
499  0.24430696666240692
625  0.24430543184280396
945  0.24430502951145172
953  0.24430491030216217
846  0.24430474638938904
429  0.24429933726787567
1023  0.24429529905319214
814  0.24429461359977722
413  0.24429452419281006
216  0.24429449439048767
333  0.2442934811115265
1278  0.24429117143154144
1215  0.24429114162921906
952  0.24429042637348175
417  0.24428892135620117
1048  0.24428653717041016
1205  0.24428576231002808
710  0.244285449385643
370  0.2442823201417923
120  0.2442818433046341
970  0.2442813515663147
285  0.24428044259548187
1270  0.24427969753742218
840  0.2442784458398819
716  0.24427777528762817
380  0.24427571892738342
888  0.2442733347415924
1149  0.24427299201488495
24  0.2442716807126999
627  0.2442701756954193
71  0.2442684918642044
169  0.2442665547132492
600  0.2442651391029358
670  0.2442626953125
366  0.24426120519638062
942  0.2442592978477478
335  0.244257852435112
977  0.24425609409809113
342  0.24425597488880157
760  0.24424977600574493
1257  0.24424897134304047
259  0.244245707988739
1033  0.24424411356449127
241  0.24424371123313904
415  0.24424299597740173
711  0.24423810839653015
619  0.2442377656698227
971  0.24423694610595703
673  0.24423663318157196
389  0.24423429369926453
1258  0.24423231184482574
678  0.2442285567522049
1091  0.2442285567522049
156  0.24422664940357208
654  0.24422337114810944
287  0.24422085285186768
804  0.24421870708465576
147  0.24421866238117218
1224  0.24421682953834534
1111  0.24421481788158417
679  0.24420975148677826
645  0.24420812726020813
867  0.2442043274641037
646  0.24420276284217834
108  0.24420227110385895
879  0.24419747292995453
236  0.24419604241847992
934  0.2441956251859665
405  0.24419337511062622
459  0.2441917508840561
700  0.24418982863426208
225  0.24418729543685913
628  0.2441868633031845
904  0.24418382346630096
1265  0.2441803514957428
270  0.24417930841445923
1077  0.24417924880981445
1204  0.2441774606704712
863  0.24417640268802643
1267  0.2441757172346115
354  0.24417530000209808
540  0.24417202174663544
328  0.2441718578338623
1158  0.2441718578338623
966  0.24417133629322052
1238  0.24416787922382355
635  0.24416719377040863
517  0.24416309595108032
480  0.24416087567806244
663  0.24416081607341766
1041  0.2441595196723938
297  0.2441585510969162
560  0.2441580891609192
759  0.2441558986902237
624  0.2441532015800476
1150  0.24415303766727448
1014  0.2441486269235611
594  0.24414752423763275
1166  0.24414609372615814
379  0.244145929813385
1135  0.2441449612379074
138  0.24414439499378204
1043  0.24414339661598206
570  0.244138702750206
881  0.24413859844207764
439  0.24413450062274933
347  0.2441299557685852
1094  0.24412816762924194
1109  0.2441275715827942
1012  0.244125634431839
1082  0.24412478506565094
850  0.24412253499031067
211  0.24412140250205994
1236  0.24412092566490173
703  0.24412061274051666
546  0.2441198080778122
119  0.24411767721176147
702  0.24411560595035553
1015  0.2441147267818451
483  0.24410969018936157
117  0.24410833418369293
523  0.24410676956176758
1218  0.24410639703273773
461  0.24410489201545715
215  0.2441032975912094
231  0.24410207569599152
815  0.24410204589366913
661  0.24410085380077362
933  0.24410074949264526
286  0.2440994679927826
1206  0.24409784376621246
1068  0.2440965324640274
438  0.24409466981887817
725  0.24409370124340057
870  0.24409139156341553
763  0.24409125745296478
1163  0.24408875405788422
468  0.2440839558839798
412  0.24408380687236786
1008  0.2440827339887619
431  0.2440819889307022
927  0.24408069252967834
529  0.24407900869846344
869  0.2440776526927948
294  0.24407747387886047
642  0.24407605826854706
742  0.24407583475112915
615  0.24407343566417694
1247  0.24407286942005157
1098  0.24407248198986053
1018  0.2440721094608307
1029  0.24407069385051727
1176  0.24406950175762177
1250  0.24406887590885162
359  0.24406525492668152
1140  0.24405938386917114
1155  0.24405796825885773
857  0.2440568208694458
363  0.24405120313167572
1117  0.24405108392238617
181  0.24405017495155334
989  0.24404866993427277
1081  0.24404850602149963
180  0.24404169619083405
533  0.24404117465019226
257  0.2440408617258072
522  0.2440391629934311
973  0.24403876066207886
859  0.24403806030750275
818  0.24403442442417145
1208  0.24403274059295654
218  0.24403069913387299
302  0.24402934312820435
967  0.2440265566110611
1096  0.24402637779712677
46  0.24402546882629395
1016  0.24402138590812683
1211  0.244020476937294
520  0.24401667714118958
613  0.24401627480983734
269  0.24401530623435974
647  0.24401454627513885
821  0.2440134882926941
1071  0.2440100908279419
251  0.24400338530540466
421  0.24400094151496887
305  0.24399901926517487
719  0.24399620294570923
137  0.24399425089359283
637  0.24399366974830627
537  0.2439926564693451
334  0.24399259686470032
47  0.24399155378341675
281  0.24399086833000183
948  0.24398748576641083
1037  0.2439848780632019
497  0.243984192609787
255  0.24398396909236908
230  0.2439815253019333
195  0.24398136138916016
1175  0.24397873878479004
1079  0.24397842586040497
312  0.24397607147693634
947  0.24397540092468262
494  0.24397443234920502
146  0.24397221207618713
453  0.24397176504135132
800  0.24397054314613342
667  0.2439686357975006
1229  0.2439664900302887
182  0.243966206908226
358  0.24396392703056335
845  0.24396347999572754
1287  0.24396207928657532
923  0.24396143853664398
336  0.2439599633216858
1260  0.24395859241485596
793  0.24395830929279327
277  0.24395759403705597
819  0.24395723640918732
77  0.243953138589859
481  0.24394525587558746
553  0.24394497275352478
1034  0.24394337832927704
205  0.2439417988061905
812  0.24394139647483826
908  0.24394004046916962
792  0.24393747746944427
1201  0.2439361810684204
860  0.24393600225448608
440  0.24393455684185028
399  0.24393408000469208
963  0.24392880499362946
1253  0.2439282089471817
142  0.24392347037792206
390  0.24392080307006836
39  0.24391986429691315
772  0.24391838908195496
825  0.2439177930355072
943  0.2439168244600296
29  0.2439144402742386
718  0.24391290545463562
202  0.24391280114650726
902  0.24391242861747742
776  0.24391192197799683
754  0.24391114711761475
240  0.24390809237957
62  0.24390791356563568
1143  0.2439064234495163
911  0.24390442669391632
621  0.2439042329788208
1057  0.24390263855457306
300  0.24390247464179993
552  0.24389776587486267
1142  0.24389676749706268
999  0.24389569461345673
102  0.24389314651489258
488  0.2438925951719284
884  0.24389220774173737
442  0.2438911497592926
67  0.24387387931346893
583  0.2438720166683197
338  0.24387161433696747
1230  0.2438713014125824
1122  0.24387013912200928
490  0.24386486411094666
782  0.24385607242584229
801  0.24385607242584229
1279  0.24385519325733185
835  0.24385425448417664
707  0.2438541203737259
595  0.24385406076908112
951  0.24385406076908112
357  0.24385306239128113
356  0.24385040998458862
875  0.2438478171825409
59  0.2438463717699051
732  0.24384325742721558
895  0.24383996427059174
446  0.24383875727653503
697  0.2438366860151291
1001  0.24383467435836792
921  0.2438334822654724
959  0.24382930994033813
701  0.2438279539346695
802  0.2438264787197113
893  0.24382494390010834
1065  0.24382007122039795
1139  0.24381762742996216
65  0.24381262063980103
543  0.24381224811077118
1153  0.2438066303730011
1086  0.24380555748939514
143  0.24380536377429962
1133  0.24380530416965485
582  0.24380436539649963
199  0.243797168135643
1216  0.24379493296146393
309  0.24379277229309082
276  0.24379245936870575
1203  0.24379229545593262
524  0.24378696084022522
322  0.2437867373228073
395  0.24378661811351776
584  0.24378535151481628
249  0.2437816858291626
66  0.24378027021884918
1173  0.24377809464931488
18  0.24377593398094177
752  0.2437756210565567
73  0.24377498030662537
731  0.24377159774303436
22  0.24377155303955078
222  0.24377155303955078
905  0.24377131462097168
303  0.24377046525478363
1214  0.24376729130744934
1074  0.24376451969146729
847  0.24376128613948822
785  0.24375976622104645
935  0.2437583953142166
521  0.24375814199447632
234  0.2437552809715271
1100  0.243754580616951
70  0.24375449120998383
486  0.243754044175148
115  0.24375270307064056
780  0.24375244975090027
110  0.24375228583812714
1272  0.2437506914138794
54  0.24375024437904358
1047  0.24374817311763763
797  0.24374458193778992
299  0.2437431514263153
997  0.24374258518218994
369  0.24374207854270935
1202  0.24374204874038696
836  0.24374112486839294
827  0.243738055229187
653  0.24373766779899597
877  0.24373698234558105
186  0.2437368631362915
618  0.2437344342470169
1212  0.24373279511928558
243  0.2437298446893692
19  0.24372924864292145
445  0.24372678995132446
518  0.2437262237071991
603  0.2437225878238678
876  0.24372245371341705
712  0.24372179806232452
874  0.24371463060379028
233  0.24371318519115448
767  0.24371176958084106
224  0.24371160566806793
1085  0.2437105029821396
56  0.24371035397052765
991  0.2437097281217575
1134  0.2437061071395874
472  0.2437015175819397
852  0.24370123445987701
131  0.24369777739048004
1042  0.24369461834430695
1178  0.24369405210018158
463  0.24369339644908905
327  0.24369336664676666
779  0.24369195103645325
1114  0.2436816394329071
1032  0.2436789572238922
889  0.24367597699165344
36  0.24367257952690125
432  0.24367021024227142
1053  0.24366521835327148
1244  0.24365955591201782
313  0.24365678429603577
791  0.24365553259849548
264  0.24365372955799103
842  0.24364763498306274
1054  0.2436475306749344
758  0.2436450868844986
435  0.24364107847213745
955  0.24363812804222107
659  0.24363557994365692
1132  0.24363481998443604
1105  0.24362541735172272
1286  0.24362440407276154
1084  0.24362321197986603
12  0.24362315237522125
855  0.243622824549675
1099  0.24361993372440338
374  0.2436164766550064
1152  0.24361571669578552
838  0.24361534416675568
179  0.243613138794899
865  0.24361053109169006
164  0.24360951781272888
396  0.24360787868499756
939  0.2436007708311081
622  0.24360023438930511
577  0.24359652400016785
981  0.24359554052352905
1025  0.24358461797237396
571  0.2435835748910904
209  0.243581160902977
51  0.24356648325920105
1123  0.24356606602668762
733  0.2435610294342041
677  0.2435591071844101
1197  0.2435511201620102
917  0.24354931712150574
365  0.24354654550552368
756  0.24354416131973267
1002  0.24354411661624908
864  0.24354323744773865
325  0.24354100227355957
254  0.24353748559951782
1017  0.2435367852449417
1103  0.2435360550880432
929  0.24353410303592682
167  0.2435312122106552
248  0.2435285598039627
1066  0.2435164451599121
1145  0.24351589381694794
941  0.2435070127248764
452  0.24350477755069733
572  0.24350295960903168
604  0.2434946596622467
1010  0.24349179863929749
588  0.24349072575569153
1126  0.2434861958026886
406  0.24348394572734833
1072  0.24348366260528564
964  0.24348168075084686
556  0.2434798926115036
777  0.24347975850105286
64  0.2434697449207306
548  0.24346520006656647
987  0.24346302449703217
662  0.2434624582529068
1160  0.24346239864826202
377  0.24345996975898743
1107  0.24345974624156952
1007  0.24345678091049194
1129  0.24345555901527405
612  0.2434537559747696
434  0.24344804883003235
626  0.24344784021377563
392  0.24344711005687714
341  0.24344351887702942
332  0.2434414029121399
1076  0.24343600869178772
1186  0.24343547224998474
506  0.2434333711862564
530  0.24343165755271912
834  0.2434273511171341
903  0.2434270679950714
1141  0.24342571198940277
928  0.24342504143714905
318  0.2434244453907013
345  0.24342080950737
1003  0.24341972172260284
698  0.24341832101345062
208  0.24341826140880585
1056  0.24341820180416107
1177  0.24341362714767456
561  0.2434128373861313
770  0.24340921640396118
355  0.24340811371803284
1058  0.24340662360191345
385  0.24340204894542694
132  0.24339275062084198
409  0.24339275062084198
451  0.24339203536510468
820  0.24339063465595245
30  0.24338941276073456
781  0.24337932467460632
173  0.24337701499462128
993  0.24337424337863922
1106  0.24337413907051086
871  0.2433740496635437
1030  0.24337345361709595
689  0.24337238073349
794  0.24337057769298553
384  0.24336950480937958
992  0.24336859583854675
1049  0.24336498975753784
371  0.2433597892522812
1080  0.24335967004299164
926  0.24335505068302155
1262  0.2433546483516693
837  0.24335332214832306
858  0.24333511292934418
1281  0.24333149194717407
1055  0.24332952499389648
487  0.24332883954048157
937  0.2433251142501831
1104  0.2433226853609085
1127  0.24332144856452942
340  0.243316188454628
790  0.24330958724021912
975  0.2433083951473236
1113  0.24330772459506989
1223  0.2433076649904251
1120  0.24330301582813263
566  0.24330005049705505
699  0.243295356631279
1027  0.24329333007335663
456  0.24329106509685516
256  0.2432909905910492
1234  0.24329081177711487
426  0.24328938126564026
1185  0.24328836798667908
441  0.24328717589378357
103  0.24328508973121643
932  0.24328269064426422
650  0.2432813048362732
1172  0.24327994883060455
811  0.24327899515628815
1180  0.2432735711336136
376  0.243271142244339
1022  0.24326767027378082
920  0.2432670295238495
873  0.24326466023921967
433  0.24325664341449738
1118  0.24325184524059296
798  0.24324634671211243
232  0.24324586987495422
1013  0.24324297904968262
360  0.24323824048042297
1165  0.2432308793067932
1040  0.24322696030139923
768  0.24322600662708282
972  0.24322335422039032
414  0.24321816861629486
738  0.24321700632572174
614  0.2432136982679367
918  0.24321240186691284
1115  0.24320051074028015
1035  0.2431909739971161
695  0.24318984150886536
492  0.2431889921426773
308  0.24318765103816986
640  0.24318403005599976
217  0.24317362904548645
387  0.2431703358888626
1124  0.24316559731960297
458  0.2431648075580597
1121  0.2431626319885254
175  0.24316243827342987
362  0.24316199123859406
1028  0.24316079914569855
866  0.24315978586673737
956  0.24315764009952545
730  0.24315758049488068
189  0.2431573122739792
914  0.24315539002418518
278  0.24315330386161804
1069  0.24315261840820312
467  0.24314817786216736
672  0.24314270913600922
525  0.24314095079898834
471  0.24314050376415253
284  0.2431355118751526
111  0.24313531816005707
1009  0.24313469231128693
1036  0.24313125014305115
339  0.24313057959079742
482  0.24312922358512878
1256  0.24312685430049896
739  0.24312393367290497
896  0.24312055110931396
404  0.24311809241771698
576  0.24311265349388123
361  0.2431119829416275
1130  0.2431107461452484
596  0.24311020970344543
1090  0.24310608208179474
368  0.24310149252414703
292  0.2430925965309143
734  0.24308836460113525
891  0.24308526515960693
95  0.2430751770734787
655  0.24307388067245483
666  0.24306976795196533
245  0.24306932091712952
609  0.24306435883045197
665  0.24305970966815948
938  0.2430540770292282
1101  0.24304784834384918
373  0.24304521083831787
844  0.24304316937923431
352  0.24303807318210602
581  0.2430364191532135
3  0.2430328130722046
401  0.24302954971790314
372  0.2430214285850525
924  0.24302110075950623
237  0.24301601946353912
515  0.24301309883594513
474  0.24300616979599
728  0.24298541247844696
748  0.24297435581684113
1161  0.242972269654274
43  0.24297018349170685
516  0.24296754598617554
408  0.24296729266643524
198  0.2429664134979248
723  0.24296388030052185
649  0.24295954406261444
1097  0.24294908344745636
227  0.24294333159923553
1275  0.24294103682041168
172  0.2429407238960266
53  0.24293655157089233
749  0.24293287098407745
185  0.24292758107185364
282  0.24292431771755219
1070  0.24292166531085968
124  0.24291840195655823
424  0.24291345477104187
420  0.24290040135383606
1219  0.24289144575595856
773  0.24288593232631683
194  0.24287515878677368
998  0.24287407100200653
375  0.24286723136901855
267  0.2428671419620514
1026  0.2428659051656723
573  0.2428579181432724
330  0.24284982681274414
1064  0.24284330010414124
272  0.24284212291240692
853  0.2428373396396637
263  0.2428329586982727
916  0.24282941222190857
909  0.24281062185764313
946  0.24280214309692383
1062  0.2427869588136673
476  0.24277569353580475
762  0.24277015030384064
755  0.24276714026927948
317  0.24273674190044403
674  0.24273373186588287
1128  0.24272947013378143
657  0.24272845685482025
988  0.2427143007516861
1006  0.24270926415920258
713  0.242697611451149
1061  0.24268247187137604
526  0.24268078804016113
704  0.2426765412092209
931  0.24267561733722687
771  0.24266284704208374
489  0.24265015125274658
296  0.24263140559196472
1046  0.24262244999408722
919  0.24261759221553802
848  0.24260587990283966
262  0.2426050752401352
632  0.2425878345966339
364  0.2425750494003296
803  0.24257327616214752
783  0.24257247149944305
477  0.24256983399391174
491  0.24256475269794464
737  0.24255944788455963
337  0.2425592839717865
709  0.24255503714084625
1283  0.24255166947841644
799  0.24255108833312988
80  0.24254171550273895
830  0.24252909421920776
38  0.2425263226032257
816  0.2425243854522705
978  0.24252067506313324
994  0.24250687658786774
1221  0.24249538779258728
872  0.24248988926410675
129  0.24246931076049805
214  0.24245992302894592
684  0.24245530366897583
817  0.24243994057178497
990  0.24238529801368713
478  0.24238048493862152
591  0.24237515032291412
407  0.24232031404972076
961  0.2422776222229004
1005  0.24225543439388275
353  0.24215278029441833
1024  0.24214784801006317
187  0.2420545071363449
351  0.24196335673332214
319  0.24192407727241516
958  0.24185028672218323
44  0.24182312190532684
304  0.24176502227783203
789  0.24173927307128906
805  0.2416033148765564
273  0.24140973389148712
910  0.2413572072982788
