35  0.22784218192100525
1401  0.2275187224149704
878  0.22748062014579773
813  0.2274293601512909
1427  0.22738832235336304
42  0.22738565504550934
669  0.22732482850551605
588  0.22728319466114044
1199  0.22727131843566895
193  0.2272699922323227
373  0.22721275687217712
306  0.22718150913715363
144  0.22716467082500458
264  0.22715842723846436
75  0.22715631127357483
113  0.22714729607105255
833  0.22712834179401398
80  0.22712688148021698
900  0.2271028757095337
766  0.2270837277173996
830  0.22707965970039368
65  0.22706349194049835
845  0.2270587682723999
212  0.22704096138477325
311  0.2270401269197464
281  0.2270352691411972
667  0.22702538967132568
324  0.2270156294107437
1405  0.22700616717338562
189  0.2270045429468155
579  0.22699397802352905
619  0.22698523104190826
114  0.22697654366493225
812  0.2269713282585144
670  0.226967453956604
943  0.22696715593338013
162  0.22696572542190552
636  0.2269648015499115
609  0.22693556547164917
348  0.2269272655248642
906  0.22692304849624634
780  0.22692005336284637
624  0.2269114851951599
185  0.22689996659755707
716  0.2268991768360138
1399  0.2268913835287094
20  0.2268729954957962
106  0.22686506807804108
719  0.2268625646829605
1254  0.2268538773059845
8  0.22685176134109497
216  0.22684872150421143
167  0.22684402763843536
1068  0.22682993113994598
441  0.2268286496400833
199  0.22682435810565948
786  0.22682203352451324
7  0.22680442035198212
855  0.22680401802062988
690  0.2267996072769165
920  0.2267947494983673
573  0.226790189743042
1374  0.22677576541900635
1289  0.22677478194236755
930  0.22677062451839447
972  0.2267685830593109
831  0.22675737738609314
108  0.22674712538719177
118  0.22674673795700073
591  0.22674115002155304
866  0.22673523426055908
1433  0.2267249971628189
794  0.22672411799430847
638  0.22671864926815033
222  0.22671706974506378
916  0.2267143279314041
587  0.22670646011829376
1216  0.22670389711856842
227  0.22670230269432068
922  0.22670188546180725
454  0.22669801115989685
1376  0.22669634222984314
671  0.22669349610805511
599  0.226689875125885
372  0.22668291628360748
767  0.22667591273784637
229  0.22666826844215393
198  0.2266676276922226
827  0.22666527330875397
233  0.22665925323963165
382  0.226649209856987
782  0.226649209856987
1106  0.22664165496826172
936  0.22664062678813934
1024  0.22663670778274536
761  0.22661012411117554
883  0.22660639882087708
119  0.22660468518733978
750  0.22660306096076965
1412  0.22659647464752197
276  0.22659356892108917
986  0.22659213840961456
36  0.2265767753124237
713  0.2265685498714447
652  0.2265656590461731
1153  0.2265641689300537
835  0.22656269371509552
764  0.22655929625034332
1158  0.22655914723873138
304  0.22655850648880005
209  0.22655770182609558
1144  0.22655747830867767
1172  0.2265438735485077
480  0.2265378087759018
175  0.22653719782829285
929  0.22652921080589294
913  0.22652170062065125
614  0.2265201210975647
92  0.22651945054531097
879  0.22651582956314087
38  0.22651506960391998
799  0.22651426494121552
1080  0.22651109099388123
942  0.22650472819805145
770  0.22650323808193207
1332  0.22650228440761566
959  0.2265022248029709
349  0.2265021800994873
64  0.22650188207626343
431  0.2265012562274933
723  0.22649802267551422
748  0.22649303078651428
23  0.2264929562807083
49  0.22649253904819489
715  0.2264896035194397
115  0.22648748755455017
840  0.22648581862449646
908  0.22648555040359497
1382  0.22648203372955322
117  0.22648116946220398
760  0.22648045420646667
592  0.22647914290428162
837  0.22647826373577118
71  0.22647513449192047
1446  0.22647441923618317
705  0.22647224366664886
363  0.2264692336320877
121  0.22646671533584595
1354  0.22646640241146088
84  0.22646485269069672
1127  0.22646363079547882
1196  0.22646000981330872
633  0.22645913064479828
274  0.22645851969718933
300  0.22645573318004608
330  0.22645068168640137
5  0.22644782066345215
655  0.22644782066345215
253  0.22644387185573578
397  0.22644363343715668
285  0.22644241154193878
621  0.22644148766994476
68  0.22643932700157166
826  0.22643595933914185
14  0.22643522918224335
444  0.2264350801706314
1292  0.22643092274665833
1313  0.22643062472343445
168  0.2264304757118225
736  0.22642529010772705
66  0.22642084956169128
369  0.22641776502132416
839  0.2264157384634018
784  0.22641092538833618
644  0.2264108806848526
1041  0.22640444338321686
1256  0.22640441358089447
419  0.22640207409858704
755  0.22640153765678406
673  0.22640080749988556
870  0.22640036046504974
1375  0.22640031576156616
271  0.2263995110988617
1235  0.22639504075050354
136  0.22639115154743195
484  0.22639063000679016
678  0.22638799250125885
720  0.2263876050710678
1410  0.2263847291469574
94  0.226384237408638
388  0.2263823300600052
1090  0.22637489438056946
99  0.22636832296848297
1361  0.2263670563697815
1271  0.22636668384075165
1140  0.22636453807353973
702  0.22636282444000244
928  0.22636254131793976
62  0.22636179625988007
1255  0.2263583391904831
165  0.22635774314403534
1209  0.22635698318481445
1100  0.2263561338186264
1417  0.2263520359992981
146  0.22635070979595184
532  0.22635017335414886
1261  0.22634924948215485
724  0.22634738683700562
675  0.22634689509868622
284  0.22634685039520264
1052  0.22634367644786835
953  0.22634173929691315
435  0.22633688151836395
73  0.2263364940881729
394  0.22633083164691925
1226  0.22632725536823273
434  0.22632655501365662
1303  0.2263239622116089
21  0.22631949186325073
1034  0.22631824016571045
279  0.22631436586380005
656  0.22631360590457916
632  0.22631336748600006
745  0.2263118177652359
931  0.2263115793466568
32  0.226310595870018
862  0.22631025314331055
846  0.22631023824214935
533  0.22630909085273743
270  0.2263055294752121
954  0.2263052761554718
1274  0.22630420327186584
52  0.22630347311496735
626  0.22630146145820618
1435  0.22629624605178833
455  0.22629497945308685
726  0.22629497945308685
676  0.2262924313545227
905  0.22629189491271973
1017  0.2262914627790451
737  0.2262897789478302
1370  0.22628962993621826
194  0.2262871116399765
1321  0.22628666460514069
134  0.2262859344482422
718  0.2262820303440094
1311  0.22628138959407806
507  0.22628098726272583
779  0.22628027200698853
1373  0.2262793481349945
606  0.22627675533294678
95  0.2262718677520752
277  0.22626909613609314
1194  0.22626397013664246
1368  0.22626113891601562
495  0.2262607365846634
539  0.22625811398029327
818  0.22625625133514404
47  0.2262561321258545
305  0.22625400125980377
1166  0.22625361382961273
132  0.2262534201145172
1448  0.2262520045042038
1327  0.22625117003917694
112  0.22624599933624268
947  0.22624190151691437
886  0.2262410670518875
699  0.22623544931411743
654  0.22623489797115326
1031  0.2262333631515503
183  0.22622869908809662
585  0.22622649371623993
31  0.22622618079185486
37  0.22622399032115936
941  0.22621968388557434
83  0.2262188345193863
1229  0.22621522843837738
452  0.22621309757232666
1165  0.22621290385723114
169  0.2262125164270401
889  0.2262120097875595
793  0.22620907425880432
465  0.22620905935764313
674  0.22620899975299835
1088  0.22620876133441925
612  0.2262083739042282
219  0.22620393335819244
586  0.22620294988155365
867  0.2262009084224701
2  0.22620083391666412
256  0.2261984646320343
1066  0.22619521617889404
1018  0.22619134187698364
120  0.2261909544467926
1081  0.22618962824344635
1302  0.22618773579597473
176  0.22618509829044342
651  0.22618433833122253
221  0.22618377208709717
1065  0.2261805534362793
642  0.22617791593074799
152  0.226177379488945
1147  0.22617697715759277
701  0.22617626190185547
1015  0.22617162764072418
1188  0.22617006301879883
1439  0.22616958618164062
672  0.2261691391468048
226  0.22616887092590332
1099  0.22616592049598694
1150  0.22616581618785858
61  0.22616274654865265
1379  0.22616124153137207
1323  0.2261570394039154
309  0.22615420818328857
725  0.2261497974395752
1059  0.22614799439907074
1148  0.22614511847496033
935  0.22614508867263794
1043  0.22614508867263794
1307  0.22614124417304993
772  0.22613933682441711
594  0.22613830864429474
290  0.2261357307434082
1284  0.22613313794136047
459  0.22613126039505005
240  0.22612997889518738
1402  0.22612899541854858
208  0.22612665593624115
317  0.2261258065700531
1268  0.2261255383491516
734  0.22612081468105316
320  0.22611947357654572
263  0.22611676156520844
453  0.22611549496650696
703  0.22611424326896667
978  0.22611403465270996
694  0.22611331939697266
665  0.2261122316122055
1060  0.2261112481355667
535  0.22611047327518463
763  0.22611020505428314
918  0.22610871493816376
55  0.2261081337928772
661  0.2261078655719757
1227  0.22610564529895782
1338  0.22610299289226532
127  0.22609898447990417
63  0.22609740495681763
76  0.2260972559452057
795  0.2260972261428833
583  0.22609710693359375
458  0.22609637677669525
856  0.2260955572128296
858  0.22609499096870422
801  0.226091206073761
202  0.22609013319015503
1278  0.22608716785907745
911  0.22608578205108643
939  0.22608545422554016
1187  0.22608433663845062
195  0.2260815054178238
510  0.2260815054178238
622  0.2260814607143402
682  0.2260812669992447
10  0.22608034312725067
375  0.2260802984237671
90  0.22607983648777008
1280  0.22607795894145966
1107  0.22607605159282684
1339  0.22607478499412537
477  0.22607305645942688
19  0.22606869041919708
22  0.22606676816940308
158  0.22606489062309265
201  0.22606413066387177
901  0.22606109082698822
332  0.22605986893177032
462  0.22605952620506287
994  0.22605770826339722
897  0.22605738043785095
603  0.22605636715888977
610  0.22605550289154053
179  0.22605456411838531
335  0.2260492444038391
328  0.22604861855506897
196  0.22604712843894958
1300  0.22604678571224213
493  0.22604675590991974
975  0.2260451316833496
1215  0.22604462504386902
597  0.22604428231716156
105  0.22604241967201233
313  0.22603994607925415
1224  0.22603799402713776
706  0.22603653371334076
48  0.22602921724319458
96  0.22602882981300354
1130  0.22602736949920654
777  0.22602717578411102
1333  0.226026251912117
634  0.2260252684354782
235  0.2260223776102066
129  0.22602050006389618
436  0.22601965069770813
103  0.2260161191225052
366  0.22601406276226044
24  0.22601386904716492
810  0.22601251304149628
854  0.2260112464427948
894  0.22600917518138885
1397  0.22600498795509338
312  0.22600461542606354
806  0.22600330412387848
1281  0.22599969804286957
836  0.22599945962429047
1356  0.22599881887435913
154  0.22599735856056213
558  0.22599554061889648
299  0.22599539160728455
401  0.22599220275878906
250  0.2259914129972458
498  0.22599127888679504
514  0.22598864138126373
1136  0.22598859667778015
160  0.2259860634803772
4  0.2259855717420578
67  0.2259816825389862
1102  0.22597843408584595
740  0.225977823138237
460  0.22597697377204895
173  0.2259763926267624
1296  0.22597607970237732
97  0.22597354650497437
1418  0.2259727120399475
924  0.22597052156925201
800  0.2259702831506729
476  0.22596833109855652
378  0.22596678137779236
1044  0.22596171498298645
448  0.225960835814476
1411  0.22595995664596558
645  0.2259586900472641
432  0.2259581983089447
188  0.22595392167568207
1038  0.22595250606536865
1294  0.2259521633386612
70  0.225951686501503
1219  0.22595158219337463
303  0.22595036029815674
625  0.22594889998435974
687  0.22594423592090607
54  0.22594355046749115
1309  0.22594201564788818
1089  0.2259395569562912
51  0.22593940794467926
246  0.22593609988689423
575  0.22593367099761963
888  0.22593235969543457
447  0.22593101859092712
442  0.2259306013584137
6  0.22593025863170624
802  0.22592952847480774
204  0.22592845559120178
445  0.22592797875404358
1198  0.22592729330062866
59  0.22592684626579285
584  0.22592510282993317
828  0.2259228676557541
131  0.22592276334762573
848  0.22592176496982574
220  0.22592125833034515
1260  0.22591730952262878
370  0.22591546177864075
1263  0.2259136438369751
1366  0.22591303288936615
602  0.22591246664524078
265  0.22591142356395721
1189  0.22590866684913635
1362  0.22590845823287964
1353  0.22590762376785278
157  0.22590641677379608
934  0.22590620815753937
125  0.22590509057044983
39  0.22590488195419312
1431  0.22590407729148865
832  0.2259020060300827
727  0.22590100765228271
275  0.22590066492557526
1415  0.22590051591396332
1273  0.22589965164661407
1033  0.2258959263563156
1116  0.2258947491645813
1029  0.2258942425251007
892  0.22589097917079926
976  0.22588767111301422
367  0.22588694095611572
46  0.22588221728801727
111  0.2258813977241516
298  0.2258809506893158
145  0.22588090598583221
336  0.2258802056312561
895  0.22587929666042328
754  0.2258772850036621
1246  0.22587667405605316
662  0.22587639093399048
544  0.22587531805038452
964  0.22587312757968903
1007  0.22586682438850403
1350  0.22586393356323242
504  0.2258637547492981
405  0.22586247324943542
1115  0.22585943341255188
1180  0.2258545458316803
937  0.22585429251194
1108  0.2258538156747818
1443  0.22585362195968628
243  0.22585205733776093
1285  0.22585055232048035
251  0.22584955394268036
485  0.22584719955921173
746  0.2258470505475998
562  0.22584456205368042
910  0.22584325075149536
803  0.22584286332130432
380  0.22584131360054016
1049  0.22584077715873718
1305  0.2258404791355133
433  0.22583939135074615
143  0.2258388102054596
159  0.22583793103694916
1159  0.22583381831645966
411  0.22583332657814026
374  0.22583308815956116
326  0.22583216428756714
1156  0.2258312851190567
410  0.2258281707763672
875  0.22582657635211945
186  0.22582481801509857
85  0.22582370042800903
785  0.22582340240478516
919  0.2258230447769165
478  0.22582262754440308
649  0.22582130134105682
206  0.22581888735294342
997  0.22581373155117035
1028  0.22581353783607483
44  0.22581303119659424
140  0.22581253945827484
1310  0.22580908238887787
525  0.22580814361572266
124  0.22580808401107788
1124  0.2258070707321167
842  0.22580692172050476
1001  0.22580549120903015
595  0.22580522298812866
738  0.2258031815290451
30  0.2258019894361496
796  0.2258000671863556
547  0.22579991817474365
266  0.2257981300354004
1316  0.2257949560880661
1342  0.22579433023929596
759  0.22579413652420044
1414  0.22579310834407806
838  0.2257891297340393
1163  0.22578655183315277
530  0.22578305006027222
1363  0.22578231990337372
519  0.22578154504299164
1123  0.2257802039384842
729  0.2257784754037857
1359  0.22577804327011108
353  0.22577761113643646
660  0.22577731311321259
282  0.22577600181102753
998  0.2257733792066574
551  0.22577111423015594
400  0.2257707566022873
973  0.22576944530010223
497  0.2257682979106903
731  0.2257658690214157
989  0.2257653772830963
933  0.22576536238193512
1039  0.22576487064361572
81  0.22576382756233215
408  0.2257607877254486
686  0.22575947642326355
944  0.22575733065605164
116  0.22575728595256805
677  0.22575446963310242
327  0.22575442492961884
1420  0.22575266659259796
1436  0.22575227916240692
365  0.22575028240680695
751  0.22574765980243683
657  0.22574685513973236
604  0.22574613988399506
852  0.2257453352212906
427  0.22573910653591156
1413  0.2257390171289444
457  0.22573810815811157
1449  0.22573783993721008
1040  0.2257373183965683
629  0.22573718428611755
513  0.22573228180408478
283  0.22573205828666687
149  0.22572924196720123
207  0.22572919726371765
1283  0.22572903335094452
153  0.22572726011276245
384  0.22572699189186096
218  0.22572419047355652
1008  0.22572307288646698
1325  0.22572219371795654
356  0.22571906447410583
637  0.2257184535264969
696  0.2257174402475357
868  0.22571520507335663
909  0.22571015357971191
191  0.22570885717868805
1426  0.22570611536502838
917  0.22570589184761047
1177  0.22570475935935974
773  0.22570446133613586
360  0.2257043719291687
691  0.22570407390594482
581  0.22570174932479858
1378  0.22570057213306427
1290  0.22570055723190308
1389  0.22570018470287323
1403  0.22569893300533295
791  0.22569581866264343
874  0.22569438815116882
709  0.22569258511066437
1230  0.22569242119789124
26  0.22569219768047333
461  0.22568809986114502
685  0.22568804025650024
752  0.22568659484386444
707  0.22568541765213013
231  0.2256849855184555
1119  0.22568289935588837
758  0.22568270564079285
104  0.22568239271640778
184  0.22568173706531525
163  0.2256801575422287
733  0.22568005323410034
102  0.22567911446094513
86  0.22567619383335114
141  0.22567565739154816
1077  0.22567503154277802
1287  0.22567327320575714
1074  0.2256707102060318
1331  0.22566922008991241
107  0.22566847503185272
156  0.2256680577993393
1279  0.22566677629947662
712  0.22566527128219604
1092  0.22566023468971252
138  0.22565984725952148
1207  0.22565890848636627
556  0.22565841674804688
489  0.2256564050912857
1151  0.22565628588199615
12  0.22565598785877228
1071  0.2256552129983902
1438  0.22565512359142303
137  0.22565460205078125
342  0.22565308213233948
960  0.2256525158882141
1217  0.22565151751041412
269  0.22565127909183502
1204  0.22564876079559326
214  0.2256481796503067
809  0.2256476879119873
57  0.2256460338830948
1117  0.2256450653076172
853  0.22564394772052765
615  0.22564227879047394
553  0.2256420999765396
1398  0.22564035654067993
790  0.22563940286636353
778  0.22563913464546204
297  0.22563880681991577
451  0.22563768923282623
876  0.22563758492469788
1183  0.22563619911670685
468  0.22563506662845612
1203  0.22563178837299347
178  0.22563090920448303
177  0.22563064098358154
1157  0.22562865912914276
236  0.2256270796060562
1011  0.22562669217586517
859  0.22562631964683533
352  0.22562597692012787
181  0.22562211751937866
1192  0.2256200611591339
990  0.22561974823474884
1259  0.22561459243297577
362  0.22561322152614594
383  0.22561299800872803
262  0.22561165690422058
58  0.22560720145702362
1175  0.22560547292232513
1069  0.2256036102771759
1223  0.2256028950214386
695  0.22560161352157593
142  0.22560103237628937
815  0.2255994975566864
1291  0.22559793293476105
412  0.2255946546792984
1134  0.22559413313865662
517  0.22559060156345367
630  0.22559037804603577
1109  0.22558914124965668
291  0.22558851540088654
242  0.22558747231960297
1141  0.2255871742963791
1400  0.22558675706386566
1122  0.22558516263961792
872  0.2255849689245224
261  0.2255818098783493
371  0.22558057308197021
589  0.22557909786701202
1072  0.22557826340198517
1056  0.22557735443115234
728  0.22557716071605682
542  0.22557662427425385
1103  0.22557206451892853
296  0.22557099163532257
1320  0.22557060420513153
288  0.22557014226913452
1437  0.2255679816007614
938  0.22556789219379425
775  0.2255651205778122
1143  0.22556458413600922
1035  0.2255636602640152
749  0.2255622297525406
379  0.22555972635746002
474  0.22555837035179138
593  0.2255568504333496
1228  0.2255561500787735
871  0.22555585205554962
927  0.22555573284626007
914  0.225555419921875
912  0.2255551666021347
1404  0.22555510699748993
1003  0.22555366158485413
1110  0.2255527526140213
469  0.22555255889892578
364  0.22555047273635864
850  0.22554939985275269
819  0.22554701566696167
171  0.22554592788219452
926  0.22554488480091095
1076  0.2255421280860901
1429  0.2255394607782364
228  0.22553901374340057
1424  0.22553803026676178
520  0.22553607821464539
1063  0.22553595900535583
1073  0.22553421556949615
757  0.22553372383117676
91  0.225533127784729
307  0.2255326211452484
151  0.2255324274301529
225  0.22553016245365143
389  0.22552961111068726
546  0.22552922368049622
948  0.2255280613899231
471  0.22552722692489624
967  0.2255266308784485
1168  0.22552645206451416
101  0.22552630305290222
613  0.22552552819252014
851  0.22552227973937988
891  0.22552019357681274
680  0.2255193293094635
574  0.22551588714122772
1101  0.2255125790834427
1167  0.22551219165325165
1013  0.22551003098487854
1161  0.2255091369152069
1388  0.22550898790359497
1234  0.22550728917121887
1322  0.22550612688064575
450  0.2255057990550995
135  0.22550514340400696
1344  0.22550511360168457
1340  0.22550508379936218
516  0.2255043387413025
896  0.22550345957279205
1245  0.22550123929977417
496  0.22550028562545776
341  0.2255002111196518
1051  0.22550013661384583
463  0.22549934685230255
568  0.2254970669746399
658  0.22549375891685486
744  0.22549240291118622
1317  0.2254922091960907
1176  0.22549065947532654
700  0.22548925876617432
354  0.22548910975456238
1335  0.22548823058605194
428  0.22548620402812958
1351  0.22548511624336243
549  0.22548355162143707
814  0.22548246383666992
93  0.22548192739486694
1075  0.22548043727874756
787  0.22547966241836548
617  0.22547763586044312
982  0.22547635436058044
301  0.22547437250614166
161  0.22547391057014465
1428  0.2254723608493805
385  0.22547073662281036
834  0.22547073662281036
109  0.22546951472759247
747  0.2254685014486313
565  0.22546830773353577
1202  0.22546595335006714
347  0.2254638522863388
1114  0.22546254098415375
1221  0.22546184062957764
1395  0.2254602611064911
956  0.22545994818210602
893  0.2254580855369568
776  0.2254575937986374
925  0.2254519760608673
79  0.22544978559017181
808  0.22544892132282257
600  0.22544583678245544
1135  0.22544431686401367
1369  0.22544024884700775
386  0.22543951869010925
50  0.22543583810329437
1095  0.22543580830097198
540  0.22543151676654816
1352  0.22543132305145264
33  0.2254299372434616
792  0.22542965412139893
464  0.22542960941791534
267  0.22542783617973328
965  0.22542667388916016
1212  0.22542604804039001
393  0.22542546689510345
980  0.22542238235473633
781  0.2254219502210617
409  0.2254200279712677
578  0.22541983425617218
260  0.22541967034339905
1171  0.22541804611682892
210  0.22541719675064087
230  0.22541581094264984
1142  0.2254154533147812
238  0.22541432082653046
1391  0.22541232407093048
1025  0.22540991008281708
491  0.22540506720542908
1149  0.2254047393798828
316  0.22540441155433655
122  0.22540263831615448
1145  0.22540123760700226
245  0.22539888322353363
1070  0.2253982275724411
1408  0.22539618611335754
1162  0.2253953516483307
1067  0.2253943532705307
753  0.22539323568344116
1020  0.22539295256137848
1232  0.2253909856081009
1061  0.22539035975933075
1032  0.22539013624191284
368  0.22538965940475464
213  0.22538843750953674
1104  0.22538679838180542
148  0.22538669407367706
841  0.22538621723651886
1275  0.2253846377134323
139  0.22538432478904724
646  0.2253831923007965
395  0.22538118064403534
53  0.22538092732429504
1423  0.22538068890571594
89  0.22537994384765625
515  0.22537913918495178
1326  0.2253776639699936
823  0.225377157330513
681  0.22537623345851898
958  0.2253739982843399
663  0.2253737598657608
1336  0.22537298500537872
248  0.22537173330783844
130  0.2253715842962265
1225  0.22537051141262054
203  0.22537022829055786
576  0.2253699153661728
446  0.2253696173429489
1045  0.225367471575737
45  0.22536630928516388
98  0.2253652811050415
13  0.22536210715770721
607  0.22535981237888336
339  0.22535918653011322
983  0.2253572940826416
531  0.22535397112369537
15  0.22535380721092224
351  0.2253531813621521
211  0.2253526896238327
545  0.22535090148448944
259  0.22534926235675812
572  0.22534865140914917
1367  0.2253468632698059
730  0.22534550726413727
1154  0.2253447026014328
762  0.22534288465976715
666  0.22534184157848358
1087  0.22533807158470154
1138  0.22533686459064484
406  0.22533583641052246
1383  0.22533047199249268
880  0.2253282368183136
618  0.2253279685974121
843  0.2253277599811554
77  0.22532714903354645
1009  0.22532707452774048
1169  0.22532621026039124
417  0.22532543540000916
87  0.22532525658607483
403  0.22532226145267487
69  0.22531764209270477
721  0.22531700134277344
1380  0.2253161370754242
244  0.22531455755233765
197  0.22531454265117645
439  0.22531400620937347
899  0.2253139764070511
970  0.22531265020370483
1055  0.2253114879131317
437  0.22531098127365112
999  0.2253083884716034
650  0.22530591487884521
29  0.2253042757511139
890  0.2253037840127945
187  0.22530202567577362
333  0.2253018021583557
1064  0.2252986580133438
860  0.2252984195947647
528  0.22529737651348114
1152  0.2252967655658722
392  0.22529488801956177
554  0.22529396414756775
1257  0.22529037296772003
456  0.22529025375843048
865  0.22528761625289917
688  0.22528709471225739
1053  0.22528432309627533
822  0.22527985274791718
280  0.2252798229455948
863  0.2252783328294754
1392  0.22527672350406647
1113  0.22527532279491425
361  0.22527244687080383
319  0.22527222335338593
1319  0.22527210414409637
295  0.2252720296382904
1  0.22527112066745758
732  0.22526995837688446
1441  0.2252691388130188
430  0.22526903450489044
774  0.22526879608631134
123  0.2252677083015442
1318  0.22526705265045166
292  0.22526593506336212
1021  0.22526521980762482
82  0.22526341676712036
1030  0.2252623289823532
563  0.22525891661643982
1299  0.22525790333747864
992  0.22525693476200104
1014  0.2252558469772339
78  0.22525550425052643
505  0.2252543717622757
164  0.22525234520435333
1054  0.22525106370449066
742  0.2252466380596161
492  0.22524605691432953
166  0.2252456396818161
272  0.2252453714609146
1120  0.22524522244930267
1343  0.22524257004261017
1201  0.22524207830429077
1206  0.2252405285835266
627  0.2252398580312729
864  0.2252371460199356
1214  0.22523468732833862
126  0.22523453831672668
325  0.22523337602615356
252  0.22523260116577148
1179  0.22523124516010284
1381  0.22523051500320435
1026  0.22523047029972076
346  0.22522926330566406
698  0.22522848844528198
1078  0.22522638738155365
1178  0.22522638738155365
289  0.22522297501564026
387  0.22522273659706116
608  0.22522056102752686
1121  0.22521920502185822
407  0.2252177894115448
43  0.22521765530109406
825  0.22521688044071198
223  0.2252153754234314
915  0.22521533071994781
192  0.22520986199378967
1442  0.22520950436592102
27  0.2252083122730255
1006  0.22520720958709717
1346  0.22520555555820465
1312  0.225204735994339
882  0.22520464658737183
722  0.22520272433757782
765  0.22520221769809723
426  0.2252015471458435
1231  0.22520139813423157
885  0.22519956529140472
502  0.22519782185554504
237  0.22519445419311523
359  0.22519390285015106
743  0.22519250214099884
254  0.22519156336784363
710  0.2251904010772705
1251  0.22519010305404663
974  0.22518771886825562
483  0.2251860648393631
1195  0.22518524527549744
217  0.22518290579319
150  0.22518275678157806
561  0.22518229484558105
523  0.22518183290958405
950  0.22517934441566467
640  0.2251792550086975
921  0.22517886757850647
884  0.22517669200897217
1042  0.22517526149749756
771  0.22517363727092743
952  0.22517289221286774
903  0.22517170011997223
503  0.2251700609922409
172  0.22516869008541107
133  0.22516866028308868
1253  0.22516769170761108
321  0.22516566514968872
420  0.22516515851020813
3  0.22516465187072754
1160  0.22516360878944397
506  0.2251628041267395
966  0.2251606285572052
60  0.22515979409217834
739  0.22515864670276642
735  0.22515825927257538
1365  0.22515767812728882
1406  0.2251560389995575
302  0.225152850151062
601  0.22515006363391876
402  0.2251492291688919
1372  0.2251480221748352
552  0.22514472901821136
337  0.2251434177160263
413  0.2251429408788681
1085  0.22514209151268005
1358  0.2251414954662323
438  0.22514083981513977
1360  0.22514061629772186
797  0.2251405268907547
692  0.22513902187347412
18  0.22513680160045624
258  0.22513645887374878
1019  0.2251356691122055
683  0.22513334453105927
1083  0.22513268887996674
343  0.2251325398683548
1098  0.22513128817081451
1270  0.22512945532798767
56  0.22512631118297577
653  0.22512631118297577
1337  0.22512568533420563
377  0.2251240462064743
74  0.22512269020080566
1222  0.22512269020080566
1181  0.22512215375900269
344  0.2251216173171997
1236  0.22512027621269226
664  0.22511911392211914
293  0.2251158207654953
334  0.2251085788011551
88  0.22510558366775513
479  0.22510473430156708
1174  0.22510391473770142
205  0.22510311007499695
180  0.22510138154029846
1062  0.22509914636611938
9  0.2250981628894806
1137  0.2250967174768448
41  0.22509533166885376
396  0.22508513927459717
1301  0.2250845581293106
961  0.2250840812921524
1421  0.22508226335048676
798  0.22508114576339722
1200  0.22508063912391663
641  0.22507891058921814
499  0.22507721185684204
1191  0.2250765562057495
769  0.225074902176857
466  0.22507452964782715
1330  0.2250693440437317
902  0.22506900131702423
1394  0.22506895661354065
1357  0.2250673621892929
783  0.2250666320323944
1170  0.22506646811962128
40  0.22506456077098846
741  0.2250586599111557
1288  0.22505596280097961
329  0.22505329549312592
1096  0.2250513732433319
1046  0.22504998743534088
631  0.2250497043132782
512  0.22504682838916779
714  0.22504642605781555
945  0.22504040598869324
182  0.22503980994224548
17  0.22503970563411713
829  0.22503963112831116
1128  0.22503885626792908
308  0.22503842413425446
538  0.225036159157753
224  0.22503510117530823
1173  0.22503364086151123
805  0.22503270208835602
717  0.22503045201301575
984  0.22503036260604858
357  0.22502997517585754
1315  0.22502931952476501
1447  0.2250290811061859
315  0.22502659261226654
643  0.2250228226184845
1266  0.22502091526985168
628  0.22502079606056213
486  0.2250189185142517
877  0.22501735389232635
345  0.2250146120786667
1440  0.22501437366008759
1091  0.2250138223171234
331  0.22501321136951447
623  0.22500863671302795
273  0.22500766813755035
1016  0.22500766813755035
537  0.2250058352947235
756  0.22500424087047577
1082  0.2250034213066101
1057  0.22500209510326385
1328  0.22499911487102509
1079  0.22499611973762512
1084  0.22499555349349976
873  0.2249952107667923
1252  0.2249947041273117
543  0.22499366104602814
861  0.2249935418367386
1371  0.22499245405197144
635  0.22499144077301025
1238  0.22499136626720428
1239  0.22499045729637146
857  0.22498926520347595
415  0.22498641908168793
946  0.22497986257076263
907  0.2249789834022522
1105  0.22497865557670593
1131  0.22497397661209106
1240  0.22496654093265533
620  0.2249654233455658
1112  0.22496388852596283
494  0.224960595369339
404  0.2249581664800644
1297  0.22495369613170624
847  0.2249530404806137
566  0.22494906187057495
647  0.22494862973690033
991  0.22494804859161377
11  0.22494617104530334
488  0.2249443680047989
278  0.22494113445281982
1243  0.22493958473205566
314  0.224939227104187
807  0.2249375879764557
820  0.22493499517440796
200  0.22493454813957214
689  0.22493413090705872
249  0.22493396699428558
255  0.22493067383766174
1210  0.22493000328540802
1324  0.22492952644824982
1286  0.22492653131484985
979  0.2249251753091812
287  0.22492359578609467
1126  0.22492291033267975
1249  0.22492223978042603
522  0.2249215692281723
1118  0.22492118179798126
1396  0.2249174565076828
577  0.22491510212421417
564  0.22491222620010376
1272  0.22491176426410675
704  0.2249092161655426
1146  0.22490593791007996
951  0.22490057349205017
294  0.2248992770910263
398  0.22489888966083527
1304  0.224898099899292
487  0.22489701211452484
241  0.22489367425441742
898  0.22489114105701447
355  0.22488875687122345
904  0.22488653659820557
923  0.22488535940647125
1244  0.22488254308700562
1348  0.2248803675174713
16  0.22488027811050415
995  0.22487954795360565
1277  0.2248750627040863
232  0.2248733788728714
1293  0.2248724102973938
100  0.22487187385559082
962  0.22487178444862366
1364  0.22486625611782074
511  0.2248660922050476
391  0.2248646467924118
955  0.2248617559671402
215  0.2248617261648178
1444  0.22485695779323578
1267  0.2248554825782776
534  0.22485075891017914
1282  0.2248488813638687
128  0.22484762966632843
1208  0.22484415769577026
590  0.22484323382377625
1384  0.22484295070171356
490  0.22483527660369873
1269  0.22483231127262115
147  0.22483180463314056
1306  0.22482968866825104
824  0.22482721507549286
257  0.22482573986053467
399  0.22482258081436157
1262  0.22482101619243622
110  0.22481782734394073
1048  0.22481539845466614
174  0.2248142659664154
639  0.22480809688568115
811  0.22480450570583344
418  0.22480283677577972
25  0.22480127215385437
580  0.22479599714279175
1220  0.22479262948036194
526  0.22478768229484558
1430  0.2247864156961441
1005  0.2247859686613083
1093  0.22478337585926056
1190  0.22478321194648743
1211  0.2247789353132248
1241  0.2247752845287323
529  0.2247733473777771
567  0.2247692495584488
1027  0.22476573288440704
708  0.22475674748420715
470  0.22475668787956238
1265  0.2247561514377594
693  0.22475533187389374
1164  0.2247472107410431
350  0.22474569082260132
34  0.2247452586889267
697  0.2247445434331894
987  0.2247440069913864
423  0.22474025189876556
190  0.22473295032978058
429  0.22472786903381348
1133  0.22472454607486725
985  0.2247200459241867
472  0.2247188240289688
541  0.2247103899717331
1419  0.22471006214618683
322  0.22470803558826447
521  0.224705770611763
481  0.22470436990261078
1407  0.2247025966644287
234  0.2246987372636795
1434  0.22469580173492432
1247  0.22469185292720795
1213  0.2246917188167572
268  0.2246895134449005
1058  0.22468848526477814
1012  0.22468626499176025
338  0.22468481957912445
527  0.22468285262584686
1129  0.2246813178062439
816  0.22467775642871857
247  0.22467514872550964
582  0.22467298805713654
475  0.22467243671417236
560  0.22466595470905304
310  0.2246648520231247
1193  0.22466352581977844
1248  0.22466185688972473
467  0.22464783489704132
1186  0.22464297711849213
1132  0.22464223206043243
473  0.2246391922235489
170  0.22463703155517578
555  0.22463679313659668
381  0.22463570535182953
1432  0.2246355563402176
482  0.22463366389274597
679  0.22463250160217285
358  0.2246253788471222
1250  0.2246239334344864
648  0.2246171087026596
323  0.22461523115634918
509  0.2246045470237732
1000  0.2246011346578598
1425  0.2245979607105255
968  0.22459776699543
1347  0.22459691762924194
1334  0.22459682822227478
596  0.22459131479263306
789  0.2245774120092392
1422  0.22457611560821533
1155  0.2245752066373825
1345  0.224575012922287
425  0.22457222640514374
869  0.2245720773935318
421  0.22457200288772583
1385  0.22456952929496765
977  0.22456596791744232
536  0.2245626300573349
993  0.22456029057502747
1002  0.22455784678459167
28  0.2245563119649887
932  0.22455553710460663
1390  0.22455433011054993
508  0.22453942894935608
340  0.22453422844409943
1416  0.22452230751514435
1409  0.22452019155025482
414  0.22451899945735931
611  0.2245178371667862
1097  0.2245156317949295
1329  0.2245100736618042
1355  0.22450010478496552
449  0.22448712587356567
1004  0.22447660565376282
72  0.22447001934051514
1349  0.2244696170091629
1242  0.22446708381175995
949  0.22446155548095703
571  0.22445914149284363
804  0.2244553565979004
1258  0.2244500368833542
1386  0.22444748878479004
817  0.2244466245174408
668  0.22444340586662292
788  0.22443662583827972
957  0.22443446516990662
1218  0.22442759573459625
318  0.2244250476360321
996  0.22442485392093658
1295  0.22441613674163818
550  0.2244158238172531
1341  0.22441433370113373
155  0.22440458834171295
887  0.22440209984779358
940  0.2243979424238205
1264  0.2243974804878235
1308  0.2243949919939041
1314  0.2243935912847519
1377  0.22438998520374298
1237  0.22437645494937897
1233  0.224365696310997
1047  0.22434167563915253
659  0.2243368923664093
881  0.22433586418628693
500  0.2243347316980362
711  0.22432000935077667
1037  0.22431868314743042
1010  0.22431659698486328
1197  0.22429843246936798
1094  0.22429606318473816
390  0.22429217398166656
1387  0.22428642213344574
1182  0.22428454458713531
605  0.2242676168680191
768  0.22426185011863708
1184  0.22424636781215668
821  0.22423779964447021
971  0.22421841323375702
1298  0.2242075800895691
1050  0.224198579788208
422  0.2241971492767334
1139  0.22418954968452454
424  0.22418150305747986
1125  0.22417780756950378
570  0.22417311370372772
239  0.22416649758815765
1086  0.22416208684444427
518  0.2241506427526474
569  0.2241470366716385
1111  0.22414495050907135
988  0.22410157322883606
969  0.22407090663909912
1276  0.22403936088085175
1205  0.22401827573776245
1445  0.22400487959384918
443  0.2240004539489746
524  0.22398923337459564
416  0.22397129237651825
286  0.2239704430103302
559  0.22393836081027985
849  0.2238907366991043
844  0.22389008104801178
616  0.22383062541484833
1036  0.22377994656562805
1185  0.22374223172664642
1393  0.22374017536640167
440  0.22373077273368835
981  0.22370456159114838
963  0.22369864583015442
501  0.2236974835395813
548  0.2236732542514801
1022  0.2236654907464981
1023  0.22365711629390717
557  0.22362269461154938
684  0.22349220514297485
376  0.22342918813228607
598  0.22314070165157318
