197  0.17737555503845215
514  0.17714126408100128
749  0.1771201640367508
1434  0.17704899609088898
1211  0.17698122560977936
912  0.17697960138320923
955  0.17693382501602173
65  0.17691880464553833
116  0.1769055873155594
952  0.17689844965934753
1120  0.17689825594425201
435  0.17689158022403717
4  0.17687638103961945
715  0.17684683203697205
134  0.17684510350227356
1474  0.1768411099910736
980  0.17682696878910065
1452  0.17680256068706512
973  0.17680130898952484
93  0.17679493129253387
1181  0.17679056525230408
1215  0.17673662304878235
25  0.1767333596944809
1301  0.17672809958457947
805  0.17672032117843628
1512  0.17671780288219452
1675  0.17671702802181244
1160  0.1767018437385559
659  0.1767006665468216
1033  0.17669880390167236
1017  0.1766933649778366
707  0.1766824871301651
1561  0.17667753994464874
1196  0.17667272686958313
1218  0.17666979134082794
22  0.1766652762889862
7  0.17666253447532654
566  0.17665280401706696
992  0.17665186524391174
776  0.17665159702301025
432  0.17665085196495056
360  0.1766459047794342
78  0.1766270101070404
662  0.17662465572357178
585  0.17661885917186737
56  0.17661289870738983
786  0.17661163210868835
1535  0.1766054928302765
712  0.17660388350486755
1401  0.1766025871038437
780  0.17660178244113922
782  0.17660009860992432
1111  0.17659999430179596
624  0.1765986979007721
791  0.1765975058078766
104  0.17659291625022888
1262  0.17659156024456024
391  0.1765894591808319
598  0.17658428847789764
711  0.17658214271068573
355  0.17657040059566498
1587  0.17655645310878754
697  0.17655625939369202
1264  0.17655399441719055
807  0.176547572016716
938  0.17654681205749512
691  0.17654526233673096
519  0.17654524743556976
1052  0.176543191075325
1177  0.17654173076152802
686  0.17654165625572205
1199  0.1765379160642624
874  0.1765330284833908
1494  0.17652618885040283
908  0.17652398347854614
800  0.17652243375778198
420  0.17652113735675812
204  0.17651528120040894
1437  0.17651410400867462
550  0.17651203274726868
1090  0.17651094496250153
979  0.17650187015533447
1651  0.17649979889392853
110  0.17649886012077332
517  0.17649798095226288
480  0.17649264633655548
536  0.17648747563362122
1154  0.17648673057556152
1174  0.17648601531982422
722  0.17648552358150482
763  0.17648424208164215
300  0.17647668719291687
1371  0.17647382616996765
1591  0.17647242546081543
1220  0.17647115886211395
745  0.17647013068199158
1156  0.1764700710773468
605  0.17646901309490204
820  0.1764674335718155
767  0.17646272480487823
1614  0.17646095156669617
9  0.17645512521266937
1190  0.17645330727100372
1078  0.17644628882408142
848  0.1764441281557083
852  0.1764429658651352
1163  0.17644217610359192
867  0.17644141614437103
1027  0.1764412671327591
1245  0.1764410436153412
1429  0.17644092440605164
1060  0.17643612623214722
507  0.17643533647060394
1345  0.17643380165100098
946  0.17643310129642487
130  0.1764327436685562
991  0.1764308214187622
1359  0.17642928659915924
247  0.17642851173877716
1367  0.17642781138420105
591  0.17642726004123688
1034  0.17642240226268768
145  0.1764223575592041
897  0.1764182597398758
1338  0.17641587555408478
883  0.17641493678092957
287  0.17641399800777435
854  0.17640943825244904
1232  0.17640863358974457
1176  0.17640753090381622
1046  0.17640618979930878
858  0.17640557885169983
1170  0.17640461027622223
933  0.17640437185764313
862  0.1764012575149536
783  0.17638731002807617
1693  0.17638501524925232
1206  0.17638441920280457
1236  0.17638379335403442
625  0.17638197541236877
1081  0.1763782948255539
311  0.17637424170970917
184  0.17637330293655396
29  0.17636866867542267
135  0.17636807262897491
1096  0.1763658970594406
1473  0.17636269330978394
1584  0.17636051774024963
1654  0.17635801434516907
275  0.17635765671730042
279  0.176357239484787
924  0.17635582387447357
1198  0.17635509371757507
964  0.17635361850261688
211  0.17635247111320496
35  0.1763519048690796
73  0.17635014653205872
1687  0.176349937915802
1021  0.17634806036949158
1099  0.17634513974189758
815  0.17634426057338715
526  0.17634379863739014
1638  0.17634186148643494
303  0.17634089291095734
1059  0.17634057998657227
773  0.17633824050426483
1337  0.17633679509162903
1537  0.1763363927602768
1155  0.17633584141731262
332  0.17633455991744995
497  0.1763339787721634
237  0.17633391916751862
289  0.17633196711540222
194  0.1763291209936142
817  0.17632627487182617
699  0.17632344365119934
440  0.17632173001766205
86  0.17632004618644714
840  0.17631708085536957
634  0.17631658911705017
1727  0.1763160228729248
1471  0.17631492018699646
20  0.17631445825099945
1184  0.17631441354751587
1498  0.17631280422210693
742  0.1763099581003189
993  0.1763097196817398
1148  0.17630887031555176
947  0.17630693316459656
1008  0.17630277574062347
1567  0.17630061507225037
1095  0.17629915475845337
777  0.17629879713058472
1032  0.17629720270633698
918  0.17629653215408325
30  0.17629508674144745
1109  0.17629383504390717
377  0.17628993093967438
433  0.17628712952136993
172  0.17628701031208038
160  0.17628653347492218
1097  0.1762857884168625
1053  0.17628411948680878
1023  0.17628197371959686
462  0.176278755068779
498  0.1762763261795044
727  0.17627327144145966
239  0.17627206444740295
101  0.17627164721488953
369  0.1762680858373642
917  0.17626696825027466
1191  0.17626623809337616
290  0.17626574635505676
393  0.17626474797725677
520  0.17626456916332245
1683  0.1762590855360031
704  0.17625723779201508
535  0.17625713348388672
1044  0.17625565826892853
117  0.17624683678150177
1621  0.1762450635433197
755  0.1762446165084839
467  0.1762438714504242
942  0.17624300718307495
939  0.17624153196811676
477  0.17624039947986603
26  0.17623934149742126
857  0.1762358546257019
1643  0.17623409628868103
1354  0.17623357474803925
531  0.17623203992843628
1402  0.17623093724250793
538  0.17622879147529602
504  0.17622876167297363
1504  0.17622816562652588
1031  0.17622686922550201
843  0.176226407289505
969  0.17622588574886322
1289  0.1762213557958603
1594  0.17621822655200958
1  0.1762169897556305
1397  0.1762153059244156
859  0.1762147843837738
232  0.1762145310640335
85  0.17621243000030518
1018  0.17621223628520966
558  0.17621129751205444
1085  0.1762111485004425
985  0.17620904743671417
14  0.1762087196111679
1036  0.17620807886123657
564  0.1762060523033142
343  0.1762038767337799
389  0.1762021780014038
864  0.17620211839675903
152  0.17619866132736206
191  0.17619827389717102
961  0.17619574069976807
1235  0.17619477212429047
578  0.1761932224035263
953  0.1761932224035263
1258  0.17619314789772034
680  0.17619074881076813
1061  0.17619046568870544
40  0.1761893779039383
1706  0.1761888563632965
1202  0.17618435621261597
88  0.17618393898010254
640  0.17618322372436523
304  0.17618311941623688
1189  0.17618179321289062
1193  0.1761789321899414
28  0.1761779636144638
214  0.1761743277311325
726  0.17617405951023102
690  0.17617307603359222
1185  0.17617090046405792
1449  0.17617090046405792
902  0.17616817355155945
481  0.17616680264472961
1569  0.17616680264472961
1241  0.17616601288318634
1721  0.1761658936738968
32  0.17616336047649384
1276  0.1761624664068222
1527  0.17616046965122223
491  0.17615927755832672
1358  0.1761574149131775
688  0.17615635693073273
1704  0.17615202069282532
1147  0.17615187168121338
1040  0.17614659667015076
340  0.17614643275737762
803  0.17614565789699554
44  0.17614425718784332
1137  0.1761438399553299
1335  0.17614300549030304
650  0.17614205181598663
1051  0.1761397123336792
483  0.17613936960697174
1228  0.1761389970779419
1055  0.17613813281059265
1013  0.17613756656646729
1647  0.17613725364208221
24  0.1761362999677658
437  0.17613549530506134
1394  0.1761341542005539
926  0.176131933927536
1125  0.17612868547439575
756  0.17612823843955994
970  0.1761273294687271
165  0.17612729966640472
962  0.17612631618976593
1073  0.17612580955028534
1420  0.17612579464912415
1076  0.1761244684457779
861  0.17612388730049133
835  0.17612232267856598
1596  0.17612193524837494
1272  0.17612123489379883
42  0.1761188507080078
1041  0.17611700296401978
1346  0.17611505091190338
818  0.17611441016197205
215  0.1761135756969452
330  0.17611287534236908
895  0.17611269652843475
108  0.17611262202262878
750  0.17611216008663177
396  0.17610885202884674
753  0.17610858380794525
1709  0.17610833048820496
602  0.17610760033130646
1178  0.17610467970371246
674  0.17610329389572144
846  0.17610329389572144
198  0.17610280215740204
890  0.17609934508800507
967  0.17609894275665283
872  0.1760987639427185
1681  0.17609751224517822
472  0.1760973185300827
15  0.1760970950126648
1015  0.17609626054763794
954  0.17609603703022003
98  0.17609591782093048
832  0.17609146237373352
445  0.17609091103076935
1022  0.17608502507209778
647  0.17608454823493958
1707  0.17608362436294556
1254  0.17608357965946198
572  0.17608222365379333
1084  0.1760813146829605
1168  0.17608129978179932
825  0.1760798990726471
1201  0.1760791540145874
1600  0.1760772466659546
958  0.17607606947422028
1112  0.1760760396718979
1005  0.1760757565498352
1140  0.17607489228248596
367  0.17607274651527405
213  0.1760713756084442
1203  0.17607101798057556
1373  0.17607073485851288
1548  0.17606805264949799
1066  0.17606785893440247
1396  0.17606604099273682
863  0.17606541514396667
1247  0.17606496810913086
855  0.1760644167661667
1267  0.1760643869638443
1212  0.17606379091739655
167  0.1760636419057846
1257  0.1760605126619339
133  0.17605964839458466
891  0.1760590821504593
1138  0.17605848610401154
1130  0.17605790495872498
1599  0.17605696618556976
1400  0.1760563850402832
1495  0.17605485022068024
878  0.17605452239513397
689  0.17605362832546234
710  0.17605261504650116
473  0.1760517656803131
109  0.17605145275592804
1293  0.17605078220367432
11  0.17604964971542358
395  0.17604762315750122
1070  0.17604747414588928
922  0.17604660987854004
1266  0.17604517936706543
1171  0.176044300198555
600  0.17604126036167145
478  0.1760411560535431
487  0.1760398894548416
880  0.17603974044322968
1392  0.17603972554206848
505  0.17603889107704163
1613  0.17603860795497894
10  0.17603836953639984
1260  0.1760380119085312
474  0.17603792250156403
1029  0.17603735625743866
713  0.17603716254234314
58  0.17603692412376404
930  0.1760353296995163
119  0.1760345697402954
1188  0.17603446543216705
263  0.17603391408920288
111  0.17603380978107452
5  0.1760328710079193
339  0.17603226006031036
1472  0.17603138089179993
1200  0.1760309934616089
838  0.17603009939193726
987  0.17602919042110443
1428  0.1760260909795761
804  0.17602595686912537
1350  0.17602545022964478
718  0.1760246753692627
1132  0.17602446675300598
1484  0.17602413892745972
1124  0.17602407932281494
1717  0.17602261900901794
978  0.17602063715457916
614  0.17602059245109558
71  0.17602020502090454
112  0.1760193556547165
359  0.1760181039571762
1116  0.1760181039571762
1500  0.17601783573627472
839  0.1760161966085434
100  0.17601563036441803
513  0.1760145127773285
994  0.1760142296552658
813  0.17601187527179718
932  0.1760118454694748
695  0.17601177096366882
2  0.17601169645786285
1250  0.17601095139980316
910  0.17601071298122406
373  0.17601005733013153
443  0.17600932717323303
1161  0.17600835859775543
424  0.17600789666175842
1406  0.17600786685943604
1692  0.1760069876909256
1455  0.17600497603416443
458  0.17600487172603607
151  0.1760047823190689
731  0.17600364983081818
1534  0.17600329220294952
18  0.1760006844997406
229  0.1760002225637436
1391  0.17599821090698242
264  0.17599795758724213
822  0.17599737644195557
417  0.17599733173847198
1139  0.17599716782569885
323  0.17599619925022125
170  0.17599594593048096
671  0.17599451541900635
463  0.17599326372146606
1062  0.17599287629127502
1079  0.17599280178546906
1379  0.17599104344844818
248  0.17599086463451385
76  0.17598934471607208
596  0.17598691582679749
986  0.17598620057106018
901  0.17598512768745422
521  0.1759847104549408
1142  0.17598287761211395
877  0.17598272860050201
1450  0.17598167061805725
737  0.17598161101341248
55  0.17598013579845428
1506  0.17597945034503937
819  0.17597848176956177
1183  0.17597796022891998
436  0.17597660422325134
1261  0.1759762018918991
1648  0.17597566545009613
1369  0.17597492039203644
1244  0.1759737730026245
276  0.175973579287529
1087  0.17597343027591705
760  0.17597222328186035
943  0.17597046494483948
849  0.17597033083438873
853  0.17596836388111115
157  0.1759680062532425
812  0.17596732079982758
828  0.17596553266048431
567  0.17596548795700073
400  0.17596524953842163
1478  0.1759650707244873
974  0.1759624034166336
555  0.17596209049224854
125  0.17596064507961273
83  0.17595528066158295
708  0.1759549230337143
1043  0.17595314979553223
734  0.17595261335372925
1074  0.1759520322084427
679  0.17595113813877106
270  0.17594964802265167
475  0.17594948410987854
1458  0.1759493052959442
1408  0.175948366522789
1291  0.17594820261001587
1166  0.17594687640666962
956  0.17594580352306366
1314  0.17594562470912933
1714  0.17594535648822784
831  0.1759444624185562
97  0.1759440004825592
941  0.1759432554244995
1328  0.17594316601753235
871  0.175941601395607
889  0.1759408712387085
784  0.17593872547149658
792  0.1759362518787384
1536  0.17593565583229065
785  0.17593535780906677
1249  0.17593511939048767
438  0.1759338676929474
1209  0.17593245208263397
937  0.17593233287334442
999  0.17593209445476532
682  0.17593029141426086
1701  0.17592906951904297
841  0.17592836916446686
925  0.17592772841453552
1348  0.17592725157737732
1225  0.17592625319957733
1287  0.17592613399028778
313  0.17592564225196838
1114  0.1759246587753296
1619  0.17592453956604004
936  0.17592449486255646
687  0.1759234517812729
1557  0.17592330276966095
271  0.17592287063598633
906  0.17592188715934753
1426  0.17592091858386993
34  0.17592068016529083
1650  0.17592047154903412
1256  0.17592039704322815
234  0.17591996490955353
470  0.1759195178747177
868  0.17591902613639832
75  0.17591823637485504
725  0.17591747641563416
209  0.1759166717529297
599  0.17591629922389984
1157  0.17591410875320435
660  0.17591387033462524
1003  0.17591381072998047
1270  0.1759130209684372
827  0.17591267824172974
1465  0.17591053247451782
1069  0.1759098321199417
1058  0.17590957880020142
887  0.1759091317653656
286  0.17590831220149994
1435  0.1759076565504074
1544  0.17590756714344025
1677  0.1759055256843567
51  0.17590491473674774
1107  0.17590370774269104
21  0.17589911818504333
482  0.17589883506298065
1145  0.17589880526065826
673  0.17589780688285828
178  0.17589779198169708
120  0.1758965253829956
995  0.17589610815048218
46  0.17589600384235382
1004  0.17589597404003143
1319  0.175895556807518
434  0.17589469254016876
1104  0.17589432001113892
1103  0.17589230835437775
1067  0.1758919060230255
1679  0.17589081823825836
836  0.17588914930820465
1068  0.17588874697685242
1037  0.17588761448860168
1121  0.17588753998279572
381  0.17588557302951813
1119  0.175885409116745
1488  0.17588405311107635
41  0.175883948802948
1035  0.17588333785533905
49  0.17588244378566742
352  0.17588169872760773
1671  0.17588074505329132
1292  0.17588037252426147
1470  0.17587976157665253
705  0.1758795827627182
678  0.1758783757686615
1281  0.1758783757686615
589  0.17587696015834808
984  0.17587637901306152
305  0.17587605118751526
876  0.175875723361969
1404  0.17587490379810333
349  0.17587459087371826
882  0.1758744716644287
376  0.17587412893772125
272  0.175873264670372
155  0.17587313055992126
1583  0.1758727878332138
1204  0.1758725792169571
210  0.17587216198444366
380  0.17587131261825562
6  0.17587105929851532
1383  0.17587068676948547
724  0.17587032914161682
1655  0.17586973309516907
920  0.17586950957775116
80  0.17586857080459595
450  0.17586787045001984
998  0.1758677065372467
1438  0.17586638033390045
752  0.1758662611246109
407  0.17586559057235718
665  0.17586348950862885
1497  0.17586342990398407
53  0.1758631467819214
1194  0.17586268484592438
317  0.17586259543895721
1012  0.17586259543895721
1169  0.17586150765419006
1332  0.17586147785186768
43  0.17586030066013336
1523  0.1758595108985901
1305  0.17585940659046173
1117  0.17585882544517517
202  0.17585839331150055
1356  0.17585784196853638
758  0.17585743963718414
1459  0.175855815410614
568  0.17585548758506775
1242  0.17585475742816925
762  0.17585420608520508
1144  0.175853431224823
1002  0.17585326731204987
1361  0.1758522242307663
90  0.17585140466690063
1726  0.17584942281246185
642  0.17584918439388275
295  0.17584890127182007
1657  0.17584866285324097
1409  0.1758485585451126
587  0.17584726214408875
1360  0.17584557831287384
252  0.17584483325481415
1632  0.17584475874900818
1525  0.17584456503391266
1224  0.175843745470047
733  0.17584314942359924
664  0.17584297060966492
821  0.17584261298179626
452  0.17584247887134552
1246  0.17583991587162018
314  0.17583881318569183
1476  0.17583821713924408
1652  0.17583799362182617
1317  0.17583726346492767
1698  0.1758369505405426
361  0.17583692073822021
1071  0.1758367270231247
1126  0.17583653330802917
693  0.17583544552326202
655  0.17583318054676056
1398  0.1758330762386322
1491  0.17583304643630981
1368  0.17583294212818146
1669  0.17583253979682922
1129  0.17583219707012177
461  0.1758321225643158
914  0.17583204805850983
1259  0.17583154141902924
36  0.17582865059375763
1418  0.17582835257053375
1143  0.1758263111114502
1729  0.17582541704177856
511  0.1758248209953308
1230  0.17582368850708008
1492  0.1758236438035965
405  0.1758231222629547
1164  0.17582236230373383
297  0.175821915268898
1286  0.17582139372825623
1725  0.1758207082748413
1101  0.17582044005393982
778  0.17582039535045624
1626  0.17581985890865326
1439  0.17581970989704132
103  0.17581963539123535
176  0.17581592500209808
1324  0.17581582069396973
378  0.1758153736591339
1589  0.17581522464752197
1355  0.1758148968219757
61  0.17581184208393097
217  0.17581044137477875
669  0.17580734193325043
923  0.17580698430538177
1682  0.175806924700737
1415  0.1758064180612564
1331  0.17580485343933105
1688  0.17580272257328033
1689  0.1758025884628296
158  0.17580178380012512
1598  0.17580124735832214
1653  0.17580071091651917
590  0.17580050230026245
1349  0.1758001148700714
329  0.17579972743988037
1016  0.1757991909980774
1539  0.17579801380634308
54  0.17579786479473114
205  0.17579682171344757
60  0.17579670250415802
345  0.17579659819602966
1091  0.17579622566699982
1309  0.1757957637310028
1412  0.1757957488298416
1075  0.17579512298107147
929  0.17579437792301178
1457  0.17579364776611328
525  0.17579340934753418
677  0.17579282820224762
203  0.1757921427488327
1588  0.17579127848148346
206  0.1757887601852417
873  0.17578858137130737
33  0.1757885217666626
1009  0.17578838765621185
1624  0.1757868528366089
616  0.1757863163948059
501  0.17578594386577606
1518  0.17578554153442383
1210  0.17578499019145966
816  0.17578460276126862
881  0.17578370869159698
1237  0.1757834553718567
1108  0.17578275501728058
1524  0.17578177154064178
509  0.17578159272670746
1048  0.17578113079071045
1313  0.17578080296516418
457  0.1757804900407791
719  0.17578041553497314
808  0.17578010261058807
900  0.17577965557575226
663  0.17577943205833435
310  0.17577877640724182
1496  0.1757783591747284
466  0.17577819526195526
870  0.17577804625034332
968  0.1757754534482956
171  0.17577491700649261
1082  0.17577484250068665
945  0.17577481269836426
221  0.17577460408210754
453  0.17577359080314636
592  0.1757703572511673
1192  0.17576999962329865
1106  0.17576995491981506
1520  0.17576977610588074
738  0.17576971650123596
1705  0.1757696568965912
118  0.17576918005943298
1460  0.17576806247234344
781  0.175767719745636
1388  0.1757662296295166
1489  0.17576594650745392
315  0.17576555907726288
1628  0.17576517164707184
126  0.17576512694358826
3  0.17576467990875244
522  0.1757640242576599
255  0.17576371133327484
554  0.1757625788450241
115  0.17576119303703308
1175  0.17576086521148682
977  0.17575876414775848
154  0.175758495926857
1141  0.17575788497924805
439  0.17575670778751373
1422  0.17575576901435852
1662  0.17575301229953766
492  0.17575275897979736
268  0.1757526695728302
1050  0.1757524460554123
1357  0.1757524460554123
959  0.17575104534626007
1025  0.17574986815452576
1731  0.17574983835220337
1716  0.17574962973594666
911  0.17574955523014069
960  0.17574931681156158
1080  0.17574839293956757
124  0.17574730515480042
893  0.17574730515480042
541  0.17574593424797058
486  0.1757453829050064
885  0.1757451295852661
418  0.17574433982372284
779  0.1757442057132721
422  0.1757439821958542
503  0.17574280500411987
1269  0.17574261128902435
57  0.17574211955070496
337  0.17574180662631989
451  0.17574168741703033
356  0.17574110627174377
581  0.17574024200439453
701  0.17573988437652588
269  0.17573890089988708
931  0.1757369190454483
1462  0.17573663592338562
966  0.17573633790016174
747  0.17573614418506622
1552  0.17573538422584534
814  0.1757352203130722
277  0.17573396861553192
905  0.17573384940624237
1216  0.17573317885398865
185  0.17573216557502747
1553  0.17573216557502747
312  0.1757315695285797
1487  0.17573146522045135
1595  0.1757286787033081
548  0.17572735249996185
516  0.1757260411977768
1390  0.17572572827339172
238  0.17572565376758575
113  0.17572486400604248
746  0.1757247895002365
280  0.17572444677352905
89  0.17572206258773804
506  0.17572125792503357
1660  0.17572101950645447
1028  0.17572003602981567
1697  0.17571978271007538
383  0.17571933567523956
1231  0.17571921646595
1663  0.17571890354156494
397  0.17571687698364258
1110  0.17571653425693512
1700  0.17571617662906647
200  0.17571568489074707
292  0.17571517825126648
860  0.1757143884897232
1364  0.17571383714675903
1526  0.17571374773979187
801  0.17571328580379486
676  0.17571033537387848
896  0.17570935189723969
1630  0.17570756375789642
1340  0.1757064163684845
79  0.17570602893829346
1695  0.1757059395313263
122  0.1757051646709442
692  0.17570416629314423
1461  0.17570286989212036
1615  0.1757023185491562
757  0.17570219933986664
1618  0.17569874227046967
254  0.1756984144449234
181  0.17569600045681
327  0.17569327354431152
720  0.17569319903850555
654  0.17569273710250854
1456  0.17569245398044586
68  0.17569099366664886
87  0.17569057643413544
429  0.17568840086460114
1290  0.17568722367286682
1427  0.17568685114383698
539  0.17568598687648773
1229  0.17568592727184296
1573  0.17568591237068176
628  0.17568530142307281
648  0.17568528652191162
569  0.1756841391324997
1378  0.17568396031856537
551  0.17568345367908478
1713  0.17568305134773254
1696  0.17568285763263702
1268  0.17568272352218628
1551  0.17568233609199524
916  0.17568035423755646
163  0.1756799817085266
1633  0.17567972838878632
161  0.1756792813539505
266  0.1756783127784729
38  0.17567765712738037
706  0.17567682266235352
147  0.1756765991449356
242  0.17567631602287292
1049  0.17567594349384308
222  0.17567549645900726
428  0.17567454278469086
735  0.1756742149591446
1443  0.175674170255661
455  0.17567406594753265
460  0.17567308247089386
809  0.17567194998264313
1077  0.17567168176174164
128  0.17567133903503418
751  0.17566964030265808
732  0.1756693422794342
1136  0.1756691038608551
316  0.17566891014575958
944  0.17566832900047302
904  0.17566795647144318
1208  0.1756678819656372
1343  0.1756676882505417
523  0.17566749453544617
1574  0.17566724121570587
1666  0.1756667196750641
1686  0.1756664365530014
1134  0.17566628754138947
823  0.17566470801830292
948  0.1756645292043686
442  0.17566269636154175
95  0.17566201090812683
972  0.17566166818141937
765  0.17566139996051788
613  0.1756608784198761
709  0.1756598800420761
1543  0.1756582111120224
416  0.17565758526325226
1299  0.17565715312957764
1100  0.17565634846687317
335  0.17565622925758362
1668  0.1756555736064911
940  0.17565535008907318
464  0.17565473914146423
1153  0.1756538450717926
1516  0.175652876496315
390  0.17565228044986725
982  0.17565152049064636
448  0.17565147578716278
1468  0.17565131187438965
484  0.17565065622329712
759  0.17564848065376282
1352  0.17564824223518372
1159  0.17564739286899567
1251  0.17564618587493896
559  0.17564605176448822
797  0.1756451278924942
1238  0.17564254999160767
140  0.1756417602300644
357  0.17564044892787933
502  0.17563924193382263
518  0.17563916742801666
1057  0.1756380796432495
799  0.17563794553279877
404  0.17563596367835999
228  0.1756351888179779
638  0.17563343048095703
1622  0.17563308775424957
1631  0.1756323277950287
1304  0.17563222348690033
1064  0.17563007771968842
649  0.17562974989414215
1601  0.1756289154291153
1165  0.17562855780124664
1329  0.17562851309776306
249  0.17562691867351532
1467  0.17562653124332428
1645  0.17562632262706757
1558  0.17562593519687653
1570  0.175624817609787
47  0.17562370002269745
1680  0.17562349140644073
399  0.17562219500541687
320  0.17562180757522583
261  0.17562155425548553
1385  0.17562071979045868
668  0.17561893165111542
1566  0.17561887204647064
766  0.17561852931976318
1303  0.17561814188957214
845  0.175617516040802
99  0.17561732232570648
403  0.1756160706281662
1006  0.17561596632003784
231  0.17561566829681396
273  0.17561548948287964
532  0.1756150871515274
220  0.17561481893062592
284  0.1756143867969513
1339  0.17561373114585876
635  0.17561328411102295
1381  0.1756124347448349
1667  0.17561161518096924
226  0.1756097674369812
824  0.17560920119285583
212  0.17560820281505585
577  0.17560793459415436
298  0.1756071299314499
1673  0.17560695111751556
64  0.17560675740242004
681  0.17560657858848572
1307  0.17560578882694244
216  0.17560559511184692
579  0.17560383677482605
798  0.1756037175655365
465  0.17560367286205292
875  0.1756024956703186
325  0.17560133337974548
446  0.17560091614723206
1503  0.1755998283624649
761  0.17559902369976044
639  0.17559872567653656
17  0.17559833824634552
195  0.1755981296300888
431  0.17559805512428284
826  0.17559783160686493
1333  0.1755945384502411
31  0.17559394240379333
1376  0.17559388279914856
1195  0.175593301653862
1572  0.17559155821800232
1182  0.17559151351451874
1263  0.17559151351451874
661  0.17559011280536652
225  0.17558859288692474
1555  0.17558854818344116
988  0.17558713257312775
189  0.17558696866035461
410  0.17558690905570984
529  0.17558448016643524
1644  0.17558446526527405
829  0.1755843460559845
595  0.1755841076374054
700  0.17558075487613678
1560  0.1755804419517517
1685  0.17557811737060547
27  0.1755775660276413
508  0.17557686567306519
830  0.1755768358707428
392  0.17557641863822937
1221  0.17557480931282043
16  0.17557330429553986
1094  0.17557299137115479
496  0.17557288706302643
1389  0.17557188868522644
919  0.17557182908058167
267  0.17557141184806824
8  0.1755697876214981
1072  0.17556899785995483
123  0.17556855082511902
1519  0.17556855082511902
489  0.17556802928447723
308  0.17556649446487427
164  0.1755659133195877
806  0.1755658984184265
570  0.175565704703331
1102  0.17556536197662354
748  0.1755637377500534
672  0.17556264996528625
888  0.1755622774362564
1227  0.17556118965148926
350  0.17555919289588928
714  0.1755589097738266
401  0.17555807530879974
253  0.17555709183216095
1475  0.1755540519952774
1295  0.17555291950702667
1030  0.17555253207683563
1047  0.17555145919322968
406  0.17554871737957
1576  0.17554859817028046
1217  0.17554758489131927
528  0.1755472719669342
730  0.1755468100309372
1432  0.1755465865135193
658  0.1755453646183014
1275  0.1755443811416626
1308  0.17554253339767456
1167  0.17554229497909546
358  0.1755409687757492
851  0.17553997039794922
1430  0.17553918063640594
1702  0.17553691565990448
306  0.1755359023809433
935  0.17553436756134033
282  0.1755339354276657
1024  0.1755339354276657
1347  0.17553308606147766
1353  0.17553257942199707
1556  0.17553232610225677
1620  0.1755315512418747
1481  0.17553038895130157
384  0.17552712559700012
131  0.17552708089351654
617  0.17552687227725983
444  0.17552512884140015
1093  0.17552468180656433
274  0.17552456259727478
425  0.17552456259727478
138  0.17552421987056732
1365  0.17552272975444794
771  0.17552152276039124
950  0.17552144825458527
1407  0.17552144825458527
607  0.17552055418491364
1065  0.17552046477794647
1405  0.1755201518535614
1133  0.17551982402801514
488  0.1755191683769226
1720  0.17551594972610474
1088  0.1755153387784958
259  0.1755150556564331
667  0.17551442980766296
1416  0.1755141317844391
241  0.17551317811012268
1271  0.1755123734474182
1674  0.17551189661026
372  0.17551131546497345
370  0.17551127076148987
321  0.17551074922084808
235  0.17551055550575256
865  0.1755090206861496
1723  0.17550893127918243
1522  0.17550744116306305
1207  0.17550531029701233
52  0.17550480365753174
884  0.17550206184387207
1658  0.17550185322761536
537  0.1755010336637497
1243  0.17549942433834076
553  0.17549929022789001
990  0.1754980981349945
441  0.1754971295595169
1440  0.1754966676235199
414  0.1754964292049408
983  0.17549549043178558
698  0.17549344897270203
626  0.17549170553684235
768  0.17548666894435883
301  0.17548587918281555
657  0.17548568546772003
423  0.1754855066537857
1508  0.17548497021198273
811  0.17548441886901855
847  0.1754842847585678
324  0.17548294365406036
307  0.17548269033432007
1436  0.1754813939332962
143  0.1754804402589798
368  0.17548036575317383
1334  0.17548032104969025
1568  0.1754802018404007
427  0.1754753142595291
1320  0.1754751056432724
291  0.17547494173049927
283  0.1754736751317978
1549  0.17547295987606049
342  0.17547263205051422
1294  0.17547176778316498
1513  0.17547151446342468
1321  0.1754714399576187
641  0.17547006905078888
1122  0.17547005414962769
603  0.17546981573104858
260  0.17546887695789337
91  0.17546775937080383
907  0.17546752095222473
1639  0.1754673570394516
1327  0.17546696960926056
632  0.17546580731868744
224  0.17546547949314117
545  0.17546416819095612
218  0.175462007522583
1162  0.17546138167381287
1411  0.1754583865404129
490  0.17545822262763977
1530  0.17545801401138306
633  0.1754574179649353
1715  0.17545683681964874
1233  0.17545606195926666
385  0.17545512318611145
728  0.175454780459404
1380  0.1754545271396637
575  0.17545448243618011
207  0.1754543036222458
1593  0.17545358836650848
479  0.17545345425605774
278  0.175453320145607
1670  0.1754499077796936
1635  0.1754494458436966
636  0.17544901371002197
471  0.1754480004310608
1316  0.17544658482074738
645  0.1754445880651474
1128  0.1754433959722519
1562  0.17544308304786682
1240  0.17544206976890564
251  0.1754418909549713
1563  0.1754414290189743
788  0.1754404753446579
177  0.17543981969356537
586  0.1754392832517624
168  0.1754382699728012
1341  0.17543821036815643
1150  0.17543815076351166
1179  0.17543810606002808
13  0.17543238401412964
1351  0.17543186247348785
588  0.17543168365955353
1612  0.17543074488639832
1442  0.17543038725852966
965  0.17542944848537445
608  0.175429105758667
1172  0.1754286289215088
629  0.1754280924797058
348  0.17542755603790283
842  0.1754273772239685
1541  0.1754268854856491
1684  0.17542606592178345
927  0.17542479932308197
1045  0.1754245162010193
1063  0.17542430758476257
1239  0.1754227578639984
1366  0.17542214691638947
561  0.17542193830013275
309  0.1754217892885208
609  0.17541958391666412
530  0.17541886866092682
524  0.17541785538196564
411  0.17541779577732086
615  0.1754174828529358
1640  0.1754172146320343
915  0.17541609704494476
1722  0.17541590332984924
1277  0.1754152625799179
787  0.1754143238067627
1533  0.17541411519050598
1423  0.17541147768497467
1719  0.17541098594665527
1014  0.17541074752807617
1253  0.17540939152240753
281  0.1754087209701538
1606  0.17540834844112396
1608  0.17540806531906128
1690  0.17540788650512695
245  0.17540724575519562
810  0.17540670931339264
1453  0.17540650069713593
909  0.17540417611598969
684  0.17540326714515686
563  0.17540305852890015
412  0.17540165781974792
293  0.1754012554883957
77  0.17540030181407928
1274  0.17540018260478973
1214  0.17539900541305542
702  0.17539893090724945
1678  0.1753980666399002
1297  0.17539571225643158
1377  0.17539507150650024
193  0.17539256811141968
844  0.1753910332918167
898  0.17538952827453613
856  0.1753893345594406
363  0.17538730800151825
1509  0.1753871589899063
96  0.175386443734169
789  0.1753818243741989
250  0.17538127303123474
156  0.17537817358970642
258  0.17537559568881989
597  0.17537547647953033
495  0.1753750443458557
174  0.1753743290901184
1699  0.1753738820552826
1490  0.17537365853786469
1344  0.17537206411361694
1641  0.17537185549736023
975  0.1753711700439453
1604  0.17537041008472443
371  0.17536939680576324
105  0.17536872625350952
334  0.1753678321838379
1605  0.17536719143390656
469  0.17536655068397522
365  0.17536590993404388
951  0.17536482214927673
1127  0.1753637045621872
344  0.17536303400993347
997  0.17536261677742004
1342  0.17536112666130066
556  0.17536024749279022
106  0.17535915970802307
963  0.17535872757434845
675  0.17535868287086487
1664  0.1753583699464798
892  0.1753578782081604
646  0.17535673081874847
971  0.17535538971424103
148  0.1753532439470291
1374  0.17535051703453064
670  0.17534957826137543
476  0.17534895241260529
322  0.17534837126731873
729  0.17534774541854858
833  0.17534755170345306
141  0.17534682154655457
1482  0.17534634470939636
299  0.17534267902374268
1011  0.17534182965755463
1464  0.17534112930297852
1501  0.17533983290195465
1234  0.1753397434949875
1007  0.17533931136131287
996  0.17533868551254272
1730  0.17533810436725616
1310  0.17533689737319946
651  0.17533686757087708
1711  0.17533594369888306
793  0.17533469200134277
957  0.17533382773399353
39  0.17533352971076965
1646  0.17533263564109802
84  0.1753322035074234
1616  0.17533214390277863
576  0.1753307729959488
1039  0.175330251455307
1665  0.17532990872859955
544  0.17532983422279358
928  0.17532968521118164
1447  0.1753258854150772
1306  0.17532403767108917
850  0.1753239929676056
796  0.1753237247467041
1092  0.17532174289226532
580  0.17532122135162354
142  0.17532096803188324
409  0.1753200739622116
644  0.1753196269273758
1288  0.1753195971250534
208  0.1753195822238922
1098  0.17531904578208923
246  0.17531873285770416
1252  0.17531657218933105
1019  0.175314262509346
1089  0.1753128319978714
574  0.17531242966651917
723  0.1753103882074356
1285  0.17530936002731323
1149  0.17530915141105652
666  0.17530842125415802
1056  0.17530815303325653
1529  0.17530791461467743
394  0.17530690133571625
1419  0.17530514299869537
1676  0.17530503869056702
169  0.17530463635921478
1323  0.17530301213264465
1054  0.17530173063278198
468  0.17530138790607452
1486  0.17530101537704468
717  0.17530083656311035
1213  0.17530061304569244
493  0.17529989778995514
552  0.175298810005188
774  0.17529818415641785
866  0.17529813945293427
1710  0.17529666423797607
652  0.17529594898223877
353  0.17529518902301788
1158  0.17529164254665375
302  0.17529140412807465
430  0.17529140412807465
187  0.1752905249595642
619  0.17528975009918213
192  0.17528870701789856
447  0.1752861589193344
1312  0.1752859503030777
182  0.17528575658798218
1463  0.17528529465198517
37  0.1752845048904419
1581  0.17528373003005981
159  0.17528362572193146
886  0.17528295516967773
449  0.17528125643730164
219  0.1752806156873703
1617  0.1752796471118927
1038  0.1752776801586151
1483  0.17527718842029572
1656  0.1752747893333435
1123  0.17527124285697937
1173  0.17527075111865997
601  0.17526878416538239
1382  0.17526806890964508
1611  0.17526793479919434
421  0.17526771128177643
879  0.17526735365390778
533  0.17526650428771973
499  0.1752646118402481
199  0.17526422441005707
1708  0.17526130378246307
387  0.17525748908519745
1554  0.17525553703308105
542  0.1752554178237915
1026  0.17525513470172882
318  0.17525224387645721
527  0.17525114119052887
227  0.17525111138820648
1205  0.1752503514289856
1466  0.1752498298883438
1538  0.17524856328964233
114  0.17524851858615875
1325  0.1752479523420334
1564  0.17524653673171997
534  0.17524534463882446
1255  0.175245001912117
454  0.17524407804012299
153  0.17524376511573792
102  0.1752425581216812
1636  0.17524182796478271
1528  0.17524169385433197
336  0.17524103820323944
331  0.17524026334285736
557  0.1752392202615738
1480  0.17523910105228424
1625  0.1752386838197708
1445  0.17523795366287231
1542  0.17523714900016785
196  0.17523635923862457
1186  0.17523597180843353
1485  0.17523449659347534
623  0.17523157596588135
721  0.1752311885356903
1113  0.17523032426834106
571  0.17522841691970825
741  0.17522664368152618
230  0.17522428929805756
1115  0.17522341012954712
976  0.17522183060646057
1370  0.17522180080413818
775  0.17521987855434418
66  0.17521966993808746
23  0.17521947622299194
201  0.17521947622299194
1151  0.1752186417579651
1433  0.17521826922893524
180  0.17521511018276215
770  0.17521454393863678
631  0.17521357536315918
1592  0.1752128303050995
921  0.17521119117736816
869  0.17521026730537415
107  0.17520950734615326
981  0.17520736157894135
618  0.17520493268966675
630  0.17520441114902496
81  0.1752013862133026
190  0.17520134150981903
1330  0.17520111799240112
934  0.17519991099834442
69  0.17519812285900116
1315  0.17519685626029968
1326  0.17519530653953552
1395  0.17519286274909973
1010  0.17519059777259827
560  0.17518970370292664
899  0.17518949508666992
1311  0.17518891394138336
611  0.17518846690654755
362  0.17518791556358337
386  0.17518629133701324
338  0.17518597841262817
696  0.17518538236618042
1431  0.1751839965581894
1571  0.17518368363380432
1187  0.17518027126789093
364  0.17517822980880737
1672  0.1751762181520462
1514  0.1751745641231537
1511  0.17517301440238953
1703  0.17516927421092987
1135  0.1751691848039627
1732  0.17516885697841644
903  0.17516669631004333
257  0.17516647279262543
121  0.17516638338565826
743  0.17516638338565826
150  0.17516188323497772
1118  0.175157830119133
802  0.17515568435192108
1441  0.17515046894550323
1532  0.1751502901315689
637  0.1751491129398346
1278  0.1751488596200943
549  0.17514850199222565
137  0.17514745891094208
1559  0.1751473844051361
1629  0.1751473844051361
913  0.17514562606811523
1322  0.17514324188232422
62  0.17514276504516602
584  0.17514275014400482
1387  0.17514219880104065
1444  0.17513994872570038
1265  0.17513734102249146
127  0.1751333773136139
94  0.17513230443000793
1642  0.17513029277324677
347  0.17512944340705872
1336  0.1751290112733841
456  0.17512847483158112
243  0.17512726783752441
136  0.1751246601343155
402  0.17512419819831848
144  0.1751241236925125
366  0.17512401938438416
240  0.17512176930904388
236  0.17512094974517822
583  0.17512065172195435
562  0.17512041330337524
621  0.17511986196041107
515  0.17511822283267975
82  0.17511633038520813
72  0.17511630058288574
620  0.17511574923992157
188  0.1751110851764679
12  0.1751103550195694
1493  0.1751081645488739
132  0.1751071810722351
540  0.17510508000850677
175  0.17510387301445007
1296  0.17510300874710083
547  0.1751018911600113
74  0.17509786784648895
622  0.1750965267419815
328  0.17509649693965912
894  0.17509639263153076
1547  0.17509512603282928
1565  0.17509154975414276
1083  0.1750905066728592
374  0.17509038746356964
736  0.17508961260318756
415  0.1750892698764801
296  0.1750795841217041
162  0.17507809400558472
166  0.17507727444171906
294  0.17507410049438477
1623  0.1750735640525818
683  0.17507252097129822
233  0.17507074773311615
656  0.1750694066286087
1627  0.17506402730941772
1086  0.17506243288516998
543  0.1750594824552536
223  0.17505857348442078
510  0.17505578696727753
606  0.17505501210689545
1724  0.1750505566596985
1531  0.1750488132238388
769  0.1750483214855194
146  0.17504623532295227
1446  0.1750458925962448
379  0.17504563927650452
740  0.17504411935806274
67  0.175035759806633
19  0.1750355064868927
1580  0.1750292181968689
1515  0.17502690851688385
173  0.17502592504024506
834  0.17502592504024506
382  0.17502126097679138
1712  0.17502087354660034
643  0.1750178337097168
573  0.17501428723335266
837  0.17501406371593475
1363  0.17501148581504822
1284  0.17501145601272583
388  0.1750110536813736
1637  0.17501091957092285
186  0.1750093549489975
1226  0.17500858008861542
1283  0.17500795423984528
1521  0.17500601708889008
500  0.17500317096710205
1582  0.17500309646129608
1550  0.17499858140945435
627  0.17499780654907227
739  0.1749957650899887
1610  0.17499014735221863
764  0.17498870193958282
1279  0.1749844253063202
1105  0.17498071491718292
1384  0.1749788224697113
48  0.17497657239437103
1375  0.17497654259204865
1577  0.17497654259204865
288  0.17497538030147552
1502  0.1749735027551651
1448  0.17497028410434723
1479  0.1749642789363861
1659  0.17496107518672943
1634  0.17495916783809662
1372  0.1749534010887146
1454  0.17495305836200714
1273  0.17495298385620117
790  0.17494715750217438
1280  0.17494454979896545
1505  0.17494440078735352
1510  0.174942746758461
1410  0.17494265735149384
50  0.17493915557861328
1609  0.1749376803636551
1718  0.17493654787540436
604  0.17493551969528198
1517  0.17493167519569397
1000  0.1749284714460373
63  0.17492127418518066
319  0.17491987347602844
1131  0.17491747438907623
694  0.1749131977558136
1586  0.17491194605827332
419  0.1749112755060196
612  0.1749085634946823
485  0.17490257322788239
1362  0.17489850521087646
1602  0.17489837110042572
716  0.17489668726921082
285  0.17489507794380188
1546  0.17489181458950043
1590  0.17488953471183777
1042  0.17488659918308258
92  0.174884632229805
326  0.17488186061382294
754  0.17488092184066772
1469  0.17487876117229462
408  0.17487718164920807
1578  0.17487391829490662
1386  0.17487339675426483
1298  0.1748732626438141
1649  0.17486809194087982
1222  0.17486461997032166
1248  0.17485855519771576
45  0.1748582124710083
582  0.17485615611076355
494  0.17485035955905914
351  0.1748490035533905
262  0.17483535408973694
1694  0.17483237385749817
1424  0.17483177781105042
1597  0.17482751607894897
1223  0.17482544481754303
179  0.1748214215040207
426  0.17482057213783264
1399  0.1748199313879013
795  0.17481982707977295
1146  0.17481258511543274
685  0.17481231689453125
1413  0.17480769753456116
59  0.17480425536632538
256  0.17479947209358215
1302  0.17479337751865387
1403  0.1747932881116867
375  0.17478793859481812
1575  0.17478732764720917
1661  0.17478293180465698
1477  0.17477676272392273
244  0.17477543652057648
346  0.174774169921875
1540  0.17476902902126312
341  0.17476646602153778
1180  0.17476463317871094
1318  0.17476391792297363
129  0.17476330697536469
594  0.17475773394107819
565  0.1747397780418396
1499  0.17472858726978302
610  0.1747247576713562
459  0.17472249269485474
413  0.17471271753311157
546  0.17470669746398926
949  0.17469371855258942
989  0.17467792332172394
1728  0.17467100918293
1282  0.17467065155506134
1603  0.1746647208929062
1001  0.17465755343437195
703  0.17465274035930634
1585  0.1746518462896347
1152  0.17465034127235413
1607  0.1746462881565094
1393  0.17463895678520203
354  0.174630805850029
1417  0.17462866008281708
512  0.17461180686950684
1020  0.17460957169532776
139  0.1746038794517517
794  0.17460352182388306
149  0.17459501326084137
183  0.17458941042423248
653  0.1745816022157669
1197  0.17457596957683563
744  0.17457573115825653
593  0.1745469868183136
772  0.1745409220457077
1691  0.17453575134277344
398  0.17451785504817963
1579  0.1745096892118454
70  0.17449542880058289
1545  0.17443950474262238
1300  0.17443661391735077
1507  0.17443004250526428
1425  0.17441608011722565
1219  0.1744142472743988
1451  0.1743990182876587
333  0.1743897944688797
1421  0.17424827814102173
265  0.17421026527881622
1414  0.17412592470645905
