1147  0.16072918474674225
409  0.16067712008953094
56  0.16066421568393707
206  0.16057854890823364
944  0.1604803502559662
424  0.16043657064437866
863  0.16042481362819672
709  0.1603947877883911
1139  0.1603776067495346
1129  0.16037552058696747
723  0.1603531539440155
220  0.1603168547153473
1268  0.1603085845708847
967  0.1602979302406311
1246  0.16025833785533905
848  0.16024662554264069
1  0.16023769974708557
804  0.16022303700447083
1084  0.1602167785167694
1245  0.1601928174495697
685  0.16018611192703247
130  0.1601833999156952
17  0.1601802259683609
1719  0.16014312207698822
305  0.16014137864112854
1186  0.1601361334323883
1572  0.160121351480484
996  0.16011177003383636
1003  0.1601090282201767
1004  0.16008809208869934
450  0.16008572280406952
1706  0.160084068775177
35  0.16007307171821594
1080  0.16006146371364594
1191  0.1600610464811325
81  0.16005606949329376
1418  0.16004957258701324
1748  0.16004657745361328
916  0.16004188358783722
15  0.16003553569316864
1321  0.16003473103046417
411  0.16003288328647614
84  0.16003212332725525
834  0.16003111004829407
1083  0.16002440452575684
884  0.16002203524112701
643  0.16001872718334198
819  0.16001582145690918
750  0.16001355648040771
448  0.16000975668430328
1153  0.1600051075220108
1207  0.1599980592727661
545  0.15999504923820496
999  0.1599798947572708
132  0.159977987408638
1441  0.15997102856636047
988  0.15995730459690094
59  0.15994687378406525
918  0.15994219481945038
964  0.1599375158548355
137  0.1599339246749878
1151  0.15992960333824158
513  0.15992547571659088
459  0.15991979837417603
431  0.15991730988025665
649  0.15991643071174622
1315  0.15991617739200592
1547  0.15990543365478516
963  0.15990503132343292
142  0.15990468859672546
1135  0.15990257263183594
1101  0.15989996492862701
298  0.15989533066749573
11  0.1598951816558838
434  0.15989118814468384
356  0.15989045798778534
758  0.1598890870809555
953  0.1598818451166153
160  0.15988139808177948
145  0.1598794162273407
1559  0.15987446904182434
580  0.15987417101860046
334  0.15986904501914978
103  0.1598656177520752
816  0.15986135601997375
495  0.1598580777645111
65  0.15985533595085144
880  0.15985442698001862
1171  0.15985432267189026
201  0.1598522663116455
1014  0.15984803438186646
53  0.1598423272371292
155  0.15983957052230835
715  0.15983763337135315
499  0.15983711183071136
549  0.15983660519123077
1213  0.1598351150751114
1177  0.15983356535434723
713  0.15983089804649353
622  0.1598300188779831
187  0.15982955694198608
971  0.1598280966281891
1477  0.15982677042484283
1182  0.15982553362846375
1361  0.15982122719287872
1057  0.15982097387313843
1249  0.1598195731639862
1581  0.15981826186180115
762  0.15981660783290863
990  0.15981236100196838
926  0.15981191396713257
1225  0.15981054306030273
77  0.1598103642463684
725  0.15981028974056244
934  0.15980958938598633
721  0.15980951488018036
1233  0.15980833768844604
845  0.15980730950832367
198  0.15980055928230286
586  0.15980029106140137
929  0.15978625416755676
665  0.1597849279642105
111  0.15978196263313293
1372  0.15978102385997772
702  0.15977853536605835
883  0.15977239608764648
1346  0.1597691774368286
1086  0.159767284989357
190  0.15976335108280182
1620  0.15975283086299896
1155  0.15975183248519897
879  0.1597517430782318
1384  0.15974798798561096
711  0.15974445641040802
1528  0.1597413718700409
1058  0.15974044799804688
1192  0.15973910689353943
1132  0.15973789989948273
770  0.15973718464374542
1300  0.15973570942878723
1250  0.15973244607448578
1118  0.15972629189491272
736  0.159723162651062
1202  0.1597222089767456
734  0.15972056984901428
923  0.15971900522708893
39  0.15971606969833374
1543  0.15971598029136658
1111  0.15971525013446808
205  0.15971216559410095
1115  0.15970656275749207
207  0.1597035825252533
1310  0.15969914197921753
1694  0.15969610214233398
888  0.1596950888633728
726  0.15969496965408325
669  0.15969492495059967
64  0.15969400107860565
812  0.15968644618988037
1639  0.1596841663122177
645  0.1596817970275879
281  0.15967881679534912
603  0.15967456996440887
192  0.15967005491256714
470  0.15966957807540894
306  0.1596686989068985
1106  0.15966796875
939  0.1596677154302597
1165  0.15966758131980896
1021  0.1596655249595642
1444  0.15966548025608063
987  0.1596624106168747
771  0.15966187417507172
679  0.1596604287624359
202  0.15965862572193146
1108  0.15965843200683594
1691  0.15965840220451355
730  0.15965822339057922
1146  0.15965776145458221
1063  0.15965639054775238
900  0.1596555858850479
1138  0.15965470671653748
1239  0.159652441740036
692  0.1596512645483017
855  0.15964648127555847
877  0.1596444994211197
1183  0.1596386879682541
1149  0.15963804721832275
839  0.1596377044916153
336  0.15963415801525116
1110  0.15963375568389893
886  0.15963052213191986
368  0.15962882339954376
1277  0.1596255600452423
162  0.15962502360343933
800  0.15962354838848114
104  0.15962347388267517
1251  0.15961946547031403
862  0.1596180945634842
1033  0.15961547195911407
348  0.15961506962776184
760  0.15960465371608734
51  0.15960270166397095
1194  0.15960107743740082
654  0.15959985554218292
952  0.1595992147922516
48  0.1595882624387741
847  0.15958712995052338
442  0.1595868170261383
614  0.15958529710769653
571  0.15958428382873535
686  0.15958024561405182
1752  0.15957868099212646
607  0.1595754772424698
367  0.15957410633563995
1635  0.15957078337669373
1097  0.15956977009773254
913  0.15956924855709076
1052  0.15956592559814453
474  0.15956561267375946
544  0.1595647782087326
818  0.15956458449363708
738  0.15956315398216248
1007  0.15956291556358337
594  0.15956062078475952
569  0.15956059098243713
1103  0.15955954790115356
427  0.15955929458141327
1355  0.1595570594072342
480  0.15955236554145813
1419  0.15955181419849396
695  0.15954670310020447
1100  0.15954574942588806
931  0.1595456451177597
938  0.1595449298620224
915  0.15954415500164032
1570  0.15954023599624634
1296  0.15953972935676575
857  0.15953968465328217
712  0.15953747928142548
1446  0.15953633189201355
369  0.1595357209444046
547  0.15953509509563446
1697  0.15953131020069122
1514  0.1595257967710495
71  0.15952448546886444
660  0.15952184796333313
1070  0.15952101349830627
994  0.15951921045780182
1089  0.1595171093940735
95  0.15951654314994812
783  0.15951454639434814
868  0.15951253473758698
1521  0.15951243042945862
385  0.15951238572597504
1395  0.1595117300748825
605  0.1595112681388855
714  0.15951119363307953
1619  0.15951082110404968
1248  0.15950851142406464
956  0.15950827300548553
433  0.1595076322555542
1228  0.15950751304626465
1168  0.15950484573841095
1421  0.15950441360473633
566  0.15950354933738708
698  0.15950322151184082
1657  0.15950319170951843
158  0.15949556231498718
446  0.15949319303035736
781  0.15949316322803497
252  0.15949033200740814
302  0.15948933362960815
1507  0.15948770940303802
1170  0.1594868153333664
261  0.15948596596717834
811  0.15948478877544403
682  0.1594802588224411
78  0.1594800502061844
1283  0.15947985649108887
1593  0.1594792604446411
914  0.15947824716567993
93  0.1594744622707367
992  0.15947428345680237
1150  0.15946926176548004
921  0.15946859121322632
554  0.15946820378303528
67  0.1594681739807129
948  0.1594679057598114
365  0.1594618558883667
79  0.1594560593366623
876  0.15945571660995483
1081  0.15945497155189514
1409  0.15945345163345337
87  0.1594521701335907
991  0.15944992005825043
161  0.15944989025592804
1431  0.15944631397724152
1142  0.1594458669424057
1435  0.1594429463148117
399  0.1594424992799759
1163  0.1594398468732834
776  0.15943925082683563
748  0.1594388335943222
136  0.15943825244903564
1436  0.1594371497631073
1124  0.1594371348619461
1017  0.15943662822246552
777  0.15943630039691925
1614  0.15943583846092224
912  0.15943382680416107
110  0.15943241119384766
1114  0.15943080186843872
1133  0.1594306081533432
1145  0.15943002700805664
1695  0.15942995250225067
1269  0.15942759811878204
961  0.15942595899105072
1568  0.1594204604625702
958  0.1594160497188568
1609  0.15941525995731354
1195  0.15941280126571655
540  0.15940742194652557
219  0.15940693020820618
1658  0.15940602123737335
1032  0.15940551459789276
73  0.1594047248363495
117  0.1594047248363495
795  0.15940462052822113
895  0.1594039648771286
1071  0.15940243005752563
323  0.1593990921974182
689  0.15939341485500336
70  0.15939222276210785
807  0.15938982367515564
1018  0.1593879759311676
858  0.1593865603208542
705  0.15938454866409302
468  0.15938271582126617
1640  0.15938207507133484
539  0.1593780666589737
1094  0.15937700867652893
44  0.15937577188014984
303  0.15937413275241852
960  0.15937164425849915
911  0.15937146544456482
1459  0.1593683958053589
421  0.15936638414859772
1607  0.15936635434627533
821  0.15936468541622162
595  0.1593644618988037
23  0.15936382114887238
194  0.159363254904747
1000  0.1593618392944336
43  0.15936079621315002
1188  0.15935783088207245
1166  0.15935689210891724
966  0.15935556590557098
947  0.1593550741672516
1060  0.15935148298740387
337  0.15934975445270538
1393  0.159348726272583
1567  0.15934742987155914
970  0.15934716165065765
200  0.15934675931930542
1193  0.15934671461582184
1553  0.15934401750564575
584  0.15934382379055023
66  0.15934376418590546
129  0.15934358537197113
1027  0.15934330224990845
325  0.15934161841869354
1271  0.15934109687805176
309  0.1593404859304428
429  0.15934023261070251
842  0.15933841466903687
1082  0.15933817625045776
19  0.15933746099472046
464  0.159335657954216
823  0.15933559834957123
1443  0.15933480858802795
1420  0.1593346744775772
1136  0.15933354198932648
995  0.15933185815811157
57  0.15933142602443695
870  0.15933121740818024
447  0.15932950377464294
124  0.159329354763031
1073  0.15932899713516235
2  0.15932850539684296
809  0.15931838750839233
835  0.15931656956672668
632  0.15931545197963715
1184  0.15931421518325806
949  0.15931227803230286
676  0.15931101143360138
1244  0.15931029617786407
116  0.1593097299337387
1161  0.1593058854341507
14  0.15930427610874176
567  0.15930403769016266
1281  0.15930289030075073
943  0.15930268168449402
529  0.15930266678333282
1068  0.1593024730682373
1428  0.15930193662643433
259  0.15930062532424927
1085  0.15929864346981049
606  0.15929830074310303
1485  0.15929445624351501
753  0.15929225087165833
899  0.15929114818572998
985  0.1592911034822464
1458  0.1592911034822464
1450  0.15928998589515686
125  0.1592896580696106
222  0.15928922593593597
168  0.15928716957569122
727  0.15928472578525543
1299  0.15928323566913605
1580  0.15928266942501068
1179  0.1592818647623062
1065  0.15928082168102264
1015  0.15928032994270325
1541  0.15928000211715698
786  0.15927939116954803
1256  0.15927939116954803
864  0.15927834808826447
38  0.15927830338478088
1237  0.15927790105342865
641  0.15927451848983765
1544  0.15927450358867645
832  0.15927086770534515
1628  0.15927036106586456
381  0.15927015244960785
1549  0.15926940739154816
228  0.1592692881822586
1241  0.1592678427696228
100  0.1592649221420288
674  0.1592603623867035
955  0.15925854444503784
90  0.15925851464271545
840  0.15925659239292145
462  0.15925176441669464
841  0.1592501848936081
1255  0.15924973785877228
1760  0.15924932062625885
196  0.15924854576587677
1242  0.15924809873104095
403  0.15924789011478424
183  0.15924784541130066
1598  0.1592460423707962
555  0.15924444794654846
1698  0.1592409908771515
1154  0.15924060344696045
498  0.1592404544353485
114  0.1592387557029724
808  0.15923777222633362
1274  0.1592331975698471
683  0.15923283994197845
631  0.15923269093036652
851  0.15923137962818146
737  0.15922720730304718
719  0.1592271327972412
700  0.15922047197818756
1331  0.15921567380428314
1334  0.15921497344970703
1196  0.15921472012996674
203  0.159213125705719
1137  0.15921229124069214
374  0.15921102464199066
901  0.1592099517583847
40  0.15920986235141754
1125  0.15920878946781158
1276  0.15920652449131012
1278  0.15920406579971313
1517  0.15920297801494598
1252  0.15920165181159973
170  0.15920138359069824
452  0.15920110046863556
625  0.15919986367225647
802  0.15919962525367737
940  0.1591988354921341
1456  0.1591978818178177
856  0.15919719636440277
54  0.15919654071331024
1266  0.1591956466436386
1023  0.15919525921344757
60  0.15919333696365356
292  0.15919286012649536
791  0.15919245779514313
308  0.15919221937656403
557  0.15919171273708344
154  0.15918950736522675
1438  0.15918932855129242
521  0.15918810665607452
271  0.1591874063014984
1216  0.15918666124343872
1527  0.15918640792369843
1217  0.15918618440628052
1499  0.15918593108654022
1005  0.15918484330177307
1546  0.1591804176568985
1336  0.15917938947677612
585  0.15917909145355225
1264  0.15917904675006866
1758  0.15917818248271942
945  0.15917682647705078
1126  0.1591768115758896
1257  0.15917617082595825
246  0.15917541086673737
896  0.15917469561100006
91  0.15917439758777618
153  0.1591729074716568
20  0.1591719537973404
396  0.1591700166463852
803  0.1591694951057434
860  0.15916915237903595
1316  0.15916697680950165
1523  0.15916582942008972
941  0.15916527807712555
1747  0.1591646820306778
314  0.15916241705417633
1064  0.15916045010089874
859  0.15915629267692566
1519  0.1591537594795227
1303  0.15915271639823914
388  0.15915162861347198
1055  0.15914972126483917
523  0.1591494381427765
1010  0.15914885699748993
1360  0.1591482162475586
1208  0.15914767980575562
1090  0.15914741158485413
139  0.1591462939977646
838  0.15914621949195862
1755  0.15914592146873474
1181  0.1591433584690094
775  0.15914219617843628
1615  0.1591394543647766
422  0.15913593769073486
440  0.15913504362106323
1574  0.15913498401641846
1134  0.15913347899913788
1390  0.15912990272045135
1211  0.1591295599937439
732  0.1591276079416275
535  0.15912626683712006
197  0.1591251641511917
1287  0.15912507474422455
946  0.15912297368049622
1305  0.15912100672721863
1123  0.15912094712257385
1122  0.15911740064620972
9  0.1591159999370575
764  0.1591150164604187
524  0.1591104120016098
765  0.15911026298999786
441  0.15910932421684265
88  0.15910875797271729
861  0.15910793840885162
1378  0.15910640358924866
1655  0.15910522639751434
1102  0.15910106897354126
466  0.15909984707832336
1447  0.15909624099731445
720  0.1590949147939682
718  0.15909402072429657
1128  0.15909351408481598
954  0.1590924710035324
1075  0.15909236669540405
1247  0.159091055393219
872  0.15909074246883392
852  0.15909071266651154
359  0.15908890962600708
1561  0.1590876430273056
749  0.15908752381801605
1320  0.15908728539943695
1143  0.15908509492874146
574  0.1590847373008728
1424  0.1590835005044937
890  0.15908285975456238
147  0.1590825915336609
105  0.1590823382139206
905  0.15908151865005493
793  0.15908005833625793
493  0.15907812118530273
1112  0.15907755494117737
509  0.15907704830169678
1047  0.15907643735408783
32  0.1590762734413147
1539  0.1590755432844162
1637  0.15907523036003113
500  0.15907450020313263
766  0.15907332301139832
490  0.15907272696495056
327  0.15907172858715057
1663  0.15907078981399536
109  0.15907041728496552
1119  0.1590702384710312
1754  0.1590702086687088
600  0.15906819701194763
173  0.15906700491905212
1037  0.15906459093093872
221  0.15906330943107605
172  0.15906070172786713
790  0.1590602546930313
1629  0.15906019508838654
1684  0.15905900299549103
414  0.1590588092803955
1066  0.15905824303627014
1531  0.15905602276325226
684  0.1590559035539627
1475  0.1590559035539627
865  0.15905463695526123
1733  0.1590542495250702
919  0.15905100107192993
694  0.15905019640922546
1206  0.15904968976974487
1562  0.15904588997364044
1326  0.15904444456100464
244  0.15904392302036285
417  0.15904375910758972
1289  0.1590428352355957
358  0.15904271602630615
1156  0.15904176235198975
609  0.15904048085212708
983  0.1590403914451599
1506  0.1590401977300644
616  0.15903858840465546
678  0.15903779864311218
977  0.159036785364151
602  0.15903571248054504
542  0.15903326869010925
1356  0.15903326869010925
478  0.15903277695178986
1600  0.1590297669172287
1756  0.15902839601039886
1498  0.15902678668498993
908  0.15902677178382874
119  0.159025177359581
536  0.1590210497379303
893  0.15902046859264374
556  0.15901675820350647
796  0.1590164750814438
1352  0.15901625156402588
106  0.1590159684419632
1389  0.1590149998664856
1535  0.15901395678520203
432  0.15901294350624084
792  0.15901291370391846
706  0.15901143848896027
1601  0.1590094119310379
1473  0.15900887548923492
1292  0.15900856256484985
1623  0.1590075045824051
1036  0.15900486707687378
1243  0.15900322794914246
1197  0.1590021848678589
1764  0.15900160372257233
671  0.15900127589702606
1173  0.15900051593780518
661  0.15900033712387085
1563  0.15900017321109772
740  0.15899983048439026
1560  0.15899905562400818
21  0.15899904072284698
1011  0.15899759531021118
739  0.1589972972869873
1495  0.15899713337421417
1051  0.15899348258972168
869  0.15899015963077545
575  0.15898914635181427
1716  0.15898853540420532
511  0.15898816287517548
1405  0.15898704528808594
1696  0.1589864045381546
1226  0.15898564457893372
453  0.15898554027080536
301  0.15898430347442627
1414  0.15898318588733673
1401  0.1589822918176651
667  0.1589815318584442
1427  0.15897729992866516
1006  0.1589771807193756
1660  0.15897566080093384
853  0.15897530317306519
1569  0.15897485613822937
296  0.15897473692893982
1406  0.15897434949874878
1342  0.15897412598133087
4  0.15897373855113983
1061  0.15897206962108612
382  0.1589716076850891
1404  0.15897071361541748
215  0.1589701920747757
272  0.15896828472614288
1270  0.15896816551685333
980  0.1589672863483429
270  0.15896709263324738
820  0.15896625816822052
1158  0.15895965695381165
1347  0.15895964205265045
673  0.15895803272724152
1026  0.1589578092098236
386  0.15895676612854004
681  0.15895584225654602
974  0.15895536541938782
167  0.1589551419019699
373  0.15895482897758484
217  0.15895353257656097
144  0.1589535027742386
1234  0.15895302593708038
1204  0.1589522361755371
978  0.15895134210586548
275  0.15895076096057892
1131  0.15895025432109833
113  0.15894803404808044
846  0.15894728899002075
973  0.15894602239131927
515  0.1589459776878357
436  0.15894590318202972
1377  0.158945694565773
1127  0.15894563496112823
824  0.1589445173740387
123  0.1589432805776596
1313  0.15894269943237305
223  0.158942312002182
1220  0.15894193947315216
551  0.15894004702568054
1462  0.15893903374671936
1596  0.15893827378749847
588  0.1589379608631134
1053  0.15893715620040894
755  0.15893390774726868
1722  0.15893365442752838
1671  0.15893292427062988
1130  0.158932626247406
115  0.1589309275150299
102  0.15893027186393738
234  0.15892735123634338
1532  0.1589273363351822
688  0.15892665088176727
1585  0.1589266061782837
570  0.15892520546913147
1626  0.15892437100410461
483  0.15892422199249268
1579  0.1589238941669464
552  0.1589227169752121
27  0.1589224636554718
1222  0.15892136096954346
1049  0.1589212864637375
237  0.15892045199871063
1190  0.1589202582836151
1031  0.15892012417316437
1028  0.15891937911510468
930  0.15891806781291962
1751  0.1589146852493286
1030  0.15891432762145996
175  0.1589137613773346
1105  0.15891340374946594
1148  0.15891039371490479
1199  0.15890514850616455
1282  0.15890462696552277
1723  0.15890124440193176
933  0.15890111029148102
1649  0.15889999270439148
1041  0.1588985025882721
724  0.1588955968618393
1494  0.15889433026313782
1463  0.1588936299085617
828  0.15889349579811096
573  0.1588926613330841
904  0.15889215469360352
229  0.15889188647270203
1162  0.15889059007167816
1273  0.15889044106006622
1709  0.15889008343219757
617  0.15888945758342743
118  0.1588880866765976
1238  0.15888665616512299
1726  0.15888357162475586
121  0.15888352692127228
282  0.1588827520608902
166  0.1588824987411499
249  0.15888196229934692
182  0.15887877345085144
761  0.1588786393404007
1734  0.15887705981731415
817  0.158875972032547
482  0.15887580811977386
1189  0.15887361764907837
1497  0.15887348353862762
1358  0.15887215733528137
768  0.15887172520160675
3  0.15887151658535004
1095  0.158871129155159
1551  0.15886834263801575
546  0.1588669866323471
1214  0.15886633098125458
218  0.1588657945394516
41  0.15886546671390533
697  0.15886546671390533
277  0.15886275470256805
266  0.15886013209819794
163  0.15885984897613525
664  0.1588597446680069
710  0.15885892510414124
1180  0.15885841846466064
1088  0.15885500609874725
1117  0.1588546335697174
1762  0.15885335206985474
814  0.1588532030582428
1700  0.15885278582572937
1258  0.15885190665721893
1218  0.1588517278432846
1476  0.1588508039712906
1272  0.15884920954704285
1227  0.15884877741336823
460  0.15884864330291748
489  0.1588476598262787
1172  0.1588476151227951
1703  0.15884746611118317
1630  0.15884700417518616
1261  0.15884563326835632
1402  0.1588446944952011
763  0.15884466469287872
972  0.15884354710578918
658  0.15883995592594147
538  0.15883946418762207
1116  0.15883883833885193
22  0.15883749723434448
1314  0.1588372141122818
346  0.1588354855775833
541  0.15883532166481018
1464  0.15883512794971466
1397  0.1588335484266281
99  0.15883325040340424
31  0.1588323563337326
1209  0.15882660448551178
1164  0.15882466733455658
1019  0.1588243991136551
1683  0.1588229089975357
1653  0.15882275998592377
28  0.1588222086429596
112  0.15882200002670288
619  0.15882112085819244
1610  0.15881940722465515
889  0.15881779789924622
1288  0.1588159203529358
233  0.15881502628326416
315  0.15881502628326416
1093  0.15881401300430298
1624  0.15881142020225525
687  0.1588108241558075
637  0.15881027281284332
1686  0.1588098108768463
767  0.15880917012691498
50  0.15880697965621948
1349  0.15880611538887024
534  0.1588047444820404
179  0.15880200266838074
1045  0.1588011234998703
1275  0.15880104899406433
1621  0.1588006168603897
1699  0.15879841148853302
1533  0.15879619121551514
1735  0.15879449248313904
1582  0.1587935984134674
1365  0.15879303216934204
284  0.15879160165786743
1375  0.15879157185554504
151  0.1587912142276764
826  0.15878941118717194
10  0.15878926217556
1718  0.15878824889659882
1505  0.15878647565841675
1308  0.15878620743751526
1050  0.1587858647108078
1025  0.1587851196527481
1513  0.15878449380397797
1022  0.15878386795520782
1330  0.15878073871135712
1333  0.15878063440322876
1448  0.15878023207187653
627  0.15877783298492432
152  0.15877759456634521
1578  0.15877753496170044
1344  0.1587749719619751
1603  0.15877468883991241
668  0.15877462923526764
149  0.1587720662355423
1203  0.15877044200897217
782  0.15876983106136322
1306  0.1587686389684677
805  0.1587677001953125
1044  0.1587669402360916
778  0.15876631438732147
487  0.1587662547826767
810  0.15876558423042297
1461  0.1587648093700409
773  0.1587640941143036
1705  0.1587628722190857
843  0.15876194834709167
1413  0.1587618887424469
1399  0.15875859558582306
505  0.15875814855098724
957  0.15875765681266785
46  0.1587575078010559
351  0.15875747799873352
806  0.1587536633014679
1159  0.15875035524368286
310  0.15874873101711273
1515  0.1587473452091217
1761  0.15874691307544708
543  0.1587468385696411
504  0.1587437093257904
25  0.15874089300632477
1152  0.15874062478542328
558  0.1587396264076233
878  0.1587354689836502
550  0.1587342470884323
1588  0.15873421728610992
780  0.15873409807682037
1388  0.15873396396636963
1307  0.158732071518898
1516  0.15873189270496368
276  0.158731609582901
1478  0.158731609582901
1656  0.15873125195503235
1371  0.1587265133857727
324  0.15872648358345032
1040  0.1587257832288742
176  0.15872450172901154
984  0.15872430801391602
472  0.15872152149677277
898  0.15872147679328918
1215  0.15871912240982056
897  0.1587173491716385
638  0.15871715545654297
1219  0.15871651470661163
258  0.15871642529964447
827  0.15871618688106537
290  0.15871578454971313
148  0.15871533751487732
882  0.15871520340442657
514  0.15871457755565643
204  0.15871389210224152
1650  0.15871264040470123
1304  0.15871261060237885
1319  0.1587124466896057
701  0.15871211886405945
1482  0.15871195495128632
107  0.1587107926607132
34  0.15871037542819977
1654  0.15870894491672516
1169  0.15870890021324158
1417  0.15870727598667145
579  0.1587066501379013
829  0.158706396818161
656  0.15870505571365356
959  0.15870462357997894
1555  0.15870225429534912
1425  0.1587018072605133
788  0.15870127081871033
759  0.15870121121406555
1056  0.15870113670825958
138  0.1587010622024536
412  0.15869882702827454
587  0.15869861841201782
1662  0.15869717299938202
849  0.15869557857513428
610  0.15869544446468353
1311  0.15869297087192535
1682  0.1586916297674179
530  0.15869052708148956
1472  0.15869034826755524
1201  0.15868951380252838
475  0.15868940949440002
1659  0.1586892008781433
1690  0.1586887240409851
743  0.15868419408798218
1087  0.1586834043264389
1430  0.15868081152439117
1608  0.15867926180362701
184  0.15867775678634644
1174  0.15867650508880615
226  0.1586753875017166
801  0.1586742401123047
560  0.15867236256599426
1749  0.15867206454277039
623  0.15867020189762115
1160  0.15866979956626892
962  0.15866899490356445
286  0.1586683839559555
907  0.15866781771183014
1398  0.15866221487522125
1618  0.15866176784038544
364  0.15866076946258545
1465  0.15865938365459442
353  0.15865924954414368
1548  0.15865831077098846
1079  0.1586580127477646
332  0.15865708887577057
1765  0.15865644812583923
936  0.15865573287010193
1113  0.15865439176559448
1016  0.15865424275398254
854  0.15865251421928406
1062  0.1586512327194214
410  0.15864983201026917
127  0.15864811837673187
1484  0.1586473435163498
347  0.1586461067199707
238  0.15863767266273499
1627  0.15863649547100067
624  0.1586339771747589
256  0.1586330085992813
640  0.1586315631866455
157  0.15863078832626343
837  0.1586306095123291
833  0.15863020718097687
903  0.1586296558380127
479  0.15862871706485748
677  0.15862859785556793
1415  0.15862850844860077
747  0.1586281955242157
248  0.15862634778022766
451  0.15862564742565155
887  0.15862515568733215
1661  0.15862500667572021
1725  0.15862496197223663
415  0.15862484276294708
979  0.15862435102462769
798  0.15862412750720978
143  0.1586221158504486
1109  0.15862101316452026
63  0.15862059593200684
745  0.1586180031299591
1091  0.15861733257770538
49  0.15861546993255615
520  0.15861524641513824
1486  0.15861406922340393
394  0.15861323475837708
746  0.15861263871192932
693  0.15861205756664276
1224  0.15861177444458008
639  0.15860894322395325
189  0.1586081087589264
181  0.1586073637008667
1035  0.15860576927661896
304  0.15860572457313538
1098  0.1586054563522339
1338  0.15860459208488464
680  0.15860401093959808
779  0.15860381722450256
696  0.15860378742218018
344  0.15860353410243988
494  0.15860313177108765
1622  0.15860161185264587
1167  0.15860146284103394
633  0.15860044956207275
596  0.158596470952034
629  0.1585945188999176
1291  0.15859438478946686
924  0.1585940569639206
1571  0.1585935801267624
875  0.158589169383049
283  0.15858863294124603
751  0.15858854353427887
1267  0.15858684480190277
1490  0.15858682990074158
690  0.1585862934589386
319  0.15858562290668488
357  0.15858393907546997
1552  0.1585838794708252
297  0.15858252346515656
1339  0.15858206152915955
128  0.15858153998851776
647  0.15858116745948792
1383  0.15858033299446106
787  0.1585800051689148
1078  0.15857918560504913
273  0.15857863426208496
29  0.15857836604118347
122  0.1585778146982193
1558  0.15857425332069397
120  0.15857340395450592
496  0.15857307612895966
82  0.15857265889644623
397  0.15857192873954773
1392  0.15857121348381042
582  0.15857119858264923
717  0.1585710644721985
1714  0.1585693657398224
345  0.15856711566448212
1530  0.15856695175170898
68  0.1585669219493866
13  0.15856656432151794
1223  0.158565953373909
278  0.158565491437912
1740  0.15856418013572693
1587  0.1585628241300583
1524  0.1585620492696762
615  0.15856115520000458
1359  0.1585608422756195
885  0.15856055915355682
1285  0.158559188246727
1556  0.1585582047700882
844  0.15855808556079865
935  0.15855684876441956
476  0.15855672955513
338  0.15855632722377777
1679  0.15855559706687927
380  0.1585550457239151
799  0.15855461359024048
1536  0.1585543155670166
836  0.15855419635772705
1675  0.158552348613739
592  0.15854953229427338
214  0.15854907035827637
8  0.15854868292808533
1293  0.15854774415493011
1067  0.15854743123054504
1379  0.15854698419570923
320  0.15854620933532715
1711  0.15854418277740479
510  0.15854357182979584
1492  0.158542200922966
1767  0.15854217112064362
1612  0.15854080021381378
307  0.1585405468940735
404  0.15853984653949738
1729  0.15853825211524963
850  0.15853750705718994
1175  0.15853679180145264
754  0.15853585302829742
1259  0.1585356742143631
1185  0.15853451192378998
1520  0.1585344523191452
481  0.15853427350521088
267  0.15853369235992432
250  0.15853175520896912
892  0.15853126347064972
1024  0.15853114426136017
1738  0.1585303246974945
1669  0.15852691233158112
922  0.15852637588977814
1471  0.15852348506450653
16  0.1585227996110916
1743  0.15852153301239014
1712  0.15851882100105286
251  0.15851762890815735
1001  0.15851646661758423
1489  0.1585160344839096
1672  0.15851570665836334
1205  0.15851418673992157
1584  0.1585138887166977
568  0.1585126668214798
1645  0.15851221978664398
456  0.1585109531879425
867  0.15850870311260223
467  0.15850822627544403
503  0.15850697457790375
135  0.15850619971752167
1651  0.1585058867931366
593  0.15850448608398438
612  0.15850384533405304
213  0.15850114822387695
318  0.15849874913692474
794  0.15849705040454865
484  0.15849566459655762
1290  0.15849515795707703
61  0.15849411487579346
444  0.15849393606185913
1445  0.15849177539348602
1611  0.15849147737026215
1707  0.158490851521492
1518  0.15849058330059052
1643  0.15849004685878754
873  0.15848976373672485
165  0.15848951041698456
1481  0.15848921239376068
1750  0.15848830342292786
653  0.15848788619041443
1500  0.15848781168460846
969  0.15848594903945923
224  0.15848591923713684
311  0.15848486125469208
565  0.15848466753959656
413  0.15848234295845032
133  0.1584818810224533
392  0.15847863256931305
1200  0.15847767889499664
1020  0.15847516059875488
263  0.15847401320934296
418  0.15847346186637878
1302  0.15847305953502655
591  0.15847203135490417
379  0.15847191214561462
1140  0.1584712564945221
231  0.15847083926200867
98  0.15847045183181763
519  0.15847033262252808
708  0.1584703028202057
670  0.15846890211105347
491  0.15846823155879974
630  0.158468097448349
1455  0.1584661602973938
177  0.15846578776836395
449  0.15846528112888336
445  0.1584649235010147
435  0.15846388041973114
1673  0.15846334397792816
1717  0.15846304595470428
212  0.15846200287342072
254  0.15845970809459686
1039  0.15845616161823273
757  0.15845519304275513
426  0.15845517814159393
1263  0.158454030752182
169  0.15845376253128052
1757  0.1584533005952835
1646  0.15845276415348053
1566  0.1584513783454895
866  0.15845105051994324
188  0.1584497094154358
455  0.15844760835170746
1641  0.15844614803791046
601  0.15844537317752838
1229  0.15844397246837616
208  0.15844368934631348
1713  0.15844327211380005
342  0.15844251215457916
635  0.15844179689884186
1522  0.15844093263149261
45  0.15844084322452545
932  0.15843816101551056
742  0.15843631327152252
1429  0.15843576192855835
419  0.15843534469604492
813  0.15843282639980316
245  0.1584307700395584
1583  0.15843048691749573
406  0.15843036770820618
438  0.1584288775920868
1412  0.15842585265636444
1294  0.15842528641223907
1708  0.1584232896566391
937  0.15842071175575256
395  0.1584189534187317
1309  0.15841880440711975
1452  0.15841880440711975
1297  0.15841838717460632
675  0.15841566026210785
141  0.15841275453567505
80  0.15841084718704224
37  0.15841005742549896
240  0.1584082692861557
1157  0.1584082692861557
108  0.15840555727481842
1586  0.1584046334028244
1434  0.15840397775173187
1710  0.15840277075767517
525  0.15840257704257965
12  0.15840093791484833
1059  0.1583983600139618
581  0.15839821100234985
652  0.15839795768260956
85  0.15839062631130219
1230  0.15839028358459473
597  0.15838930010795593
1048  0.1583871692419052
159  0.15838567912578583
101  0.1583854705095291
1235  0.15838494896888733
30  0.15838201344013214
1576  0.15837928652763367
164  0.15837663412094116
260  0.15837644040584564
89  0.1583750993013382
458  0.1583748459815979
1280  0.15837253630161285
562  0.15837189555168152
1231  0.15837125480175018
1741  0.15836752951145172
881  0.15836668014526367
1038  0.15836502611637115
300  0.1583605706691742
699  0.15835927426815033
722  0.1583591103553772
1744  0.15835857391357422
1416  0.15835700929164886
274  0.15835614502429962
294  0.15835578739643097
293  0.15835532546043396
927  0.15835489332675934
321  0.15835487842559814
1324  0.15835335850715637
362  0.15835179388523102
553  0.15835177898406982
1577  0.15835167467594147
1540  0.1583513617515564
1328  0.1583503931760788
1728  0.15834634006023407
815  0.15834574401378632
1676  0.1583455502986908
398  0.1583448052406311
648  0.1583445519208908
735  0.15834210813045502
752  0.1583394557237625
951  0.15833866596221924
1693  0.158338263630867
1724  0.15833795070648193
393  0.1583377569913864
140  0.1583365797996521
1564  0.15833553671836853
1599  0.15833331644535065
1120  0.15833249688148499
1262  0.1583288311958313
1590  0.1583278477191925
1327  0.1583274006843567
1496  0.15832695364952087
1043  0.15832175314426422
1557  0.15831884741783142
608  0.1583172082901001
186  0.15831580758094788
1335  0.1583150327205658
1652  0.15831488370895386
989  0.1583128571510315
1391  0.15831173956394196
378  0.15831170976161957
437  0.15831057727336884
797  0.15830618143081665
375  0.158305823802948
1501  0.15830567479133606
982  0.15830442309379578
465  0.1583041101694107
1295  0.15830306708812714
24  0.15830065310001373
1589  0.15830031037330627
1370  0.1582983285188675
1104  0.15829825401306152
1221  0.15829825401306152
384  0.1582968384027481
1720  0.15829627215862274
131  0.1582944691181183
576  0.1582936942577362
92  0.1582934856414795
1318  0.15829230844974518
55  0.15829111635684967
72  0.1582900583744049
1373  0.1582898497581482
874  0.15828903019428253
265  0.15828797221183777
477  0.1582842618227005
518  0.15828357636928558
492  0.1582821160554886
1286  0.15827800333499908
317  0.1582769900560379
1325  0.15827587246894836
1732  0.15827541053295135
401  0.15827396512031555
1449  0.15827250480651855
1386  0.15827156603336334
239  0.1582709550857544
1376  0.15826435387134552
1667  0.15826377272605896
1072  0.1582627296447754
651  0.15826170146465302
469  0.1582604944705963
354  0.15825942158699036
728  0.1582590937614441
1366  0.15825828909873962
1665  0.15825779736042023
1606  0.15825322270393372
1354  0.15825136005878448
255  0.15825112164020538
1763  0.15825003385543823
1009  0.15824857354164124
178  0.15824846923351288
1042  0.1582479327917099
36  0.15824605524539948
578  0.15824440121650696
909  0.1582440584897995
1591  0.15824341773986816
663  0.15824289619922638
559  0.15824107825756073
993  0.1582392454147339
537  0.15823917090892792
975  0.1582387089729309
156  0.15823839604854584
1605  0.15823540091514587
1766  0.15823319554328918
1616  0.15822960436344147
986  0.1582268476486206
211  0.15822672843933105
1715  0.15822511911392212
262  0.15822458267211914
502  0.15822401642799377
1638  0.15822246670722961
691  0.15822172164916992
361  0.15822052955627441
1187  0.15821939706802368
1144  0.15821902453899384
998  0.15821826457977295
1480  0.15821783244609833
785  0.15821757912635803
1470  0.15821483731269836
1554  0.15821340680122375
268  0.15821321308612823
1323  0.15821179747581482
744  0.1582109034061432
330  0.1582098752260208
1636  0.1582084447145462
174  0.158207967877388
1502  0.1582062691450119
1260  0.15820512175559998
634  0.15820394456386566
1345  0.15820357203483582
1595  0.158202663064003
33  0.15820248425006866
526  0.1582018882036209
646  0.15820147097110748
942  0.15819968283176422
405  0.15819953382015228
1632  0.15819919109344482
1284  0.15819662809371948
1668  0.15819565951824188
1468  0.15819284319877625
416  0.15819133818149567
42  0.15819047391414642
1054  0.15819038450717926
264  0.15818902850151062
285  0.1581868976354599
185  0.15818598866462708
1092  0.15818575024604797
532  0.15818454325199127
1198  0.15818312764167786
1538  0.1581815779209137
7  0.15817900002002716
199  0.15817680954933167
1141  0.1581728309392929
1385  0.15817278623580933
1340  0.15817046165466309
1240  0.15816999971866608
1394  0.1581699550151825
1573  0.15816698968410492
1387  0.15816548466682434
704  0.15816308557987213
360  0.1581616848707199
383  0.1581600308418274
1511  0.15815937519073486
1534  0.15815842151641846
1121  0.1581539511680603
1374  0.15815353393554688
1704  0.15815261006355286
235  0.15814758837223053
1400  0.1581469476222992
1076  0.15814648568630219
620  0.15814056992530823
822  0.15813866257667542
968  0.15813764929771423
772  0.15813077986240387
1332  0.15813066065311432
439  0.15812893211841583
339  0.15812857449054718
598  0.15812809765338898
289  0.1581268012523651
1689  0.15812574326992035
1483  0.15812565386295319
976  0.15812258422374725
291  0.15811650454998016
1759  0.1581154316663742
1382  0.1581149697303772
1644  0.15811468660831451
225  0.15810757875442505
613  0.15810512006282806
471  0.15810376405715942
1439  0.15810252726078033
1648  0.15810079872608185
146  0.15810039639472961
1454  0.1580962985754013
279  0.15809626877307892
1664  0.15809576213359833
1737  0.15809519588947296
299  0.1580943763256073
209  0.15809300541877747
1647  0.15809188783168793
1107  0.15809030830860138
6  0.15808938443660736
287  0.15808726847171783
997  0.15808621048927307
457  0.15808501839637756
774  0.15808339416980743
1753  0.15808066725730896
1510  0.15807951986789703
1493  0.15807847678661346
5  0.15807723999023438
488  0.1580755114555359
1236  0.1580742597579956
1451  0.15807302296161652
1176  0.15807053446769714
391  0.1580699384212494
1317  0.15806931257247925
1298  0.1580670028924942
950  0.15806688368320465
655  0.1580628901720047
1617  0.1580619066953659
83  0.15805962681770325
390  0.15805868804454803
1232  0.15805676579475403
1487  0.15805676579475403
1594  0.15805590152740479
485  0.15805543959140778
69  0.15805375576019287
621  0.15805263817310333
583  0.1580469012260437
1265  0.1580469012260437
1736  0.1580459475517273
376  0.15804530680179596
75  0.158044695854187
910  0.15804317593574524
1488  0.15804122388362885
333  0.15803982317447662
729  0.15803702175617218
1721  0.15803509950637817
650  0.1580343395471573
58  0.1580333560705185
497  0.15803171694278717
371  0.15802623331546783
1537  0.15802422165870667
1096  0.15802232921123505
512  0.15802030265331268
1069  0.15801791846752167
925  0.15801556408405304
981  0.15801508724689484
454  0.1580074578523636
902  0.158006489276886
1745  0.15800492465496063
1432  0.15799827873706818
247  0.15799544751644135
1625  0.15799163281917572
531  0.15798892080783844
269  0.15798740088939667
1460  0.15798701345920563
1301  0.15798673033714294
1678  0.15798352658748627
618  0.15798316895961761
1341  0.1579824835062027
461  0.15797971189022064
1466  0.15797951817512512
1046  0.15797941386699677
906  0.15797869861125946
96  0.15797647833824158
1002  0.15797638893127441
1731  0.15797530114650726
1178  0.15797218680381775
1701  0.15797141194343567
312  0.15796862542629242
349  0.15796668827533722
1423  0.15796582400798798
363  0.15796494483947754
1012  0.1579640507698059
486  0.15796275436878204
733  0.1579623967409134
1077  0.15795950591564178
636  0.15795662999153137
352  0.15795542299747467
1381  0.15795284509658813
563  0.15795262157917023
1545  0.15794700384140015
590  0.15794497728347778
1680  0.15793803334236145
47  0.1579364389181137
171  0.15793627500534058
1687  0.15793342888355255
1592  0.157931387424469
191  0.15792754292488098
1403  0.15792450308799744
527  0.15792207419872284
589  0.15791824460029602
227  0.1579175591468811
707  0.15791670978069305
508  0.15791665017604828
1254  0.15791407227516174
402  0.15791259706020355
242  0.15790653228759766
920  0.15790431201457977
1099  0.15790408849716187
335  0.15790395438671112
1411  0.15789847075939178
891  0.1578969955444336
62  0.15789635479450226
295  0.15789499878883362
1467  0.1578933447599411
672  0.15789324045181274
1550  0.15789104998111725
1353  0.15788687765598297
1364  0.15788361430168152
1329  0.15788085758686066
789  0.1578771024942398
1670  0.15787625312805176
1253  0.1578713059425354
76  0.15787069499492645
1279  0.1578705757856369
74  0.1578662097454071
1479  0.15786553919315338
420  0.15786291658878326
1380  0.15786291658878326
1210  0.15785758197307587
1525  0.15785571932792664
423  0.15785379707813263
756  0.15785188972949982
288  0.15784896910190582
86  0.15784801542758942
408  0.15784680843353271
507  0.1578463762998581
1491  0.15784230828285217
407  0.1578403115272522
1034  0.1578395515680313
18  0.15783783793449402
326  0.1578332781791687
1702  0.15783168375492096
666  0.157828688621521
1642  0.15782633423805237
1565  0.1578219085931778
703  0.15781860053539276
1362  0.15781860053539276
316  0.15781572461128235
731  0.1578090935945511
366  0.15780822932720184
548  0.1578042209148407
355  0.15779921412467957
1529  0.15779472887516022
1526  0.1577945351600647
830  0.1577940285205841
313  0.1577892154455185
341  0.15778084099292755
1469  0.1577797383069992
180  0.15777838230133057
517  0.15777216851711273
463  0.1577679067850113
473  0.15776443481445312
716  0.15776078402996063
230  0.15776006877422333
1368  0.15775622427463531
1396  0.1577547788619995
1312  0.15774983167648315
1602  0.15774928033351898
243  0.15774844586849213
1212  0.15774089097976685
134  0.15773576498031616
917  0.15773382782936096
1503  0.15772958099842072
1074  0.15772920846939087
1426  0.15772703289985657
350  0.15772618353366852
1633  0.15772368013858795
210  0.15772195160388947
611  0.15771862864494324
784  0.1577170193195343
1350  0.15771667659282684
1410  0.1577138453722
1422  0.1577071249485016
1509  0.15770629048347473
193  0.1577032208442688
1440  0.1576993614435196
1512  0.15769778192043304
94  0.1576959192752838
387  0.15769584476947784
533  0.15769313275814056
232  0.1576910763978958
389  0.15768809616565704
741  0.15768761932849884
443  0.1576865166425705
1453  0.15768511593341827
1437  0.1576833724975586
1408  0.1576765775680542
150  0.15766148269176483
1742  0.15765969455242157
1369  0.15765193104743958
1739  0.15764813125133514
1029  0.15764686465263367
662  0.15764398872852325
965  0.15764202177524567
377  0.1576346755027771
1604  0.15762093663215637
370  0.15762047469615936
769  0.15761958062648773
236  0.15761955082416534
1681  0.1576182246208191
825  0.15761753916740417
1727  0.15760961174964905
1730  0.15760953724384308
257  0.15760871767997742
604  0.15760435163974762
430  0.15760353207588196
340  0.1575976014137268
52  0.15759454667568207
1674  0.15759436786174774
1407  0.15758951008319855
1692  0.15758591890335083
372  0.1575658619403839
1343  0.15756559371948242
599  0.15756258368492126
1348  0.15755869448184967
1363  0.15755751729011536
126  0.15755386650562286
97  0.15755322575569153
216  0.15755322575569153
1474  0.15755152702331543
425  0.15754947066307068
253  0.15754899382591248
1322  0.15753203630447388
1768  0.15753023326396942
577  0.1575218290090561
280  0.15752096474170685
871  0.157510906457901
26  0.1575099229812622
241  0.15749482810497284
1666  0.15749183297157288
1337  0.15749157965183258
1677  0.1574857234954834
1457  0.15748460590839386
564  0.157465860247612
1634  0.15746234357357025
626  0.15744806826114655
501  0.15744709968566895
642  0.15744070708751678
1613  0.1574402004480362
1351  0.15741746127605438
572  0.15741370618343353
195  0.15741363167762756
1508  0.15741300582885742
400  0.15740542113780975
331  0.15740513801574707
1433  0.15739862620830536
428  0.15737715363502502
561  0.15737655758857727
1688  0.15735888481140137
328  0.1573513299226761
657  0.15733490884304047
894  0.15733064711093903
343  0.15728791058063507
1746  0.15725883841514587
1542  0.15723103284835815
516  0.1572030633687973
644  0.15717338025569916
522  0.15716417133808136
1357  0.1571638584136963
329  0.15716347098350525
1367  0.15715503692626953
1597  0.15714779496192932
1685  0.15707314014434814
1631  0.1570558100938797
928  0.15700411796569824
1008  0.15693800151348114
1442  0.156925231218338
1504  0.156879261136055
1575  0.15683883428573608
506  0.15680105984210968
831  0.15678226947784424
528  0.1567523330450058
1013  0.15672510862350464
322  0.15661977231502533
628  0.15660294890403748
659  0.15645109117031097
