899  0.15621545910835266
903  0.1561880260705948
1004  0.1561741679906845
1696  0.15609416365623474
1126  0.15603232383728027
1164  0.15597538650035858
1071  0.15597422420978546
118  0.15595881640911102
999  0.15595746040344238
157  0.15595002472400665
917  0.15592995285987854
1014  0.15592393279075623
952  0.15592190623283386
1182  0.15591827034950256
53  0.15590082108974457
1108  0.15589897334575653
979  0.1558956652879715
878  0.15589548647403717
364  0.15588834881782532
1288  0.15588825941085815
709  0.15588511526584625
27  0.1558818370103836
777  0.15587298572063446
111  0.15586745738983154
44  0.15586452186107635
1283  0.1558573991060257
1390  0.15584740042686462
713  0.1558431088924408
1273  0.15583325922489166
458  0.15582400560379028
1149  0.15582142770290375
955  0.15581782162189484
1388  0.15581534802913666
1081  0.15581254661083221
1055  0.15581220388412476
121  0.1558084338903427
1312  0.15580755472183228
1303  0.15579648315906525
598  0.15578658878803253
1034  0.1557784378528595
1125  0.15577423572540283
770  0.15577244758605957
1409  0.1557711362838745
1177  0.15576662123203278
1693  0.15574902296066284
92  0.15574221312999725
1226  0.1557309627532959
1299  0.15572458505630493
671  0.15571871399879456
1230  0.15571248531341553
895  0.15570953488349915
1287  0.15570683777332306
827  0.15569952130317688
946  0.15569743514060974
1257  0.15569713711738586
664  0.15569622814655304
522  0.1556958705186844
890  0.15569010376930237
1678  0.15568409860134125
1059  0.1556762307882309
1323  0.1556726098060608
871  0.1556713581085205
1769  0.15566912293434143
499  0.1556614637374878
990  0.155659019947052
669  0.1556580364704132
973  0.15565654635429382
46  0.1556519716978073
48  0.155642569065094
427  0.15564118325710297
654  0.15563970804214478
182  0.15563906729221344
125  0.15563657879829407
26  0.15563373267650604
226  0.15562887489795685
1239  0.155623197555542
1417  0.15561386942863464
868  0.15560899674892426
604  0.15560680627822876
981  0.15560311079025269
1476  0.155598983168602
64  0.15559689700603485
1094  0.1555963009595871
415  0.1555875688791275
49  0.15558184683322906
1550  0.15558040142059326
68  0.1555791199207306
884  0.15557681024074554
782  0.1555757373571396
127  0.15557070076465607
223  0.15556979179382324
1407  0.15556320548057556
14  0.1555546671152115
1243  0.15555331110954285
1395  0.15555331110954285
91  0.1555531919002533
823  0.15554404258728027
25  0.15553858876228333
1037  0.15553508698940277
435  0.15553371608257294
608  0.15553173422813416
377  0.15553127229213715
834  0.15553122758865356
1348  0.1555311679840088
1038  0.15552449226379395
1048  0.15551437437534332
1575  0.15551280975341797
901  0.15551257133483887
239  0.1555124670267105
696  0.1555105447769165
710  0.15550991892814636
474  0.15550324320793152
825  0.15550318360328674
1227  0.15549837052822113
959  0.1554967612028122
1495  0.15549655258655548
913  0.15549638867378235
672  0.15549136698246002
843  0.15548746287822723
1222  0.1554865837097168
758  0.1554834544658661
833  0.1554795503616333
889  0.155479297041893
1306  0.15547646582126617
439  0.15547464787960052
1073  0.15547454357147217
962  0.15547193586826324
1632  0.15546903014183044
383  0.15546858310699463
104  0.15546780824661255
909  0.1554649919271469
847  0.15545547008514404
21  0.15544681251049042
74  0.15544332563877106
894  0.15543891489505768
1543  0.15543749928474426
1318  0.15543422102928162
887  0.15543267130851746
1406  0.1554303616285324
1596  0.1554289609193802
939  0.15542398393154144
988  0.15542270243167877
1098  0.15542173385620117
724  0.15542079508304596
561  0.15541939437389374
501  0.1554161012172699
641  0.1554097831249237
94  0.15540771186351776
31  0.15540388226509094
1148  0.1553996354341507
65  0.15539823472499847
1146  0.15539759397506714
1141  0.15539546310901642
951  0.15539519488811493
461  0.1553945541381836
837  0.15538862347602844
1622  0.1553846299648285
879  0.1553836166858673
181  0.15537726879119873
322  0.15537624061107635
762  0.15537554025650024
1165  0.1553754210472107
1412  0.15537507832050323
994  0.1553732454776764
1291  0.15536972880363464
747  0.15536893904209137
1205  0.15535986423492432
1466  0.15535765886306763
1281  0.15535499155521393
448  0.15535493195056915
985  0.15535426139831543
877  0.15535232424736023
1727  0.15535114705562592
194  0.1553494930267334
1733  0.15534847974777222
78  0.1553463637828827
288  0.15534619987010956
784  0.15534619987010956
1625  0.15534372627735138
1119  0.15534090995788574
749  0.15533871948719025
835  0.15533769130706787
316  0.15533533692359924
1103  0.15533244609832764
172  0.15533195436000824
1455  0.15533123910427094
715  0.15531620383262634
931  0.15531466901302338
401  0.1553114950656891
582  0.15531085431575775
1344  0.15530897676944733
1500  0.15530872344970703
52  0.1553048938512802
1184  0.15530483424663544
572  0.15530236065387726
10  0.15530093014240265
912  0.15530091524124146
1307  0.1552954614162445
84  0.1552940309047699
1652  0.15529346466064453
965  0.15529191493988037
195  0.1552901417016983
532  0.15528973937034607
332  0.1552884429693222
136  0.15528789162635803
814  0.15528547763824463
1298  0.1552850604057312
1681  0.1552838236093521
1028  0.15528182685375214
737  0.15527798235416412
1101  0.1552751660346985
469  0.15527459979057312
1346  0.15527395904064178
733  0.15527363121509552
1541  0.155269056558609
382  0.1552678495645523
294  0.1552669107913971
1185  0.15526477992534637
1057  0.1552623212337494
1236  0.15526168048381805
848  0.15526075661182404
1295  0.15526050329208374
1423  0.15525956451892853
1051  0.15525895357131958
1322  0.1552584022283554
978  0.15525729954242706
1204  0.15525569021701813
138  0.15525387227535248
673  0.15524952113628387
594  0.15524950623512268
1120  0.15524914860725403
1195  0.15524590015411377
1121  0.1552453339099884
1186  0.1552429348230362
730  0.15524251759052277
721  0.15523657202720642
830  0.15523633360862732
855  0.15523600578308105
1199  0.15523448586463928
335  0.15523013472557068
708  0.1552295684814453
1092  0.15522907674312592
1290  0.15522176027297974
1633  0.1552213877439499
1022  0.15522107481956482
714  0.1552198827266693
793  0.15521985292434692
698  0.15521566569805145
1123  0.15521551668643951
680  0.15521439909934998
1635  0.15521401166915894
797  0.1552131623029709
751  0.15521255135536194
1  0.15521231293678284
276  0.15521197021007538
914  0.1552104502916336
798  0.15520888566970825
821  0.15520866215229034
176  0.15520846843719482
840  0.1552043855190277
977  0.1552029401063919
139  0.15520234405994415
1029  0.15520213544368744
1601  0.15520153939723969
527  0.15519899129867554
402  0.15519727766513824
1011  0.15519645810127258
772  0.15519475936889648
781  0.15519466996192932
859  0.15519165992736816
148  0.15519137680530548
85  0.15519101917743683
159  0.15519091486930847
983  0.15518948435783386
1566  0.15518775582313538
1319  0.15518762171268463
1573  0.1551865041255951
420  0.15518219769001007
799  0.15518106520175934
1667  0.1551796942949295
813  0.15517662465572357
1117  0.15517635643482208
1458  0.15517355501651764
595  0.15517286956310272
760  0.15517248213291168
413  0.15517215430736542
1465  0.1551656275987625
684  0.1551634669303894
449  0.15516303479671478
1189  0.15516261756420135
1520  0.15515978634357452
906  0.1551590859889984
850  0.15515878796577454
1513  0.15515832602977753
552  0.15515698492527008
1136  0.15515683591365814
723  0.15515637397766113
989  0.15515153110027313
15  0.15515099465847015
165  0.1551472246646881
1498  0.1551457643508911
323  0.15514518320560455
685  0.15514464676380157
771  0.15514039993286133
1699  0.15514026582241058
1154  0.15514019131660461
1188  0.15513956546783447
706  0.15513746440410614
1711  0.15513521432876587
1286  0.15513478219509125
167  0.1551337093114853
1585  0.1551334410905838
1003  0.1551332026720047
241  0.15513235330581665
360  0.1551322042942047
151  0.15513134002685547
1664  0.15512943267822266
146  0.1551288664340973
1237  0.15512827038764954
43  0.1551276594400406
1327  0.155127614736557
1744  0.1551269292831421
1690  0.15512660145759583
947  0.1551252156496048
579  0.15512508153915405
348  0.15512187778949738
1515  0.1551218032836914
1054  0.1551167368888855
1140  0.1551160216331482
726  0.15511558949947357
786  0.15511548519134521
940  0.1551109403371811
192  0.15511083602905273
34  0.15511012077331543
23  0.155109241604805
1116  0.15510772168636322
79  0.1551072597503662
1170  0.15510450303554535
1376  0.15510249137878418
38  0.15510158240795135
1565  0.15510110557079315
411  0.1551000326871872
1225  0.1550995409488678
1380  0.1550966054201126
991  0.15509562194347382
1413  0.15509243309497833
839  0.15509063005447388
1129  0.15509027242660522
564  0.15509022772312164
1068  0.15508627891540527
1122  0.15508528053760529
581  0.15508487820625305
1617  0.15508195757865906
56  0.15508101880550385
1310  0.15508095920085907
964  0.15508012473583221
699  0.15507574379444122
974  0.15507543087005615
1271  0.15507513284683228
1753  0.15507379174232483
269  0.1550735980272293
112  0.15507280826568604
423  0.15507179498672485
802  0.15506993234157562
1518  0.15506725013256073
1124  0.15506668388843536
705  0.1550660878419876
232  0.1550655961036682
734  0.1550654172897339
1248  0.15506325662136078
1045  0.15506185591220856
359  0.15505990386009216
63  0.15505917370319366
1285  0.15505801141262054
142  0.15505780279636383
18  0.15505732595920563
1629  0.1550569087266922
856  0.15505684912204742
1574  0.15505678951740265
99  0.15505613386631012
1012  0.1550539880990982
329  0.1550530344247818
992  0.15505211055278778
1251  0.155051589012146
938  0.1550515592098236
387  0.15505145490169525
1686  0.15505117177963257
1181  0.1550498902797699
1111  0.15504908561706543
1114  0.15504875779151917
1519  0.15504774451255798
1770  0.15504774451255798
1276  0.15504670143127441
390  0.15504366159439087
1041  0.15504366159439087
637  0.1550435721874237
1734  0.15504218637943268
196  0.1550416350364685
1128  0.15504090487957
479  0.1550372689962387
792  0.15503574907779694
943  0.15503233671188354
488  0.15503042936325073
961  0.15503008663654327
1241  0.15503007173538208
1671  0.1550295650959015
1386  0.1550295203924179
1258  0.15502946078777313
257  0.15502525866031647
930  0.15502487123012543
1147  0.15502412617206573
77  0.15502367913722992
774  0.15502281486988068
17  0.15502065420150757
831  0.15501868724822998
1508  0.155018150806427
1581  0.15501700341701508
1729  0.15501649677753448
700  0.15501604974269867
1507  0.15501563251018524
883  0.15501397848129272
61  0.15501286089420319
1546  0.15501266717910767
1571  0.15501141548156738
1043  0.15501049160957336
941  0.15500982105731964
1677  0.1550096720457077
1655  0.15500734746456146
50  0.15500706434249878
547  0.15500681102275848
1102  0.15500615537166595
997  0.15500476956367493
1062  0.15500184893608093
1166  0.15500123798847198
950  0.155000701546669
1680  0.1549997329711914
1269  0.15499968826770782
328  0.15499937534332275
197  0.1549985408782959
1061  0.15499776601791382
463  0.15499688684940338
1077  0.15499654412269592
776  0.15499363839626312
1317  0.15499363839626312
712  0.15499284863471985
204  0.15499179065227509
643  0.15499085187911987
1656  0.15498986840248108
1097  0.1549893021583557
975  0.1549891233444214
35  0.1549886167049408
829  0.15498799085617065
1697  0.1549878865480423
1064  0.1549873948097229
902  0.15498608350753784
1118  0.15498600900173187
1296  0.15498307347297668
1710  0.1549825370311737
1131  0.15498240292072296
571  0.15498203039169312
1723  0.1549810767173767
2  0.15498079359531403
498  0.1549806147813797
801  0.15498051047325134
628  0.1549801081418991
725  0.15497970581054688
1612  0.15497922897338867
864  0.15497879683971405
691  0.15497653186321259
1375  0.1549765020608902
1019  0.1549760401248932
865  0.15497581660747528
1435  0.15497511625289917
1036  0.1549750715494156
507  0.15497466921806335
660  0.15497127175331116
1440  0.15497080981731415
1721  0.15497037768363953
1451  0.15496878325939178
28  0.15496663749217987
1402  0.15496623516082764
1112  0.15496481955051422
1448  0.15496347844600677
1006  0.15496332943439484
4  0.154962420463562
919  0.15495765209197998
511  0.15495674312114716
574  0.1549563854932785
718  0.15495610237121582
1418  0.15495580434799194
1232  0.15495367348194122
911  0.15495267510414124
1666  0.15495221316814423
1002  0.15495052933692932
1180  0.15495039522647858
177  0.15494994819164276
1552  0.15494713187217712
1266  0.15494613349437714
1035  0.15494605898857117
22  0.1549455225467682
1134  0.15494517982006073
1217  0.15494465827941895
1282  0.1549426019191742
675  0.15494206547737122
1191  0.15494197607040405
717  0.154941126704216
203  0.1549396514892578
227  0.15493729710578918
1373  0.15493635833263397
1502  0.15493571758270264
381  0.15493541955947876
389  0.15493455529212952
1676  0.15493245422840118
1020  0.15493154525756836
1392  0.1549307256937027
59  0.1549302339553833
62  0.15493014454841614
1031  0.1549292355775833
113  0.15492703020572662
1168  0.15492677688598633
987  0.15492595732212067
1591  0.1549239158630371
509  0.1549203097820282
96  0.15492011606693268
648  0.1549190878868103
422  0.15491759777069092
442  0.15491627156734467
234  0.1549145132303238
1156  0.15491358935832977
3  0.15491297841072083
374  0.15491139888763428
47  0.1549011766910553
788  0.15490110218524933
880  0.15490008890628815
1275  0.1548997312784195
1722  0.15489952266216278
1030  0.1548992395401001
925  0.15489821135997772
1706  0.15489815175533295
668  0.15489453077316284
567  0.15489430725574493
900  0.154893696308136
1746  0.15489353239536285
326  0.1548922210931778
549  0.15489211678504944
1768  0.1548919528722763
1640  0.15489165484905243
1618  0.1548902839422226
1529  0.1548890620470047
996  0.154887393116951
846  0.15488719940185547
1316  0.15488703548908234
320  0.15488700568675995
1130  0.154886856675148
1337  0.15488575398921967
147  0.15488450229167938
1175  0.15488436818122864
1042  0.15488404035568237
1157  0.1548832654953003
1472  0.1548820286989212
720  0.15487954020500183
1446  0.15487685799598694
153  0.15487562119960785
1044  0.15487539768218994
1127  0.1548728346824646
1091  0.15487271547317505
11  0.1548701822757721
206  0.1548687368631363
384  0.1548684984445572
208  0.15486600995063782
441  0.15486396849155426
995  0.15486374497413635
1590  0.154863178730011
33  0.15486250817775726
1063  0.15486092865467072
1069  0.15486077964305878
1583  0.1548602133989334
1732  0.15485824644565582
1755  0.1548570841550827
24  0.1548565924167633
1702  0.15485326945781708
986  0.15485315024852753
1610  0.15485253930091858
937  0.15485137701034546
1531  0.15485025942325592
667  0.15485002100467682
1637  0.15484954416751862
1109  0.15484848618507385
677  0.1548481583595276
543  0.1548481285572052
1268  0.1548478752374649
1444  0.15484681725502014
1079  0.1548461616039276
596  0.15484608709812164
817  0.15484604239463806
1595  0.15484488010406494
738  0.15484485030174255
583  0.15484267473220825
1145  0.15484264492988586
1634  0.15484122931957245
1078  0.15484102070331573
1564  0.1548408716917038
1431  0.1548396199941635
256  0.1548386812210083
1151  0.1548382043838501
1539  0.1548379510641098
163  0.1548374891281128
313  0.15483714640140533
443  0.15483655035495758
184  0.15483570098876953
504  0.15483547747135162
1385  0.1548343002796173
1330  0.15483400225639343
365  0.1548333317041397
298  0.15483324229717255
1512  0.15483182668685913
1083  0.15482868254184723
6  0.15482845902442932
1080  0.1548277586698532
1467  0.154827281832695
1368  0.15482480823993683
1411  0.15482434630393982
491  0.15482300519943237
869  0.15482279658317566
198  0.15482117235660553
683  0.15482047200202942
891  0.15482047200202942
1468  0.15481960773468018
536  0.15481944382190704
1245  0.15481902658939362
1478  0.1548123061656952
555  0.154812291264534
1336  0.15481220185756683
1058  0.15481123328208923
218  0.15481078624725342
1261  0.15481042861938477
500  0.15481014549732208
1293  0.1548091620206833
692  0.15480810403823853
284  0.1548076570034027
573  0.1548076570034027
822  0.15480750799179077
1378  0.15480701625347137
1516  0.15480689704418182
1482  0.15480686724185944
918  0.15480594336986542
820  0.15480563044548035
1537  0.15480497479438782
548  0.15480376780033112
1731  0.15480314195156097
1363  0.1548001766204834
493  0.15479940176010132
589  0.1547984927892685
408  0.15479834377765656
228  0.15479829907417297
778  0.15479829907417297
1279  0.15479741990566254
1449  0.15479619801044464
892  0.15479348599910736
1206  0.1547928750514984
1171  0.15479256212711334
1233  0.15478816628456116
588  0.15478777885437012
524  0.15478751063346863
1674  0.15478751063346863
1559  0.15478716790676117
968  0.1547859162092209
224  0.15478579699993134
662  0.15478502213954926
210  0.15478463470935822
1621  0.15478451550006866
86  0.15478400886058807
1588  0.15478305518627167
143  0.15478301048278809
1087  0.1547824889421463
773  0.15478184819221497
1554  0.15478143095970154
1421  0.1547810137271881
1161  0.1547803431749344
264  0.1547791063785553
393  0.15477798879146576
701  0.15477542579174042
444  0.15477527678012848
932  0.1547740399837494
1717  0.15477396547794342
1231  0.1547738015651703
1661  0.15477354824543
1712  0.1547713726758957
580  0.1547681838274002
687  0.1547679454088211
1758  0.15476715564727783
934  0.15476608276367188
1066  0.15476509928703308
557  0.15476466715335846
1159  0.15476445853710175
1277  0.15476396679878235
190  0.15476371347904205
704  0.15476296842098236
1207  0.15476290881633759
347  0.1547623723745346
1024  0.1547604501247406
419  0.15476013720035553
236  0.1547597199678421
1365  0.15475885570049286
514  0.15475758910179138
1675  0.15475670993328094
1387  0.15475527942180634
1511  0.15475113689899445
310  0.1547502875328064
1389  0.1547502875328064
395  0.15474961698055267
888  0.15474878251552582
480  0.15474838018417358
156  0.15474823117256165
19  0.15474799275398254
486  0.15474486351013184
388  0.15474431216716766
1510  0.15474417805671692
141  0.15474416315555573
378  0.1547437459230423
1110  0.15474258363246918
1093  0.1547425091266632
1450  0.1547425091266632
1487  0.1547412872314453
980  0.15473997592926025
935  0.15473990142345428
361  0.15473957359790802
155  0.15473666787147522
103  0.15473662316799164
578  0.15473610162734985
1419  0.15473559498786926
343  0.15473368763923645
1650  0.15472926199436188
73  0.1547275185585022
251  0.1547265350818634
243  0.15472649037837982
473  0.15472370386123657
631  0.1547234207391739
9  0.1547228991985321
1688  0.15472275018692017
1213  0.154722660779953
267  0.15472161769866943
1259  0.15471963584423065
908  0.15471665561199188
1754  0.15471641719341278
362  0.15471631288528442
1517  0.15471608936786652
1453  0.1547158658504486
1441  0.15471577644348145
767  0.15471556782722473
1359  0.15471544861793518
1250  0.15471486747264862
893  0.15471391379833221
554  0.15471212565898895
440  0.15471163392066956
1533  0.1547103226184845
1689  0.15470992028713226
314  0.1547083854675293
385  0.1547083556652069
849  0.15470747649669647
122  0.1547064185142517
971  0.1547049731016159
30  0.15470440685749054
1321  0.15470395982265472
1262  0.15470384061336517
1150  0.1547035276889801
1463  0.1547023057937622
870  0.15469856560230255
1305  0.15469270944595337
282  0.15469145774841309
318  0.15469108521938324
1525  0.15469005703926086
8  0.1546897143125534
432  0.15468968451023102
460  0.15468955039978027
1620  0.1546878069639206
1628  0.15468735992908478
1047  0.15468595921993256
590  0.15468546748161316
769  0.15468423068523407
95  0.15468411147594452
785  0.15468327701091766
1485  0.1546827107667923
761  0.15468157827854156
1215  0.15468141436576843
1105  0.1546809822320938
1060  0.1546807736158371
907  0.15468049049377441
1072  0.15468035638332367
248  0.15467852354049683
83  0.15467844903469086
1050  0.1546781361103058
434  0.15467801690101624
874  0.154677614569664
1545  0.15467384457588196
1460  0.15467366576194763
1229  0.1546735018491745
1315  0.15467222034931183
1761  0.1546715348958969
1096  0.1546705663204193
199  0.15466922521591187
863  0.1546686738729477
1350  0.15466831624507904
1505  0.15466779470443726
1090  0.15466776490211487
375  0.154666930437088
1647  0.15466639399528503
1301  0.15466558933258057
920  0.15466439723968506
1568  0.1546638160943985
752  0.1546633094549179
414  0.1546621173620224
270  0.15466190874576569
450  0.15465913712978363
1572  0.1546570062637329
790  0.15465641021728516
1015  0.15465611219406128
1404  0.15465597808361053
570  0.1546555608510971
740  0.15465465188026428
719  0.15465274453163147
841  0.1546521931886673
1074  0.15465134382247925
972  0.1546510010957718
976  0.15465031564235687
808  0.15464983880519867
191  0.15464888513088226
757  0.1546471267938614
534  0.154646635055542
219  0.15464545786380768
845  0.1546444594860077
1010  0.154644176363945
144  0.15464329719543457
1428  0.15464118123054504
202  0.1546396166086197
106  0.15463875234127045
857  0.15463866293430328
1445  0.15463857352733612
105  0.15463852882385254
1645  0.1546381413936615
861  0.1546376645565033
1334  0.15463678538799286
716  0.15463557839393616
852  0.15463535487651825
1178  0.15463516116142273
896  0.15463438630104065
1311  0.15463370084762573
1065  0.1546335071325302
731  0.15463285148143768
152  0.15463149547576904
1415  0.15463027358055115
1032  0.15462876856327057
490  0.1546282172203064
1193  0.1546274721622467
763  0.15462715923786163
1469  0.15462596714496613
1416  0.15462593734264374
897  0.154624804854393
838  0.1546240746974945
1007  0.15462367236614227
135  0.15462185442447662
119  0.15462113916873932
339  0.15461939573287964
954  0.15461933612823486
1589  0.15461887419223785
462  0.154618039727211
945  0.15461765229701996
404  0.15461719036102295
1642  0.15461671352386475
958  0.1546163558959961
1133  0.1546163558959961
399  0.1546161025762558
1653  0.15461528301239014
1324  0.15461353957653046
357  0.15461347997188568
1725  0.15461312234401703
319  0.1546122133731842
1493  0.15461164712905884
273  0.15461088716983795
1457  0.15461069345474243
1040  0.15460923314094543
1599  0.15460920333862305
45  0.15460871160030365
1308  0.15460845828056335
1708  0.15460820496082306
293  0.15460796654224396
617  0.15460580587387085
832  0.15460476279258728
1224  0.15460368990898132
750  0.15460343658924103
1540  0.1546030342578888
791  0.1546030193567276
245  0.15460015833377838
32  0.1545991748571396
1477  0.1545986533164978
1284  0.1545979529619217
1506  0.154597669839859
1685  0.1545974463224411
982  0.15459537506103516
591  0.1545950174331665
1353  0.15459463000297546
1705  0.15459458529949188
29  0.15459400415420532
872  0.15459294617176056
483  0.15459175407886505
516  0.1545886993408203
416  0.15458855032920837
530  0.1545882374048233
465  0.15458627045154572
640  0.1545860916376114
1013  0.15458521246910095
1335  0.15458430349826813
1027  0.15458178520202637
1608  0.1545805037021637
1609  0.1545776128768921
275  0.15457679331302643
1203  0.15457472205162048
233  0.15457402169704437
428  0.15457400679588318
380  0.15457363426685333
1371  0.15457351505756378
1757  0.15457318723201752
587  0.1545707881450653
1548  0.15456916391849518
1039  0.15456895530223846
1358  0.1545688807964325
468  0.15456834435462952
1577  0.1545674055814743
520  0.15456697344779968
69  0.1545669138431549
425  0.15456613898277283
1736  0.15456578135490417
289  0.15456557273864746
1292  0.1545654535293579
497  0.1545652449131012
296  0.15456464886665344
1422  0.15456227958202362
327  0.1545621007680893
1394  0.1545620560646057
558  0.15456116199493408
1173  0.15456116199493408
258  0.15455998480319977
212  0.1545596420764923
1429  0.15455922484397888
753  0.1545592099428177
1673  0.15455842018127441
695  0.15455807745456696
929  0.15455670654773712
1534  0.15455561876296997
794  0.1545547991991043
653  0.15455470979213715
1106  0.15455462038516998
600  0.1545545905828476
237  0.1545543372631073
175  0.15455392003059387
1115  0.1545509696006775
1509  0.15455029904842377
944  0.15455001592636108
376  0.1545483022928238
862  0.15454722940921783
1086  0.1545466035604477
1471  0.15454614162445068
1052  0.15454581379890442
828  0.15454508364200592
592  0.15454284846782684
162  0.1545424908399582
1088  0.15454231202602386
546  0.15454219281673431
657  0.15454189479351044
98  0.15454094111919403
575  0.15454065799713135
1586  0.154540553689003
280  0.1545403152704239
775  0.1545397788286209
545  0.1545393466949463
854  0.154539093375206
484  0.15453745424747467
250  0.1545352339744568
1751  0.1545339673757553
255  0.15453264117240906
744  0.15453223884105682
1738  0.15453214943408966
882  0.1545320302248001
1366  0.1545310616493225
1745  0.15452736616134644
1162  0.15452700853347778
1025  0.1545240879058838
1325  0.15452365577220917
876  0.1545235961675644
1329  0.15452229976654053
1085  0.15452103316783905
403  0.154519185423851
727  0.15451385080814362
1631  0.1545134335756302
451  0.15451085567474365
921  0.1545102596282959
960  0.1545102447271347
1183  0.15450997650623322
860  0.15450797975063324
1646  0.15450705587863922
1654  0.1545061469078064
470  0.1545054316520691
129  0.15450412034988403
764  0.15450362861156464
535  0.15450242161750793
1433  0.15450213849544525
1246  0.15450188517570496
633  0.15450185537338257
1563  0.15449823439121246
285  0.15449784696102142
787  0.1544976681470871
1382  0.1544973999261856
886  0.15449681878089905
337  0.1544961780309677
107  0.1544954478740692
1082  0.1544918566942215
1139  0.15449000895023346
562  0.1544896811246872
1605  0.15448889136314392
391  0.15448826551437378
54  0.1544874906539917
429  0.15448744595050812
1530  0.15448719263076782
1221  0.15448488295078278
842  0.1544848382472992
201  0.15448474884033203
1579  0.15448445081710815
503  0.15448281168937683
424  0.15448099374771118
922  0.15448011457920074
1001  0.15447966754436493
137  0.15447872877120972
354  0.15447860956192017
538  0.15447814762592316
1172  0.1544775664806366
681  0.1544770896434784
742  0.15447698533535004
1491  0.15447671711444855
229  0.15447582304477692
690  0.15447434782981873
278  0.15447188913822174
426  0.15447188913822174
1432  0.15447139739990234
205  0.15447111427783966
613  0.15446890890598297
494  0.15446871519088745
438  0.15446841716766357
1256  0.15446743369102478
1486  0.15446697175502777
160  0.1544668823480606
324  0.15446671843528748
102  0.15446609258651733
1297  0.15446606278419495
409  0.15446354448795319
100  0.15446196496486664
689  0.15446171164512634
20  0.15446148812770844
492  0.15446048974990845
221  0.15446031093597412
1138  0.1544579714536667
1179  0.1544555276632309
910  0.15445448458194733
66  0.15445366501808167
1603  0.15445303916931152
60  0.15445159375667572
1665  0.15445131063461304
222  0.15444810688495636
658  0.15444719791412354
1104  0.15444597601890564
397  0.15444548428058624
161  0.1544448286294937
1544  0.1544439196586609
1137  0.1544428914785385
1347  0.1544427126646042
1483  0.1544424295425415
216  0.15444178879261017
70  0.154440775513649
1613  0.15443992614746094
1242  0.15443728864192963
126  0.15443554520606995
1484  0.15443550050258636
783  0.15443384647369385
1211  0.1544334441423416
748  0.15443317592144012
330  0.15443293750286102
1190  0.1544322818517685
1304  0.15443111956119537
746  0.1544303596019745
551  0.15442882478237152
676  0.15442568063735962
1492  0.15442480146884918
728  0.1544245183467865
1461  0.15442433953285217
1265  0.1544242650270462
1320  0.154423788189888
252  0.1544218808412552
472  0.15442173182964325
186  0.15442095696926117
116  0.15442082285881042
1626  0.15442003309726715
1410  0.1544186919927597
495  0.1544184684753418
602  0.15441133081912994
1033  0.1544107049703598
953  0.15440785884857178
124  0.1544070839881897
304  0.1544063240289688
1018  0.1544063240289688
1497  0.1544046550989151
89  0.15440233051776886
369  0.1544017195701599
702  0.1544012725353241
1153  0.1544005125761032
37  0.15439820289611816
649  0.15439705550670624
247  0.15439601242542267
1756  0.15439586341381073
1698  0.15439511835575104
957  0.15439508855342865
1374  0.1543935388326645
970  0.15439322590827942
651  0.15439316630363464
812  0.15439291298389435
301  0.15439146757125854
235  0.15439066290855408
321  0.15438984334468842
1070  0.15438945591449738
1223  0.1543891429901123
459  0.15438786149024963
1503  0.15438753366470337
656  0.15438370406627655
703  0.15438321232795715
193  0.15438194572925568
1294  0.15438181161880493
1254  0.1543813943862915
1393  0.1543811559677124
1627  0.1543804556131363
1764  0.15438011288642883
299  0.15437957644462585
809  0.15437956154346466
1464  0.15437756478786469
1046  0.15437713265419006
1302  0.15437676012516022
1663  0.15437635779380798
729  0.1543755680322647
1657  0.15437370538711548
1743  0.15437206625938416
810  0.15437085926532745
312  0.15437081456184387
1016  0.1543707698583603
225  0.1543692946434021
942  0.15436862409114838
262  0.1543685644865036
1549  0.1543685644865036
1143  0.15436841547489166
1683  0.15436813235282898
120  0.15436767041683197
215  0.1543671041727066
916  0.1543659269809723
1152  0.1543644368648529
1202  0.15436337888240814
350  0.1543629765510559
67  0.15436235070228577
1490  0.15436230599880219
1726  0.15436215698719025
179  0.15436159074306488
678  0.1543610692024231
655  0.1543600857257843
606  0.15435856580734253
1614  0.15435847640037537
1396  0.15435776114463806
638  0.1543572098016739
1606  0.15435677766799927
605  0.15435609221458435
7  0.15435412526130676
81  0.15435408055782318
1707  0.15435363352298737
1691  0.15435360372066498
466  0.15435238182544708
333  0.15435229241847992
686  0.15435220301151276
624  0.1543511152267456
523  0.1543506234884262
88  0.15434996783733368
1556  0.15434958040714264
372  0.15434911847114563
745  0.15434890985488892
244  0.1543484330177307
766  0.15434834361076355
597  0.15434807538986206
1760  0.15434600412845612
755  0.1543424278497696
1714  0.1543421894311905
1638  0.15434208512306213
1488  0.15434131026268005
1522  0.15434111654758453
1584  0.154340460896492
756  0.15433821082115173
437  0.15433742105960846
1439  0.1543341428041458
1730  0.15432797372341156
302  0.1543278992176056
818  0.1543264389038086
1587  0.15432429313659668
533  0.1543239802122116
1514  0.15432356297969818
140  0.15432220697402954
42  0.15432195365428925
58  0.15432141721248627
1659  0.15432123839855194
1235  0.15431980788707733
87  0.15431877970695496
217  0.15431822836399078
739  0.15431784093379974
1703  0.1543169468641281
634  0.15431685745716095
779  0.15431572496891022
1558  0.15431448817253113
1362  0.1543123722076416
936  0.15431059896945953
1187  0.15431047976016998
209  0.1543104201555252
768  0.15430620312690735
568  0.15430434048175812
560  0.15430393815040588
412  0.15430252254009247
1360  0.15430036187171936
1280  0.15430019795894623
13  0.15430006384849548
1615  0.15429846942424774
707  0.15429717302322388
521  0.1542971432209015
16  0.1542959213256836
1244  0.15429455041885376
969  0.154293030500412
796  0.1542920172214508
1099  0.15429101884365082
1576  0.15428921580314636
1197  0.1542886644601822
1247  0.1542847752571106
1313  0.1542845219373703
1741  0.1542845070362091
277  0.1542844921350479
1643  0.15428440272808075
693  0.15428392589092255
1391  0.15428364276885986
478  0.15428119897842407
650  0.15428058803081512
171  0.15427963435649872
1735  0.1542789191007614
331  0.15427696704864502
485  0.15427525341510773
1113  0.15427471697330475
392  0.15427404642105103
290  0.15427346527576447
475  0.1542709916830063
489  0.1542704701423645
665  0.15427035093307495
807  0.15427006781101227
924  0.1542687565088272
1523  0.15426696836948395
1766  0.15426640212535858
1682  0.1542651653289795
292  0.15426380932331085
1075  0.1542636603116989
174  0.15426267683506012
40  0.15426190197467804
529  0.15426084399223328
1456  0.15426048636436462
71  0.1542597860097885
811  0.15425768494606018
666  0.15425480902194977
1017  0.15425466001033783
467  0.15425437688827515
1089  0.1542542427778244
508  0.15425370633602142
1210  0.15425345301628113
1718  0.15425238013267517
1208  0.1542516052722931
531  0.1542508453130722
1067  0.1542498767375946
240  0.15424834191799164
815  0.15424782037734985
1582  0.15424585342407227
1538  0.15424461662769318
736  0.15424314141273499
1598  0.1542423963546753
154  0.15423838794231415
110  0.15423773229122162
1238  0.1542360633611679
131  0.15423576533794403
544  0.15423348546028137
620  0.1542331874370575
1192  0.15423311293125153
1383  0.154232919216156
1425  0.15423235297203064
1158  0.15423080325126648
627  0.15422916412353516
1005  0.15421943366527557
1220  0.154216930270195
338  0.15421612560749054
1420  0.15421535074710846
541  0.1542147994041443
824  0.15421465039253235
998  0.15421423316001892
1611  0.15421336889266968
926  0.15421323478221893
565  0.15421165525913239
963  0.1542108654975891
133  0.1542094200849533
1053  0.15420696139335632
1008  0.15420663356781006
1278  0.1542009860277176
5  0.15420067310333252
853  0.15419912338256836
1694  0.15419901907444
1713  0.15419816970825195
1701  0.15419800579547882
1331  0.15419737994670868
537  0.15419477224349976
1740  0.1541944444179535
1557  0.1541934609413147
646  0.15419305860996246
1367  0.15419241786003113
1163  0.15419073402881622
1200  0.15419073402881622
1384  0.15418946743011475
1737  0.1541885882616043
1426  0.15418779850006104
1630  0.1541859358549118
1255  0.15418507158756256
394  0.15418364107608795
949  0.15418364107608795
36  0.15418267250061035
1567  0.15418203175067902
1752  0.1541813313961029
993  0.15417920053005219
453  0.15417879819869995
576  0.1541784405708313
220  0.15417823195457458
1648  0.15417709946632385
1474  0.154176265001297
569  0.15417569875717163
1524  0.15417540073394775
593  0.1541748344898224
1403  0.15417346358299255
305  0.1541704386472702
881  0.154169961810112
1470  0.15416927635669708
114  0.1541653871536255
271  0.15416456758975983
132  0.15416450798511505
1692  0.1541644185781479
1264  0.15416380763053894
188  0.15416134893894196
1408  0.1541590690612793
308  0.15415821969509125
1578  0.15415821969509125
542  0.15415774285793304
477  0.15415680408477783
297  0.15415623784065247
1592  0.1541549414396286
231  0.154153510928154
915  0.15415313839912415
722  0.15415120124816895
806  0.15415045619010925
447  0.15414898097515106
464  0.15414856374263763
805  0.1541444957256317
1607  0.15414412319660187
340  0.1541438102722168
1719  0.15414343774318695
178  0.15414245426654816
345  0.1541414111852646
1169  0.15414132177829742
1716  0.15414105355739594
1056  0.1541391760110855
1436  0.15413852035999298
528  0.15413793921470642
1442  0.15413641929626465
117  0.15413519740104675
1228  0.1541346162557602
875  0.1541333943605423
214  0.15413279831409454
211  0.1541324406862259
309  0.15413135290145874
386  0.154130756855011
150  0.15412777662277222
352  0.15412624180316925
1623  0.15412338078022003
1272  0.15412335097789764
342  0.1541229784488678
1553  0.15412263572216034
844  0.15412169694900513
585  0.1541215479373932
1300  0.1541203409433365
265  0.15411971509456635
295  0.1541195958852768
1144  0.15411868691444397
130  0.15411841869354248
644  0.15411776304244995
410  0.1541167050600052
1454  0.15411630272865295
418  0.15411615371704102
433  0.1541154533624649
1560  0.1541147083044052
1214  0.15411335229873657
1580  0.15411068499088287
55  0.15411056578159332
1095  0.15411020815372467
1361  0.1541098654270172
1260  0.15410946309566498
601  0.1541072428226471
1527  0.15410667657852173
370  0.15410639345645905
510  0.1541057974100113
735  0.15410573780536652
1521  0.15410566329956055
259  0.15410345792770386
115  0.15410320460796356
336  0.1541021168231964
688  0.15410040318965912
398  0.15410012006759644
626  0.15409713983535767
661  0.1540953367948532
445  0.1540883630514145
1249  0.1540883183479309
632  0.15408632159233093
76  0.15408334136009216
306  0.15408256649971008
272  0.15407660603523254
553  0.15407656133174896
1370  0.15407529473304749
455  0.15407294034957886
1504  0.1540711671113968
355  0.15407003462314606
1597  0.15406949818134308
1765  0.1540692299604416
1084  0.15406733751296997
1600  0.15406534075737
168  0.15406446158885956
436  0.1540643721818924
471  0.15406399965286255
230  0.1540638655424118
754  0.1540633738040924
57  0.15406262874603271
1771  0.15406206250190735
1651  0.15405729413032532
1438  0.15405547618865967
741  0.15405438840389252
923  0.1540534347295761
816  0.15405286848545074
639  0.1540525257587433
674  0.15405245125293732
612  0.15404951572418213
1194  0.15404926240444183
586  0.15404881536960602
281  0.15404647588729858
183  0.15404483675956726
1427  0.15404459834098816
636  0.154041588306427
238  0.15404051542282104
652  0.15403930842876434
1670  0.15403905510902405
1314  0.15403901040554047
603  0.15403491258621216
1481  0.15403346717357635
505  0.1540326178073883
1107  0.1540323942899704
1349  0.1540323793888092
1351  0.15403230488300323
1644  0.15403202176094055
967  0.15402819216251373
1672  0.1540277749300003
1684  0.15402668714523315
1352  0.1540251076221466
1209  0.1540231704711914
1687  0.1540219932794571
1551  0.15402157604694366
476  0.1540214717388153
904  0.15401914715766907
1459  0.15401852130889893
1679  0.15401828289031982
623  0.1540166437625885
873  0.15401525795459747
268  0.1540149450302124
694  0.15401476621627808
966  0.15401311218738556
584  0.1540118008852005
1715  0.15401166677474976
630  0.15401126444339752
254  0.15401017665863037
1155  0.15400823950767517
1535  0.1540062129497528
1619  0.15400607883930206
1309  0.15400567650794983
789  0.15400566160678864
1636  0.1540055274963379
90  0.15400515496730804
556  0.15400430560112
1739  0.15400145947933197
1381  0.15400031208992004
189  0.15399982035160065
356  0.15399935841560364
866  0.15399868786334991
1263  0.15399867296218872
621  0.153997540473938
1379  0.1539972871541977
1176  0.15399666130542755
1742  0.15399648249149323
1475  0.1539958268404007
1009  0.15399323403835297
1252  0.15399280190467834
1369  0.15399140119552612
795  0.15399107336997986
108  0.15398894250392914
885  0.15398770570755005
1658  0.15398681163787842
180  0.15398627519607544
836  0.15398608148097992
1216  0.15398521721363068
1343  0.15398463606834412
421  0.15398292243480682
1724  0.15397796034812927
642  0.15397688746452332
1364  0.15397484600543976
743  0.1539747714996338
97  0.153974711894989
1333  0.15397290885448456
1528  0.15397284924983978
956  0.15396751463413239
933  0.15396523475646973
482  0.15396477282047272
1604  0.15396437048912048
303  0.15396356582641602
123  0.1539602130651474
242  0.15395814180374146
379  0.15395736694335938
984  0.1539565622806549
1340  0.15395411849021912
1414  0.15395298600196838
780  0.15394920110702515
109  0.1539473980665207
1253  0.153946191072464
819  0.15394337475299835
1750  0.15394242107868195
158  0.15394233167171478
1332  0.15394079685211182
1219  0.1539386808872223
1355  0.15393850207328796
1480  0.153937429189682
405  0.15393556654453278
187  0.1539340317249298
12  0.15393270552158356
407  0.153932586312294
663  0.15393207967281342
41  0.1539294719696045
266  0.15392711758613586
905  0.1539265215396881
334  0.15392595529556274
1218  0.15392374992370605
1274  0.15392349660396576
317  0.15392328798770905
1212  0.15392108261585236
1142  0.15391947329044342
1049  0.15391820669174194
1026  0.15391163527965546
927  0.1539093405008316
368  0.1539076715707779
406  0.1539076715707779
145  0.1539061814546585
349  0.15390408039093018
1405  0.15389853715896606
682  0.15389636158943176
169  0.1538928747177124
616  0.15389028191566467
75  0.15388911962509155
1437  0.1538868546485901
1479  0.1538856327533722
170  0.15388555824756622
1167  0.15388408303260803
315  0.1538826823234558
1430  0.15388095378875732
1443  0.153879314661026
826  0.1538729965686798
307  0.1538727879524231
358  0.15387213230133057
1704  0.1538686901330948
1494  0.1538679003715515
249  0.1538640260696411
1489  0.15386368334293365
550  0.15385961532592773
1594  0.15385863184928894
396  0.15385732054710388
1401  0.15385456383228302
1749  0.1538543999195099
803  0.1538543552160263
1398  0.15385428071022034
559  0.1538514643907547
670  0.15384961664676666
1536  0.1538473516702652
515  0.15384629368782043
1076  0.15384529531002045
577  0.15384510159492493
858  0.15384499728679657
1641  0.1538449078798294
164  0.15384210646152496
481  0.1538405865430832
39  0.1538381576538086
1339  0.15383735299110413
128  0.1538357138633728
185  0.15383490920066833
1709  0.1538335382938385
1326  0.15383292734622955
246  0.15383058786392212
287  0.15383030474185944
1023  0.15382979810237885
1000  0.15382957458496094
456  0.1538265347480774
635  0.15382488071918488
1547  0.1538230925798416
487  0.15381576120853424
1496  0.1538139432668686
496  0.15381284058094025
261  0.15380816161632538
1759  0.1538076549768448
1400  0.15380583703517914
371  0.15380340814590454
607  0.1538032591342926
800  0.15379944443702698
1201  0.15379677712917328
353  0.15379436314105988
1639  0.1537923663854599
1570  0.1537916511297226
502  0.15379077196121216
430  0.15379056334495544
1434  0.15378746390342712
1569  0.1537858247756958
1624  0.1537798047065735
72  0.15377716720104218
80  0.15377573668956757
1447  0.1537727564573288
1372  0.15376856923103333
173  0.15376849472522736
200  0.15376800298690796
1267  0.15376757085323334
1616  0.15376529097557068
517  0.15376152098178864
286  0.15375979244709015
629  0.15374955534934998
765  0.15374955534934998
1747  0.1537494957447052
1452  0.15374763309955597
1345  0.15374723076820374
645  0.15373888611793518
759  0.15373502671718597
1354  0.153734028339386
513  0.15373066067695618
1562  0.15372830629348755
1542  0.153723806142807
82  0.1537218540906906
1328  0.1537206470966339
452  0.15371890366077423
1748  0.15371502935886383
1289  0.15371441841125488
1763  0.1537107229232788
518  0.15370702743530273
344  0.15370622277259827
506  0.15370237827301025
134  0.1537012904882431
1700  0.1536886990070343
213  0.15368664264678955
366  0.1536826640367508
446  0.1536773443222046
1198  0.15367406606674194
1660  0.15367303788661957
519  0.1536720097064972
1555  0.15367089211940765
563  0.15367074310779572
291  0.1536698043346405
610  0.15366841852664948
149  0.15366476774215698
1021  0.15366163849830627
417  0.15365588665008545
1196  0.1536533087491989
283  0.15365217626094818
1135  0.1536484807729721
659  0.15364745259284973
1240  0.15364602208137512
867  0.1536455750465393
1649  0.15363961458206177
1342  0.15363775193691254
851  0.15363135933876038
341  0.1536312848329544
1132  0.15362544357776642
1338  0.15361931920051575
311  0.15361367166042328
454  0.15361279249191284
1669  0.1536048799753189
351  0.15360231697559357
101  0.15360131859779358
1593  0.1535962074995041
260  0.15359507501125336
1270  0.15359295904636383
512  0.1535855233669281
431  0.1535775512456894
263  0.15357574820518494
1526  0.15356667339801788
367  0.153565913438797
1499  0.15355974435806274
566  0.15355506539344788
1397  0.1535477340221405
1357  0.15354028344154358
732  0.15353351831436157
1234  0.15353207290172577
614  0.15352857112884521
697  0.1535252183675766
363  0.15352462232112885
526  0.15352214872837067
300  0.15352115035057068
1561  0.15352009236812592
346  0.1535196155309677
1377  0.15349529683589935
647  0.15349432826042175
625  0.15349340438842773
622  0.1534765511751175
1762  0.15346717834472656
1424  0.1534620225429535
253  0.15346035361289978
1356  0.15345744788646698
1341  0.15345199406147003
1767  0.15344324707984924
804  0.1534309685230255
1695  0.15342997014522552
400  0.1534244269132614
711  0.15341885387897491
1100  0.1534140706062317
525  0.15341348946094513
599  0.1534121185541153
1399  0.15341146290302277
615  0.15339615941047668
1662  0.15339259803295135
207  0.1533898413181305
611  0.15338735282421112
619  0.15337532758712769
1473  0.15334397554397583
1532  0.15333324670791626
279  0.15333294868469238
325  0.15332941710948944
539  0.1533142775297165
1174  0.1533128172159195
1462  0.1532953828573227
928  0.15328069031238556
540  0.15327207744121552
1602  0.1532631814479828
1720  0.1532599776983261
51  0.1532571017742157
274  0.15324975550174713
93  0.15321990847587585
1668  0.1532059907913208
457  0.1531974822282791
1501  0.1531570851802826
948  0.1531514674425125
679  0.15310314297676086
373  0.1530930995941162
1160  0.1530822515487671
609  0.15308205783367157
1728  0.1530410796403885
166  0.15294986963272095
898  0.15278176963329315
618  0.15271061658859253
