67  0.3695896565914154
68  0.3695896565914154
69  0.3695896565914154
70  0.3695896565914154
71  0.3695896565914154
72  0.3695896565914154
73  0.3695896565914154
74  0.3695896565914154
75  0.3695896565914154
76  0.3695896565914154
77  0.3695896565914154
78  0.3695896565914154
79  0.3695896565914154
80  0.3695896565914154
81  0.3695896565914154
82  0.3695896565914154
83  0.3695896565914154
84  0.3695896565914154
85  0.3695896565914154
86  0.3695896565914154
87  0.3695896565914154
88  0.3695896565914154
89  0.3695896565914154
90  0.3695896565914154
91  0.3695896565914154
92  0.3695896565914154
93  0.3695896565914154
94  0.3695896565914154
95  0.3695896565914154
96  0.3695896565914154
97  0.3695896565914154
360  0.3695896565914154
361  0.3695896565914154
362  0.3695896565914154
363  0.3695896565914154
364  0.3695896565914154
365  0.3695896565914154
366  0.3695896565914154
367  0.3695896565914154
368  0.3695896565914154
369  0.3695896565914154
370  0.3695896565914154
371  0.3695896565914154
372  0.3695896565914154
373  0.3695896565914154
374  0.3695896565914154
375  0.3695896565914154
376  0.3695896565914154
377  0.3695896565914154
378  0.3695896565914154
379  0.3695896565914154
380  0.3695896565914154
381  0.3695896565914154
382  0.3695896565914154
383  0.3695896565914154
384  0.3695896565914154
385  0.3695896565914154
386  0.3695896565914154
387  0.3695896565914154
388  0.3695896565914154
389  0.3695896565914154
390  0.3695896565914154
425  0.3695896565914154
426  0.3695896565914154
427  0.3695896565914154
428  0.3695896565914154
429  0.3695896565914154
430  0.3695896565914154
431  0.3695896565914154
432  0.3695896565914154
433  0.3695896565914154
434  0.3695896565914154
435  0.3695896565914154
436  0.3695896565914154
437  0.3695896565914154
438  0.3695896565914154
439  0.3695896565914154
440  0.3695896565914154
441  0.3695896565914154
442  0.3695896565914154
443  0.3695896565914154
444  0.3695896565914154
445  0.3695896565914154
446  0.3695896565914154
447  0.3695896565914154
448  0.3695896565914154
449  0.3695896565914154
450  0.3695896565914154
451  0.3695896565914154
452  0.3695896565914154
453  0.3695896565914154
454  0.3695896565914154
455  0.3695896565914154
588  0.3695896565914154
589  0.3695896565914154
590  0.3695896565914154
591  0.3695896565914154
592  0.3695896565914154
593  0.3695896565914154
594  0.3695896565914154
595  0.3695896565914154
596  0.3695896565914154
597  0.3695896565914154
598  0.3695896565914154
599  0.3695896565914154
600  0.3695896565914154
601  0.3695896565914154
602  0.3695896565914154
603  0.3695896565914154
604  0.3695896565914154
605  0.3695896565914154
606  0.3695896565914154
607  0.3695896565914154
608  0.3695896565914154
609  0.3695896565914154
610  0.3695896565914154
611  0.3695896565914154
612  0.3695896565914154
613  0.3695896565914154
614  0.3695896565914154
615  0.3695896565914154
616  0.3695896565914154
617  0.3695896565914154
618  0.3695896565914154
653  0.3695896565914154
654  0.3695896565914154
655  0.3695896565914154
656  0.3695896565914154
657  0.3695896565914154
658  0.3695896565914154
659  0.3695896565914154
660  0.3695896565914154
661  0.3695896565914154
662  0.3695896565914154
663  0.3695896565914154
664  0.3695896565914154
665  0.3695896565914154
666  0.3695896565914154
667  0.3695896565914154
668  0.3695896565914154
669  0.3695896565914154
670  0.3695896565914154
671  0.3695896565914154
672  0.3695896565914154
673  0.3695896565914154
674  0.3695896565914154
675  0.3695896565914154
676  0.3695896565914154
677  0.3695896565914154
678  0.3695896565914154
679  0.3695896565914154
680  0.3695896565914154
681  0.3695896565914154
682  0.3695896565914154
683  0.3695896565914154
751  0.3695896565914154
752  0.3695896565914154
753  0.3695896565914154
754  0.3695896565914154
755  0.3695896565914154
756  0.3695896565914154
757  0.3695896565914154
758  0.3695896565914154
759  0.3695896565914154
760  0.3695896565914154
761  0.3695896565914154
762  0.3695896565914154
763  0.3695896565914154
764  0.3695896565914154
765  0.3695896565914154
766  0.3695896565914154
767  0.3695896565914154
768  0.3695896565914154
769  0.3695896565914154
770  0.3695896565914154
771  0.3695896565914154
772  0.3695896565914154
773  0.3695896565914154
774  0.3695896565914154
775  0.3695896565914154
776  0.3695896565914154
777  0.3695896565914154
778  0.3695896565914154
779  0.3695896565914154
780  0.3695896565914154
781  0.3695896565914154
456  0.35759663581848145
750  0.3391730785369873
684  0.33072802424430847
391  0.17091457545757294
66  0.12339669466018677
587  0.10432455688714981
619  0.10225245356559753
98  0.09524510055780411
782  0.09259552508592606
18  0.05186573415994644
22  0.05174219235777855
17  0.05163095146417618
16  0.051467444747686386
25  0.051440898329019547
21  0.05143462121486664
20  0.0513337068259716
15  0.051305174827575684
23  0.051280152052640915
13  0.051146648824214935
7  0.051136862486600876
2  0.05113222077488899
19  0.051093023270368576
5  0.05106282979249954
1  0.050983160734176636
26  0.050934989005327225
6  0.050927724689245224
30  0.050926677882671356
4  0.05090784281492233
9  0.05082421377301216
29  0.05080695450305939
3  0.05076639726758003
31  0.050742801278829575
24  0.05072159692645073
28  0.05067645385861397
32  0.05066408962011337
10  0.050654828548431396
27  0.05065378174185753
14  0.05065081641077995
12  0.05059003829956055
8  0.05049250274896622
11  0.050452277064323425
424  0.048101477324962616
473  0.03890017047524452
472  0.038866739720106125
474  0.03879610449075699
476  0.03878309577703476
471  0.038779452443122864
478  0.038757793605327606
481  0.03871927037835121
477  0.03860153257846832
461  0.03849194198846817
458  0.03848477825522423
479  0.03847814351320267
482  0.038443129509687424
460  0.03842548280954361
459  0.03842073306441307
463  0.038405753672122955
469  0.038386423140764236
475  0.03835693374276161
462  0.038347963243722916
457  0.038299672305583954
738  0.0382937528192997
742  0.03826739266514778
480  0.03825296461582184
486  0.038224730640649796
733  0.0382215641438961
464  0.03820701688528061
483  0.03820117563009262
484  0.03819267824292183
485  0.03818723186850548
487  0.03818189725279808
732  0.038153912872076035
741  0.03813720494508743
465  0.03813294693827629
735  0.03809002786874771
744  0.038088131695985794
740  0.038086455315351486
725  0.038086049258708954
734  0.03807811811566353
470  0.03806678578257561
468  0.03805197402834892
488  0.03803781419992447
466  0.03800055384635925
719  0.037996675819158554
467  0.0379796177148819
736  0.03796745091676712
737  0.03795919939875603
722  0.037887245416641235
739  0.037884421646595
727  0.03786349296569824
749  0.03780137002468109
747  0.037794485688209534
896  0.03773479163646698
743  0.03773064911365509
724  0.03771040961146355
718  0.037708524614572525
729  0.037669967859983444
721  0.03764161467552185
720  0.03763454034924507
731  0.037632279098033905
745  0.037617277354002
898  0.03760625422000885
726  0.037601273506879807
900  0.0375603549182415
723  0.03755486011505127
728  0.037520259618759155
901  0.03751661628484726
730  0.03751412779092789
748  0.03751283511519432
899  0.037490252405405045
903  0.037489619106054306
905  0.0374886728823185
895  0.03748782351613045
884  0.03748130798339844
904  0.03745846822857857
882  0.03744598850607872
881  0.03740273788571358
746  0.037383172661066055
911  0.037316497415304184
902  0.03731324151158333
892  0.03726290911436081
888  0.03726191818714142
887  0.037244975566864014
897  0.03724317252635956
885  0.03723304346203804
894  0.03721275180578232
907  0.037207022309303284
906  0.03720318526029587
893  0.03718127682805061
890  0.03715644031763077
908  0.03714872896671295
886  0.03713591396808624
889  0.037071868777275085
891  0.037056874483823776
883  0.037052858620882034
909  0.03697124868631363
910  0.036965709179639816
717  0.03313359245657921
652  0.03204018995165825
701  0.02919202484190464
704  0.02917347103357315
700  0.029169822111725807
699  0.029136495664715767
706  0.02910686284303665
702  0.029040943831205368
709  0.028970547020435333
705  0.028934860602021217
687  0.028896981850266457
689  0.028887534514069557
707  0.028876883909106255
686  0.028830138966441154
688  0.02879795990884304
697  0.02879525162279606
691  0.028794778510928154
685  0.02877417579293251
710  0.02877396158874035
692  0.02870541624724865
690  0.028698397800326347
708  0.02866610325872898
711  0.028652198612689972
714  0.02862812578678131
703  0.02861449122428894
715  0.028609123080968857
489  0.028599856421351433
712  0.028560683131217957
713  0.028553882613778114
696  0.028553640469908714
693  0.028553375974297523
695  0.02846149541437626
698  0.02844187617301941
716  0.028417102992534637
694  0.028375400230288506
310  0.026398280635476112
912  0.026329901069402695
314  0.02630002237856388
315  0.026281680911779404
309  0.026263028383255005
317  0.026217998936772346
301  0.026210859417915344
319  0.02619394287467003
295  0.026176251471042633
312  0.026172854006290436
298  0.02617272548377514
322  0.026156075298786163
313  0.026148609817028046
311  0.026146642863750458
296  0.026135215535759926
325  0.026132933795452118
320  0.026114773005247116
316  0.026102805510163307
306  0.026101477444171906
321  0.02608676813542843
318  0.02605035901069641
297  0.026036394760012627
323  0.026032065972685814
299  0.02602631226181984
307  0.02602020837366581
308  0.026017941534519196
304  0.02601594850420952
324  0.0259987972676754
300  0.02599467523396015
305  0.025992391631007195
303  0.02598337084054947
302  0.025975847616791725
359  0.021744631230831146
294  0.021078798919916153
510  0.020415175706148148
505  0.02039332129061222
514  0.02036667801439762
507  0.020336750894784927
504  0.020331645384430885
513  0.020325640216469765
512  0.020305562764406204
508  0.020295558497309685
509  0.020285068079829216
516  0.02028471790254116
506  0.020282523706555367
497  0.0202693659812212
491  0.020260028541088104
511  0.02021809294819832
521  0.02016834169626236
494  0.02015499770641327
515  0.020153962075710297
490  0.020144201815128326
496  0.020135583356022835
501  0.020120274275541306
499  0.02011585421860218
495  0.02011348120868206
493  0.02008175663650036
503  0.020079631358385086
519  0.020069021731615067
502  0.02004299685359001
520  0.020042739808559418
517  0.02004258520901203
498  0.020021026954054832
492  0.0200183242559433
500  0.01998971402645111
518  0.01990431360900402
880  0.007174466736614704
803  0.005026684608310461
798  0.0050010718405246735
797  0.004996186122298241
806  0.0049940007738769054
809  0.0049886442720890045
799  0.0049879769794642925
800  0.004985540173947811
802  0.004984383471310139
807  0.004978989716619253
790  0.004976231604814529
801  0.0049720280803740025
805  0.004957868251949549
784  0.004956903401762247
804  0.004930299241095781
808  0.004928350914269686
794  0.004925834946334362
785  0.004919110797345638
814  0.004918609280139208
789  0.004916921723634005
783  0.004914409946650267
791  0.004907573107630014
788  0.004904323257505894
792  0.004902701359242201
796  0.004901036154478788
812  0.0048974743112921715
786  0.004892492666840553
787  0.004885660484433174
810  0.0048788911662995815
795  0.004874617327004671
813  0.004863413982093334
793  0.0048587750643491745
282  0.004851644393056631
286  0.004836411215364933
277  0.004830610938370228
811  0.004822237882763147
285  0.004815028049051762
288  0.0048124645836651325
279  0.004811115097254515
284  0.00480854045599699
276  0.0048072561621665955
269  0.004803162533789873
278  0.004794204141944647
281  0.0047918870113790035
263  0.004790649749338627
280  0.004783639218658209
283  0.004774118773639202
293  0.004751692060381174
266  0.004746970254927874
271  0.004742045421153307
287  0.004740644246339798
291  0.004735218361020088
268  0.004734202288091183
262  0.004728330764919519
273  0.004721258766949177
275  0.004720053169876337
267  0.004719067830592394
289  0.004712345078587532
265  0.004712141118943691
270  0.004708387888967991
274  0.004703780170530081
264  0.004703197628259659
292  0.0047017671167850494
272  0.004685421474277973
290  0.004668885841965675
33  0.004591500386595726
189  0.0041983406990766525
179  0.004195984918624163
180  0.004191892687231302
184  0.004186671227216721
178  0.00418285746127367
183  0.004181968048214912
181  0.004179629031568766
187  0.004179444629698992
166  0.004176776390522718
182  0.004176492802798748
188  0.004172522574663162
186  0.004168371669948101
194  0.00416709715500474
185  0.004166335333138704
170  0.004166002850979567
190  0.004165083169937134
165  0.004164046607911587
191  0.004163331352174282
177  0.004163271747529507
167  0.004160706885159016
171  0.004159422591328621
164  0.004158790688961744
174  0.004158609081059694
169  0.004158292897045612
168  0.0041580479592084885
172  0.004155833274126053
176  0.004152854438871145
195  0.004151996690779924
175  0.004151062108576298
192  0.004148896783590317
173  0.004141033161431551
193  0.004140482749789953
326  0.0016380262095481157
261  0.0014291381230577826
407  0.001267045852728188
409  0.0012654791353270411
408  0.0012647953117266297
417  0.001262602279894054
412  0.0012613324215635657
411  0.0012612296268343925
416  0.0012584950309246778
406  0.0012580519542098045
415  0.001256162067875266
410  0.0012542790500447154
393  0.001252022571861744
395  0.0012488359352573752
422  0.0012480756267905235
394  0.001247390522621572
418  0.0012470886576920748
423  0.0012452543014660478
398  0.0012441582512110472
396  0.0012441528961062431
392  0.0012440946884453297
414  0.001243012840859592
413  0.0012427772162482142
404  0.0012426143512129784
403  0.0012420901330187917
402  0.0012415071250870824
419  0.001240336219780147
399  0.0012391182826831937
397  0.0012388232862576842
420  0.001237033400684595
401  0.0012359762331470847
400  0.0012351518962532282
405  0.0012341506080701947
421  0.001228570705279708
114  0.0010702167637646198
113  0.0010656852973625064
118  0.0010649184696376324
116  0.0010640814434736967
115  0.001063829055055976
119  0.0010635457001626492
117  0.001063358853571117
124  0.00106325454544276
110  0.0010629668831825256
105  0.0010591470636427402
121  0.0010588150471448898
101  0.001058738911524415
104  0.001058585592545569
99  0.001058572088368237
123  0.0010584354167804122
106  0.0010576421627774835
122  0.0010574336629360914
125  0.0010559592628851533
120  0.0010550995357334614
102  0.0010549547150731087
100  0.001054486958310008
107  0.0010542233940213919
129  0.0010540285147726536
130  0.0010539436480030417
111  0.0010523144155740738
112  0.0010517536429688334
126  0.001050259335897863
109  0.001049415091983974
103  0.0010472913272678852
108  0.001046221237629652
128  0.0010457598837092519
127  0.0010412794072180986
930  0.0009454753017053008
933  0.000945328560192138
937  0.000945142179261893
928  0.0009446623153053224
938  0.000944535422604531
929  0.0009444035240449011
932  0.0009443545714020729
931  0.0009439029963687062
927  0.0009438588167540729
936  0.0009428841294720769
925  0.0009424018790014088
944  0.0009422944858670235
916  0.0009422751609236002
939  0.0009422688744962215
914  0.0009422249859198928
943  0.0009419001289643347
919  0.0009415599633939564
923  0.00094149901997298
917  0.0009414944797754288
934  0.0009414595551788807
913  0.0009412465733475983
935  0.0009411827195435762
924  0.0009411375503987074
915  0.0009410653146915138
940  0.0009408133919350803
922  0.0009406018652953207
918  0.0009404912125319242
926  0.0009400566923432052
921  0.0009398991242051125
941  0.0009396797395311296
920  0.0009396770037710667
942  0.0009382524294778705
522  0.0008973132935352623
945  0.0008501103729940951
961  0.000786781485658139
966  0.0007856034208089113
963  0.0007849775138311088
960  0.0007846570224501193
970  0.0007842305931262672
968  0.0007842114428058267
969  0.0007841606275178492
964  0.0007836870499886572
965  0.0007832032861188054
947  0.0007831805269233882
949  0.0007824323256500065
948  0.0007816304569132626
946  0.000781398091930896
962  0.0007811304531060159
953  0.0007808837690390646
955  0.0007808532100170851
967  0.0007805809727869928
950  0.0007804057677276433
972  0.0007801455212756991
957  0.0007799307350069284
977  0.0007799307350069284
959  0.0007797560538165271
976  0.0007786229834891856
956  0.0007778394501656294
952  0.0007776364218443632
971  0.0007775171543471515
973  0.0007775041740387678
958  0.0007774163386784494
954  0.0007765963673591614
975  0.000776244851294905
974  0.0007756548002362251
951  0.0007751675439067185
543  0.0006483414326794446
538  0.0006432128138840199
539  0.000641215592622757
537  0.0006405437015928328
542  0.0006398826371878386
541  0.000636312470305711
544  0.0006362369749695063
540  0.0006345226429402828
536  0.00063449697336182
546  0.0006338091334328055
523  0.0006333249039016664
534  0.0006329197203740478
528  0.0006327505689114332
545  0.0006325768772512674
526  0.0006325759459286928
548  0.0006324032437987626
547  0.0006317020743153989
527  0.0006314297206699848
524  0.000631287693977356
550  0.0006310954922810197
530  0.0006297838408499956
553  0.0006297348882071674
551  0.0006296841311268508
529  0.0006287579308263958
552  0.00062875373987481
525  0.0006284194532781839
549  0.000628226320259273
533  0.0006280545494519174
532  0.0006268564029596746
535  0.0006264678668230772
531  0.0006262102397158742
554  0.000595522578805685
250  0.0005772507283836603
246  0.0005746724782511592
245  0.0005731081473641098
249  0.0005729841068387032
244  0.0005712215206585824
253  0.0005710053956136107
248  0.0005698625463992357
243  0.0005697015440091491
251  0.0005695907748304307
229  0.0005691362894140184
247  0.0005686902441084385
235  0.0005683751660399139
230  0.0005679354071617126
233  0.0005670386599376798
241  0.0005670205573551357
234  0.000566318107303232
237  0.0005656052962876856
254  0.0005655987770296633
255  0.0005654713022522628
252  0.0005648903315886855
240  0.0005646558711305261
259  0.000564572517760098
232  0.0005643470212817192
258  0.0005642233300022781
257  0.0005640786839649081
256  0.0005640609306283295
231  0.0005638967850245535
238  0.0005635875277221203
260  0.0005626396159641445
242  0.0005623423494398594
239  0.0005622641183435917
236  0.0005619678413495421
163  0.0005453041521832347
131  0.0005311400163918734
570  0.0005281085032038391
569  0.0005263651837594807
575  0.0005259707104414701
571  0.0005246861255727708
574  0.0005238735466264188
572  0.0005238658050075173
579  0.0005225773784331977
581  0.0005225743516348302
573  0.0005222569452598691
557  0.0005213494878262281
578  0.0005202665342949331
580  0.0005196526763029397
561  0.0005194905097596347
562  0.0005194395198486745
577  0.0005191318923607469
566  0.0005185315385460854
556  0.000517683569341898
555  0.0005171666853129864
563  0.0005167562048882246
576  0.0005154506652615964
560  0.0005152561352588236
586  0.0005139241693541408
568  0.0005137764965184033
558  0.0005133339436724782
567  0.0005127671756781638
564  0.0005119559937156737
585  0.0005111913778819144
559  0.0005101582501083612
565  0.0005101472488604486
584  0.0005100502748973668
582  0.0005098179681226611
583  0.0005045559373684227
147  0.0003977464511990547
146  0.0003972100676037371
150  0.00039716370520181954
132  0.0003969875106122345
135  0.00039694589213468134
151  0.0003967930388171226
152  0.0003967499069403857
149  0.000396351475501433
156  0.0003961253969464451
155  0.00039611876127310097
154  0.0003958519082516432
143  0.0003956430882681161
148  0.00039547320920974016
157  0.00039500638376921415
159  0.00039496400859206915
162  0.00039478615508414805
153  0.00039461549022234976
139  0.00039444718277081847
136  0.0003943184274248779
134  0.00039415888022631407
133  0.00039411228499375284
158  0.0003941073955502361
138  0.0003940352762583643
144  0.00039391679456457496
137  0.0003938401641789824
142  0.0003938007866963744
141  0.0003937662404496223
145  0.00039371970342472196
160  0.0003924104676116258
161  0.00039216235745698214
140  0.0003921406459994614
196  0.0003351704799570143
863  0.0002388616994721815
865  0.0002387537679169327
868  0.0002385992556810379
862  0.00023820102796889842
871  0.00023816856264602393
867  0.00023816035536583513
873  0.0002381190424785018
866  0.00023807614343240857
859  0.0002380480000283569
878  0.0002378712670179084
864  0.00023786560632288456
872  0.00023750368563923985
870  0.00023747242812532932
874  0.00023745023645460606
848  0.0002374149189563468
858  0.00023740473261568695
854  0.00023735471768304706
879  0.00023733435955364257
850  0.00023733142006676644
849  0.0002372859453316778
869  0.00023727213556412607
851  0.00023718415468465537
856  0.00023714301642030478
860  0.0002371350710745901
857  0.00023701484315097332
852  0.0002370089787291363
855  0.00023700579185970128
875  0.00023693505499977618
853  0.00023691539536230266
861  0.0002367670531384647
876  0.0002362265659030527
877  0.00023611262440681458
639  0.00021449755877256393
641  0.0002144738391507417
644  0.0002143881720257923
645  0.0002143873571185395
623  0.0002142314478987828
642  0.00021418039978016168
636  0.00021416874369606376
627  0.00021411282068584114
634  0.00021403993014246225
640  0.00021401933918241411
643  0.00021394995565060526
625  0.0002139289426850155
637  0.0002139173011528328
635  0.00021389609901234508
624  0.00021380375255830586
633  0.0002137980336556211
622  0.00021376257063820958
628  0.00021376031509134918
620  0.00021371162438299507
647  0.00021363035193644464
626  0.0002136107796104625
648  0.00021353666670620441
621  0.00021348107839003205
631  0.0002134118985850364
651  0.00021335858036763966
638  0.00021330040181055665
630  0.00021327823924366385
632  0.00021325059060472995
649  0.0002131540240952745
650  0.00021299779473338276
646  0.00021283375099301338
629  0.00021241045033093542
815  0.00019000669999513775
49  0.00011510533659020439
48  0.00011483795242384076
53  0.00011479568638605997
54  0.00011477030056994408
51  0.00011458319931989536
60  0.00011458298104116693
50  0.00011446361895650625
58  0.00011432868632255122
52  0.00011429423466324806
41  0.00011407159036025405
36  0.00011396349873393774
56  0.00011396144691389054
34  0.00011392374290153384
40  0.0001139113592216745
57  0.00011386660480638966
59  0.00011383806122466922
35  0.00011377034388715401
45  0.00011348645784892142
65  0.00011331409768899903
55  0.00011330621055094525
42  0.00011329582775942981
39  0.00011318969336571172
47  0.00011299137258902192
43  0.0001127988871303387
37  0.00011279188765911385
46  0.00011276973964413628
64  0.0001127260911744088
38  0.00011268901289440691
61  0.00011268073285464197
44  0.00011258493032073602
63  0.00011242755135754123
62  0.00011184265167685226
847  0.00010714890231611207
836  8.400068327318877e-05
831  8.333528239745647e-05
830  8.330635318998247e-05
835  8.327903196914122e-05
832  8.32111545605585e-05
837  8.294102008221671e-05
841  8.287238597404212e-05
833  8.274699212051928e-05
821  8.274407446151599e-05
834  8.271566912299022e-05
829  8.267986413557082e-05
823  8.259050810011104e-05
839  8.258200978161767e-05
843  8.2571612438187e-05
827  8.247308869613335e-05
838  8.243400952778757e-05
820  8.240422903327271e-05
816  8.238096779678017e-05
819  8.23665177449584e-05
846  8.226070349337533e-05
840  8.224972407333553e-05
845  8.221929601859301e-05
842  8.219632582040504e-05
825  8.215980778913945e-05
844  8.213888941099867e-05
817  8.211688691517338e-05
824  8.210091618821025e-05
826  8.200896991183981e-05
822  8.188269566744566e-05
818  8.185060869436711e-05
828  8.179395808838308e-05
228  5.09021629113704e-05
212  5.046706064604223e-05
219  5.039818643126637e-05
198  5.031779801356606e-05
221  5.030585452914238e-05
214  5.030258762417361e-05
217  5.029280509916134e-05
216  5.026542567065917e-05
218  5.0214694056194276e-05
220  5.018357842345722e-05
211  5.0183385610580444e-05
223  5.0161132094217464e-05
201  5.0129383453167975e-05
213  5.0099748477805406e-05
204  5.009965752833523e-05
215  5.009645610698499e-05
197  5.0062833906849846e-05
200  5.00282330904156e-05
206  5.001320823794231e-05
210  4.998402437195182e-05
227  4.9954909627558663e-05
203  4.9944002967095e-05
209  4.994143091607839e-05
207  4.993819311494008e-05
208  4.990348679712042e-05
199  4.9890022637555376e-05
222  4.9886308261193335e-05
224  4.987813008483499e-05
202  4.983790131518617e-05
226  4.9822174332803115e-05
205  4.980170342605561e-05
225  4.98011322633829e-05
342  2.583055220384267e-06
341  2.5668648504506564e-06
344  2.5649560484453104e-06
346  2.5647066195233492e-06
347  2.5626698061387287e-06
345  2.5616072889533825e-06
343  2.5560116228007246e-06
338  2.5559068035363453e-06
352  2.5533363441354595e-06
327  2.5490569441899424e-06
334  2.5444760467507876e-06
351  2.5441609068366233e-06
329  2.5435444968024967e-06
353  2.5434960662096273e-06
349  2.542033826102852e-06
332  2.541539288358763e-06
350  2.5407614430150716e-06
333  2.540615923862788e-06
348  2.5342203571199207e-06
335  2.529991888877703e-06
330  2.529700168452109e-06
328  2.5199483388860244e-06
339  2.5179281237797113e-06
358  2.5178944724757457e-06
340  2.5171570996462833e-06
357  2.5143815491901478e-06
354  2.505008751541027e-06
331  2.5026924959092867e-06
337  2.5008266675285995e-06
356  2.495937678759219e-06
336  2.4835599106154405e-06
355  2.474424945830833e-06
