297  0.2859170436859131
298  0.2859170436859131
299  0.2859170436859131
300  0.2859170436859131
301  0.2859170436859131
302  0.2859170436859131
303  0.2859170436859131
304  0.2859170436859131
305  0.2859170436859131
306  0.2859170436859131
307  0.2859170436859131
308  0.2859170436859131
309  0.2859170436859131
310  0.2859170436859131
311  0.2859170436859131
312  0.2859170436859131
313  0.2859170436859131
314  0.2859170436859131
315  0.2859170436859131
316  0.2859170436859131
317  0.2859170436859131
318  0.2859170436859131
319  0.2859170436859131
320  0.2859170436859131
321  0.2859170436859131
322  0.2859170436859131
323  0.2859170436859131
324  0.2859170436859131
325  0.2859170436859131
326  0.2859170436859131
327  0.2859170436859131
328  0.2859170436859131
329  0.2859170436859131
330  0.2859170436859131
331  0.2859170436859131
332  0.2859170436859131
333  0.2859170436859131
334  0.2859170436859131
335  0.2859170436859131
336  0.2859170436859131
337  0.2859170436859131
338  0.2859170436859131
339  0.2859170436859131
340  0.2859170436859131
341  0.2859170436859131
342  0.2859170436859131
343  0.2859170436859131
344  0.2859170436859131
345  0.2859170436859131
346  0.2859170436859131
347  0.2859170436859131
348  0.2859170436859131
349  0.2859170436859131
350  0.2859170436859131
351  0.2859170436859131
352  0.2859170436859131
353  0.2859170436859131
354  0.2859170436859131
355  0.2859170436859131
534  0.2859170436859131
535  0.2859170436859131
536  0.2859170436859131
537  0.2859170436859131
538  0.2859170436859131
539  0.2859170436859131
540  0.2859170436859131
541  0.2859170436859131
542  0.2859170436859131
543  0.2859170436859131
544  0.2859170436859131
545  0.2859170436859131
546  0.2859170436859131
547  0.2859170436859131
548  0.2859170436859131
549  0.2859170436859131
550  0.2859170436859131
551  0.2859170436859131
552  0.2859170436859131
553  0.2859170436859131
554  0.2859170436859131
555  0.2859170436859131
556  0.2859170436859131
557  0.2859170436859131
558  0.2859170436859131
559  0.2859170436859131
560  0.2859170436859131
561  0.2859170436859131
562  0.2859170436859131
563  0.2859170436859131
564  0.2859170436859131
565  0.2859170436859131
566  0.2859170436859131
567  0.2859170436859131
568  0.2859170436859131
569  0.2859170436859131
570  0.2859170436859131
571  0.2859170436859131
572  0.2859170436859131
573  0.2859170436859131
574  0.2859170436859131
575  0.2859170436859131
576  0.2859170436859131
577  0.2859170436859131
578  0.2859170436859131
579  0.2859170436859131
580  0.2859170436859131
581  0.2859170436859131
582  0.2859170436859131
583  0.2859170436859131
584  0.2859170436859131
585  0.2859170436859131
586  0.2859170436859131
587  0.2859170436859131
588  0.2859170436859131
589  0.2859170436859131
590  0.2859170436859131
591  0.2859170436859131
652  0.2859170436859131
653  0.2859170436859131
654  0.2859170436859131
655  0.2859170436859131
656  0.2859170436859131
657  0.2859170436859131
658  0.2859170436859131
659  0.2859170436859131
660  0.2859170436859131
661  0.2859170436859131
662  0.2859170436859131
663  0.2859170436859131
664  0.2859170436859131
665  0.2859170436859131
666  0.2859170436859131
667  0.2859170436859131
668  0.2859170436859131
669  0.2859170436859131
670  0.2859170436859131
671  0.2859170436859131
672  0.2859170436859131
673  0.2859170436859131
674  0.2859170436859131
675  0.2859170436859131
676  0.2859170436859131
677  0.2859170436859131
678  0.2859170436859131
679  0.2859170436859131
680  0.2859170436859131
681  0.2859170436859131
682  0.2859170436859131
683  0.2859170436859131
684  0.2859170436859131
685  0.2859170436859131
686  0.2859170436859131
687  0.2859170436859131
688  0.2859170436859131
689  0.2859170436859131
690  0.2859170436859131
691  0.2859170436859131
692  0.2859170436859131
693  0.2859170436859131
694  0.2859170436859131
695  0.2859170436859131
696  0.2859170436859131
697  0.2859170436859131
698  0.2859170436859131
699  0.2859170436859131
700  0.2859170436859131
701  0.2859170436859131
702  0.2859170436859131
703  0.2859170436859131
704  0.2859170436859131
705  0.2859170436859131
706  0.2859170436859131
707  0.2859170436859131
708  0.2859170436859131
709  0.2859170436859131
710  0.2859170436859131
1185  0.2859170436859131
1186  0.2859170436859131
1187  0.2859170436859131
1188  0.2859170436859131
1189  0.2859170436859131
1190  0.2859170436859131
1191  0.2859170436859131
1192  0.2859170436859131
1193  0.2859170436859131
1194  0.2859170436859131
1195  0.2859170436859131
1196  0.2859170436859131
1197  0.2859170436859131
1198  0.2859170436859131
1199  0.2859170436859131
1200  0.2859170436859131
1201  0.2859170436859131
1202  0.2859170436859131
1203  0.2859170436859131
1204  0.2859170436859131
1205  0.2859170436859131
1206  0.2859170436859131
1207  0.2859170436859131
1208  0.2859170436859131
1209  0.2859170436859131
1210  0.2859170436859131
1211  0.2859170436859131
1212  0.2859170436859131
1213  0.2859170436859131
1214  0.2859170436859131
1215  0.2859170436859131
1216  0.2859170436859131
1217  0.2859170436859131
1218  0.2859170436859131
1219  0.2859170436859131
1220  0.2859170436859131
1221  0.2859170436859131
1222  0.2859170436859131
1223  0.2859170436859131
1224  0.2859170436859131
1225  0.2859170436859131
1226  0.2859170436859131
1227  0.2859170436859131
1228  0.2859170436859131
1229  0.2859170436859131
1230  0.2859170436859131
1231  0.2859170436859131
1232  0.2859170436859131
1233  0.2859170436859131
1234  0.2859170436859131
1235  0.2859170436859131
1236  0.2859170436859131
1237  0.2859170436859131
1238  0.2859170436859131
1239  0.2859170436859131
1240  0.2859170436859131
1241  0.2859170436859131
1242  0.2859170436859131
1243  0.2859170436859131
1244  0.2859170436859131
1245  0.2859170436859131
1246  0.2859170436859131
1247  0.2859170436859131
1248  0.2859170436859131
1249  0.2859170436859131
1250  0.2859170436859131
1251  0.2859170436859131
1252  0.2859170436859131
1253  0.2859170436859131
1254  0.2859170436859131
1255  0.2859170436859131
1256  0.2859170436859131
1257  0.2859170436859131
1258  0.2859170436859131
1259  0.2859170436859131
1260  0.2859170436859131
1261  0.2859170436859131
1262  0.2859170436859131
1263  0.2859170436859131
1264  0.2859170436859131
1265  0.2859170436859131
1266  0.2859170436859131
1267  0.2859170436859131
1268  0.2859170436859131
1269  0.2859170436859131
1270  0.2859170436859131
1271  0.2859170436859131
1272  0.2859170436859131
1273  0.2859170436859131
1274  0.2859170436859131
1275  0.2859170436859131
1276  0.2859170436859131
1277  0.2859170436859131
1278  0.2859170436859131
1279  0.2859170436859131
1280  0.2859170436859131
1281  0.2859170436859131
1282  0.2859170436859131
1283  0.2859170436859131
1284  0.2859170436859131
1285  0.2859170436859131
1286  0.2859170436859131
1287  0.2859170436859131
1288  0.2859170436859131
1289  0.2859170436859131
1290  0.2859170436859131
1291  0.2859170436859131
1292  0.2859170436859131
1293  0.2859170436859131
1294  0.2859170436859131
1295  0.2859170436859131
1296  0.2859170436859131
1297  0.2859170436859131
1298  0.2859170436859131
1299  0.2859170436859131
1300  0.2859170436859131
1301  0.2859170436859131
1362  0.2859170436859131
1363  0.2859170436859131
1364  0.2859170436859131
1365  0.2859170436859131
1366  0.2859170436859131
1367  0.2859170436859131
1368  0.2859170436859131
1369  0.2859170436859131
1370  0.2859170436859131
1371  0.2859170436859131
1372  0.2859170436859131
1373  0.2859170436859131
1374  0.2859170436859131
1375  0.2859170436859131
1376  0.2859170436859131
1377  0.2859170436859131
1378  0.2859170436859131
1379  0.2859170436859131
1380  0.2859170436859131
1381  0.2859170436859131
1382  0.2859170436859131
1383  0.2859170436859131
1384  0.2859170436859131
1385  0.2859170436859131
1386  0.2859170436859131
1387  0.2859170436859131
1388  0.2859170436859131
1389  0.2859170436859131
1390  0.2859170436859131
1391  0.2859170436859131
1392  0.2859170436859131
1393  0.2859170436859131
1394  0.2859170436859131
1395  0.2859170436859131
1396  0.2859170436859131
1397  0.2859170436859131
1398  0.2859170436859131
1399  0.2859170436859131
1400  0.2859170436859131
1401  0.2859170436859131
1402  0.2859170436859131
1403  0.2859170436859131
1404  0.2859170436859131
1405  0.2859170436859131
1406  0.2859170436859131
1407  0.2859170436859131
1408  0.2859170436859131
1409  0.2859170436859131
1410  0.2859170436859131
1411  0.2859170436859131
1412  0.2859170436859131
1413  0.2859170436859131
1414  0.2859170436859131
1415  0.2859170436859131
1416  0.2859170436859131
1417  0.2859170436859131
1418  0.2859170436859131
1419  0.2859170436859131
1420  0.2859170436859131
987  0.28389599919319153
989  0.28347763419151306
990  0.28334754705429077
980  0.283314049243927
982  0.28321245312690735
981  0.28314849734306335
988  0.2830958366394043
949  0.2828013300895691
977  0.2827013432979584
952  0.2826734185218811
960  0.28266361355781555
997  0.2826021611690521
956  0.28251615166664124
958  0.28249669075012207
1002  0.28235235810279846
983  0.28232935070991516
951  0.28228455781936646
1004  0.28224602341651917
978  0.28214746713638306
974  0.28213754296302795
984  0.2820417881011963
986  0.28202566504478455
1005  0.28200188279151917
971  0.2819657027721405
962  0.28194311261177063
961  0.2819381058216095
973  0.2819323241710663
998  0.28190985321998596
996  0.28187671303749084
957  0.28185924887657166
955  0.28184834122657776
963  0.2817469835281372
954  0.28170180320739746
995  0.28161609172821045
959  0.28159916400909424
976  0.2815953195095062
953  0.281562477350235
991  0.28154563903808594
970  0.28154176473617554
979  0.2815379202365875
1000  0.2813208997249603
968  0.2812601923942566
985  0.2812552750110626
948  0.28124353289604187
950  0.2812280058860779
992  0.28121793270111084
999  0.28111448884010315
993  0.28109481930732727
994  0.28105050325393677
975  0.280993789434433
964  0.2809421122074127
1003  0.2808677554130554
965  0.28084099292755127
969  0.28054487705230713
967  0.2805411219596863
972  0.2804795503616333
966  0.28039419651031494
1001  0.2803621292114258
754  0.20338831841945648
748  0.2033606469631195
713  0.20331473648548126
715  0.2033100426197052
741  0.20329907536506653
747  0.20326301455497742
745  0.2032521814107895
744  0.20321232080459595
721  0.20320342481136322
711  0.20313842594623566
743  0.20313528180122375
717  0.20313161611557007
712  0.20312920212745667
752  0.20312269032001495
722  0.20310235023498535
724  0.20308619737625122
753  0.2030647099018097
737  0.20305117964744568
751  0.20303227007389069
738  0.20302994549274445
742  0.20302531123161316
746  0.2030116319656372
750  0.2030043601989746
733  0.20300135016441345
718  0.20300014317035675
758  0.2029818892478943
756  0.20298030972480774
767  0.2029760181903839
714  0.2029639333486557
734  0.2029608190059662
740  0.20295552909374237
726  0.20295308530330658
769  0.20294684171676636
723  0.20293913781642914
768  0.2029375284910202
765  0.2029363214969635
761  0.20293579995632172
760  0.2029007375240326
739  0.20290066301822662
736  0.2028994858264923
762  0.20288145542144775
728  0.20287784934043884
763  0.2028442621231079
725  0.20281639695167542
729  0.20278935134410858
755  0.20277972519397736
732  0.20277951657772064
719  0.20276424288749695
735  0.20276407897472382
730  0.20275603234767914
749  0.2027529627084732
764  0.20275267958641052
716  0.2027456909418106
720  0.20271770656108856
759  0.20271460711956024
766  0.2027052491903305
727  0.20269951224327087
757  0.20254716277122498
731  0.20248983800411224
1006  0.1631994992494583
592  0.13122546672821045
947  0.12491150200366974
923  0.0782681480050087
896  0.07824505865573883
921  0.07822756469249725
930  0.07815185189247131
889  0.07807205617427826
925  0.07806701213121414
924  0.07804710417985916
928  0.07799750566482544
922  0.07799600064754486
915  0.07795427739620209
893  0.0779094249010086
912  0.07790934294462204
890  0.07788295298814774
891  0.07788202166557312
898  0.07784487307071686
904  0.07779648900032043
899  0.07776902616024017
931  0.07774621248245239
939  0.07773333042860031
927  0.07773265987634659
911  0.07773049175739288
902  0.07770553976297379
929  0.07770314812660217
920  0.07767866551876068
903  0.07766173779964447
917  0.07760331779718399
919  0.07759280502796173
933  0.07759227603673935
937  0.07757256925106049
934  0.0775720551609993
900  0.07756683975458145
941  0.07753289490938187
918  0.07751935720443726
892  0.0774693489074707
897  0.07746226340532303
909  0.07745227962732315
895  0.07742015272378922
945  0.07740245014429092
932  0.07740088552236557
935  0.07740084081888199
914  0.07739806920289993
940  0.07736636698246002
901  0.07735557109117508
905  0.07733771204948425
943  0.07727675139904022
944  0.07727626711130142
926  0.07725750654935837
938  0.07721484452486038
916  0.07715563476085663
946  0.07715249061584473
942  0.07712703198194504
936  0.07712385058403015
913  0.07709932327270508
910  0.07704837620258331
906  0.07702305167913437
907  0.07699966430664062
894  0.07693260163068771
908  0.0767897441983223
770  0.07399570196866989
806  0.05847790092229843
807  0.05840042978525162
804  0.05839831009507179
793  0.05834733322262764
813  0.058249056339263916
771  0.05824419856071472
796  0.0581652857363224
827  0.05813901498913765
812  0.058136843144893646
811  0.05813300237059593
795  0.05813036486506462
814  0.058088771998882294
810  0.05806190147995949
815  0.05805894359946251
772  0.058028362691402435
803  0.0580146424472332
808  0.05800445005297661
775  0.057985544204711914
798  0.05797499045729637
781  0.05796670913696289
774  0.05794600024819374
802  0.05793033540248871
790  0.05791754275560379
805  0.05791039019823074
787  0.057895392179489136
800  0.057892151176929474
794  0.05788576602935791
780  0.057856183499097824
777  0.057854365557432175
791  0.05785315856337547
819  0.057850778102874756
783  0.05784720182418823
784  0.05784191936254501
778  0.057825759053230286
779  0.05782424658536911
817  0.05780906602740288
820  0.05780596286058426
818  0.057804401963949203
799  0.0577981173992157
809  0.05778192728757858
801  0.05775684490799904
822  0.05775488540530205
826  0.0577404722571373
776  0.057731058448553085
821  0.05767323449254036
786  0.05766195058822632
773  0.05765959620475769
825  0.057627592235803604
785  0.05762409791350365
789  0.05761830881237984
828  0.05760601535439491
782  0.05758846178650856
824  0.05753147974610329
797  0.05749104171991348
816  0.057437606155872345
788  0.057396627962589264
792  0.057344164699316025
823  0.05732055380940437
1302  0.051705680787563324
651  0.036580827087163925
888  0.02800106443464756
1425  0.025307994335889816
1464  0.025293918326497078
1458  0.02527998574078083
1421  0.025247108191251755
1455  0.025238994508981705
1431  0.025218864902853966
1457  0.025213617831468582
1423  0.025203948840498924
1451  0.025177717208862305
1463  0.02517249621450901
1422  0.025166410952806473
1462  0.025141632184386253
1454  0.025124534964561462
1434  0.025120459496974945
1427  0.02510244771838188
1447  0.02508736215531826
1453  0.02508215419948101
1466  0.025081956759095192
1432  0.02508005127310753
1449  0.02506864443421364
1450  0.02506859228014946
1448  0.02506113611161709
1452  0.025058716535568237
1460  0.025056827813386917
1424  0.02505475841462612
1444  0.025051461532711983
1475  0.025048278272151947
1436  0.025045977905392647
1479  0.025045661255717278
1456  0.025041762739419937
1461  0.02503405697643757
1443  0.025019733235239983
1468  0.025013022124767303
1433  0.024998551234602928
1438  0.024994365870952606
1435  0.024988925084471703
1471  0.024988126009702682
1473  0.024985674768686295
1472  0.024985376745462418
1478  0.024984056130051613
1470  0.024977585300803185
1477  0.024969300255179405
1428  0.02496359497308731
1446  0.02494162693619728
1426  0.024905428290367126
1476  0.024891503155231476
1429  0.024885011836886406
1439  0.024879511445760727
1437  0.024871472269296646
1459  0.02486935630440712
1474  0.024868378415703773
1445  0.024863414466381073
1442  0.02485176920890808
1430  0.024842947721481323
1465  0.02483724243938923
1469  0.024820927530527115
1440  0.0247950479388237
1467  0.02478383108973503
1441  0.02474335953593254
1184  0.023351021111011505
632  0.02275012619793415
635  0.022694742307066917
627  0.022689523175358772
628  0.02268817648291588
594  0.022671036422252655
633  0.022658003494143486
634  0.022652141749858856
626  0.022640259936451912
625  0.0226234570145607
629  0.022613754495978355
616  0.022594289854168892
597  0.022593168541789055
618  0.02258787304162979
605  0.022575045004487038
643  0.022548463195562363
649  0.022543959319591522
621  0.022540103644132614
604  0.02253906987607479
596  0.022537056356668472
603  0.022534765303134918
600  0.022528361529111862
601  0.02252713218331337
593  0.02251749113202095
622  0.02251715585589409
637  0.022513417527079582
619  0.0225068386644125
631  0.022489480674266815
608  0.02248302288353443
642  0.02247769385576248
606  0.022476688027381897
640  0.02247149869799614
623  0.022460440173745155
602  0.022457493469119072
638  0.022456130012869835
609  0.022451596334576607
630  0.022447915747761726
647  0.022440964356064796
636  0.022418765351176262
613  0.02240435592830181
620  0.022396722808480263
641  0.02239532396197319
639  0.022394342347979546
599  0.022392714396119118
644  0.022382061928510666
607  0.022373603656888008
598  0.02237342670559883
615  0.02236376516520977
595  0.022331910207867622
624  0.02231481298804283
648  0.022301340475678444
611  0.022299574688076973
645  0.022290991619229317
650  0.022285697981715202
646  0.022281458601355553
614  0.02227775566279888
610  0.022262094542384148
612  0.022255057469010353
617  0.022241925820708275
829  0.018139423802495003
449  0.013326765038073063
451  0.01332465186715126
438  0.013316166587173939
452  0.013297502882778645
456  0.013252520933747292
416  0.013251584954559803
459  0.013238191604614258
457  0.013237831182777882
458  0.01323423720896244
447  0.013224936090409756
472  0.01321910135447979
455  0.013218977488577366
443  0.013212398625910282
417  0.013211515732109547
440  0.013201398774981499
460  0.01320124976336956
441  0.013200238347053528
435  0.013198007829487324
436  0.013196343556046486
454  0.013192309066653252
429  0.013186399824917316
444  0.013182874768972397
453  0.013181114569306374
423  0.013180320151150227
428  0.01317943911999464
421  0.013178831897675991
450  0.013178756460547447
439  0.013166602700948715
448  0.013165716081857681
432  0.013163003139197826
467  0.013161509297788143
466  0.013160890899598598
445  0.013159163296222687
426  0.013157689943909645
419  0.013154327869415283
462  0.013153083622455597
420  0.01315157301723957
471  0.01315047312527895
424  0.013148529455065727
463  0.013139511458575726
464  0.013139375485479832
425  0.01313813216984272
434  0.013136531226336956
430  0.01313257496803999
465  0.01312826294451952
473  0.01312569435685873
418  0.013122432865202427
442  0.013118591159582138
431  0.013112703338265419
427  0.013111334294080734
422  0.013108459301292896
470  0.013107791543006897
446  0.013085536658763885
461  0.013081744313240051
433  0.01307171955704689
469  0.013041580095887184
437  0.013038205914199352
468  0.01303132250905037
533  0.010607492178678513
862  0.00979294441640377
871  0.009787831455469131
872  0.00978405587375164
869  0.009773616679012775
863  0.009771415963768959
864  0.009770437143743038
839  0.009763482958078384
841  0.009762698784470558
830  0.00976119190454483
865  0.00975782796740532
861  0.009754161350429058
866  0.009745653718709946
852  0.009745358489453793
837  0.009741953574120998
879  0.009734821505844593
836  0.00973459705710411
860  0.009734160266816616
831  0.009733245708048344
834  0.009733185172080994
844  0.00973153579980135
855  0.00972815416753292
840  0.009728108532726765
874  0.009725977666676044
854  0.009723221883177757
832  0.00972286332398653
880  0.009720701724290848
887  0.009718026965856552
878  0.009717617183923721
856  0.009717309847474098
859  0.009715283289551735
845  0.00971410796046257
870  0.009713864885270596
833  0.00971170049160719
867  0.009711136110126972
853  0.009711029939353466
873  0.009710979647934437
868  0.009709563106298447
875  0.009709054604172707
886  0.009708145633339882
843  0.009707972407341003
876  0.00970745924860239
881  0.009701245464384556
885  0.00969574972987175
850  0.009693561121821404
849  0.009693057276308537
884  0.009690686129033566
858  0.009690508246421814
857  0.009688024409115314
883  0.009686578065156937
877  0.009685974568128586
838  0.009684081189334393
851  0.009682279080152512
842  0.009677278809249401
848  0.009676909074187279
882  0.009675898589193821
847  0.009671714156866074
835  0.009670764207839966
846  0.009668056853115559
415  0.009414492174983025
1048  0.007005755789577961
1017  0.007003686390817165
1065  0.0070033082738518715
1008  0.007002280093729496
1042  0.006994784343987703
1043  0.006994214374572039
1040  0.006994095165282488
1049  0.006993691436946392
1009  0.0069899968802928925
1041  0.006989957299083471
1007  0.006988441105931997
1064  0.006988202687352896
1038  0.006987567991018295
1033  0.006980761885643005
1056  0.006975679658353329
1037  0.0069747744128108025
1036  0.0069733415730297565
1011  0.006972694303840399
1030  0.006972093600779772
1046  0.006970020476728678
1020  0.006968462374061346
1022  0.006967182271182537
1014  0.0069646951742470264
1059  0.006964326836168766
1063  0.006963667459785938
1018  0.006962051149457693
1029  0.0069595202803611755
1050  0.006959124933928251
1052  0.006957904901355505
1039  0.0069577936083078384
1058  0.006956192199140787
1044  0.006953564006835222
1010  0.006952379364520311
1045  0.006951016839593649
1021  0.006949929986149073
1054  0.006947535090148449
1047  0.006945409812033176
1061  0.006945094093680382
1035  0.006945054512470961
1019  0.006944403983652592
1034  0.006943798623979092
1013  0.006941214669495821
1012  0.0069411750882864
1015  0.006941129453480244
1023  0.006938486825674772
1055  0.006936260499060154
1016  0.006935175973922014
1057  0.006932982709258795
1053  0.0069264257326722145
1028  0.0069257766008377075
1031  0.006924864836037159
1032  0.006919509265571833
1060  0.0069174254313111305
1051  0.006914569530636072
1026  0.006912115029990673
1024  0.006911629810929298
1062  0.0069062053225934505
1025  0.006902046501636505
1027  0.006901451852172613
162  0.003879943862557411
161  0.0038798998575657606
152  0.003878683550283313
159  0.0038754940032958984
154  0.003872079076245427
153  0.0038669544737786055
131  0.0038668185006827116
120  0.0038653642404824495
129  0.003862182144075632
155  0.003861473873257637
156  0.0038609232287853956
126  0.003858749056234956
151  0.0038554805796593428
127  0.003854975337162614
124  0.0038542028050869703
150  0.003853400470688939
142  0.0038526977878063917
130  0.003852460067719221
134  0.0038522148970514536
164  0.0038511098828166723
122  0.003850795328617096
169  0.003849632106721401
149  0.003848341526463628
121  0.0038479757495224476
146  0.0038476360496133566
145  0.0038475741166621447
168  0.0038475701585412025
135  0.0038464264944195747
143  0.003846239997074008
123  0.0038450087886303663
144  0.0038437996990978718
157  0.0038421934004873037
158  0.0038412155117839575
170  0.0038411461282521486
166  0.003841022029519081
177  0.0038399971090257168
163  0.0038394422736018896
165  0.0038391395937651396
171  0.003838935401290655
133  0.003836623625829816
148  0.003836361225694418
174  0.0038361717015504837
147  0.003834258997812867
160  0.0038339239545166492
173  0.003833574475720525
175  0.0038333265110850334
176  0.003832845948636532
139  0.003832631278783083
140  0.003832467133179307
141  0.0038296389393508434
138  0.0038289374206215143
128  0.003828006098046899
167  0.0038279113359749317
132  0.0038261262234300375
172  0.003825428429991007
137  0.003823568345978856
136  0.003822543891146779
125  0.0038182069547474384
1697  0.0038031714502722025
1700  0.0037976938765496016
1692  0.00379682844504714
1693  0.0037938072346150875
1698  0.0037928230594843626
1659  0.003792758099734783
1691  0.0037918395828455687
1699  0.003791464725509286
1690  0.003789113601669669
1694  0.0037865079939365387
1662  0.0037853929679840803
1681  0.003785375040024519
1670  0.0037815538235008717
1714  0.0037807130720466375
1683  0.0037800990976393223
1666  0.0037786702159792185
1668  0.003778572892770171
1661  0.0037782248109579086
1708  0.003778221318498254
1687  0.0037779556587338448
1665  0.0037774278316646814
1686  0.0037770045455545187
1669  0.0037762366700917482
1658  0.003774575889110565
1684  0.0037744182627648115
1707  0.0037738087121397257
1702  0.0037731777410954237
1696  0.003772209631279111
1673  0.0037716294173151255
1671  0.003770457813516259
1688  0.0037700815591961145
1705  0.0037693222984671593
1667  0.0037684415001422167
1703  0.0037670815363526344
1712  0.003766526933759451
1674  0.003765639616176486
1695  0.0037650347221642733
1701  0.0037641189992427826
1706  0.0037637364584952593
1664  0.003762410022318363
1678  0.003762410022318363
1663  0.0037621776573359966
1672  0.0037619881331920624
1680  0.0037604589015245438
1704  0.003759583458304405
1709  0.0037588870618492365
1685  0.0037582158111035824
1660  0.0037561918143182993
1715  0.0037537263706326485
1689  0.003752004588022828
1710  0.003749410156160593
1713  0.003748651361092925
1676  0.003748348681256175
1711  0.0037479600869119167
1679  0.00374774681404233
1675  0.0037467568181455135
1677  0.0037461696192622185
1682  0.0037442445755004883
1716  0.0032517972867935896
1361  0.003217641729861498
119  0.0031359847635030746
178  0.002613133518025279
296  0.0023541732225567102
96  0.002171194413676858
97  0.0021518715657293797
94  0.0021478922571986914
101  0.002146600978448987
83  0.0021450305357575417
103  0.002144814236089587
71  0.0021404242143034935
109  0.002140199998393655
102  0.002139098709449172
100  0.002138555282726884
80  0.002137141302227974
98  0.002136073773726821
62  0.002135754795745015
93  0.0021350374445319176
61  0.0021348849404603243
85  0.0021348341833800077
91  0.002133875386789441
81  0.002133221598342061
117  0.0021331547759473324
69  0.0021315820049494505
70  0.0021306369453668594
65  0.0021304970141500235
104  0.0021297712810337543
86  0.0021276099141687155
66  0.0021269945427775383
63  0.0021265007089823484
92  0.0021262920927256346
95  0.002126093953847885
74  0.0021260392386466265
68  0.00212594005279243
110  0.002125304890796542
105  0.0021245486568659544
77  0.002124267630279064
111  0.002122461097314954
90  0.0021224571391940117
67  0.002122448990121484
108  0.0021218250039964914
88  0.002120071090757847
64  0.0021177560556679964
115  0.002116720424965024
99  0.002116694115102291
112  0.0021162754856050014
75  0.002116037532687187
76  0.0021158382296562195
107  0.0021130936220288277
78  0.0021129287779331207
116  0.002112420042976737
118  0.00211160397157073
89  0.0021112042013555765
87  0.002110021188855171
72  0.0021092924289405346
82  0.0021085357293486595
84  0.002107687061652541
113  0.002106662141159177
79  0.00210333289578557
106  0.0020991736091673374
73  0.0020987021271139383
114  0.002095879754051566
390  0.0020611744839698076
356  0.002055343007668853
392  0.0020513252820819616
386  0.002051249146461487
366  0.002050601178780198
399  0.0020503767300397158
393  0.002049824455752969
360  0.002048225374892354
357  0.002047769259661436
382  0.0020476270001381636
391  0.00204659067094326
358  0.002046395791694522
397  0.002046101726591587
384  0.0020444958936423063
389  0.002044468652456999
369  0.0020441068336367607
395  0.0020437876228243113
401  0.0020423349924385548
413  0.002040710998699069
388  0.0020402274094522
398  0.0020398234482854605
362  0.0020397186744958162
383  0.002039561280980706
385  0.0020388858392834663
379  0.0020385445095598698
407  0.0020379256457090378
368  0.0020373205188661814
396  0.002037080004811287
387  0.0020370588172227144
367  0.002036855323240161
378  0.0020363088697195053
394  0.002035810612142086
410  0.0020353845320641994
403  0.0020350960548967123
406  0.002034464618191123
373  0.0020335200242698193
363  0.0020334909204393625
371  0.002033353317528963
359  0.0020329353865236044
414  0.002032823394984007
405  0.002030723262578249
380  0.0020301996264606714
411  0.002029934898018837
409  0.002029876923188567
370  0.002029739785939455
381  0.002029718365520239
364  0.00202921056188643
412  0.002028957474976778
377  0.002028955379500985
408  0.0020289169624447823
361  0.002026628004387021
365  0.0020262887701392174
374  0.0020234575495123863
404  0.00202323985286057
375  0.002022652653977275
372  0.0020218559075146914
402  0.0020213404204696417
400  0.0020185739267617464
376  0.0020166574977338314
214  0.0017858647042885423
202  0.0017844592221081257
218  0.001784021034836769
208  0.0017840057844296098
183  0.0017823813250288367
215  0.0017821317305788398
204  0.001782062230631709
229  0.0017817129846662283
194  0.001781685627065599
213  0.001781587372533977
219  0.0017812515143305063
207  0.0017810718854889274
180  0.0017809770070016384
223  0.0017808108823373914
191  0.001780653023160994
212  0.0017799142515286803
226  0.0017798718763515353
179  0.0017797346226871014
190  0.0017795482417568564
186  0.0017791669815778732
205  0.001779079088009894
217  0.001779075595550239
221  0.0017790230922400951
235  0.0017789521953091025
206  0.0017788130789995193
195  0.0017788115656003356
216  0.0017787335673347116
211  0.0017786844400689006
192  0.0017785201780498028
224  0.0017780088819563389
182  0.0017778887413442135
209  0.0017777414759621024
220  0.0017767298268154263
228  0.0017760482151061296
187  0.0017760094488039613
189  0.001776004326529801
197  0.0017759723123162985
227  0.001775661134161055
230  0.001775299315340817
232  0.0017750730039551854
185  0.001774777309037745
184  0.0017747130477800965
233  0.001774050877429545
181  0.0017737823072820902
193  0.0017737571615725756
201  0.0017736388836055994
222  0.0017734564607962966
188  0.0017732776468619704
225  0.0017726970836520195
199  0.0017725585494190454
200  0.0017725282814353704
234  0.001771812909282744
231  0.001771483919583261
236  0.0017712443368509412
203  0.00177106074988842
196  0.0017706830985844135
198  0.001770191127434373
210  0.0017664505867287517
60  0.001715493039228022
1759  0.0016103895613923669
1758  0.001609664410352707
1727  0.0016090975841507316
1751  0.001608654740266502
1721  0.0016080591594800353
1760  0.0016080315690487623
1753  0.0016073426231741905
1750  0.0016070855781435966
1717  0.001606889651156962
1754  0.0016068577533587813
1718  0.0016067581018432975
1747  0.0016056386521086097
1775  0.0016054033767431974
1752  0.0016050273552536964
1719  0.001604755292646587
1756  0.001604472752660513
1743  0.0016041763592511415
1730  0.0016037944005802274
1746  0.0016037900932133198
1749  0.0016036891611292958
1757  0.001603478449396789
1774  0.0016034526051953435
1745  0.0016032325802370906
1771  0.001603183802217245
1732  0.0016025991644710302
1748  0.001602519885636866
1766  0.0016023627249523997
1740  0.0016023445641621947
1728  0.0016023230273276567
1729  0.0016022499185055494
1762  0.0016021461924538016
1739  0.0016018608585000038
1723  0.001601562020368874
1720  0.0016014643479138613
1731  0.0016014507273212075
1773  0.0016013759886845946
1768  0.0016012296546250582
1769  0.001600996358320117
1724  0.0016006533987820148
1764  0.0016001093899831176
1755  0.0015991103136911988
1767  0.001599081326276064
1744  0.001598982373252511
1725  0.0015985134523361921
1722  0.0015981408068910241
1742  0.001597649184986949
1726  0.001597065245732665
1734  0.0015967139042913914
1738  0.0015966729260981083
1765  0.001595964771695435
1763  0.0015959388110786676
1741  0.0015958582516759634
1761  0.0015958506846800447
1772  0.001595712499693036
1733  0.0015955223934724927
1735  0.0015943181933835149
1770  0.0015942620811983943
1737  0.0015937854768708348
1736  0.0015935503179207444
237  0.0013473224826157093
1342  0.0011710608378052711
1345  0.0011679928284138441
1337  0.0011679495219141245
1344  0.0011660929303616285
1304  0.0011660141171887517
1335  0.001165375579148531
1336  0.0011652689427137375
1343  0.0011642039753496647
1339  0.001164085348136723
1307  0.0011634313268586993
1338  0.0011633570538833737
1313  0.0011626678751781583
1328  0.0011625593760982156
1315  0.0011622803285717964
1306  0.001161886379122734
1311  0.001161857508122921
1326  0.0011615377152338624
1359  0.0011612578528001904
1331  0.0011610299116000533
1332  0.0011607944034039974
1310  0.0011606075568124652
1357  0.0011605655308812857
1316  0.0011604770552366972
1329  0.0011602637823671103
1312  0.0011599831050261855
1353  0.001159963198006153
1352  0.00115963164716959
1341  0.0011595566757023335
1314  0.0011595499236136675
1346  0.0011595037067309022
1347  0.0011593401432037354
1303  0.001158564118668437
1318  0.001158447004854679
1349  0.001158183440566063
1333  0.0011579616693779826
1309  0.0011578205740079284
1323  0.0011577984550967813
1348  0.0011577807599678636
1334  0.001157567952759564
1340  0.0011575171956792474
1317  0.0011573166120797396
1351  0.0011568590998649597
1319  0.0011568304616957903
1350  0.0011565263848751783
1354  0.0011560042621567845
1308  0.0011558568803593516
1325  0.001155723468400538
1330  0.0011553372023627162
1305  0.0011549543123692274
1358  0.0011549388291314244
1320  0.0011544142616912723
1355  0.0011539700208231807
1321  0.001153901917859912
1360  0.0011537875980138779
1324  0.0011536480160430074
1327  0.0011534820077940822
1356  0.0011528339236974716
1322  0.001152734155766666
474  0.0010764376493170857
280  0.0007966157281771302
239  0.0007958615315146744
273  0.0007957371417433023
274  0.0007956392946653068
277  0.0007953588501550257
272  0.0007952906307764351
271  0.0007951754378154874
279  0.0007945573306642473
278  0.0007942076190374792
270  0.0007941168732941151
261  0.0007940335781313479
242  0.0007939790957607329
245  0.0007939624483697116
266  0.00079371128231287
238  0.0007936228648759425
264  0.0007935865432955325
282  0.0007935510948300362
276  0.00079351692693308
294  0.0007932977168820798
263  0.0007932372391223907
250  0.0007932017324492335
249  0.0007931964937597513
248  0.0007931420113891363
267  0.0007931215805001557
285  0.0007928819977678359
283  0.0007927060360088944
288  0.000792677397839725
275  0.0007925444515421987
246  0.0007923013181425631
268  0.0007922597578726709
284  0.0007921381620690227
253  0.0007921216310933232
287  0.0007920302450656891
247  0.000791968428529799
241  0.000791962374933064
251  0.0007918981718830764
281  0.0007918514311313629
258  0.0007918416522443295
244  0.0007918069022707641
289  0.0007917125476524234
254  0.0007916997419670224
292  0.0007916318136267364
252  0.0007911952561698854
260  0.0007910255808383226
286  0.0007909380947239697
290  0.0007908861734904349
269  0.0007905915263108909
265  0.0007904785452410579
240  0.0007904393714852631
256  0.0007901960634626448
259  0.0007901810458861291
243  0.0007901464123278856
293  0.0007900146301835775
291  0.0007899529300630093
262  0.0007899010088294744
295  0.0007897542673163116
257  0.0007888178224675357
255  0.0007885885424911976
1  0.0006386777968145907
38  0.0006381453713402152
35  0.0006379131227731705
5  0.0006371578201651573
37  0.0006371080526150763
11  0.0006365423905663192
29  0.0006365120643749833
27  0.0006363494321703911
42  0.0006362608983181417
44  0.0006358014652505517
14  0.0006356977974064648
28  0.0006354458164423704
46  0.0006354173528961837
31  0.0006353865028358996
34  0.0006352260243147612
2  0.0006352211930789053
40  0.0006350988987833261
7  0.0006349101313389838
43  0.0006348925526253879
24  0.0006348169408738613
3  0.000634730386082083
18  0.0006347013986669481
36  0.0006344672874547541
30  0.0006343977875076234
41  0.0006343155400827527
58  0.0006342272972688079
4  0.0006339867832139134
33  0.0006338332896120846
51  0.0006338218809105456
26  0.000633794057648629
55  0.0006336291553452611
9  0.0006335784564726055
15  0.0006335681537166238
32  0.0006335276993922889
39  0.0006333363126032054
52  0.0006331650074571371
10  0.000633087707683444
50  0.0006329212337732315
57  0.0006329084862954915
16  0.0006328868330456316
59  0.0006328820018097758
13  0.0006328729796223342
23  0.0006328476592898369
48  0.0006327354349195957
12  0.0006327040609903634
54  0.0006325250142253935
53  0.0006324900896288455
56  0.0006324550486169755
49  0.0006323260604403913
8  0.0006323164561763406
22  0.0006322471890598536
6  0.0006320893298834562
17  0.000631839910056442
20  0.0006316473009064794
45  0.0006316358339972794
19  0.000631496834103018
21  0.0006313493940979242
25  0.0006312928162515163
47  0.0006305676070041955
1100  0.0004946563276462257
1066  0.0004927808768115938
1109  0.0004927729023620486
1103  0.0004927240661345422
1102  0.0004927151021547616
1092  0.0004921762738376856
1096  0.0004921063664369285
1067  0.0004919666098430753
1098  0.0004919052007608116
1094  0.0004917490878142416
1104  0.000491661427076906
1107  0.0004915728350169957
1076  0.0004915451863780618
1070  0.0004914412274956703
1108  0.0004910361603833735
1089  0.0004910198040306568
1099  0.0004910066490992904
1068  0.0004908560076728463
1101  0.0004908316768705845
1072  0.0004907591501250863
1105  0.0004907226539216936
1111  0.0004905472742393613
1123  0.0004904710222035646
1079  0.000490453327074647
1106  0.0004902789369225502
1078  0.0004902775399386883
1095  0.0004901892389170825
1083  0.0004900747444480658
1113  0.000489948142785579
1087  0.0004896242171525955
1088  0.0004896125174127519
1091  0.000489507510792464
1080  0.000489495403598994
1117  0.0004893987788818777
1093  0.0004893806180916727
1090  0.0004893600707873702
1077  0.0004892630386166275
1116  0.0004892504657618701
1074  0.0004891879507340491
1110  0.0004891870776191354
1124  0.0004891063435934484
1122  0.0004890565178357065
1118  0.0004889889387413859
1114  0.0004889506963081658
1073  0.0004887829418294132
1120  0.0004887726972810924
1121  0.0004886725218966603
1086  0.00048826797865331173
1069  0.0004880269116256386
1075  0.0004880096821580082
1119  0.00048800455988384783
1115  0.0004880036285612732
1084  0.0004879803746007383
1097  0.00048797891940921545
1071  0.0004879659682046622
1085  0.000487851066282019
1081  0.0004876069724559784
1112  0.00048712201532907784
1082  0.0004871169221587479
1542  0.0003483942709863186
1544  0.0003481774765532464
1572  0.0003481745079625398
1547  0.0003481489256955683
1579  0.00034800590947270393
1576  0.0003479548031464219
1574  0.00034793224767781794
1550  0.0003477458958514035
1540  0.00034774551750160754
1570  0.0003477448772173375
1549  0.0003477392310742289
1571  0.00034770608181133866
1575  0.00034769318881444633
1562  0.00034766035969369113
1573  0.0003475964185781777
1541  0.0003475556441117078
1546  0.00034755264641717076
1565  0.0003475513367448002
1580  0.0003475463599897921
1553  0.0003475420526228845
1568  0.00034752185456454754
1578  0.0003475049452390522
1583  0.00034750034683384
1566  0.0003474642289802432
1593  0.0003474625409580767
1554  0.0003474622208159417
1563  0.00034745459561236203
1596  0.00034744167351163924
1584  0.0003474406839814037
1590  0.00034741617855615914
1543  0.00034739033435471356
1581  0.0003473899851087481
1560  0.00034737709211185575
1569  0.0003473492688499391
1555  0.00034729496110230684
1548  0.0003472320968285203
1552  0.00034722083364613354
1551  0.0003472175158094615
1592  0.00034719103132374585
1582  0.00034714106004685163
1585  0.0003471387317404151
1556  0.0003471142263151705
1588  0.00034710796899162233
1595  0.00034708515158854425
1564  0.0003469220537226647
1586  0.0003468998475000262
1589  0.0003468783979769796
1594  0.00034680331009440124
1577  0.00034674248308874667
1545  0.000346737535437569
1567  0.00034672627225518227
1587  0.0003466687921900302
1558  0.0003466083144303411
1591  0.0003465911140665412
1559  0.0003464834298938513
1597  0.0003463483299128711
1561  0.0003462156455498189
1557  0.00034605988184921443
1480  0.0002964648592751473
516  0.00028950488194823265
509  0.00028900871984660625
506  0.000288930197712034
517  0.0002886319998651743
484  0.00028857591678388417
476  0.00028848732472397387
482  0.0002883569977711886
507  0.00028833746910095215
486  0.0002881692780647427
514  0.0002879223902709782
525  0.0002878543164115399
501  0.00028784634196199477
532  0.00028782960725948215
497  0.00028776595718227327
520  0.00028759948327206075
510  0.00028742430731654167
508  0.00028736540116369724
489  0.00028731688507832587
519  0.00028690550243481994
515  0.0002868773299269378
511  0.000286860071355477
475  0.0002867911825887859
529  0.0002867488074116409
498  0.00028663783450610936
512  0.000286565424175933
513  0.0002865039568860084
505  0.0002864575362764299
526  0.0002864343405235559
524  0.00028640564414672554
479  0.0002863564877770841
481  0.00028633055626414716
530  0.00028631172608584166
477  0.0002863010740838945
488  0.00028627924621105194
492  0.00028616300551220775
504  0.0002861332322936505
500  0.0002861318935174495
523  0.0002861122484318912
527  0.0002860560780391097
478  0.0002860061649698764
495  0.0002859317173715681
531  0.0002859093656297773
521  0.0002858982188627124
494  0.0002857219078578055
522  0.00028571372968144715
499  0.00028569248388521373
502  0.00028562790248543024
528  0.000285571557469666
480  0.00028553971787914634
483  0.00028551139985211194
518  0.0002854847116395831
503  0.0002854670165106654
490  0.0002852578181773424
485  0.0002852086036000401
491  0.00028516128077171743
496  0.0002849115408025682
493  0.000284827605355531
487  0.00028451441903598607
1657  0.0002509388141334057
1539  0.0002327085821889341
1598  0.00014580931747332215
1125  0.00014552207721862942
1161  0.00011130122584290802
1159  0.00011124849697807804
1148  0.00011121720308437943
1162  0.00011108820763183758
1167  0.00011098825780209154
1168  0.00011091969645349309
1166  0.00011084684956585988
1126  0.0001108437791117467
1165  0.00011075651127612218
1182  0.00011074943176936358
1169  0.00011074004578404129
1127  0.00011071268818341196
1151  0.00011070762411691248
1163  0.0001107024509110488
1157  0.00011069262836826965
1170  0.00011066898878198117
1153  0.00011066583101637661
1150  0.00011065600119763985
1177  0.00011057436495320871
1145  0.00011056307994294912
1164  0.00011053325579268858
1160  0.00011053315392928198
1158  0.00011051703768316656
1138  0.00011050226748920977
1149  0.00011050164903281257
1135  0.0001104924813262187
1130  0.00011049067688873038
1131  0.0001104869952541776
1155  0.00011047077714465559
1133  0.00011046812869608402
1154  0.00011045465362258255
1139  0.00011045022984035313
1174  0.00011044886196032166
1181  0.00011044654092984274
1146  0.00011044611892430112
1136  0.00011044148413930088
1129  0.00011043822451028973
1142  0.00011043791164411232
1175  0.00011037063814001158
1172  0.0001103506438084878
1183  0.00011034969065804034
1173  0.00011033948976546526
1134  0.0001103360191336833
1176  0.0001103323302231729
1132  0.0001103322283597663
1141  0.00011026607535313815
1180  0.00011022581020370126
1140  0.00011021982209058478
1144  0.00011020016972906888
1137  0.0001101771485991776
1128  0.00011016833013854921
1156  0.00011014795018127188
1152  0.0001101459565688856
1171  0.0001100374138331972
1143  0.00010998653306160122
1178  0.00010995244520017877
1179  0.00010988672875100747
1503  0.00010986189590767026
1147  0.00010978595673805103
1516  0.00010965372348437086
1522  0.00010930556163657457
1517  0.00010930108692264184
1523  0.00010919159831246361
1514  0.00010917941108345985
1521  0.00010914610174950212
1524  0.00010910500714089721
1520  0.00010892629506997764
1501  0.00010892120917560533
1500  0.00010891809506574646
1482  0.00010888496763072908
1537  0.00010885766823776066
1488  0.00010885320807574317
1508  0.000108828600787092
1525  0.00010882019705604762
1481  0.00010881947673624381
1505  0.000108801104943268
1509  0.00010878378088818863
1515  0.00010877932072617114
1512  0.00010876947635551915
1532  0.00010876895248657092
1519  0.00010872778511838987
1518  0.00010865389049286023
1531  0.0001085535332094878
1495  0.00010851668048417196
1494  0.0001084823306882754
1486  0.00010848129750229418
1527  0.00010841542825801298
1491  0.00010839351307367906
1497  0.00010834990825969726
1506  0.00010832645057234913
1499  0.00010832602856680751
1529  0.00010830724204424769
1536  0.00010830403334693983
1504  0.00010829680104507133
1510  0.0001082679009414278
1485  0.00010825756908161566
1490  0.00010822826880030334
1489  0.00010819193266797811
1530  0.00010819132148753852
1483  0.00010818792361533269
1513  0.00010816605208674446
1535  0.00010815913992701098
1492  0.00010812253458425403
1484  0.00010811737593030557
1493  0.00010808005754370242
1528  0.00010807965009007603
1538  0.00010798941366374493
1526  0.00010796242713695392
1498  0.00010795069829327986
1496  0.00010794781701406464
1511  0.00010788945655804127
1487  0.00010784626647364348
1507  0.0001077767665265128
1502  0.00010765731713036075
1533  0.00010750854562502354
1534  0.00010736604599514976
1638  6.228384154383093e-05
1634  6.220874638529494e-05
1633  6.214406312210485e-05
1622  6.213872984517366e-05
1631  6.20656501268968e-05
1635  6.205215322552249e-05
1641  6.205013778526336e-05
1614  6.199998460942879e-05
1606  6.193976878421381e-05
1600  6.192039290908724e-05
1599  6.188503903103992e-05
1603  6.181543722050264e-05
1649  6.178567127790302e-05
1637  6.17800178588368e-05
1628  6.176876922836527e-05
1640  6.176558963488787e-05
1608  6.17653495282866e-05
1610  6.172683788463473e-05
1612  6.172342546051368e-05
1632  6.17122495896183e-05
1625  6.167724495753646e-05
1609  6.166512321215123e-05
1627  6.165377999423072e-05
1639  6.163296347949654e-05
1629  6.162520730867982e-05
1615  6.157445750432089e-05
1611  6.155807932373136e-05
1624  6.154780567158014e-05
1643  6.154592847451568e-05
1601  6.154398579383269e-05
1602  6.154287257231772e-05
1621  6.149370892671868e-05
1613  6.148626562207937e-05
1655  6.146364466985688e-05
1636  6.145444058347493e-05
1648  6.141694029793143e-05
1626  6.140037294244394e-05
1644  6.139539618743584e-05
1605  6.13924057688564e-05
1646  6.136723095551133e-05
1607  6.136401498224586e-05
1630  6.13595693721436e-05
1647  6.135553121566772e-05
1650  6.132505950517952e-05
1642  6.127799861133099e-05
1651  6.125737854745239e-05
1619  6.125486106611788e-05
1653  6.124434730736539e-05
1654  6.123803905211389e-05
1604  6.122455670265481e-05
1645  6.122017657617107e-05
1652  6.115996075095609e-05
1620  6.114653660915792e-05
1616  6.110993854235858e-05
1617  6.107154331402853e-05
1623  6.106047658249736e-05
1656  6.104481872171164e-05
1618  6.083241896703839e-05
