34  0.32619962096214294
35  0.32619962096214294
36  0.32619962096214294
37  0.32619962096214294
38  0.32619962096214294
39  0.32619962096214294
40  0.32619962096214294
41  0.32619962096214294
42  0.32619962096214294
43  0.32619962096214294
44  0.32619962096214294
45  0.32619962096214294
46  0.32619962096214294
47  0.32619962096214294
48  0.32619962096214294
49  0.32619962096214294
50  0.32619962096214294
51  0.32619962096214294
52  0.32619962096214294
53  0.32619962096214294
54  0.32619962096214294
55  0.32619962096214294
56  0.32619962096214294
57  0.32619962096214294
58  0.32619962096214294
59  0.32619962096214294
60  0.32619962096214294
61  0.32619962096214294
62  0.32619962096214294
63  0.32619962096214294
64  0.32619962096214294
65  0.32619962096214294
133  0.32619962096214294
134  0.32619962096214294
135  0.32619962096214294
136  0.32619962096214294
137  0.32619962096214294
138  0.32619962096214294
139  0.32619962096214294
140  0.32619962096214294
141  0.32619962096214294
142  0.32619962096214294
143  0.32619962096214294
144  0.32619962096214294
145  0.32619962096214294
146  0.32619962096214294
147  0.32619962096214294
148  0.32619962096214294
149  0.32619962096214294
150  0.32619962096214294
151  0.32619962096214294
152  0.32619962096214294
153  0.32619962096214294
154  0.32619962096214294
155  0.32619962096214294
156  0.32619962096214294
157  0.32619962096214294
158  0.32619962096214294
159  0.32619962096214294
160  0.32619962096214294
161  0.32619962096214294
162  0.32619962096214294
163  0.32619962096214294
164  0.32619962096214294
198  0.32619962096214294
199  0.32619962096214294
200  0.32619962096214294
201  0.32619962096214294
202  0.32619962096214294
203  0.32619962096214294
204  0.32619962096214294
205  0.32619962096214294
206  0.32619962096214294
207  0.32619962096214294
208  0.32619962096214294
209  0.32619962096214294
210  0.32619962096214294
211  0.32619962096214294
212  0.32619962096214294
213  0.32619962096214294
214  0.32619962096214294
215  0.32619962096214294
216  0.32619962096214294
217  0.32619962096214294
218  0.32619962096214294
219  0.32619962096214294
220  0.32619962096214294
221  0.32619962096214294
222  0.32619962096214294
223  0.32619962096214294
224  0.32619962096214294
225  0.32619962096214294
226  0.32619962096214294
227  0.32619962096214294
228  0.32619962096214294
229  0.32619962096214294
230  0.32619962096214294
231  0.32619962096214294
232  0.32619962096214294
233  0.32619962096214294
234  0.32619962096214294
235  0.32619962096214294
236  0.32619962096214294
237  0.32619962096214294
238  0.32619962096214294
239  0.32619962096214294
240  0.32619962096214294
241  0.32619962096214294
242  0.32619962096214294
243  0.32619962096214294
244  0.32619962096214294
245  0.32619962096214294
246  0.32619962096214294
247  0.32619962096214294
248  0.32619962096214294
249  0.32619962096214294
250  0.32619962096214294
251  0.32619962096214294
252  0.32619962096214294
253  0.32619962096214294
254  0.32619962096214294
255  0.32619962096214294
256  0.32619962096214294
257  0.32619962096214294
258  0.32619962096214294
259  0.32619962096214294
260  0.32619962096214294
261  0.32619962096214294
262  0.32619962096214294
395  0.32619962096214294
396  0.32619962096214294
397  0.32619962096214294
398  0.32619962096214294
399  0.32619962096214294
400  0.32619962096214294
401  0.32619962096214294
402  0.32619962096214294
403  0.32619962096214294
404  0.32619962096214294
405  0.32619962096214294
406  0.32619962096214294
407  0.32619962096214294
408  0.32619962096214294
409  0.32619962096214294
410  0.32619962096214294
411  0.32619962096214294
412  0.32619962096214294
413  0.32619962096214294
414  0.32619962096214294
415  0.32619962096214294
416  0.32619962096214294
417  0.32619962096214294
418  0.32619962096214294
419  0.32619962096214294
420  0.32619962096214294
421  0.32619962096214294
422  0.32619962096214294
423  0.32619962096214294
424  0.32619962096214294
425  0.32619962096214294
426  0.32619962096214294
560  0.32619962096214294
561  0.32619962096214294
562  0.32619962096214294
563  0.32619962096214294
564  0.32619962096214294
565  0.32619962096214294
566  0.32619962096214294
567  0.32619962096214294
568  0.32619962096214294
569  0.32619962096214294
570  0.32619962096214294
571  0.32619962096214294
572  0.32619962096214294
573  0.32619962096214294
574  0.32619962096214294
575  0.32619962096214294
576  0.32619962096214294
577  0.32619962096214294
578  0.32619962096214294
579  0.32619962096214294
580  0.32619962096214294
581  0.32619962096214294
582  0.32619962096214294
583  0.32619962096214294
584  0.32619962096214294
585  0.32619962096214294
586  0.32619962096214294
587  0.32619962096214294
588  0.32619962096214294
589  0.32619962096214294
590  0.32619962096214294
591  0.32619962096214294
658  0.32619962096214294
659  0.32619962096214294
660  0.32619962096214294
661  0.32619962096214294
662  0.32619962096214294
663  0.32619962096214294
664  0.32619962096214294
665  0.32619962096214294
666  0.32619962096214294
667  0.32619962096214294
668  0.32619962096214294
669  0.32619962096214294
670  0.32619962096214294
671  0.32619962096214294
672  0.32619962096214294
673  0.32619962096214294
674  0.32619962096214294
675  0.32619962096214294
676  0.32619962096214294
677  0.32619962096214294
678  0.32619962096214294
679  0.32619962096214294
680  0.32619962096214294
681  0.32619962096214294
682  0.32619962096214294
683  0.32619962096214294
684  0.32619962096214294
685  0.32619962096214294
686  0.32619962096214294
687  0.32619962096214294
688  0.32619962096214294
689  0.32619962096214294
757  0.32619962096214294
758  0.32619962096214294
759  0.32619962096214294
760  0.32619962096214294
761  0.32619962096214294
762  0.32619962096214294
763  0.32619962096214294
764  0.32619962096214294
765  0.32619962096214294
766  0.32619962096214294
767  0.32619962096214294
768  0.32619962096214294
769  0.32619962096214294
770  0.32619962096214294
771  0.32619962096214294
772  0.32619962096214294
773  0.32619962096214294
774  0.32619962096214294
775  0.32619962096214294
776  0.32619962096214294
777  0.32619962096214294
778  0.32619962096214294
779  0.32619962096214294
780  0.32619962096214294
781  0.32619962096214294
782  0.32619962096214294
783  0.32619962096214294
784  0.32619962096214294
785  0.32619962096214294
786  0.32619962096214294
787  0.32619962096214294
788  0.32619962096214294
888  0.32619962096214294
889  0.32619962096214294
890  0.32619962096214294
891  0.32619962096214294
892  0.32619962096214294
893  0.32619962096214294
894  0.32619962096214294
895  0.32619962096214294
896  0.32619962096214294
897  0.32619962096214294
898  0.32619962096214294
899  0.32619962096214294
900  0.32619962096214294
901  0.32619962096214294
902  0.32619962096214294
903  0.32619962096214294
904  0.32619962096214294
905  0.32619962096214294
906  0.32619962096214294
907  0.32619962096214294
908  0.32619962096214294
909  0.32619962096214294
910  0.32619962096214294
911  0.32619962096214294
912  0.32619962096214294
913  0.32619962096214294
914  0.32619962096214294
915  0.32619962096214294
916  0.32619962096214294
917  0.32619962096214294
918  0.32619962096214294
919  0.32619962096214294
974  0.3261261582374573
975  0.32611799240112305
976  0.3261142075061798
977  0.32610249519348145
981  0.32610008120536804
971  0.3260957896709442
980  0.32609400153160095
968  0.326088011264801
979  0.3260878026485443
978  0.32608503103256226
985  0.32608291506767273
972  0.3260803818702698
983  0.32607874274253845
955  0.3260762393474579
966  0.3260749280452728
969  0.32607463002204895
965  0.3260743319988251
954  0.32607388496398926
957  0.3260667324066162
964  0.32606667280197144
962  0.3260658383369446
970  0.3260633647441864
984  0.3260582983493805
963  0.32605820894241333
959  0.3260575532913208
956  0.3260526955127716
973  0.32604631781578064
967  0.3260418176651001
961  0.3260413408279419
982  0.3260352909564972
958  0.32603442668914795
960  0.326030433177948
427  0.32561275362968445
323  0.32532820105552673
312  0.3252433240413666
316  0.3252240717411041
311  0.3249959945678711
322  0.32496196031570435
313  0.3247402310371399
327  0.3246946632862091
319  0.32464075088500977
317  0.32458606362342834
297  0.324451744556427
318  0.324409157037735
324  0.324343204498291
320  0.3243071436882019
306  0.3242857754230499
321  0.3242782652378082
310  0.3242473006248474
315  0.3242359757423401
328  0.32418543100357056
307  0.32414039969444275
325  0.3240627348423004
298  0.324020653963089
326  0.32401928305625916
314  0.32392942905426025
304  0.323872834444046
303  0.3238005042076111
309  0.32376766204833984
308  0.32372742891311646
299  0.3237082362174988
302  0.3236258029937744
301  0.3234560787677765
300  0.32312533259391785
305  0.3231014907360077
24  0.322445809841156
27  0.3222784996032715
33  0.32206839323043823
25  0.3218378722667694
26  0.3217800259590149
20  0.3215949237346649
22  0.3214115500450134
6  0.32137709856033325
21  0.3212542235851288
31  0.3212437033653259
448  0.32124340534210205
7  0.32123318314552307
17  0.32106825709342957
444  0.3209802508354187
23  0.32090020179748535
19  0.32087939977645874
18  0.3208700120449066
10  0.3208651542663574
16  0.3208432197570801
443  0.3207397162914276
455  0.3207142651081085
454  0.32069116830825806
11  0.3206534683704376
452  0.32059869170188904
14  0.3205898106098175
1  0.32058271765708923
13  0.32048967480659485
9  0.3204572796821594
28  0.32045164704322815
29  0.3204095959663391
446  0.320401132106781
453  0.3203013241291046
3  0.3201335072517395
12  0.3200480341911316
30  0.31995341181755066
5  0.3198610544204712
2  0.31974413990974426
32  0.31970253586769104
451  0.31967392563819885
429  0.3196389973163605
430  0.3194071352481842
15  0.3193056881427765
445  0.31930407881736755
449  0.31919845938682556
440  0.3191925585269928
439  0.3191496431827545
450  0.31893086433410645
4  0.31871235370635986
458  0.31867608428001404
433  0.31864213943481445
435  0.3186239004135132
459  0.3185218870639801
456  0.31850916147232056
431  0.31848201155662537
434  0.31847938895225525
8  0.31845566630363464
442  0.31840547919273376
432  0.31814199686050415
438  0.318070650100708
447  0.31804928183555603
428  0.31758230924606323
457  0.31738796830177307
437  0.31701740622520447
436  0.31696817278862
441  0.3163442611694336
559  0.16685809195041656
66  0.0944385677576065
953  0.03631807491183281
263  0.028368398547172546
756  0.025323741137981415
460  0.02089276909828186
608  0.016485748812556267
618  0.01642361655831337
611  0.016369124874472618
615  0.016367044299840927
614  0.016352450475096703
592  0.016345884650945663
609  0.01634201966226101
617  0.016338864341378212
616  0.016328927129507065
612  0.01630895584821701
610  0.0162923876196146
594  0.016279401257634163
607  0.016238924115896225
600  0.016194947063922882
597  0.01619156450033188
613  0.01618601381778717
621  0.016180124133825302
623  0.01617661491036415
619  0.01616307720541954
595  0.01615932211279869
593  0.016152547672390938
604  0.0161521527916193
622  0.016148114576935768
603  0.016135551035404205
605  0.016118088737130165
620  0.016110770404338837
601  0.016099633648991585
598  0.016079584136605263
602  0.016076846048235893
606  0.01604241132736206
596  0.016034351661801338
599  0.015948131680488586
132  0.014400745742022991
296  0.008702868595719337
548  0.007322757504880428
542  0.00731965946033597
553  0.0073124803602695465
546  0.0073083932511508465
557  0.0072858999483287334
543  0.00727080600336194
547  0.007263991516083479
549  0.007254507392644882
554  0.007245893124490976
550  0.007234925404191017
541  0.007227709051221609
558  0.0072165667079389095
544  0.0072007011622190475
536  0.0071937101893126965
545  0.007184615358710289
555  0.007183758541941643
537  0.007178441621363163
551  0.0071746292524039745
540  0.00716944457963109
552  0.007165356073528528
538  0.00715995766222477
528  0.007158767897635698
527  0.00715351989492774
532  0.0071527985855937
534  0.007110960781574249
556  0.007088067010045052
529  0.007058660499751568
531  0.007055091205984354
535  0.007054026238620281
530  0.007047342602163553
539  0.0070419455878436565
533  0.007040918804705143
624  0.005783338099718094
82  0.00571920583024621
88  0.005708664655685425
94  0.005699177738279104
92  0.005696689710021019
86  0.005695331376045942
81  0.005690739955753088
91  0.005688617005944252
83  0.005688185337930918
84  0.005688033998012543
87  0.005684864241629839
93  0.005678094457834959
70  0.005673536099493504
80  0.005671696271747351
78  0.005671101622283459
85  0.005663733929395676
98  0.005663715302944183
89  0.005662471987307072
90  0.005654535721987486
97  0.005648070015013218
96  0.0056450823321938515
95  0.005644817370921373
77  0.005644464399665594
69  0.005637934431433678
67  0.005634821020066738
74  0.0056319390423595905
72  0.005625653546303511
68  0.005622951779514551
73  0.0056205932050943375
71  0.00562047865241766
75  0.005619357340037823
79  0.005618290975689888
76  0.005614030174911022
526  0.004519290290772915
513  0.0019538509659469128
509  0.0019537783227860928
520  0.00195057422388345
510  0.0019384382758289576
517  0.0019366458291187882
519  0.0019366153283044696
521  0.0019361765589565039
508  0.0019353392999619246
516  0.0019350923830643296
515  0.0019331197254359722
518  0.0019317955011501908
525  0.0019301882712170482
514  0.0019252077909186482
507  0.0019234134815633297
512  0.0019229641184210777
497  0.0019225917058065534
524  0.0019215572392567992
511  0.0019175586057826877
494  0.0019164353143423796
522  0.0019155152840539813
505  0.0019153986359015107
495  0.0019145581172779202
506  0.0019130490254610777
500  0.0019129071151837707
523  0.0019126994302496314
503  0.0019125929102301598
504  0.0019091853173449636
499  0.0019075983436778188
501  0.001905006356537342
496  0.001903500291518867
502  0.0019011435797438025
498  0.0018991819815710187
690  0.001849295455031097
657  0.0018191548297181726
384  0.0015452963998541236
383  0.00154474179726094
385  0.0015412201173603535
380  0.0015389909967780113
394  0.0015358392847701907
381  0.0015345169231295586
386  0.001533661619760096
378  0.0015299838269129395
392  0.0015274130273610353
371  0.0015257034683600068
379  0.0015255887992680073
375  0.001525073079392314
366  0.0015250238357111812
372  0.0015245011309161782
368  0.0015232276637107134
389  0.001522447681054473
390  0.0015215948224067688
377  0.0015213224105536938
387  0.001520258723758161
382  0.0015179305337369442
391  0.001516583375632763
364  0.0015165595104917884
363  0.0015164042124524713
374  0.0015141619369387627
376  0.00151354493573308
388  0.0015106586506590247
393  0.0015075979754328728
373  0.0015066226478666067
370  0.001503345905803144
367  0.0014976219972595572
369  0.0014923354610800743
365  0.0014875293709337711
165  0.0014429339207708836
805  0.0009521831525489688
815  0.0009485846967436373
812  0.0009478903375566006
808  0.0009474867838434875
789  0.0009473197860643268
811  0.0009468946955166757
807  0.0009456992847844958
791  0.00094538030680269
806  0.000944489031098783
813  0.000944345083553344
814  0.0009436705149710178
809  0.000943401304539293
804  0.0009420437272638083
819  0.0009411626379005611
797  0.0009408892365172505
810  0.0009399846312589943
818  0.000939927704166621
790  0.0009398203110322356
794  0.0009396238019689918
820  0.0009391328785568476
793  0.0009390187915414572
801  0.0009389275219291449
802  0.0009387651807628572
816  0.0009385152370668948
803  0.0009381562122143805
792  0.0009377598762512207
795  0.0009376942762173712
800  0.0009372011991217732
799  0.0009366597514599562
798  0.0009361481061205268
817  0.0009355742949992418
796  0.0009328363230451941
887  0.000931747374124825
821  0.00042929069604724646
99  0.00036753452150151134
493  0.0003546907100826502
362  0.0003532172995619476
186  0.00030619665631093085
187  0.00030551140662282705
181  0.00030516323749907315
183  0.00030508238705806434
184  0.00030485153547488153
195  0.0003044884360861033
178  0.0003043183824047446
174  0.0003042284515686333
188  0.00030417711241170764
197  0.00030414346838369966
171  0.0003035024565178901
189  0.0003033771936316043
192  0.0003032100503332913
190  0.0003031094965990633
175  0.0003028711653314531
169  0.00030282727675512433
182  0.0003025410114787519
166  0.0003024617035407573
180  0.0003024285251740366
191  0.00030227808747440577
194  0.00030189272365532815
179  0.00030172811239026487
173  0.0003015446709468961
177  0.00030147252255119383
185  0.00030146935023367405
167  0.0003012070374097675
193  0.00030093835084699094
176  0.0003000273718498647
196  0.00029976177029311657
170  0.0002994535898324102
172  0.0002993719244841486
168  0.0002966364845633507
920  0.0002032081101788208
279  0.00014571993960998952
285  0.00014557148097082973
281  0.00014552095672115684
289  0.00014539793482981622
278  0.0001453929435228929
280  0.00014538809773512185
290  0.00014532211935147643
288  0.00014529940381180495
291  0.00014528138854075223
284  0.0001452433061785996
275  0.00014520397235173732
293  0.00014516535156872123
266  0.00014512256893794984
283  0.00014507553714793175
282  0.00014498938980977982
277  0.0001449843985028565
286  0.00014498108066618443
264  0.00014495468349196017
294  0.00014493711933027953
274  0.00014493298658635467
267  0.0001449264818802476
271  0.00014486844884231687
292  0.00014481307880487293
295  0.0001447894610464573
265  0.0001446473179385066
273  0.00014461271348409355
268  0.00014458982332143933
270  0.00014448935689870268
287  0.00014447461580857635
276  0.0001444556110072881
269  0.00014437490608543158
272  0.00014435673074331135
329  0.00013849911920260638
651  9.440804569749162e-05
640  9.435827087145299e-05
645  9.429899364477023e-05
650  9.426078759133816e-05
642  9.409420454176143e-05
643  9.409240010427311e-05
641  9.404386946698651e-05
649  9.401885472470894e-05
631  9.386880992678925e-05
626  9.385673183714971e-05
652  9.380420669913292e-05
646  9.369647887069732e-05
655  9.366136509925127e-05
648  9.362913260702044e-05
653  9.361395495943725e-05
639  9.359627438243479e-05
632  9.348326420877129e-05
656  9.347382001578808e-05
647  9.347024752059951e-05
635  9.346276056021452e-05
637  9.344521095044911e-05
627  9.338454401586205e-05
634  9.327036241302267e-05
629  9.32238544919528e-05
636  9.320608660345897e-05
630  9.31836839299649e-05
644  9.314619819633663e-05
654  9.300941746914759e-05
638  9.29777670535259e-05
628  9.296739881392568e-05
633  9.290978778153658e-05
625  9.266380220651627e-05
480  6.226691039046273e-05
476  6.223010859685019e-05
464  6.205688987392932e-05
488  6.204665260156617e-05
475  6.203316297614947e-05
492  6.202079384820536e-05
482  6.201837095431983e-05
481  6.201832002261654e-05
486  6.201447104103863e-05
484  6.201340875122696e-05
485  6.200087227625772e-05
487  6.197758193593472e-05
474  6.194691377459094e-05
483  6.194230081746355e-05
491  6.193970330059528e-05
489  6.190492422319949e-05
469  6.189365376485512e-05
467  6.187170220073313e-05
472  6.18602498434484e-05
478  6.185931124491617e-05
473  6.17744808550924e-05
477  6.177295290399343e-05
465  6.177135946927592e-05
471  6.176641181809828e-05
461  6.175445014378056e-05
479  6.174491863930598e-05
466  6.171095446916297e-05
470  6.167800165712833e-05
462  6.157316965982318e-05
463  6.155226583359763e-05
490  6.14834571024403e-05
468  6.140628102002665e-05
119  2.5423623810638674e-05
115  2.5367970010847785e-05
126  2.534591476432979e-05
125  2.526721618778538e-05
114  2.5257508241338655e-05
116  2.5254159481846727e-05
127  2.5225805075024255e-05
121  2.521620990592055e-05
122  2.520873022149317e-05
130  2.5190152882714756e-05
124  2.5181914679706097e-05
123  2.5162831661873497e-05
113  2.5158797143376432e-05
120  2.5141316655208357e-05
131  2.5128349079750478e-05
118  2.5107869078055955e-05
128  2.5083310902118683e-05
117  2.5070876290556043e-05
100  2.5059785912162624e-05
103  2.5034081772901118e-05
111  2.502885581634473e-05
110  2.5005499992403202e-05
109  2.500516529835295e-05
101  2.5003782866406254e-05
129  2.5002735128509812e-05
106  2.500037408026401e-05
112  2.498700087016914e-05
105  2.4971468519652262e-05
107  2.492757084837649e-05
104  2.4918565031839535e-05
102  2.4914641471696086e-05
108  2.48997712333221e-05
827  1.9228780729463324e-05
835  1.921200964716263e-05
822  1.9203564079361968e-05
830  1.9200104361516424e-05
841  1.9187255020369776e-05
833  1.91867038665805e-05
850  1.918262569233775e-05
845  1.91798808373278e-05
834  1.9179862647433765e-05
825  1.9179771697963588e-05
851  1.9179771697963588e-05
839  1.917838199005928e-05
842  1.9175548004568554e-05
853  1.9175382476532832e-05
826  1.9174374756403267e-05
831  1.9174374756403267e-05
843  1.917229383252561e-05
824  1.9164468540111557e-05
832  1.916441397042945e-05
844  1.9164359400747344e-05
829  1.9160630472470075e-05
852  1.9157287169946358e-05
836  1.9156374037265778e-05
828  1.915191751322709e-05
846  1.9149360014125705e-05
849  1.9139755750074983e-05
847  1.9135612092213705e-05
823  1.913358755700756e-05
838  1.9132128727505915e-05
840  1.9126162442262284e-05
837  1.9120016077067703e-05
848  1.9116350813419558e-05
717  8.257014997070655e-06
706  8.236409485107288e-06
710  8.231187166529708e-06
712  8.22921811050037e-06
713  8.229037121054716e-06
716  8.228008482547011e-06
705  8.211931344703771e-06
714  8.210521627916023e-06
718  8.203822289942764e-06
700  8.196416274586227e-06
707  8.195556802093051e-06
709  8.193204848794267e-06
691  8.192767381842714e-06
721  8.191336746676825e-06
715  8.185792466974817e-06
704  8.183988938981201e-06
708  8.183723366528284e-06
719  8.173872629413381e-06
702  8.171083209163044e-06
711  8.170934052031953e-06
692  8.169679858838208e-06
720  8.165286999428645e-06
697  8.165022336470429e-06
722  8.163878192135599e-06
698  8.15993917058222e-06
701  8.159597200574353e-06
696  8.157807315001264e-06
694  8.148134838847909e-06
703  8.135889402183238e-06
693  8.132445145747624e-06
695  8.1304833656759e-06
699  8.111463102977723e-06
854  7.987588105606847e-06
936  2.8508054583653575e-06
947  2.8472893518483033e-06
942  2.8459837722039083e-06
940  2.8422000468708575e-06
937  2.8301960810495075e-06
951  2.826134050337714e-06
943  2.825651790772099e-06
941  2.8238118829904124e-06
948  2.8206518436491024e-06
935  2.8196516268508276e-06
944  2.817560471157776e-06
952  2.8138840661995346e-06
930  2.8067900075257057e-06
939  2.806219754347694e-06
938  2.805909389280714e-06
949  2.8051226763636805e-06
926  2.801818254738464e-06
934  2.8012357233819785e-06
946  2.8011208996758796e-06
922  2.800511765599367e-06
945  2.800455831675208e-06
931  2.7994381071039243e-06
932  2.7965511435468215e-06
921  2.796238959490438e-06
928  2.791959559544921e-06
950  2.782592446237686e-06
929  2.7694190976035316e-06
933  2.768629428828717e-06
924  2.76768173534947e-06
927  2.766657871688949e-06
925  2.7656367365125334e-06
923  2.7656105885398574e-06
351  1.5699207551733707e-06
353  1.5674643236707198e-06
357  1.5628937717337976e-06
361  1.5615752317899023e-06
346  1.559955762786558e-06
349  1.5595123841194436e-06
352  1.5593012676617946e-06
356  1.5592730733260396e-06
347  1.5588581163683557e-06
333  1.5573916698485846e-06
350  1.5573248219880043e-06
340  1.556987626827322e-06
358  1.5569179367957986e-06
331  1.5563553006359143e-06
339  1.5560406154691009e-06
360  1.5557291135337437e-06
344  1.5552024024145794e-06
348  1.5549311456197756e-06
345  1.5536295450147009e-06
343  1.5527378991464502e-06
335  1.5527068626397522e-06
341  1.5517357496719342e-06
338  1.551581817693659e-06
342  1.5510581761191133e-06
332  1.5510314597122488e-06
354  1.5510106550209457e-06
330  1.549161424918566e-06
359  1.5473171970370458e-06
334  1.5459455653399345e-06
336  1.5454398862857488e-06
355  1.5419714145537e-06
337  1.5412319953611586e-06
870  1.5389905456686392e-06
876  1.537784669380926e-06
869  1.5377244153569336e-06
880  1.537099819870491e-06
865  1.536957711323339e-06
883  1.5362322756118374e-06
871  1.5361428040705505e-06
881  1.5357856000264292e-06
872  1.5356245057773776e-06
885  1.5356245057773776e-06
857  1.535396108920395e-06
879  1.534421244286932e-06
875  1.534409420855809e-06
882  1.5343362065323163e-06
873  1.5340232266680687e-06
861  1.5333065448430716e-06
877  1.533285967525444e-06
855  1.5329029565691599e-06
856  1.5324776541092433e-06
884  1.5318055375246331e-06
866  1.530568624730222e-06
878  1.529589667370601e-06
862  1.5292248463083524e-06
859  1.5288924259948544e-06
860  1.5280630805136752e-06
863  1.5278517366823507e-06
874  1.5277073543984443e-06
858  1.527553081359656e-06
867  1.526178493804764e-06
864  1.524716481071664e-06
886  1.524608705949504e-06
868  1.523961827842868e-06
723  1.3464358517012442e-06
749  4.975663046025147e-07
739  4.97480414196616e-07
748  4.974424996362359e-07
750  4.973495038029796e-07
746  4.968900952917465e-07
753  4.968417783857149e-07
754  4.967981794834486e-07
742  4.967816380485601e-07
724  4.967550921719521e-07
740  4.96711038522335e-07
738  4.96663687954424e-07
733  4.966437359144038e-07
736  4.964875301993743e-07
731  4.964315962752153e-07
737  4.964297204423929e-07
744  4.962498678651173e-07
745  4.962418529430579e-07
743  4.962143407283293e-07
755  4.961793820257299e-07
730  4.961689228366595e-07
729  4.961031550010375e-07
741  4.959295551998366e-07
727  4.958662316312257e-07
751  4.958628778695129e-07
752  4.958122872267268e-07
725  4.958018848810752e-07
735  4.957375381309248e-07
726  4.956519887855393e-07
747  4.955314807375544e-07
732  4.954705445925356e-07
728  4.953212169311882e-07
734  4.952792096446501e-07
