37  0.35251814126968384
38  0.35251814126968384
39  0.35251814126968384
40  0.35251814126968384
41  0.35251814126968384
42  0.35251814126968384
43  0.35251814126968384
44  0.35251814126968384
45  0.35251814126968384
46  0.35251814126968384
47  0.35251814126968384
48  0.35251814126968384
49  0.35251814126968384
50  0.35251814126968384
51  0.35251814126968384
52  0.35251814126968384
53  0.35251814126968384
54  0.35251814126968384
55  0.35251814126968384
56  0.35251814126968384
57  0.35251814126968384
58  0.35251814126968384
59  0.35251814126968384
60  0.35251814126968384
61  0.35251814126968384
62  0.35251814126968384
63  0.35251814126968384
64  0.35251814126968384
65  0.35251814126968384
66  0.35251814126968384
67  0.35251814126968384
68  0.35251814126968384
69  0.35251814126968384
70  0.35251814126968384
71  0.35251814126968384
714  0.35251814126968384
715  0.35251814126968384
716  0.35251814126968384
717  0.35251814126968384
718  0.35251814126968384
719  0.35251814126968384
720  0.35251814126968384
721  0.35251814126968384
722  0.35251814126968384
723  0.35251814126968384
724  0.35251814126968384
725  0.35251814126968384
726  0.35251814126968384
727  0.35251814126968384
728  0.35251814126968384
729  0.35251814126968384
730  0.35251814126968384
731  0.35251814126968384
732  0.35251814126968384
733  0.35251814126968384
734  0.35251814126968384
735  0.35251814126968384
736  0.35251814126968384
737  0.35251814126968384
738  0.35251814126968384
739  0.35251814126968384
740  0.35251814126968384
741  0.35251814126968384
742  0.35251814126968384
743  0.35251814126968384
744  0.35251814126968384
745  0.35251814126968384
746  0.35251814126968384
747  0.35251814126968384
748  0.35251814126968384
821  0.35251814126968384
822  0.35251814126968384
823  0.35251814126968384
824  0.35251814126968384
825  0.35251814126968384
826  0.35251814126968384
827  0.35251814126968384
828  0.35251814126968384
829  0.35251814126968384
830  0.35251814126968384
831  0.35251814126968384
832  0.35251814126968384
833  0.35251814126968384
834  0.35251814126968384
835  0.35251814126968384
836  0.35251814126968384
837  0.35251814126968384
838  0.35251814126968384
839  0.35251814126968384
840  0.35251814126968384
841  0.35251814126968384
842  0.35251814126968384
843  0.35251814126968384
844  0.35251814126968384
845  0.35251814126968384
846  0.35251814126968384
847  0.35251814126968384
848  0.35251814126968384
849  0.35251814126968384
850  0.35251814126968384
851  0.35251814126968384
852  0.35251814126968384
853  0.35251814126968384
854  0.35251814126968384
855  0.35251814126968384
856  0.35251814126968384
857  0.35251814126968384
858  0.35251814126968384
859  0.35251814126968384
860  0.35251814126968384
861  0.35251814126968384
862  0.35251814126968384
863  0.35251814126968384
864  0.35251814126968384
865  0.35251814126968384
866  0.35251814126968384
867  0.35251814126968384
868  0.35251814126968384
869  0.35251814126968384
870  0.35251814126968384
871  0.35251814126968384
872  0.35251814126968384
873  0.35251814126968384
874  0.35251814126968384
875  0.35251814126968384
876  0.35251814126968384
877  0.35251814126968384
878  0.35251814126968384
879  0.35251814126968384
880  0.35251814126968384
881  0.35251814126968384
882  0.35251814126968384
883  0.35251814126968384
884  0.35251814126968384
885  0.35251814126968384
886  0.35251814126968384
887  0.35251814126968384
888  0.35251814126968384
889  0.35251814126968384
890  0.35251814126968384
928  0.35251814126968384
929  0.35251814126968384
930  0.35251814126968384
931  0.35251814126968384
932  0.35251814126968384
933  0.35251814126968384
934  0.35251814126968384
935  0.35251814126968384
936  0.35251814126968384
937  0.35251814126968384
938  0.35251814126968384
939  0.35251814126968384
940  0.35251814126968384
941  0.35251814126968384
942  0.35251814126968384
943  0.35251814126968384
944  0.35251814126968384
945  0.35251814126968384
946  0.35251814126968384
947  0.35251814126968384
948  0.35251814126968384
949  0.35251814126968384
950  0.35251814126968384
951  0.35251814126968384
952  0.35251814126968384
953  0.35251814126968384
954  0.35251814126968384
955  0.35251814126968384
956  0.35251814126968384
957  0.35251814126968384
958  0.35251814126968384
959  0.35251814126968384
960  0.35251814126968384
961  0.35251814126968384
962  0.35251814126968384
891  0.35143494606018066
607  0.35112297534942627
632  0.350972980260849
634  0.3503439128398895
633  0.35024333000183105
626  0.35023951530456543
631  0.3502250909805298
638  0.3499637842178345
628  0.34992775321006775
636  0.349815309047699
927  0.3497397005558014
639  0.3497054874897003
625  0.3496691584587097
611  0.34952062368392944
615  0.34944385290145874
612  0.3493872284889221
617  0.3493792414665222
618  0.34936007857322693
610  0.34930527210235596
629  0.3492867648601532
621  0.3492625057697296
624  0.3492451310157776
630  0.34922680258750916
640  0.3492106795310974
627  0.3491935431957245
635  0.34912577271461487
641  0.3491232097148895
622  0.3489985167980194
608  0.34898847341537476
623  0.34898778796195984
637  0.3489640951156616
609  0.34894776344299316
616  0.348848819732666
620  0.3488183319568634
613  0.34877610206604004
619  0.34873685240745544
614  0.3484439253807068
917  0.34620365500450134
913  0.34525442123413086
911  0.3451474905014038
916  0.34457290172576904
914  0.3442780375480652
923  0.3442089855670929
892  0.34398120641708374
918  0.3438176214694977
896  0.34379416704177856
921  0.34328633546829224
919  0.3432703912258148
906  0.34271350502967834
915  0.34268075227737427
925  0.3422758877277374
924  0.34225308895111084
910  0.341786652803421
902  0.3416152894496918
926  0.34145697951316833
922  0.34141936898231506
903  0.341045618057251
912  0.34095075726509094
895  0.34086328744888306
900  0.3408629894256592
898  0.3407788574695587
905  0.34064480662345886
908  0.34063127636909485
897  0.34039822220802307
909  0.34038689732551575
893  0.3402269184589386
901  0.3400668203830719
920  0.3400377929210663
899  0.3395153880119324
894  0.33951184153556824
904  0.3391876816749573
907  0.3391263484954834
72  0.21536298096179962
94  0.17404386401176453
95  0.17370888590812683
99  0.17354077100753784
93  0.17329682409763336
90  0.17329326272010803
98  0.1730639934539795
96  0.17272818088531494
105  0.17190054059028625
97  0.17186777293682098
102  0.17150744795799255
92  0.17119251191616058
91  0.17114275693893433
75  0.17110110819339752
78  0.17104503512382507
103  0.17081023752689362
106  0.17074209451675415
87  0.17061376571655273
101  0.17038464546203613
85  0.17029902338981628
84  0.17025408148765564
88  0.17023874819278717
104  0.17019520699977875
76  0.17018164694309235
100  0.1701204478740692
83  0.1699908971786499
73  0.1699555218219757
82  0.16976845264434814
80  0.16972415149211884
89  0.16932660341262817
86  0.16926921904087067
77  0.16916421055793762
81  0.16913913190364838
74  0.1688750833272934
79  0.16846323013305664
107  0.16535542905330658
129  0.12498036026954651
133  0.12485402077436447
127  0.12476547807455063
134  0.12470380961894989
130  0.1246810108423233
131  0.12453846633434296
135  0.12442030757665634
132  0.12425637990236282
112  0.12404600530862808
137  0.12383688986301422
126  0.12382254749536514
142  0.12372490763664246
118  0.12368214875459671
108  0.12354004383087158
128  0.12353789061307907
138  0.12353748083114624
139  0.1235203668475151
122  0.12331544607877731
111  0.12317182123661041
141  0.12312206625938416
115  0.12310300767421722
121  0.12307943403720856
114  0.12307524681091309
116  0.12302297353744507
113  0.12290681153535843
140  0.12289156764745712
109  0.12284950166940689
125  0.1227380707859993
606  0.1227271780371666
124  0.12269746512174606
117  0.12268581241369247
119  0.12268296629190445
110  0.1226612851023674
136  0.1224237009882927
120  0.12218861281871796
123  0.12204807251691818
592  0.08127705752849579
593  0.08118132501840591
594  0.0811503529548645
595  0.08111569285392761
598  0.08101192861795425
596  0.08094669133424759
597  0.08094587922096252
589  0.08092799037694931
604  0.08088855445384979
605  0.08086521178483963
572  0.08083893358707428
590  0.0807848870754242
601  0.08076699823141098
591  0.08076272159814835
582  0.08075790852308273
600  0.08072187006473541
586  0.08070708811283112
577  0.08067316561937332
599  0.08066666126251221
602  0.08064915984869003
574  0.08064735680818558
603  0.0805998221039772
584  0.08059956133365631
583  0.08056886494159698
579  0.08053001761436462
575  0.08050552755594254
588  0.08050230890512466
573  0.08047841489315033
578  0.08047199249267578
576  0.08046715706586838
581  0.08044905960559845
580  0.08044423162937164
587  0.08041591197252274
585  0.08034439384937286
415  0.05249972641468048
414  0.05246925726532936
412  0.05239525064826012
418  0.052379291504621506
419  0.05237550660967827
416  0.05230939760804176
420  0.05226192623376846
397  0.05220978334546089
417  0.05217947065830231
422  0.052122052758932114
423  0.052090585231781006
411  0.05208149924874306
403  0.0520784892141819
424  0.05203883722424507
413  0.0519794262945652
393  0.05197709798812866
407  0.05192473158240318
400  0.05192411690950394
427  0.05191883072257042
406  0.051887135952711105
426  0.05184565484523773
399  0.05182509869337082
398  0.05177760496735573
401  0.051759812980890274
396  0.05175356566905975
425  0.051750168204307556
394  0.05172686651349068
409  0.05166004225611687
421  0.051647987216711044
410  0.05162157863378525
395  0.05159875005483627
402  0.051581066101789474
404  0.05148749053478241
405  0.051444776356220245
408  0.051401399075984955
571  0.04970254749059677
1024  0.012828245759010315
1020  0.012744894251227379
1023  0.012707587331533432
1021  0.012705494649708271
1018  0.01270370651036501
1026  0.0127034243196249
999  0.012656527571380138
1028  0.012656312435865402
1022  0.012655388563871384
1000  0.012640240602195263
1030  0.012627006508409977
1004  0.01262536458671093
1010  0.012624223716557026
1032  0.012620563618838787
1025  0.012617182917892933
1019  0.012616951018571854
1003  0.012616564519703388
1017  0.012615038082003593
1007  0.012612116523087025
1002  0.012608963064849377
1009  0.012608345597982407
1029  0.012593579478561878
1027  0.012592417187988758
1008  0.012584783136844635
1033  0.012582804076373577
1012  0.012582673691213131
1031  0.012582086957991123
1005  0.012555835768580437
1015  0.012555213645100594
1013  0.012537119910120964
1016  0.012535360641777515
1001  0.012535089626908302
1014  0.012524387799203396
1006  0.012494746595621109
1011  0.012485301122069359
1034  0.010906720533967018
1061  0.009856142103672028
1057  0.009849460795521736
1056  0.009843227453529835
1060  0.009821324609220028
1052  0.009798073209822178
1059  0.00979694351553917
1054  0.009783021174371243
1058  0.009781722910702229
1067  0.009781229309737682
1055  0.009774724952876568
1037  0.009769510477781296
1053  0.009754607453942299
1069  0.009752764366567135
1040  0.009751245379447937
1065  0.009735966101288795
1047  0.009730740450322628
1064  0.009728517383337021
1043  0.00972563773393631
1051  0.00972217507660389
1050  0.009716466069221497
1039  0.009714415296912193
1066  0.009711548686027527
1036  0.009706322103738785
1046  0.009703361429274082
1048  0.009702170267701149
1068  0.00969490222632885
1038  0.009693258441984653
1042  0.009692782536149025
1044  0.009692037478089333
1063  0.009683651849627495
1049  0.009673632681369781
1062  0.00965806283056736
1035  0.0096576027572155
1045  0.009657032787799835
1041  0.009656836278736591
642  0.009554385207593441
428  0.007553079165518284
820  0.007288483902812004
204  0.005210363771766424
200  0.005207055248320103
202  0.005199433770030737
203  0.005198920611292124
197  0.005193549674004316
201  0.005192643031477928
205  0.005189783871173859
199  0.005185172893106937
207  0.005163173191249371
198  0.005161356646567583
206  0.005161263048648834
194  0.005154537037014961
212  0.005150418262928724
180  0.00515007646754384
213  0.005149694625288248
209  0.005149492062628269
208  0.005148537456989288
185  0.005146940238773823
190  0.005143791437149048
210  0.005143098998814821
183  0.005137838888913393
193  0.0051352460868656635
211  0.005134126171469688
196  0.005133175756782293
181  0.005132810212671757
195  0.0051313890144228935
188  0.0051291766576468945
187  0.005127694923430681
191  0.005126488395035267
182  0.005125321447849274
189  0.0051245675422251225
192  0.0051201158203184605
186  0.00511470902711153
184  0.005108661483973265
392  0.004270421806722879
384  0.003844953840598464
379  0.0038427484687417746
375  0.0038340280298143625
378  0.0038179780822247267
380  0.003808031091466546
390  0.0037974005099385977
381  0.003796776058152318
383  0.003796633565798402
363  0.0037842243909835815
387  0.0037799233105033636
368  0.0037615718320012093
391  0.0037608107086271048
370  0.0037566772662103176
388  0.0037544737569987774
382  0.0037527228705585003
389  0.0037484446074813604
373  0.0037476597353816032
360  0.0037469419185072184
369  0.0037451540119946003
361  0.0037373993545770645
385  0.0037346570752561092
386  0.0037321813870221376
367  0.0037264961283653975
376  0.003725959686562419
377  0.0037185787223279476
372  0.003716313047334552
366  0.0037122296635061502
371  0.003708172356709838
358  0.0037075276486575603
365  0.0037075276486575603
374  0.003697352483868599
359  0.003695889376103878
362  0.0036939545534551144
713  0.0036917775869369507
364  0.0036910553462803364
558  0.003180466126650572
561  0.0031620219815522432
557  0.003156662452965975
555  0.0031521988566964865
560  0.003146361792460084
562  0.0031349104829132557
537  0.003133959835395217
559  0.0031299120746552944
544  0.003129197983071208
556  0.0031248158775269985
540  0.003122857306152582
538  0.0031225753482431173
553  0.0031221567187458277
554  0.003122018650174141
541  0.0031207071151584387
565  0.0031197357457131147
568  0.0031189867295324802
570  0.003117381362244487
547  0.0031151981092989445
566  0.003114348044618964
543  0.0031137929763644934
548  0.003110066521912813
539  0.0031093559227883816
552  0.0031085547525435686
564  0.003107519121840596
545  0.003106873482465744
569  0.003105519339442253
551  0.0031029488891363144
549  0.003099331632256508
563  0.00309695303440094
567  0.0030963716562837362
546  0.0030911199282854795
550  0.003086026757955551
542  0.003085794858634472
536  0.003084793221205473
307  0.002904099179431796
309  0.0028990693390369415
311  0.00289872451685369
310  0.0028932238928973675
308  0.002891422249376774
312  0.002890875330194831
306  0.002885437337681651
313  0.0028810123912990093
320  0.002880341373383999
314  0.002879292471334338
304  0.0028782151639461517
305  0.00287810992449522
295  0.002875125501304865
292  0.0028736756648868322
297  0.002873476129025221
316  0.002871735952794552
294  0.002871024888008833
303  0.002870702650398016
300  0.002870567375794053
290  0.0028698057867586613
288  0.002868889132514596
315  0.0028685659635812044
318  0.0028683326672762632
287  0.0028674353379756212
302  0.0028656322974711657
296  0.0028640248347073793
289  0.0028630662709474564
301  0.0028627084102481604
293  0.0028582499362528324
298  0.0028575134929269552
319  0.0028572974260896444
317  0.0028568627312779427
299  0.0028546005487442017
291  0.0028543344233185053
214  0.0026705677155405283
286  0.002057062229141593
36  0.001961869653314352
535  0.001143963192589581
749  0.000955220777541399
665  0.0006221320945769548
662  0.0006200528587214649
664  0.0006192906876094639
668  0.0006187690887600183
667  0.0006182279903441668
669  0.0006172788562253118
675  0.0006157740717753768
660  0.0006154029397293925
661  0.0006150487461127341
651  0.0006145125953480601
645  0.0006142482743598521
666  0.0006142421043477952
663  0.0006135780131444335
647  0.0006134815630502999
655  0.0006133508868515491
659  0.0006131863920018077
644  0.0006131401751190424
677  0.0006126691005192697
673  0.0006123188068158925
650  0.0006122441263869405
648  0.0006121909827925265
674  0.0006121355690993369
656  0.000611213908996433
658  0.0006109599489718676
646  0.0006105399806983769
671  0.0006102973711676896
649  0.0006102120969444513
652  0.0006101229228079319
672  0.0006101028411649168
643  0.0006097467266954482
657  0.0006093828123994172
654  0.0006093464326113462
676  0.0006093229749239981
670  0.0006082443287596107
653  0.0006070056115277112
179  0.0006038512219674885
450  0.00046543884673155844
454  0.0004651059862226248
451  0.0004649643669836223
448  0.00046364014269784093
430  0.0004632765194401145
453  0.00046318204840645194
437  0.0004628898750524968
455  0.0004626871377695352
434  0.00046176472096703947
449  0.0004616815713234246
452  0.00046165776439011097
459  0.0004616540390998125
446  0.000461428367998451
433  0.000461048650322482
456  0.00046103811473585665
447  0.0004608837189152837
432  0.0004608648014254868
457  0.00046048322110436857
463  0.00046026401105336845
439  0.000460229319287464
429  0.0004602282424457371
461  0.0004602209955919534
440  0.0004602016997523606
458  0.0004601951513905078
438  0.0004601089167408645
435  0.00046005629701539874
431  0.00045988880447112024
441  0.00045987495104782283
445  0.0004597404331434518
444  0.000459697243059054
460  0.0004595625214278698
442  0.00045950207277201116
462  0.00045950207277201116
436  0.0004586861177813262
443  0.000456541107269004
525  0.00041512754978612065
522  0.00041356185101903975
524  0.00041285910992883146
521  0.0004124832048546523
526  0.0004123284888919443
527  0.00041226623579859734
519  0.00041215677629224956
531  0.00041200401028618217
529  0.00041197374230250716
514  0.00041148331365548074
504  0.0004113081959076226
532  0.0004111944872420281
500  0.00041055664769373834
321  0.0004102937236893922
533  0.00041027338011190295
523  0.0004102045495528728
518  0.0004099639772903174
530  0.00040987154352478683
510  0.0004098076606169343
357  0.000409542495617643
506  0.00040942305349744856
508  0.0004092761082574725
513  0.0004089196736458689
516  0.0004088935675099492
534  0.00040868218638934195
520  0.0004083170788362622
501  0.000407846353482455
503  0.00040779521805234253
505  0.0004077730991411954
507  0.0004077194316778332
511  0.0004074558091815561
502  0.0004073420132044703
528  0.0004067939007654786
509  0.0004066810361109674
512  0.00040632591117173433
517  0.00040631176671013236
515  0.0004051612922921777
240  0.0002749166451394558
678  0.0002733359578996897
215  0.00027327079442329705
234  0.0002728969557210803
239  0.000272625416982919
236  0.0002724149962887168
241  0.0002718289033509791
246  0.00027157581644132733
242  0.0002712337300181389
244  0.0002710220287553966
219  0.00027053512167185545
248  0.000270467804512009
233  0.00027039487031288445
237  0.0002701634366530925
238  0.00026983857969753444
247  0.0002696407900657505
229  0.0002694593567866832
225  0.0002693938440643251
226  0.0002692246634978801
235  0.0002692205598577857
218  0.00026911587337963283
228  0.00026902605895884335
249  0.0002689196262508631
220  0.00026879890356212854
223  0.0002684539067558944
216  0.00026835742755793035
224  0.00026826048269867897
232  0.0002681697078514844
243  0.0002680812613107264
245  0.0002680528850760311
221  0.00026801711646839976
231  0.00026757922023534775
230  0.00026750576216727495
217  0.00026739740860648453
222  0.00026692819665186107
227  0.0002667928347364068
703  0.00026038518990390003
699  0.0002602938620839268
701  0.00026026807609014213
702  0.0002594845718704164
704  0.0002591265947557986
700  0.00025900828768499196
698  0.0002588695497252047
712  0.00025842024479061365
697  0.00025835077394731343
695  0.0002578138664830476
696  0.0002574549871496856
705  0.000257446663454175
682  0.0002574454410932958
689  0.0002573789097368717
707  0.0002573320525698364
684  0.0002573009114712477
688  0.0002572753874119371
686  0.00025722215650603175
680  0.00025718830875121057
687  0.000257145642535761
679  0.0002569329517427832
706  0.000256920960964635
708  0.0002568849304225296
710  0.00025678036035969853
694  0.00025642025866545737
685  0.0002564016613177955
711  0.0002563782036304474
681  0.00025637622456997633
693  0.00025626065325923264
692  0.0002561858855187893
683  0.00025602156529203057
691  0.000256017898209393
690  0.00025601350353099406
709  0.0002555218816269189
808  0.00022478685423266143
806  0.00022462250490207225
810  0.00022423134942073375
807  0.00022421812172979116
804  0.0002242035698145628
811  0.0002241304755443707
812  0.00022394655388779938
809  0.00022333265224006027
789  0.00022325624013319612
814  0.00022300858108792454
819  0.00022292738140095025
803  0.0002227121585747227
795  0.00022270515910349786
785  0.0002226733195129782
805  0.00022265419829636812
815  0.00022251626069191843
792  0.00022222049301490188
802  0.00022212282055988908
816  0.00022190480376593769
793  0.00022179483494255692
788  0.00022170707234181464
798  0.00022169650765135884
791  0.000221632668399252
786  0.00022159081709105521
790  0.0002215019048890099
818  0.00022149029246065766
799  0.00022147360141389072
794  0.00022128089040052146
801  0.0002212591643910855
787  0.00022108791745267808
796  0.00022096883913036436
817  0.00022095179883763194
797  0.00022090713900979608
813  0.00022081592760514468
800  0.00022067407553549856
143  0.000137829061714001
250  0.00013709346239920706
464  0.00013359646254684776
499  0.00010966585978167132
486  8.714376599527895e-05
487  8.69612194946967e-05
491  8.664279448566958e-05
490  8.661999163450673e-05
488  8.637831342639402e-05
485  8.631441596662626e-05
482  8.629820513306186e-05
489  8.61352527863346e-05
497  8.601090667070821e-05
470  8.592335507273674e-05
494  8.587756019551307e-05
483  8.576837717555463e-05
484  8.571205398766324e-05
467  8.568818884668872e-05
495  8.551097562303767e-05
496  8.546491153538227e-05
479  8.538403199054301e-05
481  8.53526871651411e-05
478  8.534633525414392e-05
468  8.532981883035973e-05
476  8.532387437298894e-05
474  8.52496232255362e-05
480  8.520013216184452e-05
477  8.516755769960582e-05
492  8.51034201332368e-05
493  8.497027010889724e-05
472  8.49443458719179e-05
469  8.492296183248982e-05
498  8.488167077302933e-05
475  8.481952681904659e-05
473  8.478677773382515e-05
471  8.473172783851624e-05
465  8.461708057438955e-05
466  8.449936285614967e-05
273  7.976347114890814e-05
275  7.975624612299725e-05
270  7.973099855007604e-05
272  7.971465674927458e-05
277  7.968379941303283e-05
276  7.964171527419239e-05
253  7.956982881296426e-05
252  7.956526678754017e-05
274  7.953007298056036e-05
269  7.952658052090555e-05
283  7.950140570756048e-05
268  7.949511928018183e-05
259  7.947965787025169e-05
271  7.947344420244917e-05
281  7.946958066895604e-05
282  7.945646211737767e-05
255  7.945199467940256e-05
280  7.94460138422437e-05
285  7.944070966914296e-05
262  7.939223723951727e-05
267  7.938928320072591e-05
256  7.938262569950894e-05
263  7.938020280562341e-05
257  7.937369082355872e-05
260  7.933162123663351e-05
258  7.933003507787362e-05
279  7.932216976769269e-05
284  7.929842104203999e-05
266  7.926765101728961e-05
254  7.925669342512265e-05
264  7.924172678031027e-05
278  7.921188080217689e-05
251  7.918288611108437e-05
261  7.918091432657093e-05
265  7.915963215054944e-05
22  6.181868229759857e-05
24  6.180730269988999e-05
26  6.168358959257603e-05
27  6.103981286287308e-05
1  6.099076199461706e-05
25  6.0979124100413173e-05
23  6.078266596887261e-05
28  6.0710190155077726e-05
20  6.064602348487824e-05
21  6.0559221310541034e-05
35  6.030818258295767e-05
19  6.027990093571134e-05
5  6.0023947298759595e-05
31  5.9974510804750025e-05
11  5.9960962971672416e-05
18  5.9861093177460134e-05
2  5.983865412417799e-05
12  5.981704089208506e-05
7  5.9783673350466415e-05
10  5.977911496302113e-05
30  5.974635132588446e-05
9  5.974514351692051e-05
29  5.973210500087589e-05
15  5.968234108877368e-05
8  5.948557372903451e-05
4  5.947819954599254e-05
33  5.9453072026371956e-05
3  5.9441339544719085e-05
16  5.941572817391716e-05
34  5.9372116083977744e-05
14  5.935428271186538e-05
17  5.92994038015604e-05
6  5.929833059781231e-05
13  5.917128873988986e-05
32  5.914088251302019e-05
784  5.6776734709274024e-05
776  5.0623715651454404e-05
772  5.05516400153283e-05
771  5.0525570259196684e-05
775  5.040135874878615e-05
767  5.018816955271177e-05
770  5.009387678001076e-05
773  5.005409548175521e-05
774  4.9992224376183e-05
782  4.987860666005872e-05
769  4.983880717190914e-05
752  4.975139017915353e-05
768  4.969486690242775e-05
755  4.96322572871577e-05
779  4.959979560226202e-05
780  4.9512465920997784e-05
762  4.940864891977981e-05
765  4.940318103763275e-05
781  4.9261860112892464e-05
766  4.9254202167503536e-05
753  4.9219128413824365e-05
761  4.9198624765267596e-05
758  4.919453931506723e-05
764  4.917582555208355e-05
783  4.9158945330418646e-05
754  4.914769669994712e-05
763  4.9145026423502713e-05
778  4.911148062092252e-05
759  4.910370989819057e-05
757  4.9022484745364636e-05
751  4.8947931645670906e-05
750  4.894582889392041e-05
777  4.8925390728982165e-05
760  4.883841029368341e-05
756  4.8648427764419466e-05
347  6.361727628245717e-06
349  6.326304173853714e-06
343  6.325707090582e-06
344  6.325170033960603e-06
346  6.312280675047077e-06
341  6.311383913271129e-06
322  6.305349870672217e-06
345  6.297014806477819e-06
351  6.2962344600236975e-06
353  6.295615548879141e-06
323  6.29250644124113e-06
327  6.291396857704967e-06
330  6.289254542934941e-06
354  6.2879353208700195e-06
350  6.286346433626022e-06
352  6.286118605203228e-06
340  6.285914878390031e-06
326  6.2853155213815626e-06
332  6.2851236179994885e-06
325  6.28470388619462e-06
348  6.2837216319167055e-06
355  6.283079983404605e-06
328  6.2826961766404565e-06
338  6.28209772912669e-06
335  6.280126854107948e-06
342  6.27683948550839e-06
336  6.276713975239545e-06
333  6.275271516642533e-06
331  6.2729914134251885e-06
356  6.2608355619886424e-06
324  6.257749646465527e-06
334  6.252349976421101e-06
339  6.246379143703962e-06
337  6.24493168288609e-06
329  6.2421986513072625e-06
998  4.337693098932505e-06
963  1.260654244106263e-06
984  1.827221751682373e-07
988  1.8266921131271374e-07
986  1.8201188822786207e-07
987  1.812241663401437e-07
989  1.8045119531961973e-07
983  1.8042692317976616e-07
985  1.802599172151531e-07
982  1.7991060019539873e-07
990  1.7979964184178243e-07
980  1.7946061348084186e-07
991  1.7936068275048456e-07
972  1.7932458717950794e-07
974  1.7924234896327107e-07
997  1.7903445836964238e-07
964  1.788474150998809e-07
969  1.787464611879841e-07
981  1.786423382554858e-07
971  1.785880101579096e-07
965  1.7848465461156593e-07
977  1.784233916168887e-07
978  1.7832302035003522e-07
966  1.7831808918344905e-07
993  1.7828884324444516e-07
967  1.7788259754070168e-07
995  1.778520584139187e-07
992  1.7783322903142107e-07
973  1.7770759086488397e-07
968  1.7747422020875092e-07
979  1.772719144810253e-07
975  1.7709481880956446e-07
970  1.7701815124837594e-07
996  1.7689512787910644e-07
976  1.767750603676177e-07
994  1.7636185134506377e-07
169  6.166101229609922e-08
165  6.159918086723337e-08
166  6.150983011821154e-08
164  6.138255770338219e-08
168  6.1346391078132e-08
163  6.126558815822136e-08
152  6.123007523228807e-08
148  6.117485895629216e-08
154  6.116459161376042e-08
167  6.115327977340712e-08
145  6.110698791417235e-08
178  6.110197858788524e-08
171  6.1088343272786e-08
174  6.105910443920948e-08
172  6.10350028296125e-08
173  6.101893745835696e-08
155  6.100741956061029e-08
144  6.098659355302516e-08
153  6.09829839959275e-08
162  6.09715868904459e-08
149  6.095518756410456e-08
160  6.09357755365636e-08
147  6.093159754527733e-08
170  6.091927673423925e-08
150  6.090370874289874e-08
146  6.08689916248295e-08
157  6.078371228568358e-08
156  6.077664238546276e-08
161  6.076574976532356e-08
177  6.075392633420051e-08
175  6.072102820553482e-08
176  6.072090741326974e-08
158  6.067518398822358e-08
159  6.064880153644481e-08
151  6.050044731864546e-08
