44  0.31839245557785034
45  0.31839245557785034
46  0.31839245557785034
47  0.31839245557785034
48  0.31839245557785034
49  0.31839245557785034
50  0.31839245557785034
51  0.31839245557785034
52  0.31839245557785034
53  0.31839245557785034
54  0.31839245557785034
55  0.31839245557785034
56  0.31839245557785034
57  0.31839245557785034
58  0.31839245557785034
59  0.31839245557785034
60  0.31839245557785034
61  0.31839245557785034
62  0.31839245557785034
63  0.31839245557785034
64  0.31839245557785034
65  0.31839245557785034
66  0.31839245557785034
67  0.31839245557785034
68  0.31839245557785034
69  0.31839245557785034
70  0.31839245557785034
71  0.31839245557785034
72  0.31839245557785034
73  0.31839245557785034
74  0.31839245557785034
75  0.31839245557785034
76  0.31839245557785034
77  0.31839245557785034
78  0.31839245557785034
79  0.31839245557785034
80  0.31839245557785034
81  0.31839245557785034
82  0.31839245557785034
83  0.31839245557785034
84  0.31839245557785034
85  0.31839245557785034
86  0.31839245557785034
474  0.31839245557785034
475  0.31839245557785034
476  0.31839245557785034
477  0.31839245557785034
478  0.31839245557785034
479  0.31839245557785034
480  0.31839245557785034
481  0.31839245557785034
482  0.31839245557785034
483  0.31839245557785034
484  0.31839245557785034
485  0.31839245557785034
486  0.31839245557785034
487  0.31839245557785034
488  0.31839245557785034
489  0.31839245557785034
490  0.31839245557785034
491  0.31839245557785034
492  0.31839245557785034
493  0.31839245557785034
494  0.31839245557785034
495  0.31839245557785034
496  0.31839245557785034
497  0.31839245557785034
498  0.31839245557785034
499  0.31839245557785034
500  0.31839245557785034
501  0.31839245557785034
502  0.31839245557785034
503  0.31839245557785034
504  0.31839245557785034
505  0.31839245557785034
506  0.31839245557785034
507  0.31839245557785034
508  0.31839245557785034
509  0.31839245557785034
510  0.31839245557785034
511  0.31839245557785034
512  0.31839245557785034
513  0.31839245557785034
514  0.31839245557785034
515  0.31839245557785034
516  0.31839245557785034
517  0.31839245557785034
518  0.31839245557785034
519  0.31839245557785034
520  0.31839245557785034
521  0.31839245557785034
522  0.31839245557785034
523  0.31839245557785034
524  0.31839245557785034
525  0.31839245557785034
526  0.31839245557785034
527  0.31839245557785034
528  0.31839245557785034
529  0.31839245557785034
530  0.31839245557785034
531  0.31839245557785034
532  0.31839245557785034
533  0.31839245557785034
534  0.31839245557785034
535  0.31839245557785034
536  0.31839245557785034
537  0.31839245557785034
538  0.31839245557785034
539  0.31839245557785034
540  0.31839245557785034
541  0.31839245557785034
542  0.31839245557785034
543  0.31839245557785034
544  0.31839245557785034
545  0.31839245557785034
546  0.31839245557785034
547  0.31839245557785034
548  0.31839245557785034
549  0.31839245557785034
550  0.31839245557785034
551  0.31839245557785034
552  0.31839245557785034
553  0.31839245557785034
554  0.31839245557785034
555  0.31839245557785034
556  0.31839245557785034
557  0.31839245557785034
558  0.31839245557785034
559  0.31839245557785034
560  0.31839245557785034
561  0.31839245557785034
562  0.31839245557785034
563  0.31839245557785034
564  0.31839245557785034
565  0.31839245557785034
566  0.31839245557785034
567  0.31839245557785034
568  0.31839245557785034
569  0.31839245557785034
570  0.31839245557785034
571  0.31839245557785034
572  0.31839245557785034
573  0.31839245557785034
574  0.31839245557785034
575  0.31839245557785034
576  0.31839245557785034
577  0.31839245557785034
578  0.31839245557785034
579  0.31839245557785034
580  0.31839245557785034
581  0.31839245557785034
582  0.31839245557785034
583  0.31839245557785034
584  0.31839245557785034
585  0.31839245557785034
586  0.31839245557785034
587  0.31839245557785034
588  0.31839245557785034
589  0.31839245557785034
590  0.31839245557785034
591  0.31839245557785034
592  0.31839245557785034
593  0.31839245557785034
594  0.31839245557785034
595  0.31839245557785034
596  0.31839245557785034
597  0.31839245557785034
598  0.31839245557785034
599  0.31839245557785034
600  0.31839245557785034
601  0.31839245557785034
646  0.31839245557785034
647  0.31839245557785034
648  0.31839245557785034
649  0.31839245557785034
650  0.31839245557785034
651  0.31839245557785034
652  0.31839245557785034
653  0.31839245557785034
654  0.31839245557785034
655  0.31839245557785034
656  0.31839245557785034
657  0.31839245557785034
658  0.31839245557785034
659  0.31839245557785034
660  0.31839245557785034
661  0.31839245557785034
662  0.31839245557785034
663  0.31839245557785034
664  0.31839245557785034
665  0.31839245557785034
666  0.31839245557785034
667  0.31839245557785034
668  0.31839245557785034
669  0.31839245557785034
670  0.31839245557785034
671  0.31839245557785034
672  0.31839245557785034
673  0.31839245557785034
674  0.31839245557785034
675  0.31839245557785034
676  0.31839245557785034
677  0.31839245557785034
678  0.31839245557785034
679  0.31839245557785034
680  0.31839245557785034
681  0.31839245557785034
682  0.31839245557785034
683  0.31839245557785034
684  0.31839245557785034
685  0.31839245557785034
686  0.31839245557785034
687  0.31839245557785034
775  0.31839245557785034
776  0.31839245557785034
777  0.31839245557785034
778  0.31839245557785034
779  0.31839245557785034
780  0.31839245557785034
781  0.31839245557785034
782  0.31839245557785034
783  0.31839245557785034
784  0.31839245557785034
785  0.31839245557785034
786  0.31839245557785034
787  0.31839245557785034
788  0.31839245557785034
789  0.31839245557785034
790  0.31839245557785034
791  0.31839245557785034
792  0.31839245557785034
793  0.31839245557785034
794  0.31839245557785034
795  0.31839245557785034
796  0.31839245557785034
797  0.31839245557785034
798  0.31839245557785034
799  0.31839245557785034
800  0.31839245557785034
801  0.31839245557785034
802  0.31839245557785034
803  0.31839245557785034
804  0.31839245557785034
805  0.31839245557785034
806  0.31839245557785034
807  0.31839245557785034
808  0.31839245557785034
809  0.31839245557785034
810  0.31839245557785034
811  0.31839245557785034
812  0.31839245557785034
813  0.31839245557785034
814  0.31839245557785034
815  0.31839245557785034
816  0.31839245557785034
1248  0.31839245557785034
1249  0.31839245557785034
1250  0.31839245557785034
1251  0.31839245557785034
1252  0.31839245557785034
1253  0.31839245557785034
1254  0.31839245557785034
1255  0.31839245557785034
1256  0.31839245557785034
1257  0.31839245557785034
1258  0.31839245557785034
1259  0.31839245557785034
1260  0.31839245557785034
1261  0.31839245557785034
1262  0.31839245557785034
1263  0.31839245557785034
1264  0.31839245557785034
1265  0.31839245557785034
1266  0.31839245557785034
1267  0.31839245557785034
1268  0.31839245557785034
1269  0.31839245557785034
1270  0.31839245557785034
1271  0.31839245557785034
1272  0.31839245557785034
1273  0.31839245557785034
1274  0.31839245557785034
1275  0.31839245557785034
1276  0.31839245557785034
1277  0.31839245557785034
1278  0.31839245557785034
1279  0.31839245557785034
1280  0.31839245557785034
1281  0.31839245557785034
1282  0.31839245557785034
1283  0.31839245557785034
1284  0.31839245557785034
1285  0.31839245557785034
1286  0.31839245557785034
1287  0.31839245557785034
1288  0.31839245557785034
1289  0.31839245557785034
218  0.31803300976753235
220  0.31801921129226685
224  0.3180145025253296
221  0.3180080056190491
216  0.31799498200416565
255  0.31799226999282837
219  0.31797969341278076
250  0.31796976923942566
240  0.31795522570610046
237  0.31794944405555725
217  0.3179467022418976
252  0.31794196367263794
228  0.31793510913848877
251  0.317935049533844
257  0.31792640686035156
230  0.31791213154792786
232  0.3179028630256653
247  0.3179023265838623
249  0.31787019968032837
234  0.31786471605300903
239  0.3178638815879822
227  0.31786274909973145
245  0.3178623616695404
225  0.31785908341407776
236  0.3178495168685913
243  0.3178480863571167
226  0.31783246994018555
253  0.31781211495399475
248  0.31779971718788147
991  0.3177981972694397
231  0.3177916407585144
1025  0.3177875280380249
1024  0.3177820146083832
254  0.3177649974822998
233  0.3177637755870819
222  0.31776192784309387
242  0.3177608549594879
223  0.3177492916584015
241  0.31772151589393616
1021  0.3177155554294586
992  0.3177144229412079
246  0.3177110254764557
229  0.3176983892917633
235  0.31768932938575745
238  0.31766360998153687
244  0.31766220927238464
256  0.31764620542526245
1026  0.3176455497741699
1031  0.31763866543769836
1004  0.31762754917144775
1027  0.3176099956035614
1030  0.31760725378990173
1029  0.31759271025657654
994  0.3175926208496094
1028  0.3175910711288452
1022  0.3175775706768036
990  0.31756117939949036
1008  0.3175596594810486
1000  0.317546010017395
993  0.3175272047519684
1016  0.3175203800201416
999  0.3175184428691864
1011  0.31750184297561646
1007  0.31746748089790344
1012  0.3174673318862915
1013  0.31745612621307373
1003  0.31744885444641113
1009  0.31743526458740234
1006  0.3174283802509308
1005  0.31742292642593384
1010  0.31740665435791016
995  0.3173848092556
1023  0.3173774182796478
1020  0.3173461854457855
997  0.3173259496688843
1019  0.31732377409935
1001  0.31729286909103394
1018  0.31727877259254456
1014  0.31725209951400757
1002  0.3172294795513153
1017  0.31720003485679626
1032  0.3171350955963135
996  0.3171181380748749
1015  0.3169798254966736
998  0.3169367015361786
908  0.31653332710266113
1033  0.3164830505847931
388  0.31637468934059143
945  0.31633803248405457
905  0.3163301348686218
936  0.3162677586078644
938  0.3162015974521637
907  0.3161010444164276
925  0.316098153591156
906  0.31608447432518005
1036  0.31604665517807007
390  0.3160304129123688
1034  0.316023588180542
1067  0.31601738929748535
943  0.3159250319004059
939  0.3158566355705261
941  0.31583371758461
1070  0.3157587945461273
391  0.31571847200393677
87  0.315712034702301
1035  0.3156595528125763
392  0.3156526982784271
1052  0.31563907861709595
904  0.31558525562286377
1069  0.31556248664855957
1064  0.31553342938423157
921  0.31553027033805847
400  0.3155257999897003
935  0.3155253827571869
1071  0.3155253827571869
1072  0.3155112862586975
926  0.3154716491699219
942  0.3154655694961548
944  0.3154614269733429
922  0.3154337704181671
89  0.31542661786079407
1065  0.31540313363075256
1068  0.31539103388786316
1043  0.315372496843338
937  0.3153688311576843
911  0.3153572082519531
396  0.31535616517066956
933  0.31535428762435913
389  0.31529125571250916
1073  0.3152887225151062
1037  0.3152824342250824
940  0.31527969241142273
1044  0.3152746260166168
1074  0.3152337074279785
913  0.31522753834724426
423  0.31522321701049805
1045  0.31521540880203247
1054  0.31519705057144165
1061  0.3151061236858368
92  0.3150918483734131
918  0.31507986783981323
1063  0.3150623142719269
924  0.31504493951797485
1040  0.3150077760219574
914  0.3150012791156769
1048  0.3149934709072113
428  0.31499338150024414
923  0.3149769604206085
427  0.31496337056159973
934  0.314953088760376
927  0.3149465322494507
1047  0.3149222433567047
1060  0.3149039149284363
1055  0.31488075852394104
1056  0.31485193967819214
929  0.3148476183414459
915  0.314832478761673
920  0.31482288241386414
425  0.31482166051864624
1050  0.31480222940444946
1053  0.31476518511772156
405  0.31474336981773376
917  0.31473734974861145
422  0.31473588943481445
406  0.3146757483482361
128  0.3146577775478363
1062  0.31465718150138855
930  0.3146490454673767
421  0.3146366775035858
919  0.31463178992271423
412  0.3146151304244995
403  0.3146149516105652
910  0.31458672881126404
931  0.31457197666168213
1059  0.3145509958267212
402  0.3145488500595093
916  0.314547061920166
429  0.3145379424095154
90  0.3145291805267334
932  0.31446781754493713
1066  0.3144429922103882
401  0.314441055059433
91  0.3143978416919708
1057  0.31439393758773804
419  0.3143764138221741
909  0.3143731355667114
416  0.3143598735332489
424  0.3142949342727661
1042  0.31427863240242004
415  0.3142637014389038
1046  0.31424564123153687
1051  0.31423357129096985
397  0.31420010328292847
420  0.31418338418006897
409  0.31417909264564514
98  0.31412339210510254
404  0.31410208344459534
398  0.31408941745758057
426  0.3140891492366791
414  0.3140687644481659
1038  0.3140588402748108
122  0.3140498697757721
411  0.3140433430671692
410  0.3139757812023163
1058  0.31396377086639404
395  0.3138892948627472
407  0.31385964155197144
393  0.313814252614975
97  0.31378796696662903
125  0.3137693405151367
912  0.3137655556201935
105  0.3137078285217285
88  0.31370365619659424
124  0.31369343400001526
417  0.313689649105072
418  0.31366997957229614
1041  0.31360822916030884
1039  0.31355616450309753
408  0.31353747844696045
1049  0.3135353624820709
111  0.3135118782520294
928  0.3134479224681854
116  0.31339743733406067
413  0.313396155834198
108  0.31339046359062195
101  0.31335633993148804
109  0.3133491575717926
123  0.31331536173820496
103  0.3132823407649994
99  0.3132767081260681
119  0.31324923038482666
394  0.3132227063179016
126  0.3131974935531616
121  0.313116192817688
107  0.3130606412887573
399  0.3129434287548065
100  0.31280699372291565
114  0.31269770860671997
104  0.3126601576805115
127  0.31263497471809387
106  0.3126295208930969
95  0.3126201033592224
112  0.3126038610935211
93  0.31257152557373047
110  0.3125329613685608
102  0.31246429681777954
118  0.31228533387184143
117  0.3122028708457947
120  0.312080442905426
96  0.31191200017929077
115  0.31188660860061646
94  0.3117433488368988
113  0.31140556931495667
1247  0.2795840799808502
258  0.18317174911499023
817  0.1271114945411682
1119  0.11162105202674866
1153  0.1116112545132637
1120  0.11155211180448532
1154  0.11146613955497742
1150  0.11139262467622757
1129  0.11138356477022171
1121  0.11136823147535324
1156  0.11135543137788773
1122  0.1113307848572731
1155  0.11132258176803589
1123  0.11127112060785294
1160  0.1112503930926323
1151  0.11122749000787735
1138  0.11122581362724304
1130  0.11122354865074158
1157  0.11118996888399124
1159  0.11118914186954498
1158  0.11117567121982574
1142  0.11114010214805603
1133  0.11109300702810287
1131  0.11106197535991669
1141  0.11105182766914368
1145  0.11103537678718567
1134  0.11100064218044281
1146  0.11098363995552063
1140  0.1109469011425972
1139  0.11090065538883209
1136  0.11087989807128906
1143  0.11087405681610107
1132  0.11086057871580124
1147  0.110849529504776
1149  0.11084645986557007
1124  0.11080922931432724
1148  0.11079452186822891
1126  0.1107562780380249
1152  0.1107238233089447
1128  0.11068587750196457
1137  0.11065123230218887
1127  0.11057045310735703
1135  0.11050427705049515
1144  0.11045948415994644
1125  0.11041823774576187
129  0.09429009258747101
774  0.07722127437591553
822  0.06756167858839035
852  0.06741887331008911
853  0.06735815852880478
820  0.06722242385149002
859  0.06718870997428894
819  0.06713348627090454
857  0.06712126731872559
821  0.06695754081010818
840  0.06691152602434158
839  0.0669032633304596
850  0.06686924397945404
855  0.06684812903404236
849  0.0668337494134903
828  0.0667528584599495
854  0.06674152612686157
835  0.0667136013507843
841  0.06662645190954208
837  0.06662072986364365
836  0.06661081314086914
818  0.06660900264978409
851  0.06660813093185425
844  0.06660053133964539
858  0.066586434841156
843  0.06655878573656082
824  0.06652931869029999
856  0.06652701646089554
833  0.06652192026376724
847  0.06649934500455856
832  0.0664934515953064
829  0.0664772018790245
838  0.06644390523433685
825  0.06643462181091309
830  0.06639369577169418
845  0.06632973253726959
827  0.06628242880105972
848  0.06627222150564194
834  0.06626563519239426
831  0.06625211238861084
846  0.0662190318107605
826  0.06616685539484024
823  0.06616296619176865
842  0.06597774475812912
1118  0.0514216385781765
903  0.05133314058184624
602  0.01773887500166893
430  0.01599128730595112
645  0.013602486811578274
259  0.013051011599600315
263  0.013042187318205833
261  0.013018118217587471
298  0.01301390491425991
264  0.01300885807722807
262  0.013000920414924622
271  0.012998607009649277
260  0.012998063117265701
277  0.012958023697137833
296  0.012955652549862862
283  0.01295454241335392
267  0.012951201759278774
290  0.012947550043463707
280  0.012945814989507198
294  0.012943455949425697
293  0.012930730357766151
274  0.012924086302518845
268  0.012923878617584705
276  0.012923259288072586
291  0.01292292308062315
295  0.012919505126774311
270  0.01291542686522007
300  0.012910819612443447
282  0.012910631485283375
286  0.012910059653222561
292  0.0129055455327034
287  0.012903748080134392
281  0.012896958738565445
299  0.012889750301837921
275  0.01288823876529932
269  0.012887710705399513
265  0.01288212463259697
288  0.01287420280277729
278  0.012867084704339504
279  0.012866981327533722
266  0.012865431606769562
272  0.01286534033715725
273  0.01285580638796091
284  0.01284612063318491
297  0.012837562710046768
289  0.01283164694905281
989  0.012826833873987198
285  0.012813369743525982
301  0.012134382501244545
305  0.009625107981264591
317  0.009624126367270947
337  0.009621217846870422
303  0.009604552760720253
306  0.009602724574506283
311  0.009601428173482418
314  0.009595906361937523
333  0.009593513794243336
342  0.009591027162969112
319  0.009590506553649902
339  0.009589610621333122
308  0.009588613174855709
309  0.009583044797182083
318  0.009581569582223892
338  0.009580610319972038
340  0.00958004966378212
321  0.009577135555446148
331  0.009574951604008675
336  0.00957413762807846
335  0.009571940638124943
325  0.00957104004919529
341  0.009569793939590454
322  0.009567715227603912
332  0.009566430933773518
302  0.009565952233970165
312  0.00956461951136589
316  0.009563364088535309
310  0.009563250467181206
326  0.009562736377120018
330  0.00956112053245306
343  0.009559557773172855
307  0.0095561807975173
315  0.009552872739732265
320  0.009552733972668648
324  0.009546148590743542
304  0.009543593041598797
329  0.00953774806112051
313  0.009537234902381897
334  0.009535261429846287
327  0.00952688418328762
323  0.009517323225736618
328  0.009499333798885345
736  0.00675814738497138
733  0.006751810200512409
734  0.006734892725944519
766  0.006733285263180733
767  0.006730265915393829
773  0.006729564629495144
771  0.00672902213409543
753  0.006709746550768614
735  0.006707559805363417
757  0.006706603802740574
772  0.006704507861286402
742  0.0067034754902124405
754  0.006702758371829987
750  0.006702040787786245
732  0.006701180711388588
749  0.006699521094560623
740  0.00669822609052062
768  0.006698016542941332
744  0.0066969795152544975
764  0.006696588825434446
765  0.006694847717881203
758  0.006691224407404661
755  0.006689812056720257
763  0.006688208319246769
770  0.006688049994409084
743  0.0066876765340566635
769  0.0066871028393507
751  0.006684639025479555
739  0.0066826799884438515
747  0.006680188700556755
761  0.006677418015897274
745  0.006673067342489958
741  0.006672678515315056
759  0.00667133554816246
746  0.006670485716313124
752  0.006670207716524601
762  0.0066651953384280205
738  0.006664955522865057
760  0.006664930377155542
748  0.006664378102868795
737  0.006663392763584852
756  0.0066297599114477634
1161  0.004792325664311647
1196  0.0034331113565713167
1163  0.003425971604883671
1164  0.003421463305130601
1203  0.0034168679267168045
1193  0.0034166506957262754
1197  0.0034152790904045105
1181  0.003413849277421832
1199  0.0034131971187889576
1166  0.0034128730185329914
1165  0.0034110634587705135
1202  0.0034109498374164104
1183  0.0034106308594346046
1175  0.003408182645216584
1198  0.003408004529774189
1179  0.0034071188420057297
1200  0.0034065181389451027
1172  0.003405691124498844
1182  0.003402736969292164
1189  0.003402413334697485
1174  0.0034018673468381166
1185  0.003401197725906968
1178  0.003400948829948902
1201  0.0034006775822490454
1177  0.0034002054017037153
1171  0.003400026122108102
1188  0.0033992361277341843
1195  0.0033985094632953405
1194  0.003398483619093895
1180  0.0033982431050390005
1176  0.0033978584688156843
1184  0.0033969415817409754
1186  0.0033966347109526396
1191  0.003396571846678853
1173  0.003396150656044483
1162  0.003395930863916874
1167  0.0033929776400327682
1168  0.003391347825527191
1190  0.0033905664458870888
1192  0.003387955017387867
1170  0.003385677933692932
1169  0.0033836159855127335
1187  0.0033805863931775093
688  0.003293962450698018
344  0.002944640349596739
860  0.002280164510011673
1204  0.0015177390305325389
387  0.0015165674267336726
1206  0.001432651886716485
1209  0.0014303160132840276
1239  0.0014298141468316317
1246  0.0014280336908996105
1242  0.0014277473092079163
1226  0.0014266654616221786
1208  0.0014258213341236115
1224  0.0014233916299417615
1207  0.001422024448402226
1236  0.0014216081472113729
1217  0.0014214342227205634
1245  0.0014209921937435865
1244  0.001420578802935779
1240  0.0014197762357071042
1205  0.0014186585322022438
1241  0.0014179249992594123
1220  0.0014178298879414797
1222  0.0014177293051034212
1221  0.001417625229805708
1215  0.0014175990363582969
1223  0.0014172677183523774
1228  0.0014165651518851519
1218  0.0014163298765197396
1216  0.0014158106641843915
1238  0.0014154816744849086
1243  0.001415312523022294
1233  0.0014151062350720167
1232  0.0014150470960885286
1212  0.001414903555996716
1214  0.0014140300918370485
1211  0.001413945690728724
1225  0.0014139000559225678
1229  0.0014127767644822598
1237  0.0014120694249868393
1231  0.0014120222767814994
1235  0.0014118622057139874
1219  0.0014118010876700282
1227  0.001410981174558401
1234  0.0014093138743191957
1230  0.0014047460863366723
1210  0.0014035217463970184
1213  0.0014011900639161468
473  0.0008354412857443094
731  0.000731733744032681
1075  0.0006670846487395465
605  0.00042806193232536316
611  0.000427294202381745
606  0.0004272256337571889
604  0.0004272164369467646
607  0.00042688692337833345
603  0.00042665316141210496
642  0.00042639984167180955
638  0.0004262931761331856
643  0.00042624646448530257
615  0.00042590402881614864
637  0.00042544916504994035
644  0.0004253090883139521
620  0.0004251179634593427
613  0.000425017875386402
624  0.00042486836900934577
621  0.0004243984294589609
616  0.0004243565199431032
636  0.0004240890557412058
634  0.0004239814879838377
629  0.0004238199326209724
633  0.0004237958346493542
617  0.00042377159115858376
631  0.000423650024458766
640  0.0004235836095176637
639  0.0004234608495607972
622  0.0004234439111314714
625  0.0004233722866047174
630  0.0004233565414324403
635  0.00042331256554462016
618  0.0004232812498230487
626  0.00042297455365769565
627  0.00042295659659430385
628  0.00042257452150806785
641  0.0004224865115247667
608  0.00042237393790856004
612  0.00042229503742419183
619  0.0004221493727527559
610  0.00042189107625745237
609  0.0004216136585455388
632  0.0004212548956274986
623  0.0004212267813272774
614  0.0004204783763270825
865  0.00038201850838959217
895  0.00038159574614837766
896  0.0003812001377809793
900  0.00038013578159734607
862  0.00038008103729225695
902  0.00038000228232704103
898  0.00037938496097922325
863  0.000379373348550871
864  0.0003791462804656476
861  0.0003789934271480888
882  0.00037898856680840254
883  0.00037897625588811934
879  0.00037888577207922935
892  0.0003788655449170619
893  0.0003787265159189701
871  0.0003787095774896443
890  0.00037864764453843236
878  0.00037850256194360554
897  0.00037845910992473364
884  0.0003784574510063976
887  0.00037838780554011464
901  0.0003783288411796093
880  0.00037821687874384224
875  0.0003781556151807308
894  0.00037806856562383473
881  0.00037800188874825835
868  0.0003779726685024798
870  0.0003778698155656457
876  0.0003776992962229997
899  0.00037767732283100486
867  0.00037763392901979387
872  0.0003775178629439324
886  0.0003774206852540374
891  0.00037725272704847157
873  0.000376921467250213
888  0.00037690496537834406
874  0.0003766027220990509
877  0.0003765425644814968
889  0.0003765355795621872
866  0.0003762499545700848
869  0.00037585990503430367
885  0.0003757554804906249
1110  0.00018647203978616744
1117  0.00018636946333572268
1077  0.00018630940758157521
1080  0.0001861089695012197
1113  0.00018606956291478127
1078  0.00018592627020552754
1086  0.00018583075143396854
1076  0.00018579847528599203
1079  0.0001857928145909682
1116  0.0001856904709711671
1111  0.00018567859660834074
1115  0.00018566762446425855
1097  0.00018563187040854245
1108  0.0001856311719166115
1107  0.00018559487944003195
1114  0.00018559292948339134
1112  0.0001854372676461935
1106  0.0001853449793998152
1087  0.00018534321861807257
1095  0.00018525964696891606
1088  0.00018523685866966844
1098  0.00018520012963563204
1089  0.0001851051492849365
1090  0.0001851000270107761
1091  0.00018505609477870166
1094  0.00018502592865843326
1109  0.00018491939408704638
1099  0.00018482489394955337
1092  0.00018480887229088694
1104  0.0001847320527303964
1083  0.0001847012317739427
1103  0.00018466971232555807
1093  0.0001846128434408456
1102  0.0001845567167038098
1096  0.00018444922170601785
1100  0.0001842924248194322
1085  0.00018413590441923589
1105  0.00018409921904094517
1101  0.0001839227188611403
1081  0.00018384645227342844
1082  0.00018377072410658002
1084  0.0001834426511777565
215  0.000132682645926252
345  0.00012521244934760034
348  0.0001251692301593721
349  0.000125052421935834
357  0.00012497400166466832
347  0.00012491561938077211
346  0.00012484380567912012
384  0.00012469508510548621
380  0.0001246817846549675
369  0.0001246020256076008
376  0.00012452980445232242
360  0.00012452506052795798
382  0.00012451033398974687
353  0.0001244761369889602
350  0.00012446178880054504
379  0.00012438454723451287
354  0.00012435679673217237
361  0.00012435051030479372
378  0.00012426896137185395
363  0.00012426007015164942
381  0.00012425628665369004
362  0.0001242434955202043
368  0.00012411808711476624
385  0.00012408105249051005
386  0.00012405123561620712
359  0.00012401386629790068
365  0.0001239973062183708
373  0.00012398985563777387
377  0.0001239794510183856
352  0.0001239449338754639
372  0.00012391468044370413
366  0.00012389046605676413
367  0.00012387451715767384
374  0.00012385148147586733
383  0.00012383978173602372
355  0.0001238361292053014
364  0.00012381451961118728
351  0.0001238004770129919
356  0.00012376942322589457
358  0.00012376400991342962
375  0.00012366112787276506
370  0.00012341482215560973
371  0.00012324463750701398
693  4.072870433446951e-05
723  4.0702496335143223e-05
728  4.0683018596610054e-05
730  4.061347135575488e-05
701  4.0600192733109e-05
690  4.056918987771496e-05
689  4.05432001571171e-05
715  4.0528742829337716e-05
724  4.052530130138621e-05
697  4.0511618863092735e-05
691  4.050915231346153e-05
707  4.049138442496769e-05
699  4.0480957977706566e-05
692  4.0475555579178035e-05
729  4.046209141961299e-05
703  4.044009983772412e-05
711  4.043508670292795e-05
712  4.042849104735069e-05
706  4.0416849515167996e-05
717  4.0416500269202515e-05
726  4.0415499825030565e-05
719  4.0412222006125376e-05
721  4.041180000058375e-05
710  4.0406368498224765e-05
718  4.040579005959444e-05
714  4.03780177293811e-05
694  4.0360922866966575e-05
708  4.035153688164428e-05
698  4.034849553136155e-05
695  4.0346727473661304e-05
720  4.033587538287975e-05
725  4.032541619380936e-05
700  4.0322494896827266e-05
722  4.032099241157994e-05
704  4.0319417166756466e-05
709  4.028866896987893e-05
696  4.025844464194961e-05
716  4.023951987619512e-05
727  4.023714063805528e-05
702  4.020300548290834e-05
705  4.0167247789213434e-05
713  4.016545062768273e-05
173  2.5389896109118126e-05
175  2.5363733584526926e-05
178  2.5354231183882803e-05
176  2.5348477720399387e-05
197  2.532537837396376e-05
207  2.5318035113741644e-05
212  2.5316541723441333e-05
177  2.531569407437928e-05
194  2.530900928832125e-05
191  2.5306862880825065e-05
214  2.529626726754941e-05
210  2.5289371478720568e-05
185  2.528088225517422e-05
202  2.5280016416218132e-05
183  2.5279607143602334e-05
189  2.5279026885982603e-05
208  2.5268131139455363e-05
174  2.526169737393502e-05
184  2.5254328647861257e-05
205  2.525148738641292e-05
198  2.5249919417547062e-05
181  2.5248742531402968e-05
209  2.5237090085283853e-05
193  2.52328045462491e-05
204  2.5230929168174043e-05
195  2.5223158445442095e-05
187  2.5219766030204482e-05
186  2.5216570065822452e-05
188  2.521647184039466e-05
200  2.5214165361830965e-05
199  2.5210052626789548e-05
211  2.520231282687746e-05
196  2.5198492949130014e-05
190  2.5185925551340915e-05
182  2.5181627279380336e-05
201  2.5181099772453308e-05
192  2.5177954739774577e-05
206  2.517511893529445e-05
179  2.5173345420625992e-05
203  2.515515370760113e-05
180  2.514915649953764e-05
213  2.5143353923340328e-05
433  2.1488061975105666e-05
432  2.1482999727595598e-05
466  2.146487713616807e-05
434  2.1463200027938e-05
435  2.1457733964780346e-05
471  2.1430410924949683e-05
443  2.1414600269054063e-05
439  2.1406433006632142e-05
431  2.1390025722212158e-05
455  2.1377605662564747e-05
470  2.1371124603319913e-05
446  2.1368190573411994e-05
462  2.1357453078962862e-05
448  2.1347435904317535e-05
468  2.1341633328120224e-05
444  2.133760426659137e-05
449  2.1330890376702882e-05
452  2.1330097297322936e-05
465  2.1329547962523066e-05
472  2.1326863134163432e-05
464  2.1319745428627357e-05
453  2.130261236743536e-05
467  2.1295240003382787e-05
458  2.129422500729561e-05
438  2.1277823179843836e-05
450  2.1274190658004954e-05
447  2.127254629158415e-05
441  2.1271958758006804e-05
459  2.1269706849125214e-05
469  2.126565232174471e-05
437  2.1264473616611212e-05
463  2.126206163666211e-05
457  2.1259344066493213e-05
436  2.125721402990166e-05
440  2.1252148144412786e-05
461  2.1223731891950592e-05
454  2.12235299841268e-05
445  2.1210682461969554e-05
451  2.120807403116487e-05
460  2.119551572832279e-05
456  2.1179816030780785e-05
442  2.1154824935365468e-05
946  5.470262294693384e-06
43  1.2257942216820084e-06
2  8.23372488412133e-07
34  8.21582545995625e-07
41  8.212990110223473e-07
12  8.199897365557263e-07
32  8.198051659746852e-07
23  8.187527100744774e-07
24  8.186832474166295e-07
6  8.186574405044666e-07
13  8.185965612028667e-07
37  8.182984743143606e-07
16  8.17779664430418e-07
42  8.17563659438747e-07
1  8.173742003236839e-07
8  8.173710739356466e-07
25  8.172339107659354e-07
39  8.170826504283468e-07
20  8.170733281076537e-07
18  8.169876082320116e-07
7  8.169759553311451e-07
9  8.169346301656333e-07
38  8.164074074556993e-07
14  8.164011546796246e-07
36  8.161855475918856e-07
3  8.158851301232062e-07
30  8.15720227365091e-07
15  8.156462740771531e-07
29  8.153219255291333e-07
21  8.151121164701181e-07
33  8.150133794515568e-07
22  8.149597192641522e-07
40  8.144904199980374e-07
5  8.14015209016361e-07
4  8.136480573739391e-07
28  8.134022095873661e-07
26  8.132439006658387e-07
17  8.126725106194499e-07
10  8.122913754959882e-07
11  8.113916010188404e-07
35  8.110311568998441e-07
19  8.107194844342303e-07
27  8.104619837467908e-07
31  8.09899574960582e-07
172  1.7949329844668682e-07
949  9.12179274337177e-08
950  9.118539168184725e-08
979  9.105226439487524e-08
981  9.103924725195611e-08
982  9.096668662778029e-08
968  9.094969044554091e-08
988  9.09479496158383e-08
978  9.092020292200687e-08
951  9.091881736367213e-08
966  9.091811392636373e-08
962  9.08678430278087e-08
985  9.085086105642404e-08
987  9.08305892721728e-08
957  9.080685714479841e-08
986  9.07976769326524e-08
948  9.079715113102793e-08
947  9.079490581598293e-08
983  9.076582330180827e-08
975  9.07334580801944e-08
984  9.070576112435447e-08
959  9.069054129895449e-08
973  9.068327244676766e-08
980  9.06770480924024e-08
961  9.067376538496319e-08
964  9.067186113043135e-08
970  9.066685180414424e-08
969  9.064800110536453e-08
974  9.064125094937481e-08
976  9.063053596491955e-08
967  9.05864681044477e-08
954  9.058179983867376e-08
963  9.057713157289982e-08
953  9.053741223397083e-08
960  9.053118787960557e-08
952  9.051738203424975e-08
958  9.051030502860158e-08
971  9.048458338156706e-08
977  9.048147830981179e-08
972  9.046560478509491e-08
956  9.045852777944674e-08
965  9.045542270769147e-08
955  9.026359748531831e-08
132  8.361531200762329e-08
134  8.341492474528422e-08
135  8.335417334137674e-08
130  8.334844636692651e-08
157  8.32448634469074e-08
148  8.321549671563844e-08
167  8.318232858073316e-08
171  8.315885224874364e-08
168  8.314948729548632e-08
165  8.31460056360811e-08
141  8.314552957244814e-08
169  8.313394062042789e-08
133  8.312633781315526e-08
150  8.31116011568156e-08
142  8.307656429451526e-08
147  8.306341214847635e-08
136  8.305201504299475e-08
164  8.305121212970334e-08
139  8.303252485575285e-08
140  8.301937981514129e-08
153  8.300972353936231e-08
152  8.299800668964963e-08
162  8.299706166781107e-08
146  8.298882647750361e-08
138  8.298819409446878e-08
154  8.297854492411716e-08
170  8.296144926589477e-08
166  8.29612929464929e-08
151  8.296113662709104e-08
159  8.295891973375547e-08
160  8.295400988345136e-08
163  8.294547626519488e-08
131  8.292980169244402e-08
144  8.291414843597522e-08
143  8.288410668910728e-08
145  8.287003794293923e-08
149  8.286213670771758e-08
158  8.285012143005588e-08
161  8.275063123619475e-08
155  8.273705986994173e-08
156  8.269935136695494e-08
137  8.268357731822107e-08
