195  0.3122639060020447
196  0.3122639060020447
197  0.3122639060020447
198  0.3122639060020447
199  0.3122639060020447
200  0.3122639060020447
201  0.3122639060020447
202  0.3122639060020447
203  0.3122639060020447
204  0.3122639060020447
205  0.3122639060020447
206  0.3122639060020447
207  0.3122639060020447
208  0.3122639060020447
209  0.3122639060020447
210  0.3122639060020447
211  0.3122639060020447
212  0.3122639060020447
213  0.3122639060020447
214  0.3122639060020447
215  0.3122639060020447
216  0.3122639060020447
217  0.3122639060020447
218  0.3122639060020447
219  0.3122639060020447
220  0.3122639060020447
221  0.3122639060020447
222  0.3122639060020447
223  0.3122639060020447
224  0.3122639060020447
225  0.3122639060020447
226  0.3122639060020447
227  0.3122639060020447
228  0.3122639060020447
229  0.3122639060020447
230  0.3122639060020447
231  0.3122639060020447
232  0.3122639060020447
233  0.3122639060020447
234  0.3122639060020447
235  0.3122639060020447
236  0.3122639060020447
237  0.3122639060020447
238  0.3122639060020447
239  0.3122639060020447
240  0.3122639060020447
241  0.3122639060020447
1356  0.3122639060020447
1357  0.3122639060020447
1358  0.3122639060020447
1359  0.3122639060020447
1360  0.3122639060020447
1361  0.3122639060020447
1362  0.3122639060020447
1363  0.3122639060020447
1364  0.3122639060020447
1365  0.3122639060020447
1366  0.3122639060020447
1367  0.3122639060020447
1368  0.3122639060020447
1369  0.3122639060020447
1370  0.3122639060020447
1371  0.3122639060020447
1372  0.3122639060020447
1373  0.3122639060020447
1374  0.3122639060020447
1375  0.3122639060020447
1376  0.3122639060020447
1377  0.3122639060020447
1378  0.3122639060020447
1379  0.3122639060020447
1380  0.3122639060020447
1381  0.3122639060020447
1382  0.3122639060020447
1383  0.3122639060020447
1384  0.3122639060020447
1385  0.3122639060020447
1386  0.3122639060020447
1387  0.3122639060020447
1388  0.3122639060020447
1389  0.3122639060020447
1390  0.3122639060020447
1391  0.3122639060020447
1392  0.3122639060020447
1393  0.3122639060020447
1394  0.3122639060020447
1395  0.3122639060020447
1396  0.3122639060020447
1397  0.3122639060020447
1398  0.3122639060020447
1399  0.3122639060020447
1400  0.3122639060020447
1401  0.3122639060020447
1402  0.3122639060020447
242  0.3118988573551178
246  0.3106222152709961
248  0.31045159697532654
289  0.31026795506477356
250  0.3102515637874603
290  0.3102457523345947
275  0.31017428636550903
255  0.3100929260253906
268  0.3100736737251282
281  0.309919148683548
260  0.30988776683807373
243  0.3098623752593994
256  0.3097626268863678
265  0.3097422420978546
284  0.3097190260887146
252  0.30971014499664307
272  0.3096902668476105
277  0.30967947840690613
257  0.30963754653930664
262  0.30962201952934265
258  0.3096049427986145
282  0.309599906206131
288  0.3095381259918213
285  0.3095287084579468
253  0.30945834517478943
249  0.3094547390937805
251  0.3094325363636017
274  0.30936357378959656
278  0.30936282873153687
279  0.3093380630016327
270  0.3092438578605652
244  0.30920523405075073
245  0.3091687262058258
276  0.3091634213924408
271  0.3091478943824768
254  0.3091415464878082
286  0.30913010239601135
273  0.30912601947784424
287  0.30909737944602966
261  0.3090779483318329
247  0.3090035021305084
259  0.30899590253829956
267  0.3089788854122162
280  0.3089650273323059
283  0.3087058663368225
269  0.308701753616333
264  0.3086946904659271
263  0.30865341424942017
266  0.3084099590778351
1068  0.2888414263725281
1078  0.2883448600769043
1066  0.2881320118904114
1070  0.2879931330680847
1092  0.28796273469924927
1090  0.28782570362091064
1112  0.287763386964798
1080  0.2877110540866852
1081  0.28770363330841064
1111  0.28762468695640564
1105  0.28758305311203003
1074  0.2872963547706604
1071  0.2872209846973419
1107  0.2871633470058441
1085  0.28712859749794006
1083  0.28709325194358826
1102  0.2868419885635376
1098  0.2868312895298004
1084  0.28679436445236206
1110  0.2867884337902069
1082  0.28677651286125183
1077  0.28676363825798035
1073  0.28675028681755066
1100  0.2867327928543091
1109  0.2866610288619995
1076  0.28664863109588623
1093  0.2865787446498871
1072  0.28653866052627563
1094  0.28644174337387085
1095  0.28631675243377686
1096  0.28627437353134155
1067  0.28627023100852966
1101  0.28623631596565247
1069  0.28620997071266174
1075  0.2861766219139099
1106  0.2861378490924835
1079  0.2861258089542389
1104  0.28609588742256165
1103  0.28603842854499817
1108  0.2860332131385803
1097  0.28592172265052795
1091  0.2858666777610779
1087  0.2856808006763458
1089  0.28556376695632935
1099  0.2853719890117645
1088  0.28508278727531433
1086  0.2846601903438568
1065  0.2811082899570465
546  0.24864636361598969
536  0.24828462302684784
538  0.2482646405696869
534  0.24801452457904816
548  0.24792662262916565
579  0.24790634214878082
539  0.24788115918636322
551  0.247806116938591
560  0.2477148026227951
549  0.24769777059555054
553  0.24762769043445587
578  0.24742820858955383
545  0.2474094033241272
550  0.2474067211151123
580  0.24736131727695465
573  0.24721843004226685
566  0.2472182959318161
558  0.2471860647201538
544  0.2471122294664383
542  0.24706214666366577
540  0.24705225229263306
552  0.2470487356185913
535  0.2470090687274933
577  0.24699996411800385
575  0.246998131275177
570  0.24696381390094757
569  0.24691632390022278
572  0.24690136313438416
568  0.24684283137321472
543  0.24681493639945984
547  0.24677753448486328
537  0.24673566222190857
567  0.24670188128948212
571  0.2466147392988205
561  0.24658630788326263
563  0.24655753374099731
541  0.2465265393257141
565  0.24645626544952393
562  0.24645397067070007
559  0.2463536560535431
576  0.24632975459098816
574  0.24618390202522278
564  0.24616765975952148
556  0.2459954470396042
557  0.2458460032939911
555  0.2455204874277115
554  0.24524903297424316
194  0.2426062524318695
533  0.19985650479793549
1020  0.18754205107688904
1049  0.18726414442062378
1064  0.1872170865535736
1059  0.1871483027935028
1023  0.1870887726545334
1017  0.18674539029598236
1024  0.18664196133613586
1026  0.1866043508052826
1029  0.18654091656208038
1055  0.18649660050868988
1039  0.1863900125026703
1021  0.18631775677204132
1022  0.1863093376159668
1044  0.1862993985414505
1048  0.1861976832151413
1033  0.1861860454082489
1030  0.18612611293792725
1062  0.18608924746513367
1036  0.18608900904655457
1053  0.1860681176185608
1032  0.18596789240837097
1063  0.18595914542675018
1031  0.18595236539840698
1034  0.18588469922542572
1058  0.18585139513015747
1042  0.18584392964839935
1050  0.18583104014396667
1025  0.18576979637145996
1043  0.18574097752571106
1037  0.18573728203773499
1061  0.18572905659675598
1019  0.1856844276189804
1028  0.18564848601818085
1045  0.1856173425912857
1056  0.18550878763198853
1041  0.185438334941864
1051  0.18543297052383423
1060  0.18542496860027313
1046  0.18539416790008545
1035  0.18535234034061432
1052  0.18532955646514893
1047  0.18514345586299896
1057  0.18503175675868988
1027  0.18494847416877747
1054  0.18480630218982697
1018  0.18470513820648193
1038  0.18454237282276154
1040  0.18384617567062378
149  0.1766252964735031
151  0.1763291209936142
162  0.1762949824333191
159  0.17628790438175201
147  0.17614229023456573
171  0.17611193656921387
186  0.17604945600032806
173  0.17604415118694305
161  0.1759682297706604
193  0.17585907876491547
183  0.17582185566425323
192  0.1758057177066803
164  0.1758042871952057
155  0.17579326033592224
166  0.17574633657932281
158  0.17573139071464539
152  0.17570556700229645
188  0.17569391429424286
154  0.17555473744869232
179  0.1755114644765854
191  0.17549178004264832
181  0.1754675954580307
174  0.17544206976890564
190  0.1754276305437088
157  0.1754116415977478
153  0.17540249228477478
150  0.1753758192062378
165  0.1753661036491394
176  0.17534315586090088
163  0.17532852292060852
182  0.17528435587882996
175  0.17524434626102448
189  0.17521274089813232
177  0.17520304024219513
172  0.17519235610961914
178  0.1751645803451538
187  0.1751249134540558
185  0.1751156449317932
156  0.17502938210964203
148  0.17499935626983643
160  0.17495274543762207
168  0.174839586019516
184  0.1748025119304657
180  0.17468802630901337
170  0.17462365329265594
169  0.17457805573940277
167  0.17426402866840363
146  0.15595082938671112
1355  0.11846688389778137
1  0.07352191209793091
4  0.07346882671117783
14  0.07338553667068481
6  0.07330739498138428
47  0.07324985414743423
7  0.07318975776433945
17  0.07317264378070831
16  0.07315107434988022
2  0.07314912229776382
41  0.07312680035829544
48  0.07312266528606415
13  0.07312129437923431
28  0.07311423122882843
26  0.07309569418430328
38  0.07306370139122009
18  0.07306015491485596
19  0.07305845618247986
21  0.07305114716291428
46  0.07303767651319504
43  0.07303257286548615
10  0.07301955670118332
34  0.07301317900419235
36  0.07297447323799133
20  0.0729544386267662
8  0.07295327633619308
9  0.07294917851686478
12  0.07293650507926941
40  0.07292825728654861
45  0.0729222521185875
29  0.07292190194129944
30  0.07290549576282501
32  0.07289450615644455
27  0.07288523018360138
37  0.07288231700658798
5  0.0728684738278389
15  0.07286093384027481
11  0.07285764813423157
3  0.07284841686487198
35  0.07284526526927948
31  0.07282961905002594
33  0.07282865792512894
39  0.07281568646430969
44  0.07277639955282211
42  0.07276609539985657
25  0.0726780816912651
23  0.07264778763055801
24  0.07264392822980881
22  0.07257473468780518
778  0.049890581518411636
821  0.049805935472249985
788  0.049721986055374146
787  0.04969058930873871
776  0.04966379702091217
809  0.04965496063232422
785  0.049644000828266144
780  0.049639929085969925
775  0.04963718354701996
784  0.0496368482708931
800  0.049635134637355804
782  0.049626316875219345
822  0.04960329830646515
803  0.049595337361097336
783  0.04957832768559456
820  0.04957224056124687
813  0.04956379160284996
794  0.049557704478502274
807  0.04955750331282616
797  0.04954085871577263
790  0.049534283578395844
804  0.049529146403074265
781  0.049522433429956436
816  0.049504972994327545
793  0.04948769509792328
792  0.04947938024997711
811  0.04947832226753235
810  0.049437347799539566
786  0.049430690705776215
814  0.04942164197564125
808  0.04941976070404053
805  0.049395907670259476
789  0.04938158020377159
802  0.04937569424510002
779  0.04937085881829262
806  0.049368757754564285
796  0.04936698451638222
812  0.049357570707798004
777  0.04935423284769058
817  0.04929949343204498
791  0.049298353493213654
819  0.04928439110517502
815  0.04926622658967972
801  0.04922345280647278
798  0.04920653998851776
818  0.049183499068021774
799  0.04917382076382637
795  0.0490768663585186
101  0.04755615442991257
104  0.0475185252726078
110  0.04749925434589386
107  0.04746211692690849
143  0.04742664843797684
145  0.047421347349882126
130  0.04741348698735237
140  0.04735836386680603
112  0.04735606163740158
126  0.047324515879154205
98  0.047313142567873
105  0.0472775436937809
142  0.04725872725248337
115  0.047257158905267715
103  0.047250896692276
136  0.04724407196044922
137  0.04724179208278656
129  0.04724091663956642
111  0.047233425080776215
144  0.0472320094704628
100  0.0472244992852211
99  0.04721737653017044
132  0.04721640795469284
123  0.047192156314849854
117  0.047186773270368576
127  0.047176461666822433
131  0.04717569053173065
134  0.04717208817601204
120  0.04717138409614563
125  0.04716484621167183
128  0.0471566841006279
108  0.04715334251523018
116  0.04715263098478317
106  0.04715076833963394
102  0.04715031757950783
114  0.04712020605802536
119  0.047116223722696304
135  0.04711196571588516
109  0.0471082404255867
113  0.04710528627038002
124  0.04709683358669281
118  0.047086261212825775
121  0.04706600680947304
141  0.04706595838069916
133  0.047059714794158936
139  0.047025345265865326
138  0.04702414944767952
122  0.04694473743438721
1403  0.042747557163238525
1113  0.040957313030958176
923  0.02995077148079872
925  0.02994045428931713
933  0.02990410290658474
932  0.029903577640652657
920  0.029897117987275124
921  0.029892416670918465
936  0.029889335855841637
926  0.02988319657742977
935  0.02988283894956112
966  0.02987048029899597
938  0.029858103021979332
929  0.029856223613023758
954  0.029855506494641304
927  0.029851848259568214
960  0.02984589710831642
930  0.029842223972082138
947  0.029835307970643044
953  0.029822489246726036
924  0.029813218861818314
957  0.029810141772031784
956  0.029809730127453804
948  0.029808595776557922
939  0.02980807237327099
967  0.02980794757604599
965  0.029806653037667274
937  0.029803385958075523
945  0.0298022273927927
959  0.029799483716487885
949  0.02979498915374279
931  0.029794836416840553
928  0.029794782400131226
958  0.029791681095957756
922  0.029773645102977753
952  0.029772184789180756
955  0.02977178618311882
951  0.029767833650112152
940  0.029767626896500587
962  0.029765106737613678
964  0.02976495400071144
950  0.029763149097561836
942  0.029751228168606758
934  0.029750965535640717
961  0.02974979765713215
943  0.02974868007004261
963  0.029741814360022545
946  0.02973424829542637
941  0.02973313257098198
944  0.029691262170672417
401  0.02218392863869667
391  0.022167334333062172
434  0.022147124633193016
398  0.02214120887219906
433  0.022116579115390778
405  0.022114496678113937
400  0.022114060819149017
422  0.022107897326350212
389  0.02210536040365696
394  0.02208746410906315
435  0.02207585796713829
397  0.022072967141866684
393  0.02206975594162941
388  0.02206515520811081
395  0.02206340618431568
427  0.022063210606575012
426  0.022050766274333
417  0.022045645862817764
416  0.022045625373721123
410  0.02203986793756485
406  0.022035224363207817
402  0.022025905549526215
421  0.02201819233596325
396  0.02201404608786106
407  0.022009672597050667
403  0.022005178034305573
399  0.02200053073465824
390  0.021996846422553062
409  0.021995481103658676
420  0.02198072522878647
413  0.021979384124279022
392  0.02197188138961792
419  0.021970335394144058
423  0.021969759836792946
430  0.021966606378555298
424  0.02195793017745018
414  0.021953823044896126
418  0.02194627933204174
411  0.021932825446128845
425  0.02193262055516243
429  0.021915799006819725
432  0.021910034120082855
415  0.021908216178417206
428  0.02190682664513588
404  0.021897532045841217
412  0.02189476229250431
408  0.021864118054509163
431  0.021824799478054047
1235  0.020726319402456284
1257  0.020714139565825462
1213  0.02070706896483898
1226  0.020699596032500267
1211  0.020683875307440758
1215  0.020669227465987206
1219  0.020665975287556648
1222  0.020660841837525368
1236  0.02066013775765896
1247  0.020649392157793045
1240  0.02064516954123974
1216  0.020642615854740143
1256  0.020640023052692413
1237  0.020630501210689545
1223  0.020629798993468285
1225  0.020629798993468285
1252  0.020629651844501495
1214  0.02062697522342205
1250  0.020625760778784752
1238  0.020620588213205338
1241  0.02061980962753296
1218  0.02061792090535164
1245  0.020614273846149445
1242  0.020613964647054672
1255  0.0206106249243021
1230  0.020608101040124893
1217  0.020597461611032486
1228  0.020597325637936592
1232  0.020592594519257545
1221  0.02058655582368374
1254  0.02058257721364498
1234  0.020581459626555443
1227  0.020576203241944313
1253  0.020573444664478302
1239  0.020573167130351067
1246  0.020565539598464966
1212  0.020554861053824425
1251  0.020552845671772957
1243  0.02054990828037262
1224  0.020547257736325264
1229  0.020541243255138397
1220  0.02053586207330227
1248  0.020513996481895447
1249  0.020513297989964485
1233  0.020496739074587822
1231  0.02046596258878708
1244  0.02045324444770813
1258  0.01645924150943756
1210  0.015783265233039856
436  0.013644110411405563
1262  0.01261991634964943
1291  0.012609421275556087
1271  0.012601383961737156
1276  0.012597558088600636
1265  0.012596710585057735
1302  0.012589891441166401
1272  0.012584568932652473
1259  0.012582004070281982
1275  0.012580949813127518
1264  0.012580659240484238
1278  0.012579853646457195
1287  0.012578918598592281
1280  0.012576621025800705
1261  0.012576194480061531
1288  0.012565084733068943
1263  0.012562457472085953
1268  0.012562405318021774
1305  0.012545664794743061
1297  0.012544950470328331
1295  0.012541464529931545
1286  0.012537769973278046
1260  0.012537315487861633
1298  0.012536004185676575
1273  0.01253369078040123
1296  0.012531277723610401
1292  0.012530321255326271
1301  0.012528486549854279
1300  0.012522323988378048
1303  0.012522146105766296
1290  0.01251975353807211
1277  0.012517648749053478
1284  0.01251305267214775
1266  0.012511019594967365
1289  0.012508521787822247
1274  0.012500938028097153
1293  0.012500838376581669
1304  0.012499183416366577
1269  0.012494729831814766
1283  0.012492699548602104
1281  0.012490657158195972
1267  0.012485506944358349
1282  0.01248545479029417
1270  0.012483278289437294
1279  0.012479986995458603
1294  0.012473100796341896
1299  0.012469478882849216
1285  0.012422200292348862
1306  0.011422408744692802
440  0.011115910485386848
454  0.011105762794613838
473  0.011087965220212936
444  0.011083920486271381
443  0.011081045493483543
437  0.011077774688601494
438  0.011076363734900951
466  0.011068296618759632
439  0.011066836304962635
464  0.011060825549066067
453  0.011057780124247074
452  0.011055657640099525
483  0.011055470444262028
477  0.011050445958971977
449  0.011048751883208752
446  0.01104692928493023
461  0.011045449413359165
455  0.011044141836464405
451  0.011039810255169868
456  0.011039569973945618
480  0.011031352914869785
450  0.011030755005776882
468  0.011029604822397232
458  0.011027566157281399
448  0.011027046479284763
459  0.011026885360479355
445  0.011026282794773579
479  0.011025632731616497
474  0.011025330983102322
447  0.011021913960576057
471  0.01101247500628233
472  0.011010444723069668
481  0.01100916787981987
469  0.011005870066583157
476  0.011001781560480595
463  0.010999982245266438
482  0.010998549871146679
478  0.010996880009770393
467  0.01099505927413702
442  0.010994842275977135
475  0.0109928660094738
465  0.010990943759679794
460  0.010985746048390865
462  0.010966924950480461
470  0.010963262990117073
457  0.01094814483076334
441  0.010921647772192955
1016  0.009925194084644318
774  0.008237332105636597
1157  0.00770475622266531
1131  0.007694816682487726
1116  0.007692923303693533
1146  0.007691668346524239
1127  0.007690262980759144
1150  0.007689684629440308
1114  0.007687942124903202
1135  0.0076854294165968895
1133  0.007683625444769859
1130  0.007682607509195805
1119  0.00768201844766736
1118  0.007679132744669914
1117  0.007677872199565172
1155  0.007672961335629225
1126  0.007671462371945381
1143  0.007670852821320295
1160  0.007669912651181221
1139  0.007665290962904692
1151  0.007663865573704243
1142  0.007658953312784433
1115  0.007657953538000584
1152  0.007657456677407026
1147  0.007655594497919083
1132  0.007654496468603611
1124  0.0076525453478097916
1138  0.007652494590729475
1123  0.007646927144378424
1120  0.007645520381629467
1144  0.007644879166036844
1141  0.007643429096788168
1129  0.0076428428292274475
1153  0.0076409331522881985
1149  0.007637015078216791
1136  0.00763248186558485
1145  0.007630379404872656
1148  0.007628621533513069
1121  0.0076277912594377995
1128  0.007626459933817387
1156  0.007625159807503223
1122  0.007623306009918451
1158  0.007621163502335548
1154  0.007620950695127249
1137  0.00762043846771121
1125  0.007616263814270496
1134  0.00761586707085371
1159  0.007593875750899315
1140  0.0075873094610869884
1161  0.006776830647140741
759  0.006174563430249691
730  0.006173159461468458
733  0.006168150343000889
739  0.00616660388186574
746  0.0061585730873048306
744  0.006155176088213921
756  0.006154318805783987
748  0.006151167210191488
770  0.006150971632450819
732  0.006145636551082134
765  0.0061448910273611546
740  0.006141467485576868
727  0.006140603218227625
766  0.006139697972685099
728  0.006136745680123568
741  0.006134024355560541
755  0.006132916081696749
743  0.006132323294878006
773  0.006131399422883987
754  0.006130005232989788
764  0.0061255996115505695
772  0.006125311832875013
731  0.006125111598521471
771  0.006117833312600851
736  0.006114152260124683
758  0.006112182047218084
769  0.006110125686973333
734  0.006109416019171476
742  0.006108932662755251
729  0.006107470486313105
750  0.006105091888457537
747  0.006104573607444763
767  0.006099713034927845
757  0.006099088117480278
762  0.006092198193073273
745  0.006089559756219387
737  0.006088532507419586
761  0.006088428199291229
768  0.006087637972086668
735  0.006087386980652809
749  0.006084898021072149
752  0.006084179971367121
763  0.0060830009169876575
738  0.006078948266804218
760  0.006078426726162434
751  0.006067843176424503
753  0.00605339789763093
968  0.005908880848437548
1353  0.0047382484190166
1310  0.0047375853173434734
1341  0.0047367108054459095
1319  0.004735827445983887
1320  0.004735732451081276
1317  0.004735065158456564
1308  0.004731940571218729
1324  0.004731700289994478
1312  0.004729058127850294
1354  0.004727188963443041
1313  0.004726361017674208
1314  0.004726008977741003
1352  0.004725986160337925
1345  0.004725515842437744
1335  0.004725297912955284
1315  0.004722065292298794
1307  0.004719582851976156
1329  0.0047187344171106815
1336  0.00471818121150136
1346  0.0047180065885186195
1325  0.004717462230473757
1316  0.0047172545455396175
1322  0.004713691771030426
1321  0.004713356029242277
1339  0.004713140893727541
1337  0.004712680354714394
1328  0.004711881745606661
1343  0.004711477551609278
1332  0.004711260087788105
1340  0.004709190689027309
1338  0.004707503132522106
1326  0.004707489628344774
1330  0.0047066970728337765
1342  0.0047056665644049644
1318  0.004705506376922131
1309  0.004703878425061703
1349  0.0047032712027430534
1348  0.00470258854329586
1311  0.004701332189142704
1333  0.004698869772255421
1347  0.0046981023624539375
1344  0.004697190597653389
1351  0.004695409443229437
1334  0.00469410652294755
1323  0.00469121104106307
1331  0.004690317902714014
1327  0.0046821534633636475
1350  0.004676348064094782
581  0.0042913383804261684
1165  0.004139876924455166
1174  0.004126889165490866
1168  0.004124193452298641
1209  0.004119269084185362
1169  0.004119266755878925
1175  0.004117882344871759
1171  0.004117610398679972
1194  0.004116660449653864
1190  0.004115884192287922
1196  0.0041155205108225346
1208  0.004113885574042797
1162  0.004113758448511362
1200  0.004112045280635357
1167  0.004111192189157009
1172  0.004108707886189222
1207  0.004107603803277016
1184  0.004107566550374031
1163  0.004107184242457151
1170  0.004106868524104357
1179  0.004106614738702774
1187  0.004101722966879606
1191  0.004101415164768696
1166  0.004101267084479332
1198  0.004100692458450794
1180  0.004098733887076378
1177  0.004098060540854931
1203  0.004095916636288166
1181  0.004095068201422691
1173  0.00409476924687624
1201  0.0040934644639492035
1204  0.004093380644917488
1176  0.004093274008482695
1193  0.0040923431515693665
1195  0.004092119634151459
1192  0.004091769456863403
1189  0.004087965004146099
1183  0.004087960813194513
1197  0.004087565001100302
1178  0.004087143577635288
1164  0.004086957313120365
1188  0.004083448089659214
1206  0.004079796373844147
1202  0.004075957927852869
1185  0.0040752780623734
1199  0.004072943236678839
1186  0.004068025387823582
1205  0.004063048399984837
1182  0.004061426036059856
387  0.00314117968082428
343  0.002710927976295352
372  0.002710756380110979
359  0.0027097768615931273
352  0.002708110027015209
345  0.00270773540250957
340  0.0027070322539657354
357  0.0027067488990724087
383  0.0027064995374530554
361  0.0027061491273343563
369  0.002705860882997513
356  0.00270508392713964
346  0.002704926999285817
353  0.0027044382877647877
368  0.0027040692511945963
342  0.0027040434069931507
378  0.002703381236642599
344  0.002703251549974084
386  0.0027018249966204166
367  0.0027014215011149645
354  0.002701019635424018
379  0.0027005583979189396
385  0.0026985453441739082
384  0.0026982324197888374
349  0.0026980387046933174
341  0.0026979988906532526
381  0.002697845920920372
382  0.00269759981893003
377  0.0026974908541888
371  0.0026973907370120287
380  0.0026964673306792974
355  0.0026956675574183464
358  0.0026951071340590715
360  0.0026947688311338425
347  0.0026946496218442917
375  0.0026946035213768482
363  0.0026945341378450394
376  0.0026942023541778326
370  0.0026936347130686045
365  0.0026933851186186075
362  0.002693298039957881
348  0.00269224401563406
351  0.0026919967494904995
374  0.002691545058041811
373  0.002690783701837063
364  0.002688794629648328
366  0.0026858884375542402
350  0.002684718696400523
972  0.0025967713445425034
970  0.0025966158136725426
986  0.002596357837319374
976  0.0025961613282561302
1005  0.0025949475821107626
1000  0.002591598080471158
971  0.0025912937708199024
998  0.002590974560007453
988  0.0025909091345965862
1009  0.0025907268282026052
993  0.0025906390510499477
985  0.002588914707303047
982  0.0025888856034725904
996  0.0025888225063681602
969  0.0025884434580802917
984  0.002587035298347473
975  0.0025869649834930897
1003  0.002586877904832363
981  0.0025862897746264935
997  0.0025860106106847525
990  0.002585992217063904
974  0.0025857549626380205
980  0.0025855419225990772
1012  0.002585534704849124
1008  0.002585320733487606
1004  0.0025852799881249666
1011  0.0025842622853815556
1014  0.002584122121334076
987  0.0025838555302470922
978  0.0025837633293122053
983  0.002583668800070882
977  0.0025835875421762466
994  0.0025828233920037746
979  0.002582784276455641
1010  0.0025826366618275642
1013  0.002582562854513526
1015  0.002582560759037733
1006  0.002582302549853921
999  0.0025814748369157314
995  0.0025812010280787945
1001  0.0025810268707573414
992  0.002578428015112877
989  0.0025764694437384605
991  0.0025762978475540876
1007  0.0025743860751390457
1002  0.002573340432718396
973  0.002572614699602127
726  0.002280251355841756
484  0.0021629773546010256
823  0.0018952027894556522
49  0.0011743338545784354
703  0.0008467367151752114
681  0.000846679846290499
694  0.0008455059723928571
720  0.000844345020595938
724  0.000844258931465447
691  0.0008442424004897475
718  0.0008441624813713133
686  0.0008441358804702759
679  0.0008435347699560225
684  0.0008435191703028977
693  0.0008434210903942585
719  0.0008431507158093154
682  0.000842833484057337
705  0.0008428246364928782
706  0.0008425957057625055
687  0.0008425535634160042
708  0.0008423829567618668
683  0.000842369394376874
680  0.0008421751554124057
715  0.0008419564110226929
690  0.0008418297511525452
710  0.0008418164798058569
707  0.0008417479111813009
725  0.0008410920854657888
695  0.0008409966831095517
709  0.0008409078000113368
714  0.0008408929570578039
696  0.0008408832945860922
700  0.0008407767745666206
713  0.0008404559921473265
689  0.0008402405655942857
704  0.0008396970806643367
698  0.0008396947523579001
722  0.000839488347992301
711  0.0008390360744670033
685  0.0008389709400944412
721  0.0008389357826672494
692  0.0008389133727177978
716  0.0008388546411879361
723  0.0008388494024984539
697  0.0008388406131416559
688  0.0008372011361643672
717  0.0008370265713892877
702  0.0008368782000616193
701  0.0008356661419384181
699  0.0008346991962753236
712  0.0008336182800121605
1451  0.0007656351081095636
1436  0.0007643539574928582
1416  0.0007643240387551486
1407  0.0007638598908670247
1421  0.0007638507522642612
1410  0.0007637186790816486
1433  0.0007633722852915525
1447  0.0007633424829691648
1409  0.0007632264751009643
1404  0.0007631373591721058
1425  0.0007630010368302464
1450  0.000762580893933773
1405  0.0007625052821822464
1443  0.0007624138379469514
1423  0.0007623614510521293
1418  0.0007623400306329131
1417  0.0007621289696544409
1442  0.0007621025433763862
1432  0.000761898816563189
1441  0.0007617957307957113
1420  0.0007617485243827105
1406  0.0007614088826812804
1431  0.0007613276247866452
1413  0.0007611930486746132
1449  0.0007608761661686003
1408  0.000760829309001565
1435  0.0007607710431329906
1434  0.000760374590754509
1414  0.0007603007252328098
1419  0.0007602858240716159
1427  0.0007602727855555713
1446  0.0007602720870636404
1411  0.0007601684192195535
1448  0.0007598903030157089
1424  0.0007596148061566055
1426  0.0007593500195071101
1429  0.0007593448972329497
1439  0.0007593355257995427
1440  0.0007592598558403552
1422  0.0007592581096105278
1445  0.0007591939647682011
1444  0.0007590869208797812
1438  0.0007589816814288497
1437  0.0007588605512864888
1415  0.0007586411666125059
1412  0.0007583707920275629
1428  0.0007578589138574898
1430  0.000756566587369889
678  0.0006849777419120073
919  0.0006618595798499882
831  0.000659598910715431
825  0.000659450888633728
848  0.0006590817356482148
853  0.0006587514653801918
855  0.000658419681712985
845  0.0006579135078936815
860  0.0006578658358193934
864  0.0006576762534677982
827  0.0006575615843757987
832  0.0006571728154085577
826  0.0006571417907252908
849  0.0006570690893568099
852  0.0006569823599420488
863  0.0006569339311681688
865  0.000656931078992784
834  0.0006567823584191501
851  0.0006567536038346589
854  0.0006567460368387401
837  0.000656674790661782
841  0.0006566487718373537
859  0.0006566286901943386
839  0.0006565267103724182
858  0.0006563994102180004
835  0.0006563362549059093
836  0.0006561088375747204
868  0.0006560520268976688
866  0.0006560076144523919
829  0.0006559338653460145
856  0.0006559266475960612
869  0.0006559044704772532
824  0.0006558456807397306
833  0.0006557447486557066
843  0.0006554473657160997
842  0.0006553589482791722
840  0.0006552527192980051
847  0.0006550763500854373
867  0.0006550742546096444
838  0.0006550667458213866
830  0.0006550230318680406
850  0.0006549546378664672
844  0.000654952134937048
828  0.0006542677874676883
870  0.0006541530601680279
862  0.0006537171429954469
846  0.0006537052686326206
861  0.0006535046850331128
857  0.0006523845950141549
871  0.0006243863608688116
291  0.0006108239758759737
875  0.0005793526652269065
878  0.0005791279836557806
884  0.0005788247217424214
881  0.0005788186681456864
886  0.0005777904880233109
914  0.0005777538171969354
904  0.0005777461337856948
917  0.0005773310549557209
903  0.0005771800642833114
910  0.0005771577707491815
916  0.0005771219730377197
872  0.0005769671406596899
889  0.0005769470590166748
879  0.000576917955186218
900  0.0005768418195657432
876  0.0005768153932876885
877  0.0005767035181634128
905  0.0005766876274719834
874  0.0005766114918515086
899  0.0005765733076259494
908  0.0005765018868260086
885  0.0005764133529737592
893  0.000576293095946312
890  0.0005762247019447386
911  0.0005761577049270272
888  0.0005761239444836974
909  0.0005760193453170359
906  0.0005760113708674908
873  0.000576010555960238
902  0.0005760025815106928
901  0.0005759784253314137
882  0.0005759388441219926
918  0.0005759287159889936
891  0.0005758812767453492
894  0.0005756842438131571
880  0.0005755860474891961
915  0.0005755355814471841
897  0.0005755064776167274
887  0.0005754409357905388
892  0.0005754022859036922
883  0.0005753776058554649
907  0.0005751445423811674
895  0.0005751242861151695
898  0.0005750420968979597
912  0.0005750382551923394
896  0.0005745440721511841
913  0.0005743357469327748
97  0.0005432275938801467
339  0.00044262883602641523
591  0.00024608170497231185
611  0.00024548883084207773
628  0.0002452452899888158
584  0.0002452265762258321
618  0.00024509895592927933
585  0.000245088420342654
599  0.0002450269821565598
588  0.0002450220927130431
598  0.0002449746825732291
587  0.0002449702296871692
623  0.0002449216553941369
601  0.0002449174353387207
595  0.00024489033967256546
612  0.000244878203375265
614  0.0002447033766657114
600  0.0002446847502142191
590  0.00024464225862175226
613  0.00024463480804115534
626  0.0002446250000502914
593  0.0002445588179398328
625  0.0002445564605295658
615  0.0002445354766678065
621  0.00024449932971037924
609  0.000244498165557161
583  0.0002444814017508179
606  0.0002444394340272993
582  0.00024436324019916356
589  0.00024432223290205
603  0.00024430290795862675
604  0.00024427915923297405
596  0.00024422325077466667
610  0.00024418436805717647
627  0.00024413433857262135
586  0.00024413061328232288
620  0.000244072187342681
622  0.00024404775467701256
605  0.00024399819085374475
594  0.0002439449162920937
619  0.0002438028750475496
608  0.00024378331727348268
616  0.0002437521907268092
597  0.00024374939675908536
592  0.00024364505952689797
624  0.0002434734778944403
607  0.0002434191555948928
602  0.00024330451560672373
617  0.00024318438954651356
629  0.00022684407304041088
636  0.00017835017933975905
633  0.0001782804902177304
639  0.0001782724866643548
677  0.00017815253522712737
668  0.00017814640887081623
672  0.00017813824524637312
662  0.00017813147860579193
634  0.00017812415899243206
642  0.00017811142606660724
656  0.00017808424308896065
658  0.0001780652382876724
641  0.00017806167306844145
675  0.0001780553866410628
657  0.0001780440070433542
630  0.0001780151651473716
650  0.00017800377099774778
643  0.0001779762824298814
674  0.00017797324107959867
669  0.00017797102918848395
644  0.00017796560132410377
661  0.00017796049360185862
632  0.00017795829626265913
647  0.00017794778977986425
646  0.0001779448939487338
666  0.0001779348822310567
637  0.00017793419829104096
663  0.00017790909623727202
655  0.00017788485274650156
631  0.00017786263197194785
673  0.00017785330419428647
660  0.00017784532974474132
645  0.0001778419391484931
665  0.00017784041119739413
671  0.00017783159273676574
648  0.0001778169971657917
676  0.00017778835899662226
640  0.00017777463654056191
652  0.00017776650201994926
635  0.0001777300494723022
638  0.00017772293358575553
649  0.00017771734565030783
670  0.00017769396072253585
659  0.00017769209807738662
664  0.00017768143152352422
667  0.0001776235003490001
651  0.0001776051940396428
653  0.00017759570619091392
654  0.000177457754034549
295  0.0001108138749259524
307  0.00011077489034505561
316  0.00011075947259087116
338  0.00011070635082433
292  0.00011070181790273637
304  0.00011069305764976889
300  0.00011063901911256835
333  0.00011061633995268494
306  0.00011061455734306946
303  0.00011059313692385331
311  0.00011056436051148921
319  0.00011056224320782349
309  0.0001105487608583644
313  0.00011053062189603224
331  0.00011052619811380282
298  0.00011052408081013709
337  0.00011051956244045869
294  0.00011051460023736581
299  0.00011050912871723995
302  0.00011050501052523032
321  0.00011049847671529278
296  0.00011049584281863645
335  0.00011049394379369915
301  0.00011048551823478192
297  0.00011046297731809318
308  0.0001104554976336658
336  0.00011045370774809271
317  0.00011045340215787292
326  0.00011044307029806077
329  0.00011043485574191436
318  0.0001104256953112781
293  0.0001104196926462464
328  0.00011041295510949567
332  0.00011041295510949567
314  0.00011040653771487996
330  0.00011040653771487996
322  0.00011040063691325486
323  0.00011038652883144096
324  0.00011038127559004351
315  0.00011037642980227247
334  0.00011036906653316692
310  0.00011035569332307205
305  0.00011035296483896673
327  0.00011028552398784086
320  0.00011028478911612183
325  0.00011015982454409823
312  0.00011015803465852514
67  0.00010445021325722337
53  0.00010439933248562738
52  0.00010431912960484624
86  0.00010429535177536309
57  0.00010417458543088287
51  0.00010412274423288181
77  0.00010409316018922254
66  0.00010405663488199934
79  0.0001039960261550732
59  0.00010394318087492138
56  0.00010389343515271321
50  0.00010386748908786103
74  0.00010386559733888134
63  0.00010384381312178448
93  0.00010378610750194639
68  0.00010377619764767587
81  0.0001037538459058851
69  0.00010373276745667681
60  0.00010373049008194357
62  0.00010369280789745972
64  0.00010369024676037952
91  0.00010368519724579528
96  0.00010367492359364405
58  0.0001036714602378197
78  0.0001036553512676619
55  0.00010365039634052664
61  0.00010364516492700204
65  0.00010363291221437976
89  0.00010359221050748602
71  0.00010358766303397715
90  0.0001035433160723187
87  0.00010352949902880937
82  0.00010350343654863536
84  0.00010346771159674972
94  0.00010345499322284013
92  0.00010343772737542167
80  0.000103433383628726
85  0.00010340862354496494
72  0.00010337501589674503
83  0.00010324615141144022
95  0.00010323974856873974
75  0.00010323365131625906
76  0.00010319693683413789
88  0.00010314931569155306
73  0.000103079313703347
54  0.00010301131260348484
70  0.00010294296953361481
485  8.417733624810353e-05
517  8.414956391789019e-05
532  8.414379408350214e-05
488  8.414282638113946e-05
531  8.400877413805574e-05
490  8.400421211263165e-05
504  8.398242789553478e-05
528  8.395952318096533e-05
492  8.395672193728387e-05
499  8.395424083573744e-05
497  8.392926247324795e-05
510  8.392534800805151e-05
526  8.392510790145025e-05
520  8.391989831579849e-05
507  8.391181472688913e-05
512  8.391181472688913e-05
498  8.390605944441631e-05
489  8.388613787246868e-05
502  8.385542605537921e-05
486  8.383439853787422e-05
523  8.383232488995418e-05
491  8.382352825719863e-05
493  8.380314102396369e-05
524  8.380226790904999e-05
530  8.37809348013252e-05
514  8.377718040719628e-05
495  8.377677295356989e-05
511  8.377078484045342e-05
500  8.377006452064961e-05
487  8.376318874070421e-05
521  8.375392644666135e-05
501  8.375153265660629e-05
527  8.374922617804259e-05
496  8.373987657250836e-05
515  8.370946306968108e-05
494  8.369780698558316e-05
525  8.369684655917808e-05
505  8.369133865926415e-05
522  8.368551061721519e-05
513  8.366804104298353e-05
529  8.361603249795735e-05
516  8.361563959624618e-05
518  8.35543469293043e-05
519  8.355179306818172e-05
508  8.354079909622669e-05
509  8.353689190698788e-05
503  8.347279072040692e-05
506  8.347151742782444e-05
