50  0.24509912729263306
51  0.24509912729263306
52  0.24509912729263306
53  0.24509912729263306
54  0.24509912729263306
55  0.24509912729263306
56  0.24509912729263306
57  0.24509912729263306
58  0.24509912729263306
59  0.24509912729263306
60  0.24509912729263306
61  0.24509912729263306
62  0.24509912729263306
63  0.24509912729263306
64  0.24509912729263306
65  0.24509912729263306
66  0.24509912729263306
67  0.24509912729263306
68  0.24509912729263306
69  0.24509912729263306
70  0.24509912729263306
71  0.24509912729263306
72  0.24509912729263306
73  0.24509912729263306
74  0.24509912729263306
75  0.24509912729263306
76  0.24509912729263306
77  0.24509912729263306
78  0.24509912729263306
79  0.24509912729263306
80  0.24509912729263306
81  0.24509912729263306
82  0.24509912729263306
83  0.24509912729263306
84  0.24509912729263306
85  0.24509912729263306
86  0.24509912729263306
87  0.24509912729263306
88  0.24509912729263306
89  0.24509912729263306
90  0.24509912729263306
91  0.24509912729263306
92  0.24509912729263306
93  0.24509912729263306
94  0.24509912729263306
95  0.24509912729263306
96  0.24509912729263306
97  0.24509912729263306
98  0.24509912729263306
99  0.24509912729263306
100  0.24509912729263306
101  0.24509912729263306
102  0.24509912729263306
103  0.24509912729263306
104  0.24509912729263306
105  0.24509912729263306
106  0.24509912729263306
107  0.24509912729263306
108  0.24509912729263306
109  0.24509912729263306
110  0.24509912729263306
111  0.24509912729263306
112  0.24509912729263306
113  0.24509912729263306
114  0.24509912729263306
115  0.24509912729263306
116  0.24509912729263306
117  0.24509912729263306
118  0.24509912729263306
119  0.24509912729263306
120  0.24509912729263306
121  0.24509912729263306
122  0.24509912729263306
123  0.24509912729263306
124  0.24509912729263306
125  0.24509912729263306
126  0.24509912729263306
127  0.24509912729263306
128  0.24509912729263306
129  0.24509912729263306
130  0.24509912729263306
131  0.24509912729263306
132  0.24509912729263306
133  0.24509912729263306
134  0.24509912729263306
135  0.24509912729263306
136  0.24509912729263306
137  0.24509912729263306
138  0.24509912729263306
139  0.24509912729263306
140  0.24509912729263306
141  0.24509912729263306
142  0.24509912729263306
143  0.24509912729263306
144  0.24509912729263306
484  0.24509912729263306
485  0.24509912729263306
486  0.24509912729263306
487  0.24509912729263306
488  0.24509912729263306
489  0.24509912729263306
490  0.24509912729263306
491  0.24509912729263306
492  0.24509912729263306
493  0.24509912729263306
494  0.24509912729263306
495  0.24509912729263306
496  0.24509912729263306
497  0.24509912729263306
498  0.24509912729263306
499  0.24509912729263306
500  0.24509912729263306
501  0.24509912729263306
502  0.24509912729263306
503  0.24509912729263306
504  0.24509912729263306
505  0.24509912729263306
506  0.24509912729263306
507  0.24509912729263306
508  0.24509912729263306
509  0.24509912729263306
510  0.24509912729263306
511  0.24509912729263306
512  0.24509912729263306
513  0.24509912729263306
514  0.24509912729263306
515  0.24509912729263306
516  0.24509912729263306
517  0.24509912729263306
518  0.24509912729263306
519  0.24509912729263306
520  0.24509912729263306
521  0.24509912729263306
522  0.24509912729263306
523  0.24509912729263306
524  0.24509912729263306
525  0.24509912729263306
526  0.24509912729263306
527  0.24509912729263306
528  0.24509912729263306
529  0.24509912729263306
530  0.24509912729263306
531  0.24509912729263306
629  0.24509912729263306
630  0.24509912729263306
631  0.24509912729263306
632  0.24509912729263306
633  0.24509912729263306
634  0.24509912729263306
635  0.24509912729263306
636  0.24509912729263306
637  0.24509912729263306
638  0.24509912729263306
639  0.24509912729263306
640  0.24509912729263306
641  0.24509912729263306
642  0.24509912729263306
643  0.24509912729263306
644  0.24509912729263306
645  0.24509912729263306
646  0.24509912729263306
647  0.24509912729263306
648  0.24509912729263306
649  0.24509912729263306
650  0.24509912729263306
651  0.24509912729263306
652  0.24509912729263306
653  0.24509912729263306
654  0.24509912729263306
655  0.24509912729263306
656  0.24509912729263306
657  0.24509912729263306
658  0.24509912729263306
659  0.24509912729263306
660  0.24509912729263306
661  0.24509912729263306
662  0.24509912729263306
663  0.24509912729263306
664  0.24509912729263306
665  0.24509912729263306
666  0.24509912729263306
667  0.24509912729263306
668  0.24509912729263306
669  0.24509912729263306
670  0.24509912729263306
671  0.24509912729263306
672  0.24509912729263306
673  0.24509912729263306
674  0.24509912729263306
675  0.24509912729263306
676  0.24509912729263306
774  0.24509912729263306
775  0.24509912729263306
776  0.24509912729263306
777  0.24509912729263306
778  0.24509912729263306
779  0.24509912729263306
780  0.24509912729263306
781  0.24509912729263306
782  0.24509912729263306
783  0.24509912729263306
784  0.24509912729263306
785  0.24509912729263306
786  0.24509912729263306
787  0.24509912729263306
788  0.24509912729263306
789  0.24509912729263306
790  0.24509912729263306
791  0.24509912729263306
792  0.24509912729263306
793  0.24509912729263306
794  0.24509912729263306
795  0.24509912729263306
796  0.24509912729263306
797  0.24509912729263306
798  0.24509912729263306
799  0.24509912729263306
800  0.24509912729263306
801  0.24509912729263306
802  0.24509912729263306
803  0.24509912729263306
804  0.24509912729263306
805  0.24509912729263306
806  0.24509912729263306
807  0.24509912729263306
808  0.24509912729263306
809  0.24509912729263306
810  0.24509912729263306
811  0.24509912729263306
812  0.24509912729263306
813  0.24509912729263306
814  0.24509912729263306
815  0.24509912729263306
816  0.24509912729263306
817  0.24509912729263306
818  0.24509912729263306
819  0.24509912729263306
820  0.24509912729263306
821  0.24509912729263306
871  0.24509912729263306
872  0.24509912729263306
873  0.24509912729263306
874  0.24509912729263306
875  0.24509912729263306
876  0.24509912729263306
877  0.24509912729263306
878  0.24509912729263306
879  0.24509912729263306
880  0.24509912729263306
881  0.24509912729263306
882  0.24509912729263306
883  0.24509912729263306
884  0.24509912729263306
885  0.24509912729263306
886  0.24509912729263306
887  0.24509912729263306
888  0.24509912729263306
889  0.24509912729263306
890  0.24509912729263306
891  0.24509912729263306
892  0.24509912729263306
893  0.24509912729263306
894  0.24509912729263306
895  0.24509912729263306
896  0.24509912729263306
897  0.24509912729263306
898  0.24509912729263306
899  0.24509912729263306
900  0.24509912729263306
901  0.24509912729263306
902  0.24509912729263306
903  0.24509912729263306
904  0.24509912729263306
905  0.24509912729263306
906  0.24509912729263306
907  0.24509912729263306
908  0.24509912729263306
909  0.24509912729263306
910  0.24509912729263306
911  0.24509912729263306
912  0.24509912729263306
913  0.24509912729263306
914  0.24509912729263306
915  0.24509912729263306
916  0.24509912729263306
917  0.24509912729263306
1016  0.24509912729263306
1017  0.24509912729263306
1018  0.24509912729263306
1019  0.24509912729263306
1020  0.24509912729263306
1021  0.24509912729263306
1022  0.24509912729263306
1023  0.24509912729263306
1024  0.24509912729263306
1025  0.24509912729263306
1026  0.24509912729263306
1027  0.24509912729263306
1028  0.24509912729263306
1029  0.24509912729263306
1030  0.24509912729263306
1031  0.24509912729263306
1032  0.24509912729263306
1033  0.24509912729263306
1034  0.24509912729263306
1035  0.24509912729263306
1036  0.24509912729263306
1037  0.24509912729263306
1038  0.24509912729263306
1039  0.24509912729263306
1040  0.24509912729263306
1041  0.24509912729263306
1042  0.24509912729263306
1043  0.24509912729263306
1044  0.24509912729263306
1045  0.24509912729263306
1046  0.24509912729263306
1047  0.24509912729263306
1048  0.24509912729263306
1049  0.24509912729263306
1050  0.24509912729263306
1051  0.24509912729263306
1052  0.24509912729263306
1053  0.24509912729263306
1054  0.24509912729263306
1055  0.24509912729263306
1056  0.24509912729263306
1057  0.24509912729263306
1058  0.24509912729263306
1059  0.24509912729263306
1060  0.24509912729263306
1061  0.24509912729263306
1062  0.24509912729263306
1160  0.24509912729263306
1161  0.24509912729263306
1162  0.24509912729263306
1163  0.24509912729263306
1164  0.24509912729263306
1165  0.24509912729263306
1166  0.24509912729263306
1167  0.24509912729263306
1168  0.24509912729263306
1169  0.24509912729263306
1170  0.24509912729263306
1171  0.24509912729263306
1172  0.24509912729263306
1173  0.24509912729263306
1174  0.24509912729263306
1175  0.24509912729263306
1176  0.24509912729263306
1177  0.24509912729263306
1178  0.24509912729263306
1179  0.24509912729263306
1180  0.24509912729263306
1181  0.24509912729263306
1182  0.24509912729263306
1183  0.24509912729263306
1184  0.24509912729263306
1185  0.24509912729263306
1186  0.24509912729263306
1187  0.24509912729263306
1188  0.24509912729263306
1189  0.24509912729263306
1190  0.24509912729263306
1191  0.24509912729263306
1192  0.24509912729263306
1193  0.24509912729263306
1194  0.24509912729263306
1195  0.24509912729263306
1196  0.24509912729263306
1197  0.24509912729263306
1198  0.24509912729263306
1199  0.24509912729263306
1200  0.24509912729263306
1201  0.24509912729263306
1202  0.24509912729263306
1203  0.24509912729263306
1204  0.24509912729263306
1205  0.24509912729263306
1206  0.24509912729263306
1207  0.24509912729263306
1306  0.24509912729263306
1307  0.24509912729263306
1308  0.24509912729263306
1309  0.24509912729263306
1310  0.24509912729263306
1311  0.24509912729263306
1312  0.24509912729263306
1313  0.24509912729263306
1314  0.24509912729263306
1315  0.24509912729263306
1316  0.24509912729263306
1317  0.24509912729263306
1318  0.24509912729263306
1319  0.24509912729263306
1320  0.24509912729263306
1321  0.24509912729263306
1322  0.24509912729263306
1323  0.24509912729263306
1324  0.24509912729263306
1325  0.24509912729263306
1326  0.24509912729263306
1327  0.24509912729263306
1328  0.24509912729263306
1329  0.24509912729263306
1330  0.24509912729263306
1331  0.24509912729263306
1332  0.24509912729263306
1333  0.24509912729263306
1334  0.24509912729263306
1335  0.24509912729263306
1336  0.24509912729263306
1337  0.24509912729263306
1338  0.24509912729263306
1339  0.24509912729263306
1340  0.24509912729263306
1341  0.24509912729263306
1342  0.24509912729263306
1343  0.24509912729263306
1344  0.24509912729263306
1345  0.24509912729263306
1346  0.24509912729263306
1347  0.24509912729263306
1348  0.24509912729263306
1349  0.24509912729263306
1350  0.24509912729263306
1351  0.24509912729263306
1352  0.24509912729263306
1117  0.24507741630077362
388  0.24505497515201569
410  0.2449980527162552
390  0.24499502778053284
1137  0.24499021470546722
1126  0.2449861466884613
391  0.24498194456100464
393  0.24497924745082855
1142  0.24497567117214203
418  0.2449718415737152
413  0.2449672669172287
409  0.24496623873710632
414  0.2449633777141571
1147  0.24495942890644073
1140  0.24495859444141388
389  0.2449585646390915
408  0.24495449662208557
1141  0.24495364725589752
1124  0.24494580924510956
427  0.24494445323944092
399  0.24494366347789764
431  0.2449391633272171
411  0.24493859708309174
1133  0.24493813514709473
405  0.24493664503097534
424  0.24493539333343506
1115  0.24493399262428284
434  0.24493393301963806
1145  0.2449321299791336
1114  0.2449294924736023
1118  0.2449263483285904
1122  0.24492251873016357
428  0.24492137134075165
430  0.24491994082927704
406  0.24491946399211884
1131  0.24491751194000244
1113  0.24491676688194275
1121  0.2449163943529129
1143  0.244916170835495
415  0.2449142187833786
425  0.24491210281848907
403  0.24491094052791595
1123  0.24490821361541748
421  0.24490684270858765
1148  0.2449057549238205
412  0.24490460753440857
1156  0.24490447342395782
420  0.2449032962322235
404  0.24490192532539368
394  0.24489815533161163
1129  0.24489785730838776
1155  0.24489754438400269
1112  0.24489717185497284
396  0.24489495158195496
1150  0.24489468336105347
1144  0.24489465355873108
400  0.2448938935995102
395  0.2448931187391281
433  0.24489249289035797
1136  0.2448916882276535
402  0.24489054083824158
1116  0.24488988518714905
417  0.24488894641399384
1158  0.24488665163516998
1149  0.24488642811775208
407  0.2448863685131073
432  0.24488630890846252
397  0.24487973749637604
1139  0.24487890303134918
398  0.24487881362438202
1135  0.24487853050231934
426  0.2448776811361313
1132  0.2448701560497284
429  0.24486950039863586
1151  0.24486757814884186
1134  0.24486738443374634
1153  0.24486243724822998
1138  0.24486184120178223
422  0.24486149847507477
1157  0.2448541224002838
1119  0.2448536604642868
1154  0.24484708905220032
423  0.24484696984291077
1125  0.244843989610672
419  0.24484342336654663
1128  0.244841530919075
416  0.2448401153087616
1127  0.24483810365200043
1130  0.24483542144298553
1159  0.24483488500118256
1146  0.24483467638492584
392  0.24483318626880646
401  0.24483270943164825
1152  0.24483072757720947
1120  0.24482449889183044
1305  0.1216302141547203
145  0.05032448098063469
1015  0.033347636461257935
49  0.03185790032148361
918  0.031734973192214966
435  0.030677935108542442
197  0.01122878398746252
196  0.011181093752384186
200  0.011163424700498581
220  0.01116280909627676
198  0.01114648301154375
214  0.011142170056700706
195  0.011142016388475895
201  0.011139711365103722
224  0.01113126240670681
222  0.011128491722047329
202  0.011121545918285847
210  0.011121373623609543
233  0.01112077571451664
215  0.011117157526314259
225  0.011114034801721573
219  0.011113311164081097
199  0.011108940467238426
203  0.01110874768346548
223  0.011100557632744312
230  0.011098177172243595
211  0.01109732873737812
216  0.011096685193479061
204  0.011094022542238235
212  0.011084740050137043
239  0.011083945631980896
241  0.011081824079155922
231  0.011081505566835403
232  0.011079708114266396
226  0.011079232208430767
217  0.011076447553932667
209  0.01107120979577303
205  0.011069790460169315
237  0.011069560423493385
218  0.011062432080507278
206  0.01106027327477932
235  0.011058405973017216
234  0.011056700721383095
238  0.011056444607675076
227  0.011055444367229939
213  0.011041289195418358
221  0.011032294481992722
207  0.011027290485799313
240  0.01102591771632433
236  0.011020631529390812
229  0.01101947296410799
208  0.011018495075404644
228  0.011014988645911217
242  0.007285917643457651
532  0.0052954889833927155
246  0.004720351658761501
243  0.004713407251983881
264  0.004713313188403845
273  0.004711993969976902
245  0.004709100816398859
268  0.004708453081548214
244  0.004694660659879446
255  0.004694139584898949
282  0.0046937293373048306
252  0.00469173863530159
281  0.004691008012741804
266  0.004689902067184448
251  0.004688646644353867
270  0.0046880412846803665
272  0.004687026608735323
248  0.004686246160417795
288  0.004685981664806604
267  0.004683729261159897
258  0.004683193750679493
283  0.004682708997279406
260  0.004682648926973343
261  0.00468156673014164
262  0.004679674282670021
259  0.004679603036493063
271  0.004677920136600733
289  0.0046776821836829185
249  0.004674621857702732
279  0.004674511030316353
263  0.004674206953495741
277  0.004674045369029045
250  0.0046736858785152435
278  0.004672459326684475
265  0.004670796450227499
253  0.004670422058552504
247  0.004670402035117149
286  0.004669936839491129
276  0.00466922065243125
274  0.004660333972424269
275  0.004660154692828655
285  0.004659736528992653
257  0.004659674596041441
287  0.00465955538675189
280  0.004654358606785536
269  0.00465407595038414
254  0.004653481766581535
284  0.004652408417314291
256  0.004651099443435669
870  0.004521421156823635
1208  0.00271744467318058
677  0.0026747086085379124
387  0.0013471972197294235
194  0.0008529054466634989
535  0.0007388375233858824
538  0.0007365878554992378
558  0.0007362492033280432
536  0.0007358462898992002
533  0.0007335738628171384
552  0.00073347327997908
541  0.0007334718247875571
534  0.0007328042993322015
563  0.0007325309561565518
571  0.0007316526025533676
560  0.000731522508431226
554  0.0007314998656511307
557  0.0007313730893656611
562  0.0007308024214580655
568  0.0007307459600269794
539  0.0007307351334020495
537  0.0007303950842469931
540  0.0007303341990336776
553  0.000730315747205168
561  0.0007294970564544201
549  0.0007292287773452699
542  0.0007286070613190532
550  0.000728351529687643
556  0.0007279140409082174
547  0.0007275021634995937
569  0.0007272619404830039
564  0.0007271355134434998
572  0.0007270100177265704
548  0.0007265917374752462
575  0.0007264715968631208
579  0.0007263837032951415
555  0.0007262206054292619
576  0.0007261466234922409
543  0.0007258981931954622
573  0.0007258477853611112
577  0.0007258452824316919
565  0.0007251622155308723
551  0.0007250315975397825
545  0.000724853714928031
559  0.0007240624399855733
567  0.0007238868856802583
570  0.0007234665681608021
544  0.0007233021897263825
566  0.0007231991039589047
578  0.0007230426999740303
574  0.0007217043894343078
546  0.0007206938462331891
290  0.0006406765896826982
683  0.0006242412491701543
680  0.0006236426997929811
707  0.0006226152763701975
679  0.0006224776152521372
678  0.0006202819058671594
708  0.0006200017523951828
709  0.0006196838803589344
685  0.0006196726462803781
697  0.0006194344023242593
687  0.0006194211891852319
682  0.0006193022127263248
724  0.0006190366111695766
704  0.0006188806728459895
684  0.0006187399267219007
699  0.0006186692044138908
712  0.000618652964476496
701  0.0006186323589645326
698  0.0006184525554999709
702  0.0006183290388435125
703  0.0006181030767038465
716  0.000617975601926446
695  0.0006179534830152988
1260  0.0006178566254675388
715  0.0006176081951707602
686  0.0006175413727760315
681  0.0006174092413857579
722  0.0006173959700390697
713  0.0006172850844450295
688  0.0006171927088871598
705  0.0006171212298795581
692  0.0006171204149723053
700  0.0006170680280774832
1258  0.0006169374682940543
691  0.000616847479250282
714  0.0006166985258460045
721  0.0006165542290546
694  0.0006163109792396426
690  0.0006157203461043537
693  0.0006155581213533878
711  0.0006155155715532601
717  0.0006153645226731896
696  0.0006150815752334893
689  0.0006146625964902341
718  0.0006146072410047054
1262  0.0006145038641989231
1259  0.0006140267360024154
720  0.0006139661418274045
710  0.0006130253314040601
706  0.0006129505927674472
1286  0.0006124524516053498
1263  0.0006122663035057485
719  0.0006117311422713101
1287  0.0006111148395575583
1282  0.0006109345704317093
723  0.000610862101893872
1261  0.0006106016808189452
1304  0.000610264774877578
1267  0.0006099098245613277
1266  0.0006097624427638948
1284  0.0006094771670177579
1270  0.0006092129624448717
1303  0.0006089069647714496
1279  0.0006088300724513829
1280  0.0006088161608204246
1274  0.000608542060945183
1300  0.0006082025356590748
1278  0.0006080832099542022
1285  0.0006080454913899302
1301  0.0006079585873521864
1273  0.0006079269805923104
1296  0.0006076368154026568
1288  0.0006069234223105013
1281  0.0006065461202524602
1295  0.0006064932094886899
1291  0.0006063045584596694
1293  0.0006061233580112457
1264  0.0006057771388441324
1257  0.0006052427343092859
1283  0.0006048339419066906
1289  0.0006048224167898297
1292  0.0006047557690180838
1302  0.0006047266651876271
1290  0.0006047232309356332
1277  0.0006045019254088402
1271  0.0006044210167601705
1276  0.0006043095490895212
1275  0.0006041600718162954
1272  0.0006037646671757102
1269  0.0006036371923983097
1265  0.0006034953403286636
1298  0.0006033826502971351
1294  0.0006033570971339941
1297  0.0006029296200722456
1268  0.0006023268797434866
1299  0.0006010353681631386
1353  0.00042471024789847434
970  0.00032629823544993997
972  0.0003260787052568048
997  0.0003260041121393442
992  0.0003257707867305726
969  0.00032537098741158843
971  0.0003252742171753198
968  0.00032515948987565935
973  0.0003249419678468257
967  0.0003249001456424594
974  0.00032469237339682877
1005  0.0003242305538151413
977  0.0003241634403821081
1011  0.0003241634403821081
1012  0.0003240957739762962
990  0.0003239703946746886
980  0.00032390456181019545
996  0.00032384376390837133
994  0.00032380796619690955
984  0.0003237409400753677
1010  0.00032359996112063527
1014  0.00032357711461372674
988  0.0003235635522287339
978  0.00032333566923625767
985  0.0003232718736398965
989  0.00032321453909389675
1000  0.0003231757436878979
1002  0.000323121203109622
976  0.00032308915979228914
979  0.00032304387423209846
998  0.00032303217449225485
981  0.0003229462599847466
983  0.000322945648804307
1001  0.00032290315721184015
986  0.0003228677378501743
1006  0.00032275269040837884
999  0.00032269570510834455
1003  0.00032240452128462493
982  0.00032239718711934984
987  0.00032233138335868716
995  0.0003221393853891641
1013  0.0003220245416741818
991  0.0003218652564100921
1004  0.0003213430754840374
1008  0.0003213412419427186
993  0.0003212511946912855
1007  0.0003212156880181283
1009  0.00032103044213727117
975  0.00032096588984131813
31  0.0002819880610331893
6  0.00028158401255495846
4  0.0002813320606946945
7  0.0002803213137667626
26  0.00028018373996019363
1  0.0002800435177050531
5  0.0002800178772304207
2  0.0002799271314870566
3  0.0002798422647174448
45  0.0002797560882754624
28  0.000279648374998942
11  0.00027961956220678985
36  0.00027925087488256395
22  0.0002790754660964012
46  0.00027903023874387145
8  0.0002787842822726816
19  0.0002786997356452048
23  0.0002786582917906344
14  0.00027852761559188366
18  0.00027849734760820866
39  0.0002784809039440006
15  0.00027820596005767584
35  0.00027812531334348023
48  0.0002780566574074328
24  0.00027792411856353283
40  0.00027781183598563075
44  0.0002777347690425813
33  0.00027770589804276824
12  0.0002775981556624174
37  0.00027754390612244606
34  0.00027742935344576836
21  0.0002774050226435065
17  0.0002773878222797066
25  0.0002773769956547767
30  0.0002773391897790134
13  0.0002773323212750256
47  0.0002772812731564045
32  0.0002772320876829326
10  0.00027717422926798463
20  0.0002770563878584653
29  0.0002770244318526238
41  0.0002767578116618097
16  0.0002761778887361288
27  0.0002761481737252325
9  0.00027550937375053763
38  0.0002752352738752961
42  0.00027514135581441224
43  0.00027491297805681825
921  0.00022662486298941076
922  0.00022468400129582733
928  0.000224136674660258
948  0.00022381331655196846
943  0.0002232734696008265
920  0.000223140450543724
949  0.00022299859847407788
946  0.00022272490605246276
923  0.00022237647499423474
924  0.0002223713818239048
957  0.00022217750665731728
927  0.0002221105678472668
944  0.00022204320703167468
929  0.00022195876226760447
966  0.00022187350259628147
938  0.00022186123533174396
934  0.00022154455655254424
963  0.00022144298418425024
940  0.00022137226187624037
919  0.00022120495850685984
955  0.0002208641526522115
965  0.00022081700444687158
959  0.00022076121240388602
925  0.00022072922729421407
954  0.00022069997794460505
947  0.0002205500059062615
951  0.0002204698685090989
958  0.00022023498604539782
956  0.0002201111346948892
932  0.00022008638188708574
950  0.00021990659297443926
962  0.00021983491024002433
926  0.00021980390010867268
937  0.0002197334833908826
939  0.0002195839479099959
936  0.00021954101976007223
942  0.0002195234555983916
935  0.00021937990095466375
941  0.0002193700784118846
952  0.00021934874530415982
931  0.00021929627109784633
945  0.00021927495254203677
953  0.0002190699306083843
964  0.00021899391140323132
961  0.0002188509242841974
960  0.00021812599152326584
933  0.00021802514675073326
930  0.00021767056023236364
438  0.00020268176740501076
439  0.0002019017847487703
465  0.00020086776930838823
437  0.00020082888659089804
445  0.00020076321379747242
466  0.0002007375587709248
483  0.0002005827846005559
442  0.00020021783711854368
461  0.00019981885270681232
457  0.00019974893075414002
482  0.00019962746591772884
463  0.00019945412350352854
441  0.0001993045152630657
460  0.0001992931356653571
440  0.00019923194486182183
446  0.0001990921882679686
474  0.00019906122179236263
476  0.00019895951845683157
451  0.00019894774595741183
480  0.00019892615091521293
475  0.00019892178534064442
453  0.0001988406147575006
436  0.0001987782452488318
444  0.00019866872753482312
455  0.00019864601199515164
459  0.00019858444284182042
464  0.0001985549315577373
452  0.00019817324937321246
458  0.00019811655511148274
481  0.0001980015804292634
454  0.00019797890854533762
472  0.00019794116087723523
449  0.0001979324733838439
471  0.00019779569993261248
479  0.00019776269618887454
473  0.00019769575737882406
468  0.00019765523029491305
470  0.00019746120960917324
469  0.00019730725034605712
462  0.00019727152539417148
467  0.0001972472673514858
478  0.00019723879813682288
448  0.00019720288401003927
443  0.0001971175370272249
456  0.00019710739434231073
477  0.00019664409046526998
447  0.0001962737733265385
450  0.00019623877597041428
580  0.00010289929923601449
1256  4.661394632421434e-05
822  4.2438769014552236e-05
725  3.4283948480151594e-05
1063  3.2355055736843497e-05
773  2.8221045795362443e-05
1209  2.1988165826769546e-05
1210  2.1958159777568653e-05
1234  2.194358967244625e-05
1212  2.1929510694462806e-05
1236  2.190146187786013e-05
1247  2.1900146748521365e-05
1216  2.1889291019761004e-05
1230  2.188599137298297e-05
1254  2.1880170606891625e-05
1217  2.1875119273317978e-05
1248  2.186390156566631e-05
1218  2.1859939806745388e-05
1214  2.1857415049453266e-05
1221  2.1854435544810258e-05
1224  2.185247649322264e-05
1232  2.1849307813681662e-05
1228  2.184537152061239e-05
628  2.1842788555659354e-05
1243  2.184276672778651e-05
1233  2.1842517526238225e-05
1225  2.1833269784110598e-05
1237  2.183214746764861e-05
1226  2.1829815523233265e-05
1239  2.182950083806645e-05
1240  2.1822281269123778e-05
1211  2.1813581042806618e-05
1219  2.1813562852912582e-05
1245  2.180948285968043e-05
1231  2.1804949938086793e-05
1238  2.1803018171340227e-05
1229  2.1801790353492834e-05
1255  2.180129013140686e-05
1213  2.1788944650324993e-05
1215  2.1788944650324993e-05
1249  2.1782712792628445e-05
1244  2.1768508304376155e-05
1223  2.1768051738035865e-05
1220  2.1764170014648698e-05
1227  2.1763029508292675e-05
1252  2.1762902179034427e-05
1242  2.175790177716408e-05
1241  2.1755724446848035e-05
1246  2.1735877453465946e-05
1222  2.1734820620622486e-05
1251  2.1733660105383024e-05
1235  2.1729494619648904e-05
1253  2.1728914362029172e-05
1250  2.1727833882323466e-05
852  1.0420078979223035e-05
828  1.038405935105402e-05
825  1.0380553248978686e-05
824  1.0378305887570605e-05
827  1.0350147022109013e-05
829  1.0345429473090917e-05
823  1.0338831998524256e-05
833  1.0331617886549793e-05
839  1.0327775271434803e-05
847  1.032768705044873e-05
826  1.0319603461539373e-05
842  1.0317792657588143e-05
866  1.0310121069778688e-05
857  1.03032016340876e-05
869  1.0300343092239928e-05
841  1.0294764251739252e-05
843  1.0294725143467076e-05
832  1.0293979357811622e-05
830  1.0293585546605755e-05
854  1.0292811566614546e-05
867  1.0290572390658781e-05
845  1.0289561942045111e-05
853  1.0287904842698481e-05
848  1.0286844371876214e-05
851  1.0285373718943447e-05
840  1.0282637049385812e-05
849  1.0274461601511575e-05
850  1.027364851324819e-05
865  1.0272728104609996e-05
861  1.0271699466102291e-05
860  1.026697918860009e-05
856  1.0261683200951666e-05
837  1.0258570910082199e-05
834  1.0258219845127314e-05
835  1.0256449058942962e-05
831  1.0253386790282093e-05
844  1.0252204447169788e-05
836  1.0246505553368479e-05
846  1.0242383723380044e-05
838  1.0239618859486654e-05
858  1.0236475645797327e-05
855  1.0229097824776545e-05
859  1.0216180271527264e-05
863  1.0214806934527587e-05
864  1.0206597835349385e-05
862  1.020406671159435e-05
868  1.0203580131928902e-05
581  5.521779257833259e-06
583  5.521642378880642e-06
590  5.520547347259708e-06
584  5.519531441677827e-06
596  5.517631507245824e-06
605  5.515895281860139e-06
619  5.515032626135508e-06
602  5.514333224709844e-06
604  5.514270469575422e-06
621  5.514207259693649e-06
611  5.513923042599345e-06
606  5.5132863963081036e-06
585  5.51170978724258e-06
591  5.510185474122409e-06
608  5.5099385463108774e-06
610  5.508162303158315e-06
599  5.507296009454876e-06
617  5.506156412593555e-06
627  5.505941317096585e-06
600  5.504686214408139e-06
597  5.504424279934028e-06
582  5.504381988430396e-06
616  5.503983175003668e-06
620  5.5035898185451515e-06
601  5.503048669197597e-06
588  5.502759904629784e-06
589  5.502214662556071e-06
618  5.502208750840509e-06
609  5.501443411048967e-06
626  5.500588486029301e-06
593  5.500131919689011e-06
613  5.4993083722365554e-06
614  5.498160135175567e-06
624  5.497719939739909e-06
612  5.496749508893117e-06
586  5.495674486155622e-06
625  5.495266123034526e-06
592  5.4944539442658424e-06
623  5.494354354595998e-06
598  5.492997843248304e-06
603  5.492285254149465e-06
595  5.491452157002641e-06
587  5.490619969350519e-06
622  5.489483555720653e-06
594  5.489033355843276e-06
607  5.4889701459615026e-06
615  5.4882375479792245e-06
1375  4.051833457197063e-06
1356  4.048129540024092e-06
1357  4.047230049764039e-06
1354  4.045613422931638e-06
1374  4.0454820009472314e-06
1379  4.044205070385942e-06
1360  4.044058641738957e-06
1362  4.04119782615453e-06
1384  4.038108272652607e-06
1392  4.037592134409351e-06
1359  4.036691279907245e-06
1382  4.035967322124634e-06
1383  4.035609890706837e-06
1371  4.035013262182474e-06
1393  4.034901849081507e-06
1370  4.034212906844914e-06
1377  4.031862772535533e-06
1361  4.031113348901272e-06
1368  4.031016942462884e-06
1373  4.03068679588614e-06
1366  4.0295644794241525e-06
1369  4.029206593259005e-06
1399  4.028776857012417e-06
1381  4.028407602163497e-06
1394  4.0274780985782854e-06
1355  4.027140221296577e-06
1391  4.025112957606325e-06
1390  4.025043381261639e-06
1398  4.023466772196116e-06
1389  4.023378096462693e-06
1378  4.021118456876138e-06
1358  4.020444066554774e-06
1363  4.020087089884328e-06
1397  4.018899289803812e-06
1386  4.016293587483233e-06
1396  4.015631020592991e-06
1388  4.014191290480085e-06
1372  4.014129899587715e-06
1400  4.0101390368363354e-06
1385  4.008510586572811e-06
1364  4.008426458312897e-06
1376  4.004181391792372e-06
1387  4.002871719421819e-06
1395  4.002631612820551e-06
1365  4.000109129265184e-06
1380  3.999319233116694e-06
1367  3.9980345718504395e-06
726  1.8286176555193379e-06
729  1.8253593907502363e-06
756  1.825049594117445e-06
747  1.8235951984024723e-06
751  1.8229187617180287e-06
728  1.8204120806331048e-06
727  1.820206989577855e-06
738  1.8176122011936968e-06
764  1.817345037125051e-06
765  1.816414737731975e-06
742  1.8154050849261694e-06
749  1.815278665162623e-06
771  1.8151505400965107e-06
734  1.8146729416912422e-06
735  1.813695348573674e-06
731  1.8125039105143514e-06
753  1.8119663991456036e-06
772  1.8118818161383388e-06
741  1.8113186115442659e-06
750  1.8112459656549618e-06
744  1.8112252746504964e-06
755  1.810902404031367e-06
766  1.810736648621969e-06
743  1.8102322201229981e-06
760  1.8095590803568484e-06
730  1.8091571973855025e-06
746  1.8087205262418138e-06
754  1.8085584088112228e-06
745  1.8084568864651374e-06
761  1.8077964796248125e-06
762  1.8074946410706616e-06
736  1.8072946659231093e-06
732  1.8071601743940846e-06
759  1.8065211406792514e-06
733  1.8063573179460946e-06
769  1.8061489299725508e-06
768  1.8031955733022187e-06
748  1.803027203095553e-06
740  1.802783003768127e-06
757  1.8023824850388337e-06
758  1.8014956140177674e-06
737  1.8007519884122303e-06
770  1.799519168343977e-06
767  1.7990404330703313e-06
763  1.798786570361699e-06
752  1.7974490447159042e-06
739  1.7965271581488196e-06
292  7.115713742678054e-07
294  7.114831532817334e-07
296  7.112002435860632e-07
293  7.11074108039611e-07
297  7.096724630173412e-07
321  7.085133688633505e-07
295  7.080142268023337e-07
316  7.069508569657046e-07
335  7.065950171636359e-07
301  7.065384011184506e-07
320  7.060258440105827e-07
337  7.058904429868562e-07
300  7.058877713461698e-07
319  7.053285457914171e-07
338  7.049842452033772e-07
312  7.049358714539267e-07
314  7.045158554319642e-07
315  7.044459380267654e-07
307  7.044210974527232e-07
329  7.042424385872437e-07
318  7.04150409092108e-07
313  7.040047194095678e-07
324  7.034383315840387e-07
325  7.032377880022977e-07
291  7.031626410025638e-07
298  7.030587312328862e-07
305  7.030199071778043e-07
304  7.029299808891665e-07
327  7.02568740962306e-07
317  7.02525881024485e-07
308  7.020322527750977e-07
334  7.020129260126851e-07
326  7.017999337222136e-07
323  7.01395890700951e-07
309  7.012881724222098e-07
322  7.010000331320043e-07
330  7.009377895883517e-07
336  7.007881208664912e-07
299  7.002095685493259e-07
306  7.001601716183359e-07
303  7.001113999649533e-07
302  7.000726895967091e-07
311  6.997976811362605e-07
331  6.993226406848407e-07
310  6.99206566423527e-07
328  6.991832037783752e-07
332  6.970859658395057e-07
333  6.957716323086061e-07
339  5.74482385218289e-07
341  5.555339726015518e-07
342  5.552050197366043e-07
343  5.54261760044028e-07
364  5.540429697248328e-07
365  5.538860250453581e-07
371  5.534176921173639e-07
377  5.533032094717782e-07
345  5.531828719540499e-07
368  5.531823603632802e-07
378  5.531438205252925e-07
362  5.531296096705773e-07
359  5.53037864392536e-07
380  5.530362727768079e-07
383  5.529175837182265e-07
367  5.529144573301892e-07
375  5.526709401237895e-07
349  5.526213726625429e-07
350  5.526055133486807e-07
381  5.525338906409161e-07
347  5.525143933482468e-07
340  5.524785819943645e-07
357  5.524627795239212e-07
360  5.52452661395364e-07
346  5.523889967662399e-07
386  5.523447157429473e-07
372  5.523315280697716e-07
348  5.522978199223871e-07
358  5.52274173060141e-07
356  5.522657033907308e-07
373  5.522546757674718e-07
355  5.52230915218388e-07
361  5.521951607079245e-07
382  5.521756634152553e-07
351  5.521256412066577e-07
369  5.52007122678333e-07
366  5.5197034498633e-07
384  5.519424348676694e-07
370  5.518461421161192e-07
353  5.517130148291471e-07
363  5.517108547792304e-07
374  5.516329792953911e-07
385  5.5162405487863e-07
376  5.515877887773968e-07
344  5.514483518709312e-07
379  5.514178837984218e-07
354  5.509337483999843e-07
352  5.506774414243409e-07
1401  3.160454298267723e-07
149  1.789359487247566e-07
151  1.7832438459208788e-07
147  1.7815695230183337e-07
176  1.7799968077270023e-07
171  1.778934546337041e-07
152  1.7783592909381696e-07
156  1.777109872591609e-07
150  1.7757106718363502e-07
159  1.7755091619164887e-07
148  1.774004374510696e-07
164  1.772888253981364e-07
146  1.7723505152389407e-07
173  1.7722963718824758e-07
168  1.7716391198518977e-07
167  1.771030895270087e-07
175  1.7707236565911444e-07
153  1.7705377786114695e-07
192  1.7699993293263105e-07
190  1.768866866314056e-07
193  1.7685229636299482e-07
163  1.7685010789136868e-07
160  1.7679073494036857e-07
162  1.767878785585708e-07
179  1.7666096141510934e-07
169  1.7664311258158705e-07
174  1.7655082729106653e-07
191  1.7653498218805908e-07
155  1.7652506301146786e-07
181  1.7646732430876e-07
177  1.7644595118326833e-07
189  1.7630179627303733e-07
185  1.7624061854348838e-07
172  1.7623608528083423e-07
180  1.7622095072056254e-07
178  1.7619944969737844e-07
157  1.7614988223613182e-07
184  1.7614468106330605e-07
170  1.760245993409626e-07
158  1.7590278389434388e-07
182  1.7577131927737355e-07
161  1.7570661725585524e-07
166  1.7567379018146312e-07
186  1.756255301188503e-07
165  1.7555352371800836e-07
187  1.754909249029879e-07
154  1.7538148711082613e-07
183  1.7510957661670545e-07
188  1.7459447576584353e-07
1404  1.2199474763718854e-09
1405  1.2142578054152864e-09
1432  1.2063650078886212e-09
1431  1.206332811420907e-09
1403  1.2063190446554017e-09
1411  1.20550247562079e-09
1449  1.2024413686972935e-09
1429  1.200905708209632e-09
1427  1.2000745952533975e-09
1408  1.1998937399226861e-09
1426  1.1990197723577012e-09
1423  1.1987659753742719e-09
1446  1.198507737498744e-09
1412  1.197806076547181e-09
1406  1.197785426398923e-09
1410  1.1973446678581467e-09
1448  1.1964337298664418e-09
1402  1.1961006629590543e-09
1407  1.1959021550822513e-09
1417  1.1954254253154772e-09
1421  1.1953411593879082e-09
1440  1.1951678535737642e-09
1441  1.1944409905595421e-09
1442  1.1943476208031711e-09
1430  1.1936462929185154e-09
1434  1.1930634258305872e-09
1419  1.1925447296334823e-09
1438  1.1918557252244e-09
1437  1.1916079234453036e-09
1418  1.1912216768550365e-09
1420  1.1910286090710542e-09
1436  1.189979559335086e-09
1414  1.1896141849376818e-09
1445  1.1893963591802503e-09
1447  1.189121912048563e-09
1425  1.188221743220197e-09
1424  1.1879907058087724e-09
1422  1.18796805725907e-09
1415  1.1878864558667601e-09
1435  1.1875737060407232e-09
1439  1.1875556094054218e-09
1444  1.1875420646845214e-09
1433  1.1874129457467575e-09
1409  1.1846508218837926e-09
1428  1.1837857361030046e-09
1416  1.1830432189441353e-09
1443  1.1824791146253233e-09
1413  1.1802844257502443e-09
1111  6.639385152773514e-10
1067  3.784044605437131e-11
1064  3.7787797196875417e-11
1085  3.777727436427014e-11
1094  3.777727436427014e-11
1066  3.773183848698736e-11
1089  3.7719244394551765e-11
1103  3.764801664862816e-11
1110  3.762461522893723e-11
1065  3.7624181548068236e-11
1104  3.76147099578894e-11
1087  3.760932884566692e-11
1079  3.760646308248461e-11
1093  3.7594701657317486e-11
1073  3.7577635447760827e-11
1091  3.756473604399346e-11
1081  3.7532508351256766e-11
1102  3.7513114142795345e-11
1109  3.7503170707831046e-11
1076  3.749308502554172e-11
1088  3.7489369247856175e-11
1082  3.7475925140917354e-11
1074  3.747077995108761e-11
1069  3.746827847983525e-11
1100  3.746020507677805e-11
1107  3.745341883854003e-11
1083  3.745284637979296e-11
1070  3.7441418021533224e-11
1080  3.744041882081106e-11
1072  3.743627630115043e-11
1071  3.742149992658206e-11
1068  3.73993787328164e-11
1099  3.7397165225661055e-11
1092  3.738982040646377e-11
1097  3.7388252216441487e-11
1084  3.737520362645519e-11
1096  3.737227888267469e-11
1101  3.73664363340076e-11
1108  3.7351684245567895e-11
1090  3.734050221804175e-11
1075  3.733338291289634e-11
1086  3.730896841469544e-11
1106  3.730839942539532e-11
1095  3.729608982760979e-11
1105  3.7272407382715755e-11
1078  3.72635221290718e-11
1077  3.725727018566438e-11
1098  3.72319085284456e-11
