175  0.2713296115398407
176  0.2713296115398407
177  0.2713296115398407
178  0.2713296115398407
179  0.2713296115398407
180  0.2713296115398407
181  0.2713296115398407
182  0.2713296115398407
183  0.2713296115398407
184  0.2713296115398407
185  0.2713296115398407
186  0.2713296115398407
187  0.2713296115398407
188  0.2713296115398407
189  0.2713296115398407
190  0.2713296115398407
191  0.2713296115398407
192  0.2713296115398407
193  0.2713296115398407
194  0.2713296115398407
195  0.2713296115398407
196  0.2713296115398407
197  0.2713296115398407
198  0.2713296115398407
199  0.2713296115398407
200  0.2713296115398407
201  0.2713296115398407
202  0.2713296115398407
203  0.2713296115398407
204  0.2713296115398407
205  0.2713296115398407
206  0.2713296115398407
207  0.2713296115398407
208  0.2713296115398407
209  0.2713296115398407
210  0.2713296115398407
211  0.2713296115398407
212  0.2713296115398407
213  0.2713296115398407
214  0.2713296115398407
215  0.2713296115398407
216  0.2713296115398407
217  0.2713296115398407
218  0.2713296115398407
219  0.2713296115398407
220  0.2713296115398407
221  0.2713296115398407
222  0.2713296115398407
223  0.2713296115398407
224  0.2713296115398407
225  0.2713296115398407
226  0.2713296115398407
227  0.2713296115398407
228  0.2713296115398407
229  0.2713296115398407
230  0.2713296115398407
694  0.2713296115398407
695  0.2713296115398407
696  0.2713296115398407
697  0.2713296115398407
698  0.2713296115398407
699  0.2713296115398407
700  0.2713296115398407
701  0.2713296115398407
702  0.2713296115398407
703  0.2713296115398407
704  0.2713296115398407
705  0.2713296115398407
706  0.2713296115398407
707  0.2713296115398407
708  0.2713296115398407
709  0.2713296115398407
710  0.2713296115398407
711  0.2713296115398407
712  0.2713296115398407
713  0.2713296115398407
714  0.2713296115398407
715  0.2713296115398407
716  0.2713296115398407
717  0.2713296115398407
718  0.2713296115398407
719  0.2713296115398407
720  0.2713296115398407
721  0.2713296115398407
722  0.2713296115398407
723  0.2713296115398407
724  0.2713296115398407
725  0.2713296115398407
726  0.2713296115398407
727  0.2713296115398407
728  0.2713296115398407
729  0.2713296115398407
730  0.2713296115398407
731  0.2713296115398407
732  0.2713296115398407
733  0.2713296115398407
734  0.2713296115398407
735  0.2713296115398407
736  0.2713296115398407
737  0.2713296115398407
738  0.2713296115398407
739  0.2713296115398407
740  0.2713296115398407
741  0.2713296115398407
742  0.2713296115398407
743  0.2713296115398407
744  0.2713296115398407
745  0.2713296115398407
746  0.2713296115398407
747  0.2713296115398407
748  0.2713296115398407
749  0.2713296115398407
750  0.2713296115398407
751  0.2713296115398407
752  0.2713296115398407
753  0.2713296115398407
754  0.2713296115398407
755  0.2713296115398407
756  0.2713296115398407
757  0.2713296115398407
758  0.2713296115398407
759  0.2713296115398407
760  0.2713296115398407
761  0.2713296115398407
762  0.2713296115398407
763  0.2713296115398407
764  0.2713296115398407
765  0.2713296115398407
766  0.2713296115398407
767  0.2713296115398407
768  0.2713296115398407
769  0.2713296115398407
770  0.2713296115398407
771  0.2713296115398407
772  0.2713296115398407
773  0.2713296115398407
774  0.2713296115398407
775  0.2713296115398407
776  0.2713296115398407
777  0.2713296115398407
778  0.2713296115398407
779  0.2713296115398407
780  0.2713296115398407
781  0.2713296115398407
782  0.2713296115398407
783  0.2713296115398407
784  0.2713296115398407
785  0.2713296115398407
786  0.2713296115398407
787  0.2713296115398407
788  0.2713296115398407
789  0.2713296115398407
790  0.2713296115398407
791  0.2713296115398407
792  0.2713296115398407
793  0.2713296115398407
794  0.2713296115398407
795  0.2713296115398407
796  0.2713296115398407
797  0.2713296115398407
798  0.2713296115398407
799  0.2713296115398407
800  0.2713296115398407
801  0.2713296115398407
802  0.2713296115398407
803  0.2713296115398407
804  0.2713296115398407
805  0.2713296115398407
806  0.2713296115398407
807  0.2713296115398407
808  0.2713296115398407
1329  0.2713296115398407
1330  0.2713296115398407
1331  0.2713296115398407
1332  0.2713296115398407
1333  0.2713296115398407
1334  0.2713296115398407
1335  0.2713296115398407
1336  0.2713296115398407
1337  0.2713296115398407
1338  0.2713296115398407
1339  0.2713296115398407
1340  0.2713296115398407
1341  0.2713296115398407
1342  0.2713296115398407
1343  0.2713296115398407
1344  0.2713296115398407
1345  0.2713296115398407
1346  0.2713296115398407
1347  0.2713296115398407
1348  0.2713296115398407
1349  0.2713296115398407
1350  0.2713296115398407
1351  0.2713296115398407
1352  0.2713296115398407
1353  0.2713296115398407
1354  0.2713296115398407
1355  0.2713296115398407
1356  0.2713296115398407
1357  0.2713296115398407
1358  0.2713296115398407
1359  0.2713296115398407
1360  0.2713296115398407
1361  0.2713296115398407
1362  0.2713296115398407
1363  0.2713296115398407
1364  0.2713296115398407
1365  0.2713296115398407
1366  0.2713296115398407
1367  0.2713296115398407
1368  0.2713296115398407
1369  0.2713296115398407
1370  0.2713296115398407
1371  0.2713296115398407
1372  0.2713296115398407
1373  0.2713296115398407
1374  0.2713296115398407
1375  0.2713296115398407
1376  0.2713296115398407
1377  0.2713296115398407
1378  0.2713296115398407
1379  0.2713296115398407
1380  0.2713296115398407
1381  0.2713296115398407
1382  0.2713296115398407
1383  0.2713296115398407
1384  0.2713296115398407
1385  0.2713296115398407
1445  0.2713296115398407
1446  0.2713296115398407
1447  0.2713296115398407
1448  0.2713296115398407
1449  0.2713296115398407
1450  0.2713296115398407
1451  0.2713296115398407
1452  0.2713296115398407
1453  0.2713296115398407
1454  0.2713296115398407
1455  0.2713296115398407
1456  0.2713296115398407
1457  0.2713296115398407
1458  0.2713296115398407
1459  0.2713296115398407
1460  0.2713296115398407
1461  0.2713296115398407
1462  0.2713296115398407
1463  0.2713296115398407
1464  0.2713296115398407
1465  0.2713296115398407
1466  0.2713296115398407
1467  0.2713296115398407
1468  0.2713296115398407
1469  0.2713296115398407
1470  0.2713296115398407
1471  0.2713296115398407
1472  0.2713296115398407
1473  0.2713296115398407
1474  0.2713296115398407
1475  0.2713296115398407
1476  0.2713296115398407
1477  0.2713296115398407
1478  0.2713296115398407
1479  0.2713296115398407
1480  0.2713296115398407
1481  0.2713296115398407
1482  0.2713296115398407
1483  0.2713296115398407
1484  0.2713296115398407
1485  0.2713296115398407
1486  0.2713296115398407
1487  0.2713296115398407
1488  0.2713296115398407
1489  0.2713296115398407
1490  0.2713296115398407
1491  0.2713296115398407
1492  0.2713296115398407
1493  0.2713296115398407
1494  0.2713296115398407
1495  0.2713296115398407
1496  0.2713296115398407
1497  0.2713296115398407
1498  0.2713296115398407
1499  0.2713296115398407
1500  0.2713296115398407
1501  0.2713296115398407
1502  0.2713296115398407
1503  0.2713296115398407
1504  0.2713296115398407
1505  0.2713296115398407
1506  0.2713296115398407
1507  0.2713296115398407
1508  0.2713296115398407
1509  0.2713296115398407
1510  0.2713296115398407
1511  0.2713296115398407
1512  0.2713296115398407
1513  0.2713296115398407
1514  0.2713296115398407
1515  0.2713296115398407
1516  0.2713296115398407
1517  0.2713296115398407
1518  0.2713296115398407
1519  0.2713296115398407
1520  0.2713296115398407
1521  0.2713296115398407
1522  0.2713296115398407
1523  0.2713296115398407
1524  0.2713296115398407
1525  0.2713296115398407
1526  0.2713296115398407
1527  0.2713296115398407
1528  0.2713296115398407
1529  0.2713296115398407
1530  0.2713296115398407
1531  0.2713296115398407
1532  0.2713296115398407
1533  0.2713296115398407
1534  0.2713296115398407
1535  0.2713296115398407
1536  0.2713296115398407
1537  0.2713296115398407
1538  0.2713296115398407
1539  0.2713296115398407
1540  0.2713296115398407
1541  0.2713296115398407
1542  0.2713296115398407
1543  0.2713296115398407
1544  0.2713296115398407
1545  0.2713296115398407
1546  0.2713296115398407
1547  0.2713296115398407
1548  0.2713296115398407
1549  0.2713296115398407
1550  0.2713296115398407
1551  0.2713296115398407
1552  0.2713296115398407
1553  0.2713296115398407
1554  0.2713296115398407
1555  0.2713296115398407
1556  0.2713296115398407
1557  0.2713296115398407
1558  0.2713296115398407
1676  0.2713296115398407
1677  0.2713296115398407
1678  0.2713296115398407
1679  0.2713296115398407
1680  0.2713296115398407
1681  0.2713296115398407
1682  0.2713296115398407
1683  0.2713296115398407
1684  0.2713296115398407
1685  0.2713296115398407
1686  0.2713296115398407
1687  0.2713296115398407
1688  0.2713296115398407
1689  0.2713296115398407
1690  0.2713296115398407
1691  0.2713296115398407
1692  0.2713296115398407
1693  0.2713296115398407
1694  0.2713296115398407
1695  0.2713296115398407
1696  0.2713296115398407
1697  0.2713296115398407
1698  0.2713296115398407
1699  0.2713296115398407
1700  0.2713296115398407
1701  0.2713296115398407
1702  0.2713296115398407
1703  0.2713296115398407
1704  0.2713296115398407
1705  0.2713296115398407
1706  0.2713296115398407
1707  0.2713296115398407
1708  0.2713296115398407
1709  0.2713296115398407
1710  0.2713296115398407
1711  0.2713296115398407
1712  0.2713296115398407
1713  0.2713296115398407
1714  0.2713296115398407
1715  0.2713296115398407
1716  0.2713296115398407
1717  0.2713296115398407
1718  0.2713296115398407
1719  0.2713296115398407
1720  0.2713296115398407
1721  0.2713296115398407
1722  0.2713296115398407
1723  0.2713296115398407
1724  0.2713296115398407
1725  0.2713296115398407
1726  0.2713296115398407
1727  0.2713296115398407
1728  0.2713296115398407
1729  0.2713296115398407
1730  0.2713296115398407
1731  0.2713296115398407
1732  0.2713296115398407
1444  0.2711382210254669
867  0.27098339796066284
906  0.2709166407585144
880  0.27089741826057434
913  0.27085980772972107
1386  0.27085670828819275
918  0.27084627747535706
868  0.27083590626716614
876  0.27083510160446167
907  0.2708117961883545
910  0.27078932523727417
872  0.2707863450050354
871  0.27077868580818176
882  0.27077716588974
874  0.2707739472389221
870  0.2707732319831848
898  0.2707582116127014
911  0.2707561254501343
912  0.270755797624588
1387  0.270753413438797
875  0.270742803812027
1429  0.2707397937774658
896  0.27073919773101807
887  0.2707383930683136
883  0.2707364857196808
1420  0.27073243260383606
922  0.27072957158088684
881  0.2707282304763794
877  0.2707248032093048
889  0.27072009444236755
890  0.2707200348377228
895  0.2707138955593109
921  0.2707088589668274
909  0.27070796489715576
1422  0.2707042992115021
897  0.2707034647464752
1407  0.2707005441188812
914  0.27069905400276184
917  0.2706945240497589
885  0.2706926167011261
1419  0.2706923484802246
1401  0.2706783711910248
892  0.27067577838897705
1431  0.2706757187843323
916  0.27067333459854126
903  0.2706717550754547
923  0.2706605792045593
886  0.2706593871116638
1430  0.2706559896469116
894  0.2706529200077057
884  0.27065232396125793
869  0.27064135670661926
879  0.27064049243927
893  0.2706318199634552
1406  0.27062419056892395
905  0.2706226110458374
1393  0.2706206738948822
1421  0.27061980962753296
1391  0.2706179916858673
908  0.27061647176742554
891  0.2706092894077301
1435  0.2706020176410675
1416  0.27060019969940186
1433  0.27059170603752136
904  0.2705870568752289
1402  0.27058249711990356
1408  0.2705794870853424
1428  0.2705783247947693
1418  0.27057215571403503
901  0.2705700099468231
1438  0.27056562900543213
1412  0.2705570161342621
1415  0.2705560028553009
1389  0.27055588364601135
920  0.27055519819259644
899  0.270551860332489
1437  0.27055051922798157
1398  0.2705467641353607
888  0.2705440819263458
873  0.27054330706596375
919  0.27054211497306824
1427  0.2705420255661011
1432  0.27053847908973694
902  0.2705375850200653
900  0.2705370783805847
1413  0.27053192257881165
1405  0.27051183581352234
1442  0.270511656999588
1399  0.2705109417438507
1434  0.27050507068634033
1411  0.2705022394657135
1441  0.27049723267555237
1414  0.2704962193965912
1396  0.270496129989624
1392  0.2704928517341614
915  0.27048900723457336
1440  0.27048593759536743
1436  0.27048590779304504
1388  0.27047109603881836
1439  0.27046844363212585
1443  0.2704617381095886
1409  0.2704554796218872
1395  0.2704446017742157
1424  0.270442396402359
1425  0.2704392075538635
1410  0.27043622732162476
1397  0.2704305648803711
878  0.2704305052757263
1400  0.27041786909103394
1404  0.27037712931632996
1403  0.27037179470062256
1394  0.2703686058521271
1426  0.2703675925731659
1423  0.27030155062675476
1417  0.27026012539863586
1390  0.27024605870246887
456  0.27015501260757446
414  0.2701341509819031
406  0.27012860774993896
410  0.2700461745262146
448  0.26993146538734436
425  0.2699304521083832
449  0.2699301242828369
436  0.26987096667289734
427  0.26985296607017517
459  0.26985055208206177
412  0.2698332369327545
451  0.2698317766189575
417  0.26979756355285645
435  0.2697826623916626
450  0.26977473497390747
424  0.26976892352104187
428  0.26975783705711365
415  0.26973894238471985
418  0.26971590518951416
444  0.2697116434574127
452  0.2697112560272217
441  0.2697032392024994
455  0.26969873905181885
419  0.26968830823898315
421  0.2696745693683624
430  0.2696673572063446
445  0.26965975761413574
409  0.2696255147457123
446  0.2696131467819214
426  0.2696077823638916
432  0.26959124207496643
434  0.26958581805229187
439  0.26958179473876953
420  0.2695677876472473
422  0.269561767578125
433  0.2695596516132355
429  0.2695505619049072
443  0.26954734325408936
447  0.2695380449295044
423  0.2695310413837433
457  0.2695132791996002
460  0.26949599385261536
461  0.2694868743419647
431  0.26947689056396484
438  0.26946380734443665
416  0.2694103717803955
437  0.26939451694488525
442  0.2693723738193512
407  0.2693389058113098
408  0.26933586597442627
453  0.26933181285858154
454  0.26929548382759094
413  0.2692149877548218
411  0.2692112624645233
458  0.2692003846168518
440  0.2690274119377136
1559  0.2637174427509308
462  0.2533760070800781
1608  0.22916348278522491
1567  0.22895507514476776
1613  0.22891898453235626
1575  0.22869448363780975
1616  0.22868037223815918
1561  0.22863537073135376
1562  0.22860653698444366
1580  0.22860108315944672
1593  0.2285642772912979
1586  0.2285265475511551
1606  0.22852450609207153
1563  0.22851240634918213
1605  0.2285061776638031
1581  0.2284873127937317
1582  0.22845137119293213
1572  0.22844599187374115
1587  0.22843633592128754
1577  0.22841794788837433
1607  0.22840842604637146
1595  0.22840534150600433
1568  0.22839871048927307
1592  0.2283974289894104
1603  0.22839200496673584
1569  0.22838300466537476
1615  0.22837267816066742
1590  0.22836506366729736
1589  0.22832903265953064
1560  0.2283250391483307
1600  0.22831742465496063
1597  0.22831466794013977
1599  0.22828082740306854
1602  0.2282780408859253
1604  0.22827793657779694
1571  0.22827650606632233
1566  0.2282530516386032
1610  0.2282390594482422
1594  0.2281971573829651
1585  0.2281666249036789
1578  0.22815485298633575
1611  0.2281312793493271
1573  0.22812746465206146
1601  0.22805844247341156
1579  0.2280443012714386
1570  0.22803662717342377
1584  0.22801648080348969
1614  0.2279759794473648
1598  0.22797267138957977
1574  0.22796760499477386
1609  0.227924644947052
1612  0.22788791358470917
1576  0.22788333892822266
1564  0.22783289849758148
1583  0.22782844305038452
1596  0.22781340777873993
1565  0.22780194878578186
1591  0.2276727259159088
1588  0.22762431204319
1049  0.17464783787727356
1094  0.17435283958911896
1045  0.1742807924747467
1052  0.1742497682571411
1061  0.17423196136951447
1059  0.17417623102664948
1041  0.1741587370634079
1091  0.17411184310913086
1083  0.17406690120697021
1060  0.1740531474351883
1062  0.17400160431861877
1084  0.17396819591522217
1074  0.17389844357967377
1071  0.17382101714611053
1073  0.17375697195529938
1081  0.17374643683433533
1063  0.17370079457759857
1054  0.1736626923084259
1092  0.17365452647209167
1070  0.17364822328090668
1076  0.17361249029636383
1072  0.17359980940818787
1087  0.17359626293182373
1086  0.1735464632511139
1078  0.17353612184524536
1065  0.17353077232837677
1057  0.1735033392906189
1090  0.17345263063907623
1096  0.17342928051948547
1067  0.17341504991054535
1064  0.17341257631778717
1056  0.17339424788951874
1088  0.17338241636753082
1051  0.17337389290332794
1085  0.17336933314800262
1047  0.17336319386959076
1068  0.1733534187078476
1044  0.17332686483860016
1080  0.17331358790397644
1058  0.1732633262872696
1095  0.17323829233646393
1066  0.17319713532924652
1069  0.17319121956825256
1050  0.17317956686019897
1082  0.1731175035238266
1077  0.17311276495456696
1053  0.17299433052539825
1093  0.17295482754707336
1079  0.17289601266384125
1046  0.17287728190422058
1055  0.17286042869091034
1089  0.17280998826026917
1043  0.17275269329547882
1042  0.17266060411930084
1075  0.17243708670139313
1048  0.17224149405956268
231  0.1677645444869995
503  0.15123240649700165
464  0.15101459622383118
470  0.15098439157009125
516  0.1509658545255661
509  0.15091948211193085
472  0.150900200009346
478  0.1508866399526596
519  0.1508793979883194
496  0.150875985622406
471  0.15085375308990479
514  0.15085181593894958
511  0.15084978938102722
508  0.150838702917099
465  0.15079821646213531
483  0.15076526999473572
510  0.15076448023319244
463  0.15075907111167908
467  0.1507541686296463
490  0.1507362723350525
492  0.1507171094417572
498  0.15071383118629456
504  0.15071283280849457
475  0.15069490671157837
484  0.15067529678344727
507  0.15064233541488647
495  0.15063226222991943
466  0.15062548220157623
485  0.15060913562774658
518  0.15060605108737946
493  0.15059413015842438
501  0.15059255063533783
476  0.1505916267633438
488  0.15058031678199768
480  0.15057139098644257
489  0.15055499970912933
473  0.15053650736808777
506  0.1505262851715088
515  0.15052363276481628
505  0.15051564574241638
513  0.15049730241298676
487  0.15048743784427643
479  0.15048377215862274
502  0.15048272907733917
477  0.15046794712543488
497  0.15044735372066498
474  0.15042723715305328
500  0.15041862428188324
486  0.15041685104370117
469  0.15040908753871918
468  0.15037645399570465
517  0.15037398040294647
482  0.15035852789878845
494  0.15033510327339172
499  0.1502596139907837
491  0.15025056898593903
512  0.15019141137599945
481  0.1501348465681076
1097  0.09873154759407043
924  0.06097933277487755
405  0.05409971997141838
1328  0.045606985688209534
1040  0.041849397122859955
1280  0.03533460199832916
1283  0.03528252989053726
1325  0.03527642786502838
1317  0.03526296094059944
1314  0.03524758666753769
1322  0.035244815051555634
1276  0.03523983433842659
1285  0.035230301320552826
1275  0.03523009270429611
1290  0.03522735461592674
1272  0.03522592782974243
1293  0.03522524982690811
1291  0.0352192185819149
1315  0.03521330654621124
1292  0.03519325703382492
1303  0.035190146416425705
1305  0.035188205540180206
1327  0.03517324849963188
1302  0.03517164662480354
1318  0.03516317158937454
1323  0.035155631601810455
1294  0.035148922353982925
1312  0.03514798358082771
1311  0.03514600917696953
1326  0.03514515608549118
1295  0.03514368087053299
1307  0.03513789549469948
1288  0.03513572737574577
1300  0.03513307496905327
1304  0.03512510657310486
1287  0.03512454405426979
1316  0.03512375056743622
1321  0.0351228304207325
1278  0.03512202203273773
1284  0.035114586353302
1298  0.03511396050453186
1281  0.03511221334338188
1310  0.03510866314172745
1299  0.03510766103863716
1301  0.035099972039461136
1309  0.035092975944280624
1297  0.0350881852209568
1289  0.035084713250398636
1319  0.035084281116724014
1296  0.03508222848176956
1274  0.03508106619119644
1286  0.035050202161073685
1308  0.035049524158239365
1313  0.035043202340602875
1324  0.03504244610667229
1279  0.03502611443400383
1277  0.035019490867853165
1320  0.03501662239432335
1282  0.035009291023015976
1273  0.0349915437400341
1306  0.03497068211436272
1271  0.016986919566988945
174  0.01391823310405016
520  0.01069332379847765
1675  0.009296709671616554
1617  0.0029452983289957047
107  0.0008491683402098715
74  0.0008490186301060021
59  0.0008489163010381162
104  0.0008489130414091051
79  0.0008487703162245452
61  0.000848589523229748
93  0.00084832520224154
115  0.0008482172852382064
105  0.0008481716504320502
62  0.0008480508695356548
101  0.0008479938842356205
102  0.0008479692041873932
70  0.0008479206589981914
114  0.000847729214001447
66  0.0008477074443362653
81  0.0008476662333123386
85  0.0008476088987663388
63  0.0008474183268845081
94  0.0008473073830828071
103  0.0008472435874864459
112  0.0008471753681078553
80  0.000847130548208952
84  0.0008471139008179307
68  0.0008469150634482503
86  0.0008469060994684696
106  0.0008469049935229123
92  0.0008468545274809003
97  0.0008468492887914181
96  0.0008468254818581045
98  0.0008467718143947423
109  0.0008467318257316947
82  0.0008466956205666065
77  0.0008466806029900908
76  0.0008466508006677032
91  0.0008465899154543877
64  0.0008465572609566152
90  0.0008465423015877604
108  0.000846527807880193
60  0.0008465108112432063
71  0.0008465007413178682
65  0.0008464301936328411
88  0.0008464180864393711
73  0.0008463744889013469
113  0.0008463458507321775
110  0.0008462689002044499
75  0.0008461845573037863
89  0.000846124195959419
87  0.0008460914832539856
67  0.0008460310054942966
72  0.0008456248324364424
99  0.0008455615607090294
78  0.0008453166228719056
83  0.0008451667963527143
69  0.0008450287277810276
95  0.0008449316956102848
100  0.0008448805892840028
111  0.0008448141743429005
809  0.0005697346641682088
1234  0.0004644547589123249
1241  0.0004643650318030268
1249  0.0004643431166186929
1265  0.0004643318534363061
1253  0.0004642231797333807
1226  0.00046410152572207153
1247  0.0004640778643079102
1230  0.0004640055703930557
1227  0.0004639524850063026
1259  0.0004639281833078712
1222  0.00046390556963160634
1232  0.0004638876998797059
1214  0.00046387664042413235
1231  0.00046386339818127453
1267  0.0004638521058950573
1270  0.0004637674428522587
1257  0.00046376234968192875
1264  0.00046373315853998065
1269  0.00046372434007935226
1251  0.00046370821655727923
1246  0.0004637011152226478
1225  0.0004636834200937301
1224  0.000463665317511186
1235  0.0004636606608983129
1260  0.0004636187222786248
1258  0.00046360655687749386
1233  0.00046358906547538936
1238  0.00046357716200873256
1245  0.0004635614750441164
1223  0.0004635546065401286
1218  0.000463530101114884
1268  0.00046348918112926185
1255  0.0004633695352822542
1236  0.00046335801016539335
1217  0.0004633569624274969
1254  0.0004633509961422533
1261  0.00046332404599525034
1252  0.0004632962227333337
1215  0.00046327567542903125
1237  0.00046317718806676567
1256  0.000463133241282776
1250  0.00046307742013596
1248  0.00046300943358801305
1263  0.00046294942148961127
1239  0.0004629200557246804
1244  0.0004629033210221678
1266  0.00046281988034024835
1240  0.00046279386151582
1243  0.00046278376248665154
1220  0.0004627823946066201
1229  0.000462572235846892
1219  0.0004625636793207377
1262  0.0004625208966899663
1228  0.00046248894068412483
1242  0.0004623729910235852
1221  0.0004623309359885752
1216  0.0004621976404450834
1025  0.0003229539724998176
987  0.00032277757418341935
1030  0.00032260376610793173
1015  0.00032241191365756094
995  0.0003223824023734778
1002  0.00032209884375333786
1021  0.00032190236379392445
1016  0.0003218922356609255
1010  0.00032187506440095603
1007  0.0003217946505174041
993  0.000321787316352129
1009  0.0003217741323169321
991  0.00032174683292396367
984  0.0003216832992620766
1033  0.00032166310120373964
1020  0.00032164438744075596
1019  0.0003215603646822274
983  0.0003214325406588614
1008  0.0003214016032870859
1027  0.00032139610266312957
1031  0.00032129528699442744
996  0.00032127415761351585
1001  0.0003212245355825871
1028  0.0003212113806512207
1039  0.0003211330040358007
1024  0.00032113268389366567
1000  0.00032112596090883017
997  0.00032112046028487384
1003  0.00032110544270835817
1006  0.0003210919676348567
1012  0.00032108830055221915
989  0.00032097293296828866
1017  0.00032096431823447347
1029  0.00032092363107949495
1013  0.000320920895319432
1018  0.0003209147835150361
992  0.0003208970301784575
1032  0.00032088265288621187
1011  0.0003208636771887541
1036  0.0003208609123248607
999  0.0003208382986485958
1022  0.00032075727358460426
1026  0.0003207526751793921
994  0.0003206535766366869
1005  0.0003206202818546444
1035  0.00032059551449492574
988  0.0003205542452633381
1037  0.0003205481334589422
1004  0.0003205353277735412
990  0.00032048733555711806
1014  0.0003204717650078237
1034  0.0003204521781299263
1023  0.0003204085223842412
985  0.00032021032529883087
986  0.00031994699384085834
998  0.00031993267475627363
1038  0.0003196728939656168
982  0.00022574455942958593
973  0.00016602232062723488
970  0.00016599809168837965
945  0.00016575452173128724
927  0.0001655719242990017
932  0.00016555801266804338
936  0.00016551792214158922
981  0.00016550894360989332
978  0.0001654440857237205
940  0.0001653349754633382
951  0.00016530862194485962
946  0.00016530485299881548
968  0.0001652769569773227
971  0.0001652634091442451
958  0.00016524465172551572
947  0.00016522826626896858
928  0.0001651839993428439
925  0.00016516729374416173
957  0.00016516682808287442
926  0.0001651525089982897
931  0.00016509534907527268
980  0.0001650869962759316
962  0.0001650834019528702
937  0.00016507221153005958
969  0.00016497292381245643
965  0.00016495437012054026
960  0.00016491158748976886
964  0.00016490939015056938
942  0.00016490703274030238
959  0.00016489774861838669
954  0.00016489492554683238
972  0.0001648466568440199
934  0.00016484067600686103
933  0.00016482040518894792
943  0.00016478236648254097
952  0.00016476839664392173
950  0.0001646915916353464
974  0.00016466238594148308
979  0.00016464086365886033
944  0.00016461608174722642
976  0.0001646089949645102
967  0.00016458875325042754
963  0.0001645551819819957
948  0.00016454921569675207
975  0.0001645208103582263
929  0.00016448725364170969
930  0.000164406665135175
938  0.00016434583812952042
955  0.00016434035205747932
935  0.00016433800919912755
956  0.0001643337745917961
941  0.0001643083814997226
961  0.000164180135470815
939  0.00016417230654042214
966  0.0001641442795516923
953  0.00016403335030190647
949  0.00016396798309870064
977  0.00016393329133279622
58  8.434068877249956e-05
338  8.180893928511068e-05
334  8.177618292393163e-05
301  8.177438576240093e-05
317  8.176495612133294e-05
341  8.175801485776901e-05
342  8.175700349966064e-05
307  8.174935646820813e-05
330  8.174445247277617e-05
345  8.174328104360029e-05
333  8.174016693374142e-05
327  8.173735113814473e-05
293  8.173454989446327e-05
296  8.173408423317596e-05
311  8.173392416210845e-05
290  8.173243986675516e-05
335  8.172776870196685e-05
322  8.172675734385848e-05
292  8.172628440661356e-05
314  8.17260515759699e-05
321  8.172456728061661e-05
306  8.172262459993362e-05
315  8.172207890311256e-05
298  8.171724766725674e-05
291  8.170789806172252e-05
312  8.170548971975222e-05
332  8.170353248715401e-05
305  8.170174260158092e-05
320  8.170104410964996e-05
310  8.170003275154158e-05
337  8.169979264494032e-05
329  8.169878128683195e-05
299  8.1697064160835e-05
319  8.169652573997155e-05
323  8.169488864950836e-05
313  8.169053035089746e-05
309  8.168959175236523e-05
297  8.168866042979062e-05
318  8.168842032318935e-05
316  8.168733620550483e-05
340  8.168733620550483e-05
300  8.168405474862084e-05
331  8.167985652107745e-05
295  8.167899795807898e-05
294  8.167837222572416e-05
325  8.167837222572416e-05
336  8.167837222572416e-05
343  8.167065971065313e-05
346  8.166739280568436e-05
326  8.166529005393386e-05
302  8.166046609403566e-05
308  8.165797044057399e-05
303  8.165773760993034e-05
324  8.165641338564456e-05
328  8.165602048393339e-05
304  8.164691098500043e-05
339  8.16434039734304e-05
344  8.164223982021213e-05
616  5.4815933253848925e-05
587  5.4805113904876634e-05
632  5.47898598597385e-05
592  5.47785748494789e-05
597  5.4762382205808535e-05
589  5.475449870573357e-05
598  5.4747608373872936e-05
599  5.4736487072659656e-05
630  5.4726780945202336e-05
617  5.47227609786205e-05
611  5.4720152547815815e-05
629  5.471190161188133e-05
614  5.471148688229732e-05
622  5.470793985296041e-05
634  5.4706379160052165e-05
591  5.4702726629329845e-05
590  5.4701315093552694e-05
615  5.470032192533836e-05
585  5.4696622100891545e-05
579  5.469437382998876e-05
606  5.469437382998876e-05
583  5.4693959100404754e-05
608  5.468822200782597e-05
610  5.46764385944698e-05
581  5.467627852340229e-05
618  5.4673360864399e-05
621  5.467278970172629e-05
627  5.466924631036818e-05
605  5.4667889344273135e-05
603  5.466079892357811e-05
619  5.4659656598232687e-05
631  5.4658656154060736e-05
596  5.465637150336988e-05
593  5.465496360557154e-05
623  5.465360663947649e-05
601  5.4652664402965456e-05
604  5.465126014314592e-05
626  5.4647764045512304e-05
633  5.464146670419723e-05
635  5.464037167257629e-05
586  5.463244815473445e-05
625  5.4630312661174685e-05
582  5.462953413370997e-05
624  5.462885746965185e-05
609  5.462839180836454e-05
580  5.461776163429022e-05
620  5.461677210405469e-05
584  5.4615466069662943e-05
594  5.461427281261422e-05
595  5.4600317525910214e-05
628  5.459677777253091e-05
613  5.458662053570151e-05
600  5.457657607621513e-05
612  5.457392398966476e-05
607  5.4561063734581694e-05
588  5.4552117944695055e-05
602  5.453235644381493e-05
578  4.9189380661118776e-05
1213  4.8798974603414536e-05
1  4.330920637585223e-05
47  4.3281088437652215e-05
52  4.325678673922084e-05
44  4.325109694036655e-05
6  4.3245814595138654e-05
40  4.324515612097457e-05
10  4.323756729718298e-05
2  4.322874519857578e-05
14  4.322235326981172e-05
21  4.3212177843088284e-05
13  4.320817970437929e-05
23  4.320315201766789e-05
41  4.317003913456574e-05
51  4.316333433962427e-05
45  4.316296326578595e-05
5  4.316159902373329e-05
16  4.31561675213743e-05
57  4.315600381232798e-05
20  4.3150907004019246e-05
8  4.314872057875618e-05
19  4.314489342505112e-05
4  4.314053148846142e-05
26  4.313962926971726e-05
11  4.313917816034518e-05
28  4.3135722080478445e-05
17  4.31349799328018e-05
48  4.313485624152236e-05
29  4.3132844439242035e-05
27  4.312951205065474e-05
31  4.3126714444952086e-05
56  4.3126303353346884e-05
9  4.3126015953021124e-05
30  4.312050441512838e-05
32  4.311606244300492e-05
43  4.3109852413181216e-05
35  4.310578151489608e-05
55  4.309710857341997e-05
42  4.3093579733977094e-05
18  4.307915151002817e-05
25  4.307853669160977e-05
46  4.3074389395769686e-05
34  4.307159542804584e-05
24  4.306116534280591e-05
50  4.3059317249571905e-05
39  4.305385664338246e-05
38  4.304888716433197e-05
37  4.304757749196142e-05
54  4.302676461520605e-05
15  4.302500019548461e-05
7  4.301486842450686e-05
53  4.300723958294839e-05
49  4.300010550650768e-05
22  4.29992433055304e-05
33  4.299891588743776e-05
3  4.2990017391275615e-05
12  4.295514372643083e-05
36  4.295473627280444e-05
563  4.147652362007648e-05
555  4.1440540371695533e-05
536  4.142967736697756e-05
571  4.142236866755411e-05
523  4.1418734326725826e-05
535  4.1417548345634714e-05
521  4.1416958993067965e-05
556  4.1416958993067965e-05
546  4.140388409723528e-05
565  4.1399620386073366e-05
562  4.139954398851842e-05
550  4.1398358007427305e-05
569  4.139709199080244e-05
566  4.139567317906767e-05
526  4.1392991988686845e-05
541  4.1391329432372004e-05
539  4.139113298151642e-05
567  4.1391052945982665e-05
564  4.138611984672025e-05
576  4.138505391892977e-05
525  4.138442091061734e-05
568  4.138233634876087e-05
559  4.13773232139647e-05
530  4.137258656555787e-05
534  4.137258656555787e-05
544  4.137238647672348e-05
524  4.137199721299112e-05
552  4.1371164115844294e-05
574  4.136714051128365e-05
575  4.1362331103300676e-05
570  4.136173811275512e-05
545  4.1356528527103364e-05
554  4.135641211178154e-05
533  4.135601921007037e-05
572  4.135586277698167e-05
549  4.1353850974701345e-05
542  4.1353137930855155e-05
528  4.134612390771508e-05
532  4.134552727919072e-05
543  4.134525443078019e-05
547  4.13449015468359e-05
553  4.134308619541116e-05
538  4.134048504056409e-05
522  4.1340405005030334e-05
577  4.13360285165254e-05
537  4.133571565034799e-05
551  4.1334173147333786e-05
540  4.133236507186666e-05
573  4.132901085540652e-05
527  4.13277157349512e-05
557  4.132593676331453e-05
531  4.1314986447105184e-05
548  4.131214882363565e-05
529  4.130718298256397e-05
558  4.1295603296021e-05
561  4.1286115447292104e-05
560  4.128190266783349e-05
860  3.1015042623039335e-05
818  3.1012914405437186e-05
828  3.1009512895252556e-05
863  3.0998129659565166e-05
830  3.098299930570647e-05
861  3.097895023529418e-05
842  3.097756052738987e-05
821  3.0968698411015794e-05
847  3.0964507459430024e-05
823  3.095650754403323e-05
829  3.095320062129758e-05
865  3.094903513556346e-05
845  3.094747444265522e-05
810  3.09472088702023e-05
853  3.094570274697617e-05
855  3.094083513133228e-05
843  3.09385904984083e-05
820  3.093747000093572e-05
837  3.092823681072332e-05
866  3.092484621447511e-05
848  3.0923551094019786e-05
852  3.092301631113514e-05
822  3.091122198384255e-05
827  3.0909042834537104e-05
849  3.089858000748791e-05
839  3.089330857619643e-05
834  3.088588346145116e-05
859  3.088579614995979e-05
850  3.088458834099583e-05
836  3.0884235457051545e-05
826  3.0883496947353706e-05
832  3.088296580244787e-05
816  3.088081575697288e-05
854  3.0880346457706764e-05
814  3.087896038778126e-05
856  3.087489676545374e-05
840  3.0869450711179525e-05
835  3.086703873123042e-05
825  3.0859268008498475e-05
864  3.085438220296055e-05
831  3.085064599872567e-05
812  3.084976560785435e-05
851  3.0849321774439886e-05
815  3.084861600655131e-05
813  3.0845378205413e-05
858  3.0842144042253494e-05
824  3.083379124291241e-05
817  3.083311457885429e-05
833  3.082641342189163e-05
857  3.082632611040026e-05
846  3.082188777625561e-05
811  3.0821327527519315e-05
862  3.0818828236078843e-05
819  3.0814950150670484e-05
844  3.078778172493912e-05
841  3.078584268223494e-05
838  3.077809378737584e-05
116  2.7030788260162808e-05
347  2.17241067730356e-05
289  1.5481142327189445e-05
232  8.179081305570435e-06
273  8.177935342246201e-06
283  8.175081347872037e-06
241  8.17337422631681e-06
274  8.16915780887939e-06
264  8.168814929376822e-06
240  8.168215572368354e-06
236  8.16744432086125e-06
233  8.16742885945132e-06
262  8.16660303826211e-06
272  8.165793587977532e-06
279  8.164656719600316e-06
247  8.164337486959994e-06
278  8.163574420905206e-06
285  8.163076017808635e-06
245  8.162834092217963e-06
239  8.161378900695127e-06
275  8.160328434314579e-06
261  8.160265679180156e-06
246  8.159860954037867e-06
257  8.15974453871604e-06
270  8.159619937941898e-06
276  8.159378921845928e-06
287  8.158966920746025e-06
277  8.1584921645117e-06
263  8.158367563737556e-06
268  8.157993761415128e-06
259  8.157659067364875e-06
267  8.157597221725155e-06
235  8.157511729223188e-06
265  8.157402589858975e-06
249  8.157371667039115e-06
248  8.156725925800856e-06
234  8.156328476616181e-06
280  8.156172953022178e-06
269  8.155629075190518e-06
288  8.153016096912324e-06
256  8.152868758770637e-06
252  8.150505891535431e-06
253  8.15005387266865e-06
255  8.149323548423126e-06
281  8.149137102009263e-06
266  8.148826964315958e-06
271  8.148087545123417e-06
282  8.14771465229569e-06
258  8.147459084284492e-06
260  8.147178959916346e-06
251  8.145959327521268e-06
286  8.145881110976916e-06
254  8.145726496877614e-06
242  8.144226740114391e-06
284  8.142736078298185e-06
238  8.141998478095047e-06
237  8.140926183841657e-06
250  8.139390047290362e-06
244  8.138698831317015e-06
243  8.129684829327744e-06
693  7.172430741775315e-06
393  7.031424956949195e-06
390  7.029118023638148e-06
384  7.028374056972098e-06
404  7.027368155831937e-06
396  7.0262558438116685e-06
398  7.025612376310164e-06
355  7.025586455711164e-06
373  7.02264514984563e-06
389  7.0220698944467586e-06
359  7.0218416112766135e-06
380  7.020140856184298e-06
385  7.018467385933036e-06
358  7.016834388196003e-06
386  7.014646598690888e-06
397  7.0134028646862134e-06
360  7.01302133165882e-06
361  7.01249291523709e-06
394  7.0119444899319205e-06
387  7.010072749835672e-06
356  7.0100059019750915e-06
366  7.007619387877639e-06
378  7.007545718806796e-06
382  7.007345629972406e-06
354  7.0071782829472795e-06
401  7.006329724390525e-06
400  7.0056080403446686e-06
374  7.00528062225203e-06
377  7.004920462350128e-06
349  7.004179224168183e-06
364  7.003550763329258e-06
365  7.002355232543778e-06
350  7.002121492405422e-06
363  7.001127414696384e-06
375  7.001113317528507e-06
357  6.99992506270064e-06
376  6.998977369221393e-06
403  6.997135642450303e-06
353  6.99699558026623e-06
402  6.996274805715075e-06
391  6.996214779064758e-06
372  6.995319836278213e-06
368  6.995253443164984e-06
367  6.992592261667596e-06
383  6.99184511177009e-06
395  6.9913453444314655e-06
348  6.9901916504022665e-06
388  6.990158908593003e-06
362  6.989631856413325e-06
381  6.988699169596657e-06
370  6.9875723056611605e-06
352  6.986413609411102e-06
351  6.985973868722795e-06
399  6.9831426117161755e-06
371  6.9819770942558534e-06
392  6.979880708968267e-06
369  6.9784559855179396e-06
379  6.97318773745792e-06
1190  3.51094809047936e-06
1176  3.51012477040058e-06
1168  3.509655925881816e-06
1171  3.5096027204417624e-06
1198  3.5084915452898713e-06
1181  3.508454938128125e-06
1177  3.507263727442478e-06
1161  3.506742132231011e-06
1189  3.5064042549493024e-06
1182  3.5063674204138806e-06
1158  3.5063544601143803e-06
1160  3.506337407088722e-06
1170  3.505762379063526e-06
1169  3.505514996504644e-06
1197  3.5054547424806515e-06
1163  3.505364247757825e-06
1204  3.505364247757825e-06
1209  3.5052942166657886e-06
1199  3.5052510156674543e-06
1210  3.505093900457723e-06
1212  3.5050002225034405e-06
1157  3.504883125060587e-06
1202  3.5047894471063046e-06
1188  3.504485448502237e-06
1174  3.5042712624999695e-06
1178  3.5042683066421887e-06
1166  3.504194637571345e-06
1185  3.5041912269662134e-06
1191  3.5041646242461866e-06
1201  3.504161213641055e-06
1211  3.5036566714552464e-06
1203  3.5029950140597066e-06
1195  3.5029481750825653e-06
1173  3.5029183891310822e-06
1200  3.502855179249309e-06
1186  3.502827894408256e-06
1179  3.502818344713887e-06
1165  3.5026646401092876e-06
1208  3.5025675515498733e-06
1167  3.5025173019676004e-06
1156  3.502126673993189e-06
1187  3.5021203075302765e-06
1175  3.5020864288526354e-06
1194  3.5019263577851234e-06
1196  3.501879973555333e-06
1192  3.5015925732295727e-06
1205  3.5013852084375685e-06
1206  3.5005541576538235e-06
1172  3.5000566640519537e-06
1207  3.4997165130334906e-06
1184  3.499676267892937e-06
1162  3.4992624478036305e-06
1183  3.4990018775715725e-06
1180  3.4988352126674727e-06
1164  3.4980307646037545e-06
1193  3.497590796541772e-06
1159  3.4967467854585266e-06
1155  2.892108113883296e-06
1660  2.7535834306036122e-06
1672  2.748284032350057e-06
1633  2.7473142836242914e-06
1618  2.745645815593889e-06
1667  2.7456067073217127e-06
1622  2.745239953583223e-06
1663  2.7447897537058452e-06
1671  2.744460289250128e-06
1638  2.7443661565484945e-06
1623  2.7435783067630837e-06
1664  2.7435416996013373e-06
1661  2.7429450710769743e-06
1666  2.7424271138443146e-06
1636  2.7423907340562437e-06
1644  2.742246806519688e-06
1652  2.742006245171069e-06
1668  2.741912339843111e-06
1627  2.7418309400673024e-06
1653  2.741676780715352e-06
1674  2.7414334908826277e-06
1620  2.7413709631218808e-06
1662  2.7403955300542293e-06
1656  2.7403905278333696e-06
1632  2.7401215447753202e-06
1659  2.740030140557792e-06
1646  2.739815727181849e-06
1643  2.7396665700507583e-06
1640  2.739664296314004e-06
1657  2.739528326856089e-06
1650  2.7394917196943425e-06
1621  2.7394394237489905e-06
1625  2.739437150012236e-06
1647  2.7393691652832786e-06
1641  2.7391834009904414e-06
1631  2.738914417932392e-06
1665  2.738820512604434e-06
1651  2.73871592071373e-06
1630  2.7384862733015325e-06
1635  2.738420789683005e-06
1669  2.7380681331123924e-06
1654  2.738031525950646e-06
1626  2.7377732294553425e-06
1649  2.737029035415617e-06
1634  2.737018803600222e-06
1673  2.736924898272264e-06
1624  2.7368596420274116e-06
1629  2.736308942985488e-06
1619  2.7362123091734247e-06
1639  2.7361290904082125e-06
1628  2.7360295007383684e-06
1658  2.7359931209502975e-06
1655  2.7355993097444298e-06
1637  2.7339535790815717e-06
1645  2.732582515818649e-06
1642  2.7317223612044472e-06
1648  2.731131189648295e-06
1670  2.730886080826167e-06
1149  2.6957316094922135e-06
1098  2.695633838811773e-06
1102  2.692119323910447e-06
1099  2.691664803933236e-06
1106  2.691418558242731e-06
1141  2.6908232939604204e-06
1144  2.6903974230663152e-06
1114  2.6881198209594004e-06
1127  2.6875329695030814e-06
1113  2.6872330636251718e-06
1138  2.6864054234465584e-06
1107  2.6861669084610185e-06
1115  2.686028665266349e-06
1154  2.6858213004743448e-06
1137  2.685721483430825e-06
1125  2.685562776605366e-06
1101  2.685391109480406e-06
1140  2.685385879885871e-06
1100  2.6852605969907017e-06
1112  2.6850989343074616e-06
1145  2.6845202683034586e-06
1129  2.684118271645275e-06
1126  2.6839825295610353e-06
1118  2.683941829673131e-06
1139  2.683719230844872e-06
1148  2.683683305804152e-06
1143  2.683509364942438e-06
1108  2.683442744455533e-06
1142  2.6833506581169786e-06
1147  2.6832967705558985e-06
1103  2.68300777861441e-06
1134  2.682984586499515e-06
1123  2.682920921870391e-06
1117  2.682887725313776e-06
1130  2.6825293844012776e-06
1136  2.682429567357758e-06
1152  2.6824245651368983e-06
1153  2.6821762730833143e-06
1105  2.6821328447113046e-06
1111  2.681485739230993e-06
1122  2.6812786018126644e-06
1121  2.6811405859916704e-06
1120  2.6810689632839058e-06
1124  2.680700845303363e-06
1131  2.680693114598398e-06
1116  2.6801919830177212e-06
1150  2.680105126273702e-06
1132  2.680066700122552e-06
1110  2.6793027245730627e-06
1133  2.6792183689394733e-06
1128  2.67903192252561e-06
1151  2.6776806407724507e-06
1146  2.6770321710500866e-06
1104  2.6770142085297266e-06
1135  2.675957603059942e-06
1119  2.6753423298941925e-06
1109  2.6713348688645056e-06
636  1.1019021712854737e-06
687  7.555828460681369e-07
637  7.55540327190829e-07
645  7.549360816483386e-07
682  7.549230645054195e-07
656  7.547230325144483e-07
676  7.546121310042508e-07
649  7.544617233179451e-07
666  7.542782896052813e-07
692  7.542056437159772e-07
641  7.539151170021796e-07
667  7.53882716253429e-07
681  7.538446311627922e-07
689  7.538224053860176e-07
680  7.537893225162406e-07
639  7.537533974755206e-07
678  7.537051942563266e-07
652  7.536951329711883e-07
683  7.536656880802184e-07
640  7.536620501014113e-07
644  7.536074804193049e-07
650  7.536052635259693e-07
675  7.535880399700545e-07
691  7.535809345426969e-07
663  7.535765007560258e-07
672  7.5351840678195e-07
643  7.533760708611226e-07
685  7.533307666562905e-07
679  7.53330141378683e-07
660  7.533157599937113e-07
677  7.532898393947107e-07
655  7.532805170740176e-07
665  7.531863843723841e-07
686  7.531705819019407e-07
646  7.531002097493911e-07
661  7.530873062933097e-07
674  7.530470611527562e-07
651  7.530449579462584e-07
669  7.529465619882103e-07
659  7.52904213641159e-07
653  7.527864340772794e-07
668  7.527418688368925e-07
671  7.527297043452563e-07
638  7.52720438867982e-07
684  7.527082175329269e-07
690  7.526780905209307e-07
654  7.525151204390568e-07
662  7.524928946622822e-07
648  7.524907346123655e-07
658  7.524634497713123e-07
664  7.524440093220619e-07
673  7.523931344621815e-07
657  7.52285529870278e-07
688  7.521004476984672e-07
670  7.520724807363877e-07
642  7.518975166931341e-07
647  7.506071142415749e-07
121  5.347155820345506e-07
150  5.34546359176602e-07
164  5.343577527128218e-07
136  5.342960776033578e-07
149  5.342802751329145e-07
143  5.339955464478408e-07
159  5.338809501154174e-07
125  5.337358857104846e-07
144  5.337074071576353e-07
161  5.334809429768939e-07
131  5.333725425771263e-07
129  5.332830710358394e-07
137  5.332530577106809e-07
118  5.33242371147935e-07
127  5.332256023393711e-07
157  5.331869488145458e-07
142  5.330796852831554e-07
167  5.330064709596627e-07
141  5.329790155883529e-07
117  5.329048349267396e-07
145  5.328951715455332e-07
140  5.328855081643269e-07
163  5.328092811396345e-07
154  5.327991061676585e-07
153  5.327970598045795e-07
168  5.327823373590945e-07
155  5.327258918441657e-07
130  5.326944574335357e-07
123  5.326873520061781e-07
162  5.326548375705897e-07
158  5.326339760358678e-07
165  5.326075438460975e-07
133  5.325811684997461e-07
169  5.325643996911822e-07
160  5.3254404974723e-07
171  5.32523245055927e-07
146  5.325009055923147e-07
148  5.324806124917814e-07
152  5.324608309820178e-07
170  5.324293397279689e-07
124  5.324272933648899e-07
166  5.323703931026103e-07
135  5.32320655111107e-07
138  5.322937681739859e-07
126  5.322176548361313e-07
128  5.321729759089067e-07
173  5.321572871253011e-07
156  5.32040530742961e-07
147  5.320014793142036e-07
122  5.319806746229006e-07
151  5.319644742485252e-07
134  5.31669286374381e-07
172  5.315491193869093e-07
119  5.315374664860428e-07
139  5.3122374765735e-07
132  5.312227244758105e-07
120  5.307898049977666e-07
