178  0.33693307638168335
179  0.33693307638168335
180  0.33693307638168335
181  0.33693307638168335
182  0.33693307638168335
183  0.33693307638168335
184  0.33693307638168335
185  0.33693307638168335
186  0.33693307638168335
187  0.33693307638168335
188  0.33693307638168335
189  0.33693307638168335
190  0.33693307638168335
191  0.33693307638168335
192  0.33693307638168335
193  0.33693307638168335
194  0.33693307638168335
195  0.33693307638168335
196  0.33693307638168335
197  0.33693307638168335
198  0.33693307638168335
199  0.33693307638168335
200  0.33693307638168335
201  0.33693307638168335
202  0.33693307638168335
203  0.33693307638168335
204  0.33693307638168335
205  0.33693307638168335
206  0.33693307638168335
207  0.33693307638168335
208  0.33693307638168335
209  0.33693307638168335
210  0.33693307638168335
211  0.33693307638168335
212  0.33693307638168335
213  0.33693307638168335
214  0.33693307638168335
215  0.33693307638168335
216  0.33693307638168335
217  0.33693307638168335
218  0.33693307638168335
219  0.33693307638168335
220  0.33693307638168335
221  0.33693307638168335
222  0.33693307638168335
223  0.33693307638168335
224  0.33693307638168335
225  0.33693307638168335
226  0.33693307638168335
227  0.33693307638168335
228  0.33693307638168335
229  0.33693307638168335
230  0.33693307638168335
231  0.33693307638168335
232  0.33693307638168335
233  0.33693307638168335
234  0.33693307638168335
235  0.33693307638168335
944  0.33693307638168335
945  0.33693307638168335
946  0.33693307638168335
947  0.33693307638168335
948  0.33693307638168335
949  0.33693307638168335
950  0.33693307638168335
951  0.33693307638168335
952  0.33693307638168335
953  0.33693307638168335
954  0.33693307638168335
955  0.33693307638168335
956  0.33693307638168335
957  0.33693307638168335
958  0.33693307638168335
959  0.33693307638168335
960  0.33693307638168335
961  0.33693307638168335
962  0.33693307638168335
963  0.33693307638168335
964  0.33693307638168335
965  0.33693307638168335
966  0.33693307638168335
967  0.33693307638168335
968  0.33693307638168335
969  0.33693307638168335
970  0.33693307638168335
971  0.33693307638168335
972  0.33693307638168335
973  0.33693307638168335
974  0.33693307638168335
975  0.33693307638168335
976  0.33693307638168335
977  0.33693307638168335
978  0.33693307638168335
979  0.33693307638168335
980  0.33693307638168335
981  0.33693307638168335
982  0.33693307638168335
983  0.33693307638168335
984  0.33693307638168335
985  0.33693307638168335
986  0.33693307638168335
987  0.33693307638168335
988  0.33693307638168335
989  0.33693307638168335
990  0.33693307638168335
991  0.33693307638168335
992  0.33693307638168335
993  0.33693307638168335
994  0.33693307638168335
995  0.33693307638168335
996  0.33693307638168335
997  0.33693307638168335
998  0.33693307638168335
999  0.33693307638168335
1000  0.33693307638168335
1001  0.33693307638168335
1416  0.33693307638168335
1417  0.33693307638168335
1418  0.33693307638168335
1419  0.33693307638168335
1420  0.33693307638168335
1421  0.33693307638168335
1422  0.33693307638168335
1423  0.33693307638168335
1424  0.33693307638168335
1425  0.33693307638168335
1426  0.33693307638168335
1427  0.33693307638168335
1428  0.33693307638168335
1429  0.33693307638168335
1430  0.33693307638168335
1431  0.33693307638168335
1432  0.33693307638168335
1433  0.33693307638168335
1434  0.33693307638168335
1435  0.33693307638168335
1436  0.33693307638168335
1437  0.33693307638168335
1438  0.33693307638168335
1439  0.33693307638168335
1440  0.33693307638168335
1441  0.33693307638168335
1442  0.33693307638168335
1443  0.33693307638168335
1444  0.33693307638168335
1445  0.33693307638168335
1446  0.33693307638168335
1447  0.33693307638168335
1448  0.33693307638168335
1449  0.33693307638168335
1450  0.33693307638168335
1451  0.33693307638168335
1452  0.33693307638168335
1453  0.33693307638168335
1454  0.33693307638168335
1455  0.33693307638168335
1456  0.33693307638168335
1457  0.33693307638168335
1458  0.33693307638168335
1459  0.33693307638168335
1460  0.33693307638168335
1461  0.33693307638168335
1462  0.33693307638168335
1463  0.33693307638168335
1464  0.33693307638168335
1465  0.33693307638168335
1466  0.33693307638168335
1467  0.33693307638168335
1468  0.33693307638168335
1469  0.33693307638168335
1470  0.33693307638168335
1471  0.33693307638168335
1472  0.33693307638168335
1473  0.33693307638168335
844  0.33524787425994873
839  0.3349255919456482
835  0.334695428609848
884  0.33462247252464294
863  0.3345485031604767
857  0.334538996219635
853  0.3343900442123413
833  0.3343328535556793
862  0.3342653512954712
869  0.33424732089042664
843  0.33417773246765137
851  0.3341231346130371
848  0.3340727388858795
832  0.33396077156066895
830  0.33390098810195923
837  0.33388009667396545
880  0.33387142419815063
879  0.33385398983955383
850  0.33380067348480225
854  0.33377185463905334
865  0.333743691444397
834  0.3337366282939911
836  0.33373382687568665
827  0.3337250053882599
829  0.333647757768631
841  0.33359241485595703
866  0.3334929645061493
852  0.33347076177597046
856  0.33341184258461
840  0.33336591720581055
876  0.3333629071712494
847  0.33335956931114197
878  0.33333438634872437
838  0.3333272933959961
845  0.3333148658275604
868  0.33329540491104126
842  0.333281934261322
855  0.3332379162311554
860  0.333222359418869
883  0.333193838596344
846  0.3331697881221771
831  0.3330921232700348
859  0.3330473303794861
874  0.3330287039279938
864  0.333001047372818
870  0.3328495919704437
872  0.3327794671058655
871  0.33273845911026
849  0.3326397240161896
858  0.33263322710990906
875  0.3325859010219574
877  0.33249491453170776
881  0.3324738144874573
882  0.3324539065361023
828  0.3323092460632324
867  0.33227723836898804
873  0.33221450448036194
861  0.3321584165096283
1131  0.3315579295158386
1158  0.3314162790775299
1145  0.3309554159641266
1148  0.3308468163013458
1152  0.33074063062667847
1143  0.3306875228881836
1149  0.3306474983692169
1124  0.33056026697158813
1121  0.3305548429489136
1133  0.33047616481781006
1130  0.3303088843822479
1171  0.3302169442176819
1123  0.33004364371299744
1138  0.32990410923957825
1164  0.32959234714508057
1140  0.3295305073261261
1142  0.32929518818855286
1150  0.32922422885894775
1170  0.3292181193828583
1176  0.329154908657074
1172  0.32903048396110535
1165  0.32899805903434753
1163  0.3289726972579956
1162  0.32884782552719116
1127  0.3288259208202362
1166  0.32879185676574707
1175  0.3286876380443573
1128  0.3284797966480255
1132  0.3284691274166107
1146  0.3283727765083313
1144  0.3282202184200287
1155  0.3281165361404419
1153  0.32808634638786316
1160  0.3280840218067169
1157  0.3280297517776489
1136  0.3280008137226105
1168  0.3279550075531006
1159  0.3279464542865753
1169  0.3277694284915924
1154  0.3277668356895447
1139  0.327705442905426
1134  0.3275492191314697
1129  0.327512264251709
1177  0.32748451828956604
1126  0.3272733688354492
1156  0.32720768451690674
1135  0.32720306515693665
1151  0.3271879255771637
1174  0.3270610570907593
1137  0.3269661068916321
1125  0.3268093466758728
1161  0.32642143964767456
1167  0.32627561688423157
1178  0.32623884081840515
1122  0.3260934352874756
1173  0.3260526657104492
1141  0.32555124163627625
1147  0.3251551687717438
717  0.24609948694705963
726  0.24597683548927307
745  0.24549449980258942
725  0.24536630511283875
735  0.2452627271413803
719  0.24525706470012665
751  0.24516887962818146
732  0.24507255852222443
715  0.24502244591712952
766  0.2449806034564972
730  0.24491073191165924
739  0.2448231279850006
747  0.24477292597293854
729  0.24452245235443115
738  0.24444787204265594
714  0.24436675012111664
721  0.24433711171150208
736  0.24426527321338654
722  0.24420420825481415
723  0.24414518475532532
744  0.2441367506980896
710  0.24411284923553467
753  0.24409551918506622
712  0.24400219321250916
728  0.243966206908226
733  0.2439514398574829
763  0.2438456416130066
716  0.2438356578350067
711  0.24378293752670288
748  0.2437620311975479
750  0.24368351697921753
761  0.24365146458148956
762  0.2436278611421585
765  0.24361220002174377
709  0.2436017394065857
718  0.24358783662319183
752  0.24356459081172943
724  0.24351724982261658
755  0.2434965968132019
742  0.24348439276218414
727  0.24347929656505585
741  0.24345426261425018
731  0.24344052374362946
758  0.24329395592212677
754  0.24322853982448578
734  0.24318791925907135
740  0.243186354637146
760  0.24315939843654633
756  0.24313488602638245
743  0.24312786757946014
746  0.24309326708316803
713  0.24308514595031738
737  0.24302369356155396
759  0.2429347038269043
764  0.24293258786201477
720  0.24284593760967255
749  0.24277363717556
757  0.24254028499126434
1276  0.24097822606563568
1269  0.2408052235841751
1261  0.24065075814723969
1245  0.2405053675174713
1278  0.2403443455696106
1273  0.24028591811656952
1281  0.2402498573064804
1241  0.24019484221935272
1286  0.24009202420711517
1271  0.240034818649292
1292  0.2399960607290268
1254  0.23998652398586273
1268  0.23986634612083435
1250  0.23980677127838135
1267  0.2396925389766693
1253  0.2396748661994934
1266  0.2396361231803894
1249  0.23954857885837555
1239  0.23948517441749573
1287  0.23941490054130554
1251  0.23937760293483734
1244  0.2393559366464615
1258  0.23932351171970367
1262  0.23931704461574554
1275  0.2393144816160202
1274  0.2393117994070053
1277  0.239268496632576
1294  0.2392207384109497
1280  0.23920196294784546
1240  0.23917388916015625
1260  0.23913191258907318
1264  0.23911599814891815
1270  0.2390899807214737
1295  0.23902496695518494
1263  0.23901815712451935
1283  0.2390177696943283
1265  0.2390015423297882
1255  0.23897676169872284
1293  0.2389218658208847
1279  0.23888856172561646
1242  0.23879128694534302
1289  0.23875197768211365
1252  0.23864330351352692
1296  0.23857446014881134
1284  0.23855279386043549
1257  0.23852409422397614
1243  0.23851990699768066
1247  0.23850952088832855
1246  0.2384020984172821
1248  0.2383328229188919
1285  0.2382793128490448
1256  0.23825640976428986
1282  0.23825164139270782
1288  0.23817263543605804
1259  0.23810109496116638
1291  0.2380664348602295
1272  0.23786845803260803
1290  0.23773056268692017
826  0.19642864167690277
708  0.12246774137020111
32  0.11179620772600174
1  0.1113334447145462
29  0.11121625453233719
5  0.11115231364965439
37  0.11114244908094406
19  0.11105560511350632
28  0.11103705316781998
27  0.1109619289636612
26  0.11093970388174057
18  0.11086160689592361
38  0.1108580231666565
23  0.11084501445293427
22  0.11083430796861649
14  0.11082575470209122
54  0.11082533001899719
2  0.11077111959457397
25  0.11073997616767883
55  0.1106841117143631
13  0.11064509302377701
7  0.11059961467981339
10  0.11057329922914505
16  0.11055684089660645
31  0.11054036021232605
30  0.11051582545042038
53  0.11046122014522552
40  0.11044106632471085
8  0.11043718457221985
12  0.11038683354854584
4  0.11037933826446533
24  0.11035064607858658
9  0.11034287512302399
51  0.11033931374549866
39  0.11030872911214828
47  0.11029136925935745
44  0.11027689278125763
11  0.11026135832071304
17  0.11025852710008621
58  0.1101931631565094
41  0.11019228398799896
6  0.11008496582508087
21  0.11006328463554382
46  0.11000499874353409
20  0.10998394340276718
34  0.10994902998209
49  0.10992848873138428
57  0.10992565751075745
52  0.10991960763931274
15  0.10990238189697266
50  0.10985144972801208
45  0.10984915494918823
33  0.10978782176971436
43  0.10975939780473709
35  0.10975471138954163
3  0.10951567441225052
48  0.10945615917444229
36  0.10944268107414246
42  0.10935594886541367
56  0.10914420336484909
1297  0.09920046478509903
1660  0.09769459068775177
1669  0.09757019579410553
1668  0.09722006320953369
1709  0.09719236195087433
1688  0.09718796610832214
1682  0.09713203459978104
1678  0.09708838909864426
1662  0.0970761775970459
1675  0.09700261056423187
1658  0.09698573499917984
1673  0.09683944284915924
1694  0.09677433222532272
1679  0.09665748476982117
1672  0.09664107114076614
1681  0.0966230183839798
1690  0.09659983962774277
1687  0.09652866423130035
1664  0.09651727229356766
1657  0.09644286334514618
1665  0.09641968458890915
1696  0.09634829312562943
1666  0.09633839875459671
1655  0.09626579284667969
1671  0.09626109898090363
1654  0.09623631834983826
1676  0.0962306410074234
1653  0.09618999063968658
1705  0.09604328870773315
1704  0.09599742293357849
1652  0.09596139192581177
1691  0.0959329754114151
1685  0.09593099355697632
1695  0.0959053710103035
1706  0.09590384364128113
1693  0.09588304907083511
1674  0.095875583589077
1659  0.09584496170282364
1708  0.09578551352024078
1677  0.0957750529050827
1703  0.09576182067394257
1661  0.09570270776748657
1697  0.09568760544061661
1684  0.09568669646978378
1670  0.09566899389028549
1698  0.09559791535139084
1701  0.09556867182254791
1667  0.09556574374437332
1680  0.09555552899837494
1702  0.09552497416734695
1699  0.09552022814750671
1683  0.09551436454057693
1663  0.09549219906330109
1656  0.09547152370214462
1707  0.09542583674192429
1686  0.09542317688465118
1689  0.09537965804338455
1692  0.09533975273370743
1700  0.0950072631239891
1120  0.08731314539909363
1002  0.08311261981725693
59  0.07330631464719772
1651  0.07061640173196793
1099  0.04678040370345116
1074  0.04665784537792206
1090  0.04660114273428917
1064  0.046553727239370346
1062  0.04653817415237427
1072  0.04650786519050598
1086  0.04650714620947838
1104  0.046444155275821686
1089  0.046366799622774124
1084  0.04634706676006317
1103  0.04633969068527222
1117  0.04633427783846855
1096  0.046321552246809006
1098  0.04632129520177841
1091  0.046309564262628555
1068  0.046302951872348785
1065  0.04628286883234978
1081  0.04627653956413269
1071  0.046240560710430145
1105  0.046239886432886124
1116  0.04623772203922272
1069  0.04623452574014664
1112  0.0462302565574646
1094  0.04621501639485359
1100  0.04619845747947693
1111  0.0461970679461956
1073  0.046186838299036026
1093  0.04618106409907341
1070  0.04617280885577202
1106  0.046153221279382706
1092  0.046145305037498474
1083  0.04614260047674179
1079  0.046139512211084366
1077  0.04613913223147392
1102  0.0461292527616024
1085  0.046105317771434784
1067  0.04608606919646263
1115  0.04608374461531639
1107  0.046080660074949265
1101  0.04607779160141945
1118  0.0460473857820034
1097  0.04604363813996315
1080  0.046041443943977356
1066  0.046026427298784256
1087  0.046015750616788864
1076  0.04599819332361221
1113  0.04599348455667496
1078  0.04598312824964523
1114  0.045944489538669586
1110  0.04594028741121292
1108  0.04592812433838844
1063  0.04591922461986542
1095  0.045902762562036514
1075  0.0458340048789978
1088  0.04578171297907829
1119  0.04577410966157913
1109  0.04576292634010315
1082  0.045751284807920456
1415  0.040197230875492096
1474  0.0369899682700634
436  0.03284690901637077
461  0.03284518048167229
456  0.032805636525154114
453  0.03280005604028702
420  0.03279990330338478
446  0.03278608247637749
451  0.032781317830085754
416  0.032773274928331375
448  0.03277108445763588
429  0.03277081251144409
433  0.032764025032520294
444  0.03276064246892929
424  0.03275696933269501
441  0.03273798152804375
415  0.03273165598511696
467  0.03272223845124245
437  0.032711029052734375
414  0.03270939737558365
428  0.032690033316612244
439  0.032689716666936874
440  0.0326773077249527
425  0.032659754157066345
462  0.03265776485204697
450  0.032654523849487305
443  0.03265368193387985
458  0.032646965235471725
470  0.03264399990439415
419  0.03264356404542923
471  0.03263574838638306
454  0.03263547644019127
459  0.032621435821056366
1340  0.032619208097457886
452  0.03261713311076164
1335  0.03261532634496689
435  0.03261370211839676
442  0.03261270746588707
468  0.03260084241628647
1300  0.03259769827127457
1320  0.0325961634516716
434  0.0325956828892231
438  0.03259371221065521
449  0.032593127340078354
418  0.03258977457880974
1304  0.03258969634771347
464  0.03258374705910683
426  0.03257901221513748
1317  0.03257782384753227
430  0.0325772687792778
1330  0.032573167234659195
1337  0.03256649523973465
1345  0.03256436437368393
445  0.03255542367696762
1332  0.032553113996982574
1313  0.03255293145775795
455  0.03255276754498482
469  0.03255245462059975
1308  0.03255116194486618
427  0.03254982456564903
1299  0.032543353736400604
1298  0.03254200145602226
1328  0.03254116326570511
1325  0.0325203612446785
1351  0.032510850578546524
460  0.03250303864479065
1321  0.03249482065439224
422  0.03248932212591171
1312  0.03248804807662964
432  0.03248655050992966
431  0.03248545154929161
1334  0.032485347241163254
1338  0.03248055279254913
417  0.032475803047418594
1303  0.03247253596782684
1309  0.03246820718050003
423  0.03246628865599632
1343  0.03246459737420082
463  0.03246372938156128
421  0.03246079385280609
1326  0.032460540533065796
1342  0.032457515597343445
457  0.03245646506547928
1323  0.03245079144835472
1324  0.032443199306726456
1352  0.03244050592184067
1354  0.03243910148739815
1346  0.032429568469524384
1355  0.03242705389857292
1327  0.03242525830864906
1310  0.032419171184301376
1336  0.03241082653403282
1314  0.0324099138379097
1319  0.032396577298641205
1333  0.032390493899583817
1302  0.03239041939377785
1348  0.03239034488797188
1318  0.032383695244789124
1353  0.032370250672101974
1322  0.03236566483974457
1339  0.0323607362806797
1306  0.032358407974243164
465  0.03235376626253128
1301  0.03234824165701866
1329  0.03234609216451645
447  0.03233245387673378
1311  0.032332275062799454
1341  0.032322775572538376
1344  0.032322775572538376
1305  0.03230605646967888
466  0.032297294586896896
1347  0.03229501470923424
1316  0.032293837517499924
1315  0.03228902444243431
1307  0.03223185986280441
1331  0.03218414634466171
1349  0.03217357397079468
1350  0.03215739503502846
236  0.03149501606822014
1560  0.021595768630504608
1550  0.021575024351477623
1556  0.02157255820930004
1557  0.02155466005206108
1544  0.02154759131371975
1576  0.021525533869862556
1588  0.021510915830731392
1564  0.021508296951651573
1591  0.021495305001735687
1542  0.02148664928972721
1555  0.021470144391059875
1547  0.02145412191748619
1554  0.02144954539835453
1589  0.021445805206894875
1585  0.0214457456022501
1535  0.021440470591187477
1551  0.02143917977809906
1561  0.021431149914860725
1552  0.02142513170838356
1534  0.021422671154141426
1540  0.021417763084173203
1572  0.021414926275610924
1581  0.021403027698397636
1590  0.021400371566414833
1587  0.021394388750195503
1563  0.021392472088336945
1586  0.021389806643128395
1536  0.021387144923210144
1578  0.02138485759496689
1571  0.02137664705514908
1570  0.021376237273216248
1569  0.021376218646764755
1562  0.02137373387813568
1559  0.02137344516813755
1567  0.021367590874433517
1553  0.021362995728850365
1579  0.021362975239753723
1577  0.02136281505227089
1558  0.02135256864130497
1568  0.021352050825953484
1539  0.021351134404540062
1549  0.021347656846046448
1573  0.021343572065234184
1575  0.021332401782274246
1574  0.021332211792469025
1545  0.021322140470147133
1566  0.02132183127105236
1546  0.021314628422260284
1548  0.02131345495581627
1565  0.021313007920980453
1580  0.021311068907380104
1537  0.021307457238435745
1584  0.021270349621772766
1538  0.02122822217643261
1541  0.021214880049228668
1583  0.02121126651763916
1582  0.021176587790250778
1543  0.02117040939629078
1533  0.01743295043706894
1179  0.01644379459321499
1592  0.010618587024509907
1501  0.010153945535421371
1497  0.010123475454747677
1512  0.010118359699845314
1517  0.010089471936225891
1475  0.010087424889206886
1499  0.010072636418044567
1498  0.010068733245134354
1493  0.010068005882203579
1529  0.010048754513263702
1476  0.010048089548945427
1531  0.010023720562458038
1519  0.01000999752432108
1483  0.010002747178077698
1516  0.009998220019042492
1503  0.00999483559280634
1514  0.009991897270083427
1528  0.009988709352910519
1486  0.009988497011363506
1481  0.009986300021409988
1506  0.009984715841710567
1508  0.009975608438253403
1505  0.009974628686904907
1518  0.009974242188036442
1511  0.009973946958780289
1520  0.00996727216988802
1507  0.009965375065803528
1510  0.009962600655853748
1509  0.009960474446415901
1478  0.009956393390893936
1485  0.009953639470040798
1490  0.009953014552593231
1522  0.009951543994247913
1530  0.009949810802936554
1484  0.00994937401264906
1515  0.009944599121809006
1523  0.009940055198967457
1525  0.009940036572515965
1527  0.009933140128850937
1513  0.009932863526046276
1502  0.00992441177368164
1477  0.00992267020046711
1496  0.009922168217599392
1504  0.009918984025716782
1480  0.009918099269270897
1494  0.009915930218994617
1488  0.009911765344440937
1489  0.009911615401506424
1491  0.009910272434353828
1487  0.009909159503877163
1492  0.009905095212161541
1532  0.009904323145747185
1524  0.009884992614388466
1526  0.009881988167762756
1500  0.009879515506327152
1479  0.009876834228634834
1521  0.009869379922747612
1495  0.00984023418277502
1482  0.009803649969398975
1610  0.008820867165923119
1601  0.008814695291221142
1635  0.008814532309770584
1609  0.008812895976006985
1619  0.008811450563371181
1629  0.008808036334812641
1603  0.008807199075818062
1616  0.008800657466053963
1614  0.008799613453447819
1631  0.00879869144409895
1613  0.008798649534583092
1623  0.008797288872301579
1650  0.008795381523668766
1622  0.008794193156063557
1599  0.00879391748458147
1608  0.008792933076620102
1620  0.008789965882897377
1605  0.008787885308265686
1598  0.008787145838141441
1649  0.008785717189311981
1596  0.008782865479588509
1617  0.008782308548688889
1645  0.008782031014561653
1647  0.008780042640864849
1615  0.008779498748481274
1606  0.008779490366578102
1594  0.008779116906225681
1600  0.008778217248618603
1607  0.008777614682912827
1628  0.008777602575719357
1612  0.008777598850429058
1648  0.0087775569409132
1593  0.008776843547821045
1640  0.008776150643825531
1611  0.008775237947702408
1634  0.008774926885962486
1644  0.008774715475738049
1632  0.008774292655289173
1618  0.00877330917865038
1602  0.008773206733167171
1637  0.00877276249229908
1646  0.008771982975304127
1625  0.008771712891757488
1642  0.008771548047661781
1621  0.008771199733018875
1638  0.008769765496253967
1630  0.008769499137997627
1639  0.008768998086452484
1624  0.008768654428422451
1597  0.008768202736973763
1595  0.008767705410718918
1636  0.008767410181462765
1641  0.008762539364397526
1633  0.008762427605688572
1627  0.008762016892433167
1626  0.008758315816521645
1604  0.008756697177886963
1643  0.008754474110901356
676  0.005334810819476843
673  0.005311612505465746
692  0.005303026642650366
660  0.005302782636135817
658  0.005296116229146719
666  0.005293843802064657
672  0.005292688496410847
656  0.005292131099849939
704  0.005283498205244541
651  0.0052831051871180534
668  0.00528109073638916
671  0.005280829966068268
667  0.005278874188661575
707  0.005277993157505989
680  0.005276676267385483
652  0.005275770556181669
650  0.0052728960290551186
687  0.005271775647997856
694  0.005269990302622318
663  0.0052674938924610615
706  0.005267268978059292
677  0.005266737192869186
686  0.005264016799628735
682  0.00526075717061758
703  0.005259519908577204
705  0.005258603952825069
678  0.005258023273199797
674  0.005257020704448223
683  0.00525694852694869
693  0.005256738979369402
688  0.005255766212940216
702  0.005255696829408407
691  0.005254996474832296
685  0.005254535470157862
689  0.0052544004283845425
697  0.00525269890204072
670  0.005250514019280672
662  0.005249495152384043
701  0.005248464643955231
665  0.005247730761766434
664  0.00524738198146224
655  0.0052466848865151405
690  0.0052444953471422195
669  0.005243535153567791
684  0.005240845028311014
695  0.005239905323833227
675  0.005239527672529221
661  0.005238480865955353
681  0.005236766766756773
653  0.005234052427113056
696  0.005229627713561058
700  0.0052294195629656315
659  0.00522816926240921
679  0.005224163178354502
654  0.005222820211201906
657  0.005219508893787861
699  0.005211651790887117
698  0.005198597442358732
1356  0.00510043278336525
472  0.005015412345528603
649  0.00250244140625
333  0.0016292561776936054
320  0.0016260341508314013
324  0.0016251596389338374
302  0.001625026692636311
298  0.0016248904867097735
308  0.0016246623126789927
351  0.0016238110838457942
338  0.0016237939707934856
323  0.0016236781375482678
346  0.0016235753428190947
301  0.0016234677750617266
296  0.001623376621864736
299  0.0016231330810114741
315  0.001622915267944336
337  0.0016227902378886938
327  0.0016226465813815594
330  0.0016225884901359677
318  0.0016224333085119724
326  0.0016220556572079659
332  0.0016219867393374443
349  0.0016218338860198855
328  0.0016218083910644054
317  0.0016217808006331325
336  0.0016216426156461239
306  0.0016214704373851418
305  0.001621381612494588
325  0.001621256466023624
319  0.0016212473856285214
303  0.0016211748588830233
304  0.0016211274778470397
342  0.0016211074544116855
339  0.0016211022157222033
350  0.0016210938338190317
344  0.0016209896421059966
311  0.001620690105482936
331  0.0016205651918426156
307  0.001620541326701641
297  0.0016205142019316554
335  0.0016205026768147945
347  0.0016203452832996845
314  0.0016201825346797705
313  0.0016201123362407088
345  0.0016200575046241283
334  0.001619984395802021
310  0.0016195833450183272
352  0.0016191222239285707
340  0.0016190838068723679
329  0.0016190414316952229
341  0.0016189588932320476
312  0.0016184364212676883
321  0.0016183756524696946
343  0.001618268433958292
353  0.0016178417718037963
300  0.0016178054502233863
316  0.001617720234207809
322  0.001617274945601821
309  0.0016172226751223207
348  0.001615837449207902
1238  0.0014204672770574689
1379  0.0010026657255366445
1383  0.0010005902731791139
1394  0.0010000013280659914
1387  0.000996903982013464
1375  0.0009965796489268541
1399  0.0009964016498997808
1381  0.0009957904694601893
1380  0.0009954613633453846
1363  0.0009951289976015687
1385  0.0009950308594852686
1368  0.0009949635714292526
1357  0.000994808622635901
1396  0.0009943210752680898
1371  0.0009940232848748565
1411  0.0009936467977240682
1391  0.0009935246780514717
1358  0.000993523746728897
1386  0.000993493595160544
1401  0.0009933908004313707
1389  0.0009930572705343366
1413  0.0009926193160936236
1404  0.0009924854384735227
1398  0.000992266577668488
1365  0.0009918356081470847
1393  0.0009914704132825136
1384  0.0009913684334605932
1388  0.0009910926455631852
1392  0.0009908906649798155
1395  0.0009906140621751547
1370  0.0009904734324663877
1397  0.0009904488688334823
1400  0.0009904168546199799
1412  0.0009903230238705873
1372  0.000990267377346754
1373  0.000990167260169983
1369  0.0009892398957163095
1362  0.0009892069501802325
1361  0.0009890099754557014
1359  0.000988921383395791
1414  0.0009888173080980778
1405  0.0009886369807645679
1367  0.0009884993778541684
1390  0.000988387386314571
1407  0.000987978302873671
1409  0.0009872019290924072
1378  0.000987095758318901
1402  0.000986807164736092
1376  0.0009867774788290262
1410  0.0009866858599707484
1366  0.0009859012207016349
1382  0.0009858176345005631
1360  0.0009846648899838328
1403  0.0009840679122135043
1374  0.0009840350830927491
1406  0.0009839700069278479
1408  0.0009829463670030236
1364  0.0009828789625316858
1377  0.0009818162070587277
495  0.0009642626973800361
510  0.0009621658246032894
503  0.0009585707448422909
499  0.0009584703366272151
520  0.0009577528107911348
496  0.0009563532075844705
479  0.0009562461636960506
512  0.0009561919141560793
515  0.0009552198462188244
487  0.000955084222368896
497  0.0009550619288347661
500  0.0009542538318783045
502  0.0009540964383631945
505  0.0009538946906104684
474  0.0009536865982227027
507  0.0009534262935630977
484  0.0009531002724543214
488  0.0009529151720926166
517  0.0009527285001240671
508  0.0009526354842819273
473  0.0009522158070467412
514  0.0009520089370198548
529  0.0009514123667031527
521  0.0009510415839031339
491  0.0009506118367426097
504  0.0009504967601969838
501  0.0009502455359324813
528  0.000950051355175674
526  0.0009500273154117167
494  0.0009498341241851449
509  0.0009495074627920985
478  0.0009491519886069
486  0.0009491393575444818
527  0.0009490150259807706
513  0.0009489688090980053
511  0.0009489287040196359
475  0.0009486890048719943
483  0.0009484265465289354
498  0.000947715190704912
485  0.0009475513361394405
489  0.0009475291590206325
530  0.0009474443504586816
481  0.000947364023886621
492  0.0009473306126892567
482  0.0009465654729865491
477  0.0009457947453483939
516  0.0009453690727241337
506  0.000944441300816834
523  0.000944139901548624
518  0.0009437951375730336
490  0.0009435042156837881
476  0.0009432283113710582
522  0.0009422204457223415
525  0.0009419296402484179
519  0.0009411173523403704
524  0.000940621190238744
493  0.0009405870805494487
480  0.0009399264235980809
177  0.0008984356536529958
613  0.0003447333874646574
607  0.00034441016032360494
621  0.0003443820751272142
633  0.0003441854496486485
648  0.0003439728752709925
601  0.0003438915591686964
617  0.00034369787317700684
620  0.00034341178252361715
604  0.00034340342972427607
614  0.0003433387610130012
611  0.00034322880674153566
645  0.00034312624484300613
619  0.0003428487980272621
642  0.00034233846236020327
618  0.00034228412550874054
599  0.0003422655281610787
592  0.0003419398854020983
597  0.0003419196291361004
643  0.0003419001295696944
635  0.0003418622654862702
647  0.0003417296684347093
646  0.00034159678034484386
627  0.0003415754472371191
624  0.00034134919405914843
629  0.0003413317899685353
608  0.00034102864447049797
628  0.00034101612982340157
612  0.00034098656033165753
638  0.00034092849818989635
593  0.00034086027881130576
591  0.0003408432239666581
644  0.0003408326883800328
634  0.00034081461490131915
609  0.00034080195473507047
610  0.0003407697950024158
602  0.0003406739851925522
626  0.0003406356554478407
636  0.00034058597520925105
615  0.0003405721508897841
630  0.0003405548050068319
603  0.0003404587332624942
594  0.0003404187737032771
596  0.0003403538721613586
631  0.000340351922204718
616  0.00034034057171083987
605  0.000340200582286343
623  0.00034017564030364156
606  0.0003401110880076885
641  0.0003400681307539344
622  0.0003400264831725508
637  0.0003398871049284935
625  0.00033983818138949573
632  0.0003390757483430207
639  0.00033853037166409194
598  0.0003384816227480769
595  0.00033819006057456136
640  0.00033811171306297183
600  0.00033758283825591207
413  0.00029037726926617324
91  0.00024286602274514735
96  0.00024272224982269108
87  0.00024261490034405142
70  0.0002423374680802226
82  0.0002423370024189353
60  0.00024233285512309521
62  0.00024231275892816484
89  0.000242245543631725
72  0.00024222800857387483
97  0.00024217323516495526
66  0.00024216562451329082
84  0.00024212038260884583
71  0.00024207605747506022
109  0.00024205022782552987
69  0.0002420439850538969
98  0.00024194616707973182
99  0.00024194084107875824
110  0.00024188666429836303
101  0.00024187096278183162
77  0.00024184421636164188
73  0.00024182299966923892
102  0.0002418144722469151
88  0.00024180341279134154
85  0.0002417847135802731
68  0.00024176627630367875
104  0.00024176191072911024
112  0.00024174278951250017
64  0.0002417093637632206
74  0.0002417038194835186
111  0.000241697154706344
63  0.0002416254865238443
81  0.0002416183560853824
114  0.000241523448494263
75  0.00024150640820153058
103  0.0002414543996565044
83  0.0002414458867860958
92  0.0002414371119812131
79  0.00024143412883859128
76  0.00024140100867953151
108  0.0002413827896816656
115  0.00024133907572831959
116  0.0002412859321339056
67  0.0002412613102933392
107  0.00024123625189531595
93  0.00024112380924634635
100  0.00024110909726005048
113  0.0002410360029898584
61  0.00024099028087221086
105  0.00024094800755847245
78  0.00024087840574793518
90  0.0002408444124739617
106  0.00024073374515864998
65  0.00024070782819762826
117  0.00024060296709649265
95  0.0002405683189863339
94  0.00024029461201280355
80  0.00024025225138757378
86  0.00023977211094461381
118  0.00022680775146000087
150  0.00015168100071605295
148  0.00015114668349269778
146  0.00015103329496923834
119  0.0001509444700786844
147  0.00015058017743285745
155  0.00015052749949973077
141  0.0001504809915786609
125  0.00015045430336613208
123  0.00015045360487420112
140  0.00015036208787932992
131  0.00015034804528113455
143  0.00015034605166874826
156  0.00015028455527499318
129  0.00015023812011349946
121  0.00015017266559880227
169  0.00015010152128525078
134  0.00015009165508672595
157  0.00015007132606115192
127  0.0001500517246313393
122  0.0001499700447311625
158  0.0001499658974353224
130  0.0001499144418630749
144  0.00014989498595241457
136  0.00014989398187026381
168  0.00014987055328674614
161  0.00014980883861426264
172  0.00014979339903220534
126  0.00014976513921283185
173  0.0001497502817073837
170  0.0001497204357292503
138  0.00014971116615924984
152  0.0001496693294029683
128  0.00014964093861635774
132  0.00014962795830797404
142  0.00014962068235035986
171  0.00014959443069528788
137  0.00014959143300075084
133  0.00014955362712498754
166  0.00014951755292713642
160  0.00014950844342820346
167  0.00014945713337510824
162  0.00014941251720301807
163  0.00014936280786059797
151  0.00014929816825315356
164  0.0001492864976171404
175  0.00014925177674740553
174  0.0001492473529651761
135  0.00014923141861800104
120  0.00014915033534634858
159  0.00014912673213984817
165  0.00014905649004504085
149  0.0001490357390139252
176  0.00014898912922944874
124  0.00014897252549417317
139  0.00014838969218544662
145  0.0001483516243752092
153  0.00014827129780314863
154  0.0001482697407482192
354  0.00013892898277845234
295  0.0001374552521156147
943  9.114568092627451e-05
1710  8.720420737517998e-05
767  8.470814645988867e-05
1741  5.0142480176873505e-05
1738  5.00707101309672e-05
1714  4.997372889192775e-05
1746  4.991557580069639e-05
1735  4.9877275159815326e-05
1739  4.9868995120050386e-05
1731  4.986319618183188e-05
1737  4.9842514272313565e-05
1722  4.9838236009236425e-05
1736  4.981870733899996e-05
1727  4.9801798013504595e-05
1734  4.979552613804117e-05
1763  4.9788737669587135e-05
1711  4.9767473683459684e-05
1768  4.976438867743127e-05
1733  4.975803312845528e-05
1740  4.9720038077794015e-05
1725  4.971899397787638e-05
1732  4.971562520950101e-05
1728  4.9705904530128464e-05
1762  4.970339432475157e-05
1764  4.968970097252168e-05
1749  4.967023050994612e-05
1718  4.9668902647681534e-05
1748  4.965469634043984e-05
1760  4.965042899129912e-05
1720  4.963859828421846e-05
1716  4.963727405993268e-05
1756  4.9631024012342095e-05
1747  4.9629321438260376e-05
1721  4.959549187333323e-05
1726  4.958428689860739e-05
1767  4.9565325753064826e-05
1723  4.9564951041247696e-05
1743  4.9543497880222276e-05
1754  4.9539194151293486e-05
1758  4.9537258746568114e-05
1750  4.9520920583745465e-05
1759  4.951152004650794e-05
1761  4.9496364226797596e-05
1713  4.9495138227939606e-05
1715  4.948527566739358e-05
1717  4.9484329792903736e-05
1742  4.9461450544185936e-05
1766  4.945777254761197e-05
1719  4.94301384605933e-05
1724  4.942165469401516e-05
1729  4.9408601626055315e-05
1755  4.94058222102467e-05
1730  4.940247526974417e-05
1745  4.938570782542229e-05
1753  4.937812627758831e-05
1744  4.937284757033922e-05
1757  4.937176709063351e-05
1752  4.936503682984039e-05
1712  4.933101445203647e-05
1751  4.925194662064314e-05
1765  4.922471634927206e-05
916  4.680557321989909e-05
913  4.654145595850423e-05
590  4.653675568988547e-05
885  4.653635551221669e-05
921  4.652668212656863e-05
902  4.6507648221449926e-05
912  4.650321352528408e-05
889  4.648800677387044e-05
907  4.6472538087982684e-05
938  4.646930392482318e-05
910  4.646407614927739e-05
898  4.645844455808401e-05
939  4.6436874981736764e-05
906  4.643262582249008e-05
903  4.643120337277651e-05
911  4.642133353627287e-05
922  4.6404515160247684e-05
897  4.640035695047118e-05
894  4.6396507968893275e-05
891  4.638557948055677e-05
886  4.637974052457139e-05
909  4.6374516387004405e-05
888  4.637089296011254e-05
928  4.636072844732553e-05
937  4.6347198804141954e-05
915  4.634038850781508e-05
896  4.63243959529791e-05
924  4.6319226385094225e-05
892  4.631534466170706e-05
900  4.631485717254691e-05
914  4.630955299944617e-05
893  4.630558396456763e-05
935  4.630121111404151e-05
908  4.627922680811025e-05
901  4.627463931683451e-05
931  4.625619840226136e-05
905  4.624755456461571e-05
895  4.623881613952108e-05
925  4.6232165914261714e-05
933  4.622096093953587e-05
936  4.621051994035952e-05
942  4.620858089765534e-05
890  4.620443723979406e-05
904  4.619536048267037e-05
934  4.619025276042521e-05
923  4.618144521373324e-05
930  4.6171269787009805e-05
929  4.616845035343431e-05
941  4.6164226660039276e-05
918  4.616352453012951e-05
917  4.609828465618193e-05
899  4.608562448993325e-05
919  4.6063392801443115e-05
927  4.603884372045286e-05
926  4.6032608224777505e-05
887  4.601487671607174e-05
932  4.601123509928584e-05
920  4.59605835203547e-05
940  4.5956203393870965e-05
1061  4.288981654099189e-05
249  3.591986023820937e-05
274  3.5911194572690874e-05
247  3.588185791159049e-05
279  3.585962258512154e-05
273  3.5826433304464445e-05
237  3.582093268050812e-05
240  3.579853364499286e-05
239  3.578842733986676e-05
266  3.57869612344075e-05
278  3.578661926439963e-05
264  3.577917959773913e-05
254  3.577003735699691e-05
256  3.576952440198511e-05
259  3.576506060198881e-05
243  3.576416929718107e-05
281  3.576290691853501e-05
261  3.5752542316913605e-05
246  3.5751552786678076e-05
292  3.574651054805145e-05
265  3.574030415620655e-05
253  3.573566937120631e-05
268  3.57326352968812e-05
276  3.573103458620608e-05
269  3.573041976778768e-05
280  3.5725723137147725e-05
252  3.572476271074265e-05
244  3.570865374058485e-05
282  3.5706747439689934e-05
258  3.5702832974493504e-05
251  3.569734690245241e-05
260  3.5694662074092776e-05
275  3.5692686651600525e-05
248  3.5691904486157e-05
272  3.56918026227504e-05
286  3.569040563888848e-05
267  3.568863758118823e-05
293  3.5681354347616434e-05
290  3.5678800486493856e-05
238  3.567053499864414e-05
262  3.566431041690521e-05
241  3.566142186173238e-05
271  3.566094528650865e-05
289  3.564625512808561e-05
291  3.564299186109565e-05
277  3.5642686270875856e-05
245  3.564105281839147e-05
287  3.5640649002743885e-05
250  3.5633067454909906e-05
288  3.562715573934838e-05
285  3.561846096999943e-05
284  3.561737321433611e-05
242  3.5611428756965324e-05
270  3.5593500797403976e-05
283  3.558257230906747e-05
294  3.552957423380576e-05
255  3.552080306690186e-05
257  3.5500685044098645e-05
263  3.5498382203513756e-05
1217  3.278829899500124e-05
1182  3.251723319408484e-05
1214  3.250994996051304e-05
1222  3.250120425946079e-05
1190  3.2489679142599925e-05
1180  3.245892730774358e-05
1208  3.245620246161707e-05
1192  3.245233529014513e-05
1202  3.24498578265775e-05
1186  3.2426811230834574e-05
1210  3.23872227454558e-05
1212  3.2376909075537696e-05
1204  3.23748063237872e-05
1207  3.2361564080929384e-05
1199  3.2341573387384415e-05
1195  3.233562529203482e-05
1209  3.231105438317172e-05
1235  3.2292326068272814e-05
1221  3.2278840080834925e-05
1233  3.226930130040273e-05
1219  3.2260253647109494e-05
1234  3.225142427254468e-05
1216  3.2248379284283146e-05
1191  3.2237159757642075e-05
1183  3.223417661502026e-05
1185  3.22234227496665e-05
1203  3.221994484192692e-05
1201  3.2203173759626225e-05
1225  3.219555946998298e-05
1215  3.219224527128972e-05
1220  3.2190462661674246e-05
1230  3.2189323974307626e-05
1224  3.2172814826481044e-05
1187  3.215962351532653e-05
1194  3.215450487914495e-05
1205  3.2153460779227316e-05
1181  3.2149233447853476e-05
1211  3.214916796423495e-05
1223  3.214328535250388e-05
1218  3.21384723065421e-05
1228  3.2115949579747394e-05
1227  3.211506555089727e-05
1236  3.21121551678516e-05
1189  3.208775888197124e-05
1188  3.2084699341794476e-05
1197  3.208071939297952e-05
1196  3.207371264579706e-05
1229  3.2041920349001884e-05
1206  3.1996787583921105e-05
1198  3.1993797165341675e-05
1237  3.1980314815882593e-05
1184  3.1971867429092526e-05
1226  3.1971230782801285e-05
1200  3.191611904185265e-05
1193  3.1872110412223265e-05
1213  3.184160959790461e-05
1231  3.18386300932616e-05
1232  3.1759303965372965e-05
780  2.168854553019628e-05
776  2.1687963453587145e-05
785  2.1686517357011326e-05
798  2.16795269807335e-05
804  2.1664252926711924e-05
794  2.1661797291017137e-05
825  2.1652957002515905e-05
770  2.1646286768373102e-05
803  2.164541911042761e-05
810  2.164168472518213e-05
774  2.1636587916873395e-05
792  2.1628851754940115e-05
784  2.1627798560075462e-05
789  2.162718192266766e-05
782  2.1626583475153893e-05
795  2.1623425709549338e-05
773  2.162322198273614e-05
812  2.1622065105475485e-05
771  2.1618541723000817e-05
779  2.16167882172158e-05
820  2.1614729121210985e-05
775  2.1610439944197424e-05
817  2.160875010304153e-05
778  2.1606419977615587e-05
821  2.1603453205898404e-05
787  2.159984978788998e-05
793  2.1599231331492774e-05
788  2.1596573787974194e-05
791  2.1596553779090755e-05
786  2.1593712517642416e-05
807  2.1592537450487725e-05
809  2.158189454348758e-05
813  2.158150527975522e-05
806  2.1581174223683774e-05
805  2.158031020371709e-05
801  2.157911512767896e-05
777  2.1577778170467354e-05
768  2.1576443032245152e-05
772  2.157286144210957e-05
783  2.156673144781962e-05
818  2.156652590201702e-05
797  2.1564881535596214e-05
800  2.1562907932093367e-05
824  2.1561487301369198e-05
819  2.1555670173256658e-05
796  2.1555380953941494e-05
799  2.1551497411564924e-05
811  2.154436515411362e-05
816  2.154323556169402e-05
781  2.154303183488082e-05
814  2.1541221940424293e-05
769  2.1527361241169274e-05
815  2.1525986085180193e-05
808  2.1516585547942668e-05
823  2.1516154447454028e-05
790  2.1514328182092868e-05
802  2.150763975805603e-05
822  2.147419218090363e-05
531  1.492922365287086e-05
1034  5.912246251682518e-06
1030  5.902808879909571e-06
1027  5.901998065382941e-06
1032  5.898340987187112e-06
1031  5.89709861742449e-06
1003  5.8960467868018895e-06
1013  5.8927748796122614e-06
1025  5.892718945688102e-06
1020  5.892634817428188e-06
1053  5.892370609217323e-06
1040  5.891735327168135e-06
1015  5.8912246458930895e-06
1024  5.890887223358732e-06
1007  5.888820396648953e-06
1009  5.887112820346374e-06
1039  5.886950475542108e-06
1014  5.885928658244666e-06
1052  5.8850082496064715e-06
1028  5.884570327907568e-06
1005  5.881821380171459e-06
1042  5.881484867131803e-06
1021  5.881272045371588e-06
1018  5.881008291908074e-06
1011  5.878753654542379e-06
1047  5.877930107089924e-06
1033  5.877823696209816e-06
1012  5.877705461898586e-06
1006  5.877403054910246e-06
1057  5.8771897784026805e-06
1010  5.874908765690634e-06
1026  5.874365342606325e-06
1054  5.873704139958136e-06
1019  5.873670943401521e-06
1036  5.873502686881693e-06
1056  5.872987458133139e-06
1041  5.872909241588786e-06
1035  5.870059339940781e-06
1022  5.869779215572635e-06
1045  5.8690347941592336e-06
1058  5.868878361070529e-06
1050  5.867898835276719e-06
1051  5.866449555469444e-06
1017  5.866326773684705e-06
1004  5.865660568815656e-06
1055  5.864983904757537e-06
1043  5.864844297320815e-06
1044  5.864827471668832e-06
1048  5.864340437256033e-06
1060  5.864078048034571e-06
1016  5.863177648279816e-06
1008  5.862495527253486e-06
1046  5.861679255758645e-06
1038  5.861226782144513e-06
1059  5.859828888787888e-06
1037  5.859370958205545e-06
1049  5.855566541868029e-06
1023  5.847508873557672e-06
1029  5.845110990776448e-06
392  4.134759819862666e-06
385  4.117347998544574e-06
383  4.111392172490014e-06
394  4.111172074772185e-06
377  4.110866484552389e-06
361  4.109228029847145e-06
357  4.1084012991632335e-06
397  4.1050448089663405e-06
389  4.104442268726416e-06
382  4.103960691281827e-06
369  4.102903858438367e-06
387  4.101401827938389e-06
366  4.101057584193768e-06
360  4.099626494280528e-06
370  4.0993450056703296e-06
356  4.0993254515342414e-06
402  4.098395038454328e-06
355  4.097515557077713e-06
374  4.096968496014597e-06
384  4.096948941878509e-06
409  4.094675659871427e-06
365  4.09406675316859e-06
378  4.09382028010441e-06
408  4.0933055061032064e-06
379  4.092247309017694e-06
391  4.091310984222218e-06
400  4.090394213562831e-06
403  4.089883077540435e-06
410  4.089118647243595e-06
367  4.0886429815145675e-06
390  4.088569312443724e-06
411  4.088112746103434e-06
386  4.0870368138712365e-06
395  4.086962690053042e-06
371  4.086335138708819e-06
396  4.085108230356127e-06
381  4.084862666786648e-06
405  4.083713520230958e-06
393  4.083289240952581e-06
363  4.082954092154978e-06
362  4.0820664253260475e-06
399  4.081502083863597e-06
376  4.080225608049659e-06
358  4.079509835719364e-06
398  4.07803554480779e-06
380  4.0779850678518414e-06
373  4.074878688697936e-06
412  4.074866865266813e-06
368  4.070897375640925e-06
404  4.068483121955069e-06
401  4.0659970181877725e-06
388  4.06579556511133e-06
359  4.063391770614544e-06
375  4.0623963286634535e-06
407  4.060889295942616e-06
372  4.057571914017899e-06
364  4.057041678606765e-06
406  4.056790203321725e-06
554  9.315007218901883e-07
558  9.296538792114006e-07
569  9.287819580094947e-07
574  9.27736380162969e-07
550  9.255148256670509e-07
555  9.252712516172323e-07
532  9.2342264679246e-07
586  9.2313922550602e-07
576  9.230035971086181e-07
540  9.221422487826203e-07
562  9.221185450769553e-07
560  9.219145340466639e-07
538  9.2185035782677e-07
556  9.217008027917473e-07
533  9.216789749189047e-07
588  9.213915745931445e-07
564  9.205545552504191e-07
589  9.201911552736419e-07
565  9.201446573570138e-07
587  9.200314252666431e-07
548  9.197304962071939e-07
543  9.19397223242413e-07
542  9.192043535222183e-07
534  9.188134981741314e-07
584  9.185558837998542e-07
572  9.184964255837258e-07
571  9.18417526918347e-07
573  9.182555231745937e-07
546  9.182124927065161e-07
545  9.180663482766249e-07
575  9.175184345622256e-07
544  9.171238843919127e-07
563  9.170679504677537e-07
585  9.170486805487599e-07
559  9.169778536488593e-07
567  9.169349937110383e-07
566  9.16769693048991e-07
577  9.16745193535462e-07
568  9.164873517875094e-07
579  9.164061225419573e-07
583  9.163431400338595e-07
582  9.153534961114929e-07
537  9.152933557743381e-07
551  9.14905854187964e-07
570  9.148483286480769e-07
547  9.147959190158872e-07
552  9.13965777726844e-07
553  9.138184395851567e-07
561  9.136878134086146e-07
578  9.130143894253706e-07
557  9.12660993890313e-07
535  9.123947393163689e-07
580  9.11724953311932e-07
549  9.115545935856062e-07
536  9.107386063078593e-07
581  9.105805247600074e-07
541  9.08155698198243e-07
539  9.078812581719831e-07
