1  0.21273042261600494
2  0.21273042261600494
3  0.21273042261600494
4  0.21273042261600494
5  0.21273042261600494
6  0.21273042261600494
7  0.21273042261600494
8  0.21273042261600494
9  0.21273042261600494
10  0.21273042261600494
11  0.21273042261600494
12  0.21273042261600494
13  0.21273042261600494
14  0.21273042261600494
15  0.21273042261600494
16  0.21273042261600494
17  0.21273042261600494
18  0.21273042261600494
19  0.21273042261600494
20  0.21273042261600494
21  0.21273042261600494
22  0.21273042261600494
23  0.21273042261600494
24  0.21273042261600494
25  0.21273042261600494
26  0.21273042261600494
27  0.21273042261600494
28  0.21273042261600494
29  0.21273042261600494
30  0.21273042261600494
31  0.21273042261600494
32  0.21273042261600494
33  0.21273042261600494
34  0.21273042261600494
35  0.21273042261600494
36  0.21273042261600494
37  0.21273042261600494
38  0.21273042261600494
39  0.21273042261600494
40  0.21273042261600494
41  0.21273042261600494
42  0.21273042261600494
43  0.21273042261600494
44  0.21273042261600494
45  0.21273042261600494
46  0.21273042261600494
47  0.21273042261600494
48  0.21273042261600494
49  0.21273042261600494
50  0.21273042261600494
51  0.21273042261600494
52  0.21273042261600494
53  0.21273042261600494
54  0.21273042261600494
55  0.21273042261600494
56  0.21273042261600494
57  0.21273042261600494
58  0.21273042261600494
59  0.21273042261600494
356  0.21273042261600494
357  0.21273042261600494
358  0.21273042261600494
359  0.21273042261600494
360  0.21273042261600494
361  0.21273042261600494
362  0.21273042261600494
363  0.21273042261600494
364  0.21273042261600494
365  0.21273042261600494
366  0.21273042261600494
367  0.21273042261600494
368  0.21273042261600494
369  0.21273042261600494
370  0.21273042261600494
371  0.21273042261600494
372  0.21273042261600494
373  0.21273042261600494
374  0.21273042261600494
375  0.21273042261600494
376  0.21273042261600494
377  0.21273042261600494
378  0.21273042261600494
379  0.21273042261600494
380  0.21273042261600494
381  0.21273042261600494
382  0.21273042261600494
383  0.21273042261600494
384  0.21273042261600494
385  0.21273042261600494
386  0.21273042261600494
387  0.21273042261600494
388  0.21273042261600494
389  0.21273042261600494
390  0.21273042261600494
391  0.21273042261600494
392  0.21273042261600494
393  0.21273042261600494
394  0.21273042261600494
395  0.21273042261600494
396  0.21273042261600494
397  0.21273042261600494
398  0.21273042261600494
399  0.21273042261600494
400  0.21273042261600494
401  0.21273042261600494
402  0.21273042261600494
403  0.21273042261600494
404  0.21273042261600494
405  0.21273042261600494
406  0.21273042261600494
407  0.21273042261600494
408  0.21273042261600494
409  0.21273042261600494
410  0.21273042261600494
411  0.21273042261600494
412  0.21273042261600494
413  0.21273042261600494
474  0.21273042261600494
475  0.21273042261600494
476  0.21273042261600494
477  0.21273042261600494
478  0.21273042261600494
479  0.21273042261600494
480  0.21273042261600494
481  0.21273042261600494
482  0.21273042261600494
483  0.21273042261600494
484  0.21273042261600494
485  0.21273042261600494
486  0.21273042261600494
487  0.21273042261600494
488  0.21273042261600494
489  0.21273042261600494
490  0.21273042261600494
491  0.21273042261600494
492  0.21273042261600494
493  0.21273042261600494
494  0.21273042261600494
495  0.21273042261600494
496  0.21273042261600494
497  0.21273042261600494
498  0.21273042261600494
499  0.21273042261600494
500  0.21273042261600494
501  0.21273042261600494
502  0.21273042261600494
503  0.21273042261600494
504  0.21273042261600494
505  0.21273042261600494
506  0.21273042261600494
507  0.21273042261600494
508  0.21273042261600494
509  0.21273042261600494
510  0.21273042261600494
511  0.21273042261600494
512  0.21273042261600494
513  0.21273042261600494
514  0.21273042261600494
515  0.21273042261600494
516  0.21273042261600494
517  0.21273042261600494
518  0.21273042261600494
519  0.21273042261600494
520  0.21273042261600494
521  0.21273042261600494
522  0.21273042261600494
523  0.21273042261600494
524  0.21273042261600494
525  0.21273042261600494
526  0.21273042261600494
527  0.21273042261600494
528  0.21273042261600494
529  0.21273042261600494
530  0.21273042261600494
531  0.21273042261600494
651  0.21273042261600494
652  0.21273042261600494
653  0.21273042261600494
654  0.21273042261600494
655  0.21273042261600494
656  0.21273042261600494
657  0.21273042261600494
658  0.21273042261600494
659  0.21273042261600494
660  0.21273042261600494
661  0.21273042261600494
662  0.21273042261600494
663  0.21273042261600494
664  0.21273042261600494
665  0.21273042261600494
666  0.21273042261600494
667  0.21273042261600494
668  0.21273042261600494
669  0.21273042261600494
670  0.21273042261600494
671  0.21273042261600494
672  0.21273042261600494
673  0.21273042261600494
674  0.21273042261600494
675  0.21273042261600494
676  0.21273042261600494
677  0.21273042261600494
678  0.21273042261600494
679  0.21273042261600494
680  0.21273042261600494
681  0.21273042261600494
682  0.21273042261600494
683  0.21273042261600494
684  0.21273042261600494
685  0.21273042261600494
686  0.21273042261600494
687  0.21273042261600494
688  0.21273042261600494
689  0.21273042261600494
690  0.21273042261600494
691  0.21273042261600494
692  0.21273042261600494
693  0.21273042261600494
694  0.21273042261600494
695  0.21273042261600494
696  0.21273042261600494
697  0.21273042261600494
698  0.21273042261600494
699  0.21273042261600494
700  0.21273042261600494
701  0.21273042261600494
702  0.21273042261600494
703  0.21273042261600494
704  0.21273042261600494
705  0.21273042261600494
706  0.21273042261600494
707  0.21273042261600494
708  0.21273042261600494
709  0.21273042261600494
710  0.21273042261600494
711  0.21273042261600494
712  0.21273042261600494
713  0.21273042261600494
714  0.21273042261600494
715  0.21273042261600494
716  0.21273042261600494
717  0.21273042261600494
718  0.21273042261600494
719  0.21273042261600494
720  0.21273042261600494
721  0.21273042261600494
722  0.21273042261600494
723  0.21273042261600494
724  0.21273042261600494
725  0.21273042261600494
726  0.21273042261600494
727  0.21273042261600494
728  0.21273042261600494
729  0.21273042261600494
730  0.21273042261600494
731  0.21273042261600494
732  0.21273042261600494
733  0.21273042261600494
734  0.21273042261600494
735  0.21273042261600494
736  0.21273042261600494
737  0.21273042261600494
738  0.21273042261600494
739  0.21273042261600494
740  0.21273042261600494
741  0.21273042261600494
742  0.21273042261600494
743  0.21273042261600494
744  0.21273042261600494
745  0.21273042261600494
746  0.21273042261600494
747  0.21273042261600494
748  0.21273042261600494
749  0.21273042261600494
750  0.21273042261600494
751  0.21273042261600494
752  0.21273042261600494
753  0.21273042261600494
754  0.21273042261600494
755  0.21273042261600494
756  0.21273042261600494
757  0.21273042261600494
758  0.21273042261600494
759  0.21273042261600494
760  0.21273042261600494
761  0.21273042261600494
762  0.21273042261600494
763  0.21273042261600494
764  0.21273042261600494
765  0.21273042261600494
766  0.21273042261600494
767  0.21273042261600494
1064  0.21273042261600494
1065  0.21273042261600494
1066  0.21273042261600494
1067  0.21273042261600494
1068  0.21273042261600494
1069  0.21273042261600494
1070  0.21273042261600494
1071  0.21273042261600494
1072  0.21273042261600494
1073  0.21273042261600494
1074  0.21273042261600494
1075  0.21273042261600494
1076  0.21273042261600494
1077  0.21273042261600494
1078  0.21273042261600494
1079  0.21273042261600494
1080  0.21273042261600494
1081  0.21273042261600494
1082  0.21273042261600494
1083  0.21273042261600494
1084  0.21273042261600494
1085  0.21273042261600494
1086  0.21273042261600494
1087  0.21273042261600494
1088  0.21273042261600494
1089  0.21273042261600494
1090  0.21273042261600494
1091  0.21273042261600494
1092  0.21273042261600494
1093  0.21273042261600494
1094  0.21273042261600494
1095  0.21273042261600494
1096  0.21273042261600494
1097  0.21273042261600494
1098  0.21273042261600494
1099  0.21273042261600494
1100  0.21273042261600494
1101  0.21273042261600494
1102  0.21273042261600494
1103  0.21273042261600494
1104  0.21273042261600494
1105  0.21273042261600494
1106  0.21273042261600494
1107  0.21273042261600494
1108  0.21273042261600494
1109  0.21273042261600494
1110  0.21273042261600494
1111  0.21273042261600494
1112  0.21273042261600494
1113  0.21273042261600494
1114  0.21273042261600494
1115  0.21273042261600494
1116  0.21273042261600494
1117  0.21273042261600494
1118  0.21273042261600494
1119  0.21273042261600494
1120  0.21273042261600494
1121  0.21273042261600494
1122  0.21273042261600494
1123  0.21273042261600494
1124  0.21273042261600494
1125  0.21273042261600494
1126  0.21273042261600494
1127  0.21273042261600494
1128  0.21273042261600494
1129  0.21273042261600494
1130  0.21273042261600494
1131  0.21273042261600494
1132  0.21273042261600494
1133  0.21273042261600494
1134  0.21273042261600494
1135  0.21273042261600494
1136  0.21273042261600494
1137  0.21273042261600494
1138  0.21273042261600494
1139  0.21273042261600494
1140  0.21273042261600494
1141  0.21273042261600494
1142  0.21273042261600494
1143  0.21273042261600494
1144  0.21273042261600494
1145  0.21273042261600494
1146  0.21273042261600494
1147  0.21273042261600494
1148  0.21273042261600494
1149  0.21273042261600494
1150  0.21273042261600494
1151  0.21273042261600494
1152  0.21273042261600494
1153  0.21273042261600494
1154  0.21273042261600494
1155  0.21273042261600494
1156  0.21273042261600494
1157  0.21273042261600494
1158  0.21273042261600494
1159  0.21273042261600494
1160  0.21273042261600494
1161  0.21273042261600494
1162  0.21273042261600494
1163  0.21273042261600494
1164  0.21273042261600494
1165  0.21273042261600494
1166  0.21273042261600494
1167  0.21273042261600494
1168  0.21273042261600494
1169  0.21273042261600494
1170  0.21273042261600494
1171  0.21273042261600494
1172  0.21273042261600494
1173  0.21273042261600494
1174  0.21273042261600494
1175  0.21273042261600494
1176  0.21273042261600494
1177  0.21273042261600494
1178  0.21273042261600494
1179  0.21273042261600494
1180  0.21273042261600494
1241  0.21273042261600494
1242  0.21273042261600494
1243  0.21273042261600494
1244  0.21273042261600494
1245  0.21273042261600494
1246  0.21273042261600494
1247  0.21273042261600494
1248  0.21273042261600494
1249  0.21273042261600494
1250  0.21273042261600494
1251  0.21273042261600494
1252  0.21273042261600494
1253  0.21273042261600494
1254  0.21273042261600494
1255  0.21273042261600494
1256  0.21273042261600494
1257  0.21273042261600494
1258  0.21273042261600494
1259  0.21273042261600494
1260  0.21273042261600494
1261  0.21273042261600494
1262  0.21273042261600494
1263  0.21273042261600494
1264  0.21273042261600494
1265  0.21273042261600494
1266  0.21273042261600494
1267  0.21273042261600494
1268  0.21273042261600494
1269  0.21273042261600494
1270  0.21273042261600494
1271  0.21273042261600494
1272  0.21273042261600494
1273  0.21273042261600494
1274  0.21273042261600494
1275  0.21273042261600494
1276  0.21273042261600494
1277  0.21273042261600494
1278  0.21273042261600494
1279  0.21273042261600494
1280  0.21273042261600494
1281  0.21273042261600494
1282  0.21273042261600494
1283  0.21273042261600494
1284  0.21273042261600494
1285  0.21273042261600494
1286  0.21273042261600494
1287  0.21273042261600494
1288  0.21273042261600494
1289  0.21273042261600494
1290  0.21273042261600494
1291  0.21273042261600494
1292  0.21273042261600494
1293  0.21273042261600494
1294  0.21273042261600494
1295  0.21273042261600494
1296  0.21273042261600494
1297  0.21273042261600494
1298  0.21273042261600494
1477  0.21273042261600494
1478  0.21273042261600494
1479  0.21273042261600494
1480  0.21273042261600494
1481  0.21273042261600494
1482  0.21273042261600494
1483  0.21273042261600494
1484  0.21273042261600494
1485  0.21273042261600494
1486  0.21273042261600494
1487  0.21273042261600494
1488  0.21273042261600494
1489  0.21273042261600494
1490  0.21273042261600494
1491  0.21273042261600494
1492  0.21273042261600494
1493  0.21273042261600494
1494  0.21273042261600494
1495  0.21273042261600494
1496  0.21273042261600494
1497  0.21273042261600494
1498  0.21273042261600494
1499  0.21273042261600494
1500  0.21273042261600494
1501  0.21273042261600494
1502  0.21273042261600494
1503  0.21273042261600494
1504  0.21273042261600494
1505  0.21273042261600494
1506  0.21273042261600494
1507  0.21273042261600494
1508  0.21273042261600494
1509  0.21273042261600494
1510  0.21273042261600494
1511  0.21273042261600494
1512  0.21273042261600494
1513  0.21273042261600494
1514  0.21273042261600494
1515  0.21273042261600494
1516  0.21273042261600494
1517  0.21273042261600494
1518  0.21273042261600494
1519  0.21273042261600494
1520  0.21273042261600494
1521  0.21273042261600494
1522  0.21273042261600494
1523  0.21273042261600494
1524  0.21273042261600494
1525  0.21273042261600494
1526  0.21273042261600494
1527  0.21273042261600494
1528  0.21273042261600494
1529  0.21273042261600494
1530  0.21273042261600494
1531  0.21273042261600494
1532  0.21273042261600494
1533  0.21273042261600494
1534  0.21273042261600494
1595  0.21273042261600494
1596  0.21273042261600494
1597  0.21273042261600494
1598  0.21273042261600494
1599  0.21273042261600494
1600  0.21273042261600494
1601  0.21273042261600494
1602  0.21273042261600494
1603  0.21273042261600494
1604  0.21273042261600494
1605  0.21273042261600494
1606  0.21273042261600494
1607  0.21273042261600494
1608  0.21273042261600494
1609  0.21273042261600494
1610  0.21273042261600494
1611  0.21273042261600494
1612  0.21273042261600494
1613  0.21273042261600494
1614  0.21273042261600494
1615  0.21273042261600494
1616  0.21273042261600494
1617  0.21273042261600494
1618  0.21273042261600494
1619  0.21273042261600494
1620  0.21273042261600494
1621  0.21273042261600494
1622  0.21273042261600494
1623  0.21273042261600494
1624  0.21273042261600494
1625  0.21273042261600494
1626  0.21273042261600494
1627  0.21273042261600494
1628  0.21273042261600494
1629  0.21273042261600494
1630  0.21273042261600494
1631  0.21273042261600494
1632  0.21273042261600494
1633  0.21273042261600494
1634  0.21273042261600494
1635  0.21273042261600494
1636  0.21273042261600494
1637  0.21273042261600494
1638  0.21273042261600494
1639  0.21273042261600494
1640  0.21273042261600494
1641  0.21273042261600494
1642  0.21273042261600494
1643  0.21273042261600494
1644  0.21273042261600494
1645  0.21273042261600494
1646  0.21273042261600494
1647  0.21273042261600494
1648  0.21273042261600494
1649  0.21273042261600494
1650  0.21273042261600494
1651  0.21273042261600494
1652  0.21273042261600494
1535  0.212598979473114
1739  0.21245627105236053
1753  0.2124335914850235
1740  0.21242545545101166
1726  0.21241441369056702
1721  0.21240828931331635
1714  0.21240787208080292
1715  0.21240176260471344
1771  0.21239051222801208
1767  0.21238501369953156
1735  0.21237097680568695
1719  0.21236681938171387
1770  0.2123493105173111
1743  0.21234264969825745
1730  0.21233460307121277
1737  0.21233391761779785
1731  0.21233148872852325
1745  0.21232733130455017
1747  0.212323859333992
1725  0.21232041716575623
1744  0.21231809258460999
1751  0.21231478452682495
1720  0.2123115211725235
1718  0.21229855716228485
1722  0.21229122579097748
1766  0.2122599482536316
1749  0.21225203573703766
1756  0.21223914623260498
1757  0.21223017573356628
1724  0.21222561597824097
1763  0.2122211456298828
1762  0.21220266819000244
1723  0.2121921181678772
1742  0.21219168603420258
1754  0.21218958497047424
1733  0.21218258142471313
1769  0.2121771275997162
1758  0.21217282116413116
1717  0.2121637463569641
1759  0.2121635228395462
1746  0.2121587097644806
1716  0.2121545523405075
1764  0.2121506631374359
1734  0.2121395766735077
1713  0.2121112048625946
1729  0.2121032476425171
1752  0.21210239827632904
1728  0.21209734678268433
1750  0.2120814174413681
1765  0.21205778419971466
1755  0.21205343306064606
1727  0.21204128861427307
1736  0.2120404839515686
1761  0.21202926337718964
1748  0.21201325953006744
1732  0.21201004087924957
1768  0.2120041698217392
1741  0.2120029628276825
1760  0.21197637915611267
1738  0.2118482142686844
146  0.21098698675632477
121  0.2109343558549881
1454  0.21072804927825928
1572  0.21072454750537872
127  0.21065209805965424
120  0.21064795553684235
126  0.21064282953739166
159  0.2105739414691925
1544  0.21037118136882782
125  0.21030215919017792
1538  0.21023178100585938
1422  0.21023115515708923
1433  0.21021349728107452
1435  0.21020863950252533
150  0.21017365157604218
1440  0.21016092598438263
1448  0.2101549506187439
153  0.21015332639217377
1457  0.2101173847913742
1476  0.21009930968284607
149  0.21009795367717743
1449  0.21008579432964325
1451  0.21008288860321045
1420  0.21007376909255981
151  0.21005485951900482
1461  0.21005026996135712
1439  0.21004731953144073
1437  0.2100331038236618
137  0.21002618968486786
1460  0.21000631153583527
1424  0.2099885195493698
1430  0.20996947586536407
1462  0.20996887981891632
1563  0.20996825397014618
162  0.20994284749031067
1445  0.20991545915603638
1423  0.20991171896457672
1428  0.20990052819252014
1429  0.20989331603050232
1575  0.2098884880542755
1475  0.20986275374889374
132  0.2098620980978012
1558  0.2098558247089386
1541  0.20985403656959534
155  0.20985352993011475
1594  0.20985248684883118
1426  0.20984145998954773
177  0.20983032882213593
1576  0.20977731049060822
1450  0.20975980162620544
1566  0.2097204476594925
1419  0.20971447229385376
1580  0.2096993625164032
1551  0.20968326926231384
136  0.2096230685710907
1442  0.20961894094944
145  0.20959323644638062
122  0.20959003269672394
1549  0.20958957076072693
1471  0.2095879316329956
1537  0.20957981050014496
1472  0.20957675576210022
1470  0.20957526564598083
1466  0.20957507193088531
1553  0.20957277715206146
1418  0.20954962074756622
1579  0.2095259726047516
165  0.20952507853507996
1540  0.2095232754945755
1547  0.20952239632606506
130  0.209507554769516
1554  0.20950451493263245
1555  0.20948953926563263
174  0.20948807895183563
1473  0.20947371423244476
1447  0.20946866273880005
1546  0.20946168899536133
124  0.20944906771183014
1432  0.20943865180015564
1436  0.2094339281320572
143  0.20941711962223053
1459  0.20941178500652313
131  0.20938746631145477
1441  0.20936624705791473
1559  0.20932844281196594
1569  0.20932427048683167
1474  0.20931954681873322
1578  0.20931309461593628
1458  0.2093099057674408
123  0.20929720997810364
1560  0.2092859148979187
1593  0.20927657186985016
1536  0.20927636325359344
1568  0.20926490426063538
1467  0.20924235880374908
1567  0.20922695100307465
1444  0.2092234343290329
1446  0.20921139419078827
142  0.20920784771442413
1590  0.2092064470052719
1431  0.20920494198799133
1434  0.20919892191886902
1455  0.20917624235153198
1421  0.20916038751602173
1577  0.20912256836891174
1589  0.20911568403244019
1542  0.20909056067466736
1548  0.20905150473117828
1465  0.2090335190296173
141  0.20903095602989197
1063  0.20901824533939362
157  0.2090163379907608
173  0.2090076059103012
129  0.20900556445121765
1443  0.20899754762649536
1584  0.20898602902889252
160  0.2089616358280182
152  0.20894503593444824
1557  0.20894140005111694
1456  0.2089211791753769
158  0.20889386534690857
1582  0.20887479186058044
134  0.20886661112308502
1427  0.20886629819869995
139  0.2088635116815567
169  0.2088444083929062
1539  0.2088421732187271
135  0.20882591605186462
168  0.2088066041469574
1570  0.20879849791526794
1041  0.20879711210727692
172  0.20878440141677856
128  0.20877568423748016
164  0.20877279341220856
1591  0.20875833928585052
1463  0.20875224471092224
154  0.20874063670635223
1588  0.20872780680656433
1543  0.20872314274311066
163  0.20871181786060333
1452  0.20867416262626648
1464  0.2086729258298874
167  0.2086542397737503
1565  0.208652526140213
1562  0.20865045487880707
140  0.20864742994308472
156  0.2086370885372162
161  0.2086334377527237
1556  0.20863287150859833
175  0.20859433710575104
1592  0.2085888683795929
1552  0.20858247578144073
1545  0.20857083797454834
176  0.20855945348739624
1585  0.20851196348667145
1453  0.20851105451583862
1468  0.2084577977657318
1550  0.20844589173793793
1574  0.20844095945358276
1469  0.2084202617406845
171  0.2084074169397354
1581  0.20838364958763123
1425  0.20836271345615387
1573  0.20834827423095703
1586  0.208309605717659
148  0.2083033174276352
1583  0.2082545906305313
147  0.20821596682071686
170  0.20817741751670837
1005  0.2081700712442398
1587  0.20815172791481018
1438  0.20814482867717743
1561  0.20799900591373444
138  0.20798221230506897
1006  0.2079571932554245
1031  0.20792286098003387
144  0.20787718892097473
1564  0.20786693692207336
166  0.2077270895242691
1571  0.2076428234577179
1017  0.2075958549976349
1011  0.20756438374519348
1016  0.20755521953105927
133  0.20743826031684875
1037  0.20740287005901337
1036  0.20739693939685822
1045  0.20722505450248718
1054  0.2072022557258606
1038  0.20703382790088654
1049  0.2070121169090271
1027  0.2069425880908966
1040  0.20693029463291168
1024  0.20682553946971893
1062  0.2067711502313614
1023  0.20660725235939026
1034  0.20660488307476044
1047  0.2065478265285492
1061  0.2064957618713379
1010  0.206226646900177
1028  0.2061741203069687
1026  0.20615121722221375
1032  0.20613589882850647
1007  0.20610982179641724
1008  0.20606666803359985
1014  0.2060547173023224
1035  0.20604436099529266
1056  0.20594967901706696
1053  0.20589914917945862
1051  0.20572438836097717
1043  0.2056400328874588
1057  0.20561181008815765
1046  0.20553918182849884
1042  0.20551808178424835
1020  0.20548386871814728
1029  0.20546209812164307
1021  0.20543496310710907
1052  0.20541536808013916
1022  0.20534130930900574
1030  0.205325186252594
1012  0.2052845060825348
1033  0.20521636307239532
1044  0.20521007478237152
1018  0.20515874028205872
1015  0.205058291554451
1055  0.2050524353981018
1025  0.20501424372196198
1048  0.20481330156326294
1059  0.20477695763111115
1058  0.20463785529136658
1060  0.20457203686237335
1009  0.20442134141921997
1019  0.2042333334684372
1050  0.20409175753593445
1039  0.20380321145057678
1013  0.20277059078216553
1653  0.16074873507022858
473  0.12049921602010727
119  0.1194012463092804
239  0.051591865718364716
295  0.05147435888648033
244  0.05145768076181412
238  0.0514061264693737
274  0.05139883980154991
271  0.0513528510928154
264  0.05134906247258186
243  0.0513455867767334
267  0.051341209560632706
245  0.051334310322999954
268  0.05130934342741966
280  0.05127909779548645
249  0.051275696605443954
269  0.05127149075269699
270  0.05127006024122238
242  0.051269423216581345
276  0.05120695009827614
283  0.051190853118896484
277  0.05116996914148331
291  0.051166508346796036
241  0.0511624775826931
272  0.051156189292669296
250  0.05112369358539581
252  0.05109613016247749
285  0.05109474062919617
248  0.05108863115310669
279  0.051087185740470886
273  0.05107324942946434
275  0.051064539700746536
292  0.05105498805642128
278  0.05101777985692024
290  0.05101611837744713
287  0.051011376082897186
259  0.05099178105592728
240  0.050986602902412415
288  0.050974223762750626
265  0.0509684756398201
247  0.050968024879693985
257  0.05096733197569847
282  0.050961773842573166
255  0.050960615277290344
289  0.05095593258738518
260  0.050926368683576584
254  0.05092110112309456
286  0.050909627228975296
293  0.050838652998209
266  0.05083309859037399
281  0.050829969346523285
256  0.0508279912173748
258  0.05079324170947075
262  0.050772201269865036
261  0.050757184624671936
246  0.050732385367155075
253  0.050692614167928696
284  0.05067294090986252
263  0.050620753318071365
294  0.05060689523816109
251  0.0505940243601799
355  0.05010799318552017
414  0.04238462448120117
1299  0.034505829215049744
1181  0.02453024685382843
426  0.02379416860640049
444  0.02371901273727417
457  0.023664318025112152
427  0.023652877658605576
424  0.023638371378183365
441  0.02362525463104248
448  0.023600129410624504
415  0.02359294518828392
429  0.023591773584485054
422  0.023572949692606926
467  0.023547209799289703
437  0.023539848625659943
446  0.023539163172245026
439  0.023538582026958466
436  0.023534489795565605
419  0.023531684651970863
451  0.023523863404989243
438  0.023502016440033913
420  0.023492546752095222
418  0.023491626605391502
430  0.023486725986003876
425  0.023484010249376297
428  0.02347942255437374
421  0.02347046509385109
454  0.02346958965063095
423  0.02346709370613098
433  0.023466454818844795
432  0.023460008203983307
442  0.023454278707504272
460  0.02345050685107708
449  0.023449257016181946
466  0.023438220843672752
456  0.02343582920730114
416  0.02343079447746277
461  0.02343052625656128
434  0.0234295055270195
453  0.023425938561558723
450  0.023420630022883415
468  0.02341456711292267
459  0.023411650210618973
458  0.023411564528942108
463  0.02340989001095295
455  0.023403262719511986
464  0.02339029312133789
417  0.023382332175970078
440  0.023374032229185104
469  0.02335946634411812
435  0.023354744538664818
465  0.02334757335484028
452  0.023343881592154503
470  0.02333987131714821
471  0.02333013340830803
443  0.02332879602909088
447  0.023306963965296745
462  0.02329081855714321
431  0.02327037788927555
445  0.023191627115011215
472  0.02315414324402809
768  0.02281314693391323
237  0.015556517988443375
650  0.005038833245635033
1417  0.0047797407023608685
770  0.0036914481315761805
781  0.00368933891877532
769  0.0036881298292428255
802  0.0036830450408160686
801  0.0036823207046836615
805  0.0036770428996533155
796  0.0036769260186702013
780  0.0036741443909704685
809  0.003673692001029849
795  0.0036727269180119038
774  0.003672719933092594
800  0.0036718284245580435
811  0.0036715564783662558
804  0.0036708710249513388
791  0.003670311300083995
798  0.0036697634495794773
775  0.003669141326099634
771  0.0036686204839497805
815  0.003668587189167738
813  0.003667847951874137
808  0.003666707081720233
792  0.0036654858849942684
787  0.003665114985778928
794  0.003664060030132532
793  0.0036637817975133657
772  0.003663120325654745
818  0.0036629443056881428
788  0.003662523115053773
785  0.0036624206695705652
822  0.0036599994637072086
819  0.003659636015072465
790  0.0036590569652616978
814  0.003658761503174901
810  0.003657746594399214
817  0.0036574718542397022
820  0.003656709333881736
821  0.003656264627352357
825  0.003656139364466071
786  0.0036560785956680775
807  0.0036543698515743017
826  0.0036541856825351715
778  0.0036525612231343985
784  0.0036496801767498255
783  0.0036494736559689045
776  0.003648643149062991
806  0.0036475444212555885
799  0.003647059202194214
816  0.0036459420807659626
782  0.0036458915565162897
789  0.0036453823558986187
773  0.0036447972524911165
779  0.00364423799328506
812  0.0036434223875403404
823  0.0036401988472789526
824  0.0036375124473124743
797  0.0036337280180305243
803  0.003628512378782034
777  0.0036203658673912287
1004  0.002967146458104253
1240  0.0021033177617937326
1395  0.0017014779150485992
1381  0.0016999017680063844
1392  0.0016989050200209022
1364  0.0016980713699012995
1376  0.0016979161882773042
1363  0.001697892788797617
1398  0.0016978587955236435
1386  0.0016978183994069695
1390  0.001697720610536635
1403  0.0016973908059298992
1365  0.0016972010489553213
1370  0.0016971873119473457
1374  0.0016971476143226027
1389  0.0016970265423879027
1369  0.0016968027921393514
1361  0.0016967204865068197
1378  0.0016963004600256681
1411  0.0016961252549663186
1401  0.0016960606444627047
1360  0.0016959832282736897
1367  0.0016956367762759328
1391  0.0016948500415310264
1402  0.0016948122065514326
1380  0.0016945345560088754
1371  0.0016944361850619316
1407  0.0016941200010478497
1400  0.0016940201167017221
1412  0.0016940183704718947
1359  0.0016939677298069
1416  0.0016939312918111682
1414  0.0016931969439610839
1399  0.0016928617842495441
1413  0.0016925805248320103
1388  0.001691998797468841
1372  0.0016914770239964128
1383  0.001691095414571464
1362  0.0016909908736124635
1408  0.0016903195064514875
1382  0.0016903163632377982
1375  0.0016902043716982007
1384  0.001690066885203123
1373  0.001689730677753687
1415  0.0016896468587219715
1377  0.0016893766587600112
1385  0.0016884851502254605
1406  0.0016884843353182077
1396  0.0016879008617252111
1397  0.0016878823516890407
1387  0.00168731773737818
1368  0.0016864470671862364
1404  0.0016860850155353546
1409  0.0016857697628438473
1410  0.0016856316942721605
1405  0.0016852208646014333
1393  0.0016851798864081502
1366  0.0016830299282446504
1394  0.0016826748615130782
1379  0.0016794828698039055
1712  0.0016183995176106691
532  0.001414420548826456
1656  0.0013825003989040852
1690  0.0013820396270602942
1662  0.0013811239041388035
1676  0.0013809707015752792
1693  0.0013802987523376942
1658  0.0013802055036649108
1659  0.001379866385832429
1708  0.0013792002573609352
1667  0.0013788003707304597
1696  0.0013784498441964388
1684  0.0013773789396509528
1677  0.001377362641505897
1710  0.0013772806851193309
1707  0.0013771691592410207
1694  0.0013771067606285214
1706  0.0013768032658845186
1697  0.0013767397031188011
1654  0.00137657904997468
1681  0.001376453205011785
1674  0.0013764125760644674
1671  0.0013763830065727234
1672  0.0013763116439804435
1675  0.0013762592570856214
1688  0.001376116881147027
1687  0.001375991152599454
1673  0.0013759840512648225
1664  0.0013758378336206079
1698  0.001375796040520072
1668  0.0013755746185779572
1711  0.0013754952233284712
1685  0.001375494641251862
1669  0.0013754363171756268
1703  0.0013752018567174673
1695  0.0013751285150647163
1680  0.001375095802359283
1660  0.0013749949866905808
1657  0.0013745786854997277
1655  0.0013745223404839635
1665  0.001374490326270461
1704  0.001374415005557239
1705  0.0013743725139647722
1686  0.0013742571463808417
1700  0.00137424748390913
1678  0.0013741289731115103
1670  0.001373862731270492
1702  0.0013737175613641739
1691  0.0013732152292504907
1663  0.0013731237268075347
1679  0.0013731152284890413
1692  0.0013725509634241462
1699  0.0013724752934649587
1709  0.00137204525526613
1701  0.0013720027636736631
1683  0.0013716722605749965
1666  0.001371570280753076
1661  0.0013711106730625033
1682  0.0013675965601578355
1689  0.0013660131953656673
296  0.00043678859947249293
1358  0.00026589390472508967
1218  0.0002504889271222055
1188  0.00025001601898111403
1231  0.00024985396885313094
1193  0.0002497320529073477
1213  0.00024972466053441167
1182  0.00024964488693512976
1194  0.0002493986685294658
1215  0.00024932733504101634
1239  0.0002492974163033068
1238  0.00024926839978434145
1203  0.00024910946376621723
1236  0.00024908475461415946
1204  0.00024902611039578915
1201  0.0002489306789357215
1230  0.0002488760801497847
1208  0.00024880727869458497
1214  0.00024879875127226114
1212  0.00024879330885596573
1199  0.00024876222596503794
1222  0.00024861283600330353
1185  0.0002486088196747005
1210  0.0002485611767042428
1197  0.0002485557342879474
1183  0.0002485545410308987
1220  0.00024853606009855866
1225  0.000248502183239907
1211  0.0002483837597537786
1224  0.0002483046555425972
1234  0.00024829473113641143
1192  0.0002482397831045091
1223  0.0002482374256942421
1229  0.0002482210984453559
1219  0.0002482059644535184
1191  0.0002481740084476769
1207  0.0002480353869032115
1184  0.00024797581136226654
1206  0.00024797438527457416
1209  0.00024797249352559447
1186  0.00024796774960123
1205  0.0002479131508152932
1226  0.00024790322640910745
1217  0.00024783704429864883
1233  0.00024781719548627734
1195  0.0002477950183674693
1216  0.00024778555962257087
1237  0.00024769414449110627
1189  0.0002475848305039108
1235  0.0002475744404364377
1200  0.00024756192578934133
1221  0.0002474675129633397
1198  0.000247377174673602
1227  0.0002473394270054996
1187  0.0002471122134011239
1196  0.0002471027837600559
1228  0.0002471008920110762
1190  0.0002470521139912307
1232  0.0002469026076141745
1202  0.0002466849400661886
827  0.0001508784043835476
297  0.00015059813449624926
326  0.00015027422341518104
330  0.0001502394152339548
333  0.00015015978715382516
303  0.00015012013318482786
298  0.00015003755106590688
302  0.00014993401418905705
339  0.0001499257341492921
309  0.00014989655755925924
304  0.00014986969472374767
328  0.00014986327732913196
350  0.0001498566853115335
335  0.00014984712470322847
1336  0.00014984712470322847
323  0.00014983983419369906
301  0.00014983126311562955
308  0.0001498284109402448
327  0.0001498104102211073
331  0.00014968132018111646
346  0.0001496791810495779
300  0.0001496726181358099
354  0.00014966576418373734
351  0.00014963724242988974
336  0.00014962596469558775
319  0.00014960441330913454
338  0.00014955179358366877
314  0.00014953967183828354
329  0.00014951228513382375
332  0.00014950628974474967
316  0.0001494966127211228
299  0.0001494507014285773
342  0.00014944830036256462
306  0.00014942065172363073
305  0.0001494059688411653
334  0.00014936337538529187
1312  0.00014935854414943606
1317  0.00014934899809304625
318  0.00014931951591279358
320  0.00014931951591279358
313  0.00014929447206668556
311  0.00014928349992260337
1333  0.00014926742005627602
1331  0.0001492629962740466
1342  0.0001492564770160243
345  0.00014924905553925782
1321  0.00014924535935278982
325  0.00014922187256161124
1304  0.00014921861293260008
337  0.00014921548427082598
1306  0.00014919954992365092
1348  0.00014919927343726158
340  0.00014919428213033825
1315  0.0001491927105234936
1311  0.00014917437511030585
312  0.00014917294902261347
1354  0.0001491675357101485
344  0.00014916241343598813
1330  0.00014915359497535974
1332  0.00014913568156771362
1300  0.00014913055929355323
1328  0.00014911477046553046
307  0.00014909061428625137
349  0.00014908805314917117
1301  0.0001490822178311646
322  0.00014907923468854278
1327  0.00014907511649653316
1322  0.0001490728318458423
341  0.00014907268632669002
1319  0.00014907140575814992
1310  0.0001490674476372078
1324  0.00014906089927535504
317  0.00014905039279256016
321  0.0001490469730924815
1357  0.00014904455747455359
1343  0.00014901628310326487
1344  0.00014900774112902582
1323  0.00014899056986905634
352  0.0001489825954195112
1318  0.00014896568609401584
1303  0.00014896271750330925
1329  0.00014896001084707677
1314  0.000148935301695019
1302  0.00014891941100358963
1337  0.0001489016431150958
1347  0.0001488846173742786
348  0.0001488803536631167
1349  0.00014887169527355582
324  0.00014886345888953656
1309  0.00014886161079630256
353  0.00014885976270306855
347  0.00014884246047586203
1356  0.00014883920084685087
1338  0.00014883848780300468
1340  0.00014883620315231383
1355  0.00014883422409184277
1339  0.00014882981486152858
1316  0.00014882342657074332
343  0.00014881051902193576
1326  0.0001488000270910561
1352  0.00014878384536132216
1346  0.00014877831563353539
315  0.00014877562352921814
1308  0.0001487727859057486
1325  0.00014875632768962532
1353  0.00014874398766551167
1335  0.00014873052714392543
310  0.00014873023610562086
1341  0.00014871663006488234
1313  0.00014867664140183479
1305  0.00014865054981783032
1345  0.00014864090189803392
1350  0.00014855462359264493
1334  0.00014847502461634576
1307  0.00014846809790469706
1351  0.0001483664964325726
1320  0.00014833861496299505
545  0.00013687205500900745
544  0.0001368605880998075
562  0.00013678580580744892
566  0.00013673483044840395
533  0.0001367084914818406
575  0.00013647704327013344
555  0.00013640327961184084
542  0.00013640080578625202
536  0.00013638805830851197
534  0.00013636660878546536
557  0.00013632616901304573
564  0.0001362980983685702
585  0.00013629782188218087
538  0.00013626014697365463
539  0.0001361872855341062
552  0.00013615234638564289
572  0.0001361398899462074
540  0.0001361288595944643
586  0.00013610068708658218
556  0.00013609809684567153
554  0.0001360936730634421
581  0.00013607577420771122
569  0.0001360625319648534
537  0.00013603686238639057
559  0.00013602701073978096
574  0.0001360043097520247
546  0.0001359927555313334
578  0.00013599068915937096
547  0.0001359677262371406
551  0.00013592767936643213
560  0.00013590136950369924
573  0.00013588958245236427
577  0.000135885551571846
558  0.0001358842710033059
565  0.00013588245201390237
543  0.0001358793379040435
576  0.00013586522254627198
567  0.00013584810949396342
582  0.00013579631922766566
541  0.00013578517246060073
587  0.00013570570445153862
568  0.0001356885040877387
571  0.0001356746506644413
550  0.00013567128917202353
548  0.00013566158304456621
583  0.00013566145207732916
570  0.00013564489199779928
584  0.00013562872481998056
579  0.00013560611114371568
535  0.00013559096259996295
553  0.00013554960605688393
580  0.0001355049025733024
588  0.00013549688446801156
589  0.00013548578135669231
590  0.00013547827256843448
549  0.00013528333511203527
561  0.0001352254330413416
563  0.00013511705037672073
983  9.172917634714395e-05
1002  9.172252612188458e-05
975  9.171692363452166e-05
989  9.171404235530645e-05
991  9.171342389890924e-05
968  9.170826524496078e-05
980  9.170756675302982e-05
961  9.168500400846824e-05
967  9.16813442017883e-05
962  9.16747740120627e-05
990  9.167268581222743e-05
996  9.166830568574369e-05
954  9.165274241240695e-05
985  9.164925722870976e-05
993  9.164837683783844e-05
966  9.164226503344253e-05
965  9.164104267256334e-05
949  9.16402495931834e-05
950  9.163998765870929e-05
981  9.162994683720171e-05
994  9.162058995570987e-05
956  9.161866910289973e-05
997  9.161657362710685e-05
992  9.16081917239353e-05
970  9.160337503999472e-05
974  9.159823093796149e-05
973  9.159333421848714e-05
958  9.158783359453082e-05
953  9.158591274172068e-05
969  9.158477769233286e-05
952  9.158163447864354e-05
971  9.157255408354104e-05
999  9.15717682801187e-05
1003  9.156277519650757e-05
946  9.156050509773195e-05
955  9.15600685402751e-05
1000  9.155805310001597e-05
998  9.155544103123248e-05
951  9.155456791631877e-05
1001  9.154932922683656e-05
987  9.154461440630257e-05
995  9.153815335594118e-05
963  9.153562132269144e-05
976  9.152916027233005e-05
988  9.151170525001362e-05
959  9.150821279035881e-05
964  9.150063124252483e-05
948  9.149216930381954e-05
978  9.147384116658941e-05
960  9.147375385509804e-05
977  9.147218952421099e-05
972  9.146433876594529e-05
947  9.144742216449231e-05
979  9.143642819253728e-05
986  9.14189949980937e-05
984  9.140095062321052e-05
982  9.137742745224386e-05
957  9.132297418545932e-05
60  3.680609370348975e-05
178  3.519581878208555e-05
945  3.439066858845763e-05
67  2.6528081434662454e-05
61  2.6519406674196944e-05
97  2.6509951567277312e-05
66  2.650835995154921e-05
93  2.648975896590855e-05
90  2.6484631234779954e-05
115  2.6479705411475152e-05
87  2.6476802304387093e-05
118  2.647213295858819e-05
94  2.6471829187357798e-05
114  2.6471170713193715e-05
92  2.6466579583939165e-05
91  2.6457795684109442e-05
95  2.6452549718669616e-05
103  2.6452322344994172e-05
62  2.645229506015312e-05
106  2.6449850338394754e-05
65  2.6442159651196562e-05
102  2.644034248078242e-05
68  2.643850166350603e-05
80  2.643434163474012e-05
82  2.643295556481462e-05
85  2.643171865202021e-05
69  2.64306363533251e-05
108  2.6430510843056254e-05
113  2.6425217583891936e-05
116  2.6422445444040932e-05
110  2.6419898858875968e-05
101  2.6419347705086693e-05
64  2.6418743800604716e-05
99  2.6416979380883276e-05
79  2.6415793399792165e-05
71  2.6415644242661074e-05
78  2.6411185899632983e-05
112  2.6409446945763193e-05
111  2.6407909899717197e-05
70  2.6407784389448352e-05
98  2.640420825628098e-05
73  2.640234561113175e-05
72  2.6398844056529924e-05
105  2.6398163754492998e-05
104  2.639657941472251e-05
109  2.6393205189378932e-05
81  2.6385907403891906e-05
63  2.6383291697129607e-05
88  2.637808574945666e-05
77  2.637715260789264e-05
83  2.6375215384177864e-05
96  2.637088982737623e-05
76  2.6369933038949966e-05
75  2.636817589518614e-05
86  2.6363321012468077e-05
100  2.635447344800923e-05
107  2.6350729967816733e-05
89  2.6341384000261314e-05
84  2.633186522871256e-05
74  2.6328447347623296e-05
117  2.6311883630114608e-05
591  1.5955825801938772e-05
923  1.4568686310667545e-05
913  1.4520985132548958e-05
898  1.4517841009364929e-05
918  1.451092157367384e-05
922  1.4510561413771939e-05
910  1.4509620996250305e-05
931  1.4487414773611818e-05
893  1.44862260640366e-05
936  1.4484499843092635e-05
888  1.44844307214953e-05
927  1.448159855499398e-05
929  1.4480729078059085e-05
941  1.4477209333563223e-05
920  1.4476973774435464e-05
912  1.4476531760010403e-05
944  1.4473797818936873e-05
939  1.447341128368862e-05
887  1.4470859241555445e-05
914  1.4466044376604259e-05
919  1.4465739695879165e-05
896  1.4465202184510417e-05
940  1.4464746527664829e-05
916  1.4464497326116543e-05
905  1.4463891602645162e-05
925  1.4463574188994244e-05
928  1.4462317267316394e-05
926  1.4462179933616426e-05
899  1.4462111721513793e-05
908  1.4461904356721789e-05
889  1.4461670616583433e-05
917  1.4461133105214685e-05
933  1.4460111742664594e-05
901  1.446009900973877e-05
943  1.4459450540016405e-05
911  1.4458829355135094e-05
938  1.4454597476287745e-05
904  1.4454473785008304e-05
897  1.4448919500864577e-05
900  1.4447472494794056e-05
909  1.4443876352743246e-05
892  1.4442582141782623e-05
906  1.4442347492149565e-05
935  1.4441397979680914e-05
937  1.4439965525525622e-05
903  1.4437844583881088e-05
942  1.4435987395700067e-05
907  1.442654502170626e-05
932  1.4425429981201887e-05
915  1.4424331311602145e-05
934  1.4421634659811389e-05
890  1.442111170035787e-05
894  1.4416463272937108e-05
924  1.4413644748856314e-05
902  1.4407447451958433e-05
891  1.4405690308194607e-05
921  1.4404822650249116e-05
895  1.4392217963177245e-05
930  1.4387730516318697e-05
886  1.1862366591230966e-05
190  1.1746114068955649e-05
215  1.1739729416149203e-05
180  1.1731952326954342e-05
208  1.1723239367711358e-05
179  1.1722008821379859e-05
183  1.1713940693880431e-05
212  1.1713349522324279e-05
221  1.1713259482348803e-05
191  1.1708557394740637e-05
217  1.170558880403405e-05
209  1.1702898518706206e-05
236  1.1702763913490344e-05
210  1.1700655704771634e-05
185  1.1700298273353837e-05
205  1.169961706182221e-05
193  1.1690449355228338e-05
218  1.1684574928949587e-05
182  1.1684486707963515e-05
213  1.1684051969496068e-05
186  1.1682971489790361e-05
201  1.167997470474802e-05
184  1.1679406270559411e-05
232  1.167888240161119e-05
220  1.1667983926599845e-05
211  1.166453421319602e-05
196  1.1663511031656526e-05
214  1.1661843927868176e-05
189  1.1661510143312626e-05
198  1.1660498785204254e-05
228  1.1660430573101621e-05
181  1.1658652510959655e-05
206  1.1654594345600344e-05
224  1.1650582564470824e-05
188  1.164645073004067e-05
202  1.1646227903838735e-05
200  1.1645105587376747e-05
216  1.1643806828942616e-05
223  1.1641442142718006e-05
226  1.1641009223239962e-05
219  1.1638223440968432e-05
207  1.1635737791948486e-05
195  1.163516026281286e-05
194  1.163440629170509e-05
229  1.1633629583229776e-05
222  1.1632598216237966e-05
230  1.1625843399087898e-05
227  1.162385888164863e-05
231  1.1623072168731596e-05
187  1.1620666555245407e-05
225  1.1618606549745891e-05
197  1.1618417374847922e-05
233  1.161798536486458e-05
192  1.1613465176196769e-05
234  1.1612136404437479e-05
199  1.161054206022527e-05
203  1.1610309229581617e-05
235  1.1591734619287308e-05
204  1.1563589396246243e-05
828  9.698159374238458e-06
861  9.693470929050818e-06
859  9.689561011327896e-06
829  9.68949643720407e-06
839  9.688747923064511e-06
864  9.685791155789047e-06
854  9.68227323028259e-06
857  9.68152471614303e-06
840  9.681118172011338e-06
849  9.67633786785882e-06
855  9.67499909165781e-06
847  9.674437023932114e-06
837  9.673421118350234e-06
876  9.673384738562163e-06
846  9.673181921243668e-06
863  9.672914529801346e-06
851  9.672453415987547e-06
867  9.672065971244592e-06
870  9.671272891864646e-06
850  9.669917744759005e-06
860  9.669316568761133e-06
868  9.669272003520746e-06
852  9.668478014646098e-06
872  9.667436643212568e-06
853  9.667187441664282e-06
834  9.666413461673073e-06
831  9.666164260124788e-06
873  9.665676770964637e-06
833  9.66461630014237e-06
874  9.663980563345831e-06
877  9.663602213549893e-06
881  9.66244078881573e-06
845  9.661860531195998e-06
879  9.661731382948346e-06
835  9.659962415753398e-06
842  9.659869647293817e-06
844  9.65918843576219e-06
869  9.65823983278824e-06
830  9.65811159403529e-06
885  9.656324436946306e-06
878  9.653074812376872e-06
880  9.652550033933949e-06
884  9.651959771872498e-06
866  9.651619620854035e-06
838  9.651307664171327e-06
841  9.65110393735813e-06
843  9.648140803619754e-06
882  9.646420039644e-06
865  9.645767931942828e-06
875  9.645335012464784e-06
871  9.645142199588008e-06
858  9.641353244660422e-06
883  9.641003998694941e-06
832  9.637979019316845e-06
848  9.637280527385883e-06
862  9.630252861825284e-06
836  9.629985470382962e-06
856  9.620246601116378e-06
621  5.395412244979525e-06
603  5.393951141741127e-06
634  5.391564172896324e-06
604  5.389960278989747e-06
592  5.389755187934497e-06
606  5.387298187997658e-06
618  5.386605153034907e-06
625  5.384370524552651e-06
601  5.382933068176499e-06
614  5.380413313105237e-06
616  5.380325546866516e-06
596  5.378201876737876e-06
628  5.378022251534276e-06
644  5.377940851758467e-06
623  5.3777507673657965e-06
598  5.376314675231697e-06
595  5.3757403293275274e-06
602  5.375058663048549e-06
619  5.37505411557504e-06
599  5.374981810746249e-06
607  5.37406413059216e-06
593  5.373869953473331e-06
637  5.373413841880392e-06
609  5.3734088396595325e-06
613  5.372060968511505e-06
638  5.372030500438996e-06
640  5.371512543206336e-06
611  5.371384759200737e-06
610  5.3711901273345575e-06
633  5.3711901273345575e-06
631  5.370652161218459e-06
643  5.37041159986984e-06
630  5.369796781451441e-06
605  5.369151949707884e-06
632  5.368972779251635e-06
626  5.3689673222834244e-06
635  5.3688190746470354e-06
600  5.368035999708809e-06
597  5.367974154069088e-06
646  5.367948688217439e-06
615  5.367267476685811e-06
594  5.367242010834161e-06
645  5.365911420085467e-06
629  5.364586741052335e-06
641  5.36367087988765e-06
627  5.3610929171554744e-06
648  5.3609041970048565e-06
624  5.360883733374067e-06
642  5.360152499633841e-06
636  5.3596104407915846e-06
620  5.359344868338667e-06
617  5.359283477446297e-06
647  5.3590379138768185e-06
612  5.358736416383181e-06
639  5.354869244911242e-06
608  5.3509743338509e-06
622  5.346918442228343e-06
649  5.345241788745625e-06
