1  0.4096220135688782
977  0.400061696767807
2  0.397956520318985
535  0.39056506752967834
533  0.3904727101325989
563  0.3894767463207245
631  0.3893650472164154
568  0.3886536955833435
702  0.3883587419986725
138  0.38829582929611206
528  0.3882753849029541
625  0.3879748582839966
181  0.3877740502357483
721  0.38743507862091064
582  0.3873949348926544
548  0.3873276710510254
769  0.3872256577014923
567  0.38710281252861023
532  0.3868162930011749
509  0.3867621421813965
471  0.38666096329689026
741  0.3866332173347473
522  0.386559396982193
656  0.38654187321662903
551  0.3864988684654236
581  0.3863900899887085
902  0.3862250745296478
460  0.38622042536735535
718  0.38618046045303345
934  0.3861299753189087
630  0.38611093163490295
555  0.38605359196662903
552  0.38602468371391296
562  0.386010080575943
137  0.38596853613853455
901  0.38596317172050476
180  0.38593748211860657
556  0.38574185967445374
521  0.3857099711894989
234  0.3857032060623169
627  0.38566961884498596
534  0.38554662466049194
726  0.3854624927043915
596  0.3854557275772095
615  0.3853435218334198
530  0.38530948758125305
624  0.38530898094177246
578  0.38530465960502625
825  0.3851998448371887
828  0.3851829469203949
560  0.38516512513160706
976  0.38514935970306396
547  0.3851478397846222
770  0.3850189447402954
933  0.38501399755477905
524  0.3849928081035614
655  0.38498735427856445
485  0.38498416543006897
720  0.38492700457572937
536  0.38491901755332947
15  0.3848945200443268
459  0.38480913639068604
523  0.3847172260284424
693  0.3846094012260437
476  0.38451364636421204
489  0.3844899535179138
557  0.3844785988330841
554  0.3844713568687439
461  0.38447049260139465
558  0.3844601511955261
513  0.38444554805755615
589  0.3843928277492523
654  0.3843842148780823
69  0.38437619805336
626  0.38433295488357544
676  0.38428208231925964
80  0.3842514157295227
689  0.3842128813266754
713  0.38420045375823975
474  0.3841938376426697
569  0.38405564427375793
501  0.3840382993221283
862  0.38401687145233154
3  0.3839625120162964
233  0.38393324613571167
526  0.3839264214038849
701  0.3839053213596344
804  0.3838486969470978
717  0.38383162021636963
544  0.3838050961494446
325  0.38375309109687805
579  0.3837417960166931
550  0.3837392032146454
553  0.3837282061576843
4  0.38367903232574463
487  0.38365766406059265
305  0.3836551010608673
714  0.383634477853775
768  0.3836170732975006
514  0.3835579752922058
729  0.38353800773620605
565  0.38339489698410034
759  0.38336479663848877
962  0.38334113359451294
465  0.3833335041999817
648  0.3833288848400116
486  0.38328009843826294
803  0.38324928283691406
647  0.3832186758518219
76  0.3832060694694519
824  0.383201539516449
419  0.3831973373889923
894  0.3831492066383362
597  0.38313964009284973
139  0.3831219971179962
651  0.3831118643283844
117  0.383087158203125
475  0.3830859363079071
453  0.3830675482749939
500  0.3830276131629944
900  0.3830161392688751
488  0.3830021023750305
496  0.38298463821411133
470  0.38296857476234436
566  0.3829265534877777
19  0.3829118013381958
732  0.3829113841056824
603  0.3828943073749542
614  0.38289013504981995
417  0.38287481665611267
529  0.38286641240119934
263  0.3828509747982025
561  0.3828248083591461
675  0.38282185792922974
546  0.38280802965164185
508  0.38277745246887207
880  0.3827739655971527
635  0.38276615738868713
846  0.3827595114707947
531  0.38274750113487244
580  0.38262102007865906
27  0.38260117173194885
323  0.38259243965148926
559  0.3825819194316864
703  0.38253045082092285
326  0.38251993060112
898  0.3825114965438843
628  0.3824889361858368
462  0.38244950771331787
660  0.38242822885513306
677  0.38242602348327637
664  0.38240641355514526
132  0.38240599632263184
435  0.38240495324134827
116  0.38239240646362305
740  0.3823893964290619
304  0.38238027691841125
525  0.3823542296886444
441  0.3823404014110565
77  0.38233789801597595
819  0.3823303282260895
678  0.3823031783103943
684  0.38229429721832275
495  0.3822380602359772
657  0.38223177194595337
379  0.3822316825389862
724  0.382229745388031
737  0.38214701414108276
795  0.38213956356048584
599  0.38213223218917847
757  0.3821105659008026
785  0.3821079432964325
888  0.38208726048469543
708  0.38208600878715515
820  0.3820762634277344
831  0.38207554817199707
429  0.38207200169563293
507  0.3820716142654419
408  0.382049560546875
538  0.38198620080947876
583  0.381984680891037
652  0.3819102346897125
356  0.3818936049938202
758  0.38183388113975525
918  0.3818199932575226
472  0.381796270608902
493  0.3817625641822815
463  0.381740003824234
600  0.3817295730113983
629  0.3817228376865387
89  0.38167738914489746
420  0.38167449831962585
695  0.3816642761230469
650  0.38166093826293945
794  0.38165995478630066
733  0.38161730766296387
623  0.3815864622592926
537  0.38157445192337036
545  0.3815680742263794
722  0.38155093789100647
13  0.38153746724128723
859  0.38152438402175903
527  0.38148632645606995
59  0.3814537227153778
698  0.3814518451690674
367  0.3814474642276764
29  0.3814423978328705
11  0.38140860199928284
466  0.38136324286460876
844  0.38135701417922974
306  0.38135188817977905
456  0.3813299834728241
497  0.38130444288253784
730  0.38128793239593506
739  0.38126319646835327
723  0.381259560585022
613  0.38122594356536865
646  0.3812088072299957
136  0.38119369745254517
699  0.38119128346443176
786  0.38118913769721985
377  0.3811355531215668
327  0.3811168372631073
735  0.3811125159263611
317  0.3811071515083313
16  0.3810998499393463
640  0.3810938000679016
570  0.3810909688472748
829  0.38108962774276733
543  0.3810848891735077
700  0.38107678294181824
954  0.3810746967792511
607  0.38106560707092285
879  0.38105303049087524
498  0.3810511529445648
482  0.38101860880851746
881  0.3809775710105896
584  0.3809721767902374
299  0.38095343112945557
232  0.3809075355529785
78  0.38090378046035767
285  0.3808760643005371
662  0.3808702528476715
899  0.380829393863678
649  0.3808225989341736
705  0.3808150887489319
414  0.38081154227256775
469  0.3807995915412903
719  0.38079774379730225
598  0.3807668089866638
788  0.38076186180114746
727  0.3807319700717926
512  0.3807124197483063
797  0.3806895911693573
847  0.38066917657852173
32  0.38066354393959045
75  0.38066017627716064
784  0.38065600395202637
384  0.38065531849861145
442  0.38065531849861145
750  0.38064199686050415
608  0.38063472509384155
761  0.38062500953674316
71  0.38058486580848694
118  0.3805566132068634
667  0.3805476427078247
381  0.3805287182331085
622  0.3805237412452698
771  0.3805125057697296
959  0.38049978017807007
688  0.38049280643463135
57  0.3804716169834137
836  0.380460649728775
440  0.3804592788219452
823  0.38045355677604675
140  0.3804476857185364
491  0.3804279863834381
734  0.3804144561290741
711  0.3804042637348175
79  0.3804030418395996
416  0.38039839267730713
141  0.3803856670856476
612  0.3803691565990448
884  0.3803611397743225
284  0.3803557753562927
605  0.3803468346595764
473  0.38034185767173767
659  0.3803369998931885
337  0.3803185522556305
30  0.3803117573261261
931  0.3802982568740845
645  0.3802880644798279
632  0.38027864694595337
467  0.3802739083766937
691  0.3802710175514221
197  0.38025179505348206
249  0.38025161623954773
849  0.38024038076400757
963  0.3802085518836975
666  0.3802028298377991
131  0.3801752030849457
368  0.38015416264533997
499  0.3801383972167969
383  0.3801373541355133
549  0.3801366686820984
196  0.3801261782646179
120  0.38012441992759705
172  0.38011884689331055
26  0.3801138997077942
805  0.38010838627815247
663  0.3801056444644928
818  0.38010063767433167
72  0.3800819516181946
638  0.38006067276000977
447  0.3800528347492218
322  0.3800429105758667
28  0.3800378739833832
14  0.3799877166748047
594  0.3799667954444885
251  0.3799371123313904
781  0.3799208998680115
816  0.37989377975463867
564  0.37988945841789246
939  0.3798762559890747
639  0.37984025478363037
298  0.37983158230781555
492  0.3798193335533142
576  0.37981390953063965
540  0.3798024356365204
712  0.37978583574295044
541  0.3797647953033447
575  0.37973999977111816
738  0.3797144591808319
478  0.379711776971817
129  0.37969639897346497
445  0.3796915113925934
586  0.37968868017196655
891  0.37968766689300537
133  0.3796616196632385
421  0.37965914607048035
665  0.37965232133865356
793  0.37964725494384766
164  0.3796239495277405
681  0.3796111047267914
365  0.37960436940193176
422  0.37960320711135864
375  0.3796021640300751
822  0.3795814514160156
511  0.3795775771141052
696  0.3795456886291504
692  0.3795391619205475
833  0.3795316815376282
505  0.3795216977596283
897  0.37951555848121643
438  0.3794970214366913
837  0.37949103116989136
510  0.37943899631500244
303  0.3794225752353668
621  0.3794187903404236
792  0.3794184923171997
830  0.3793831765651703
935  0.37936943769454956
506  0.3793686628341675
142  0.3793681263923645
366  0.37935325503349304
697  0.37933048605918884
468  0.3793278634548187
127  0.37931394577026367
370  0.3793075382709503
821  0.3792700171470642
324  0.37926432490348816
634  0.37925252318382263
661  0.3792502284049988
845  0.3792305886745453
539  0.3791835308074951
776  0.37918251752853394
636  0.37917691469192505
376  0.37917423248291016
798  0.3791738748550415
861  0.3791702091693878
716  0.3791566789150238
838  0.37915635108947754
484  0.37913334369659424
736  0.3791281580924988
464  0.3791158199310303
637  0.3791091740131378
38  0.3791031539440155
707  0.37909749150276184
893  0.37908321619033813
604  0.37907835841178894
616  0.3790777921676636
20  0.37906935811042786
333  0.3790374994277954
166  0.37903347611427307
920  0.37901079654693604
134  0.37899065017700195
452  0.3788605332374573
119  0.37876656651496887
316  0.37876245379447937
235  0.3787344992160797
709  0.3787258565425873
653  0.3787252604961395
392  0.3787180185317993
520  0.37871435284614563
458  0.3787078559398651
404  0.37870773673057556
457  0.37870553135871887
378  0.37870386242866516
434  0.37868982553482056
760  0.37866246700286865
443  0.37864553928375244
679  0.378633052110672
868  0.37862518429756165
231  0.3785777688026428
369  0.37857362627983093
318  0.3785354793071747
694  0.37853512167930603
193  0.37851107120513916
230  0.3784937262535095
372  0.37847092747688293
961  0.37843894958496094
960  0.3784388601779938
687  0.3784308135509491
669  0.37841135263442993
446  0.3784010410308838
742  0.37839722633361816
772  0.3783824145793915
787  0.37837907671928406
224  0.37835365533828735
226  0.3783409595489502
839  0.37831756472587585
602  0.37829580903053284
223  0.37827321887016296
455  0.37826207280158997
574  0.3782467544078827
802  0.3782424330711365
182  0.3782239258289337
150  0.3782157599925995
320  0.3782084286212921
633  0.37820547819137573
321  0.37819892168045044
86  0.37819671630859375
204  0.37818819284439087
502  0.3781583607196808
70  0.37815746665000916
883  0.3781573474407196
969  0.3781466484069824
354  0.37813788652420044
588  0.37813490629196167
618  0.3781302869319916
519  0.3781278729438782
706  0.3781169652938843
827  0.3781035244464874
450  0.37809866666793823
250  0.37809816002845764
281  0.37808936834335327
680  0.3780624270439148
264  0.3780622184276581
812  0.37805479764938354
903  0.3780317008495331
542  0.37802037596702576
227  0.37799128890037537
382  0.37798160314559937
402  0.3779813051223755
972  0.37796929478645325
88  0.3779635727405548
870  0.37795084714889526
587  0.37790295481681824
135  0.37787142395973206
851  0.37786194682121277
254  0.37784814834594727
938  0.37780824303627014
869  0.3777872920036316
606  0.3777798116207123
924  0.37777507305145264
796  0.37776678800582886
122  0.3777536153793335
112  0.3777465522289276
590  0.37770527601242065
394  0.3776967227458954
595  0.3776775300502777
783  0.37767088413238525
477  0.3776594400405884
225  0.37762686610221863
151  0.3776188790798187
352  0.3776185214519501
168  0.3776088058948517
454  0.37758955359458923
270  0.3775792121887207
81  0.3775658905506134
336  0.37755537033081055
743  0.3775290548801422
572  0.3775264322757721
952  0.3775199353694916
609  0.37751534581184387
10  0.37750521302223206
426  0.37749767303466797
843  0.3774850070476532
848  0.37748461961746216
670  0.37748196721076965
409  0.377465158700943
210  0.37746313214302063
405  0.3774491548538208
211  0.3774120509624481
725  0.37740832567214966
620  0.3773885667324066
145  0.3773537874221802
641  0.3773421347141266
391  0.37734153866767883
782  0.3773316442966461
188  0.3773258626461029
778  0.37731218338012695
753  0.3773086369037628
944  0.3772949278354645
642  0.37727034091949463
308  0.3772267997264862
601  0.377217561006546
160  0.3772141933441162
773  0.37718161940574646
658  0.3771604001522064
396  0.3771592974662781
399  0.3771526515483856
361  0.377151221036911
130  0.377145916223526
715  0.37713921070098877
214  0.37713736295700073
240  0.3771316111087799
9  0.3771044909954071
751  0.3771028518676758
672  0.3771025240421295
103  0.3770974278450012
334  0.3770861029624939
255  0.3770655393600464
752  0.3770518898963928
410  0.3770381212234497
890  0.37703582644462585
449  0.3770356774330139
330  0.37702855467796326
262  0.37701284885406494
789  0.3770027160644531
363  0.3769935965538025
930  0.3769747018814087
860  0.37696146965026855
518  0.37693944573402405
571  0.37692832946777344
302  0.3769075274467468
355  0.3768903315067291
671  0.3768712282180786
958  0.3768666684627533
157  0.3768579065799713
427  0.37683263421058655
436  0.3767780661582947
945  0.3767769932746887
33  0.37676772475242615
200  0.3767622709274292
153  0.3767567574977875
644  0.3767324388027191
58  0.37671688199043274
65  0.37671586871147156
124  0.3767136335372925
909  0.3767043352127075
948  0.3766889274120331
149  0.37668004631996155
90  0.3766714036464691
895  0.3766685724258423
710  0.37666383385658264
275  0.37665343284606934
887  0.3766528069972992
515  0.37664690613746643
159  0.37664684653282166
955  0.376637727022171
704  0.3766230344772339
592  0.37661072611808777
690  0.3765958547592163
158  0.37657806277275085
212  0.3765681982040405
194  0.376558393239975
296  0.3765484690666199
806  0.3765333890914917
280  0.3765249252319336
357  0.3765246570110321
585  0.37649765610694885
66  0.3764941692352295
896  0.3764925003051758
40  0.3764647841453552
8  0.37645605206489563
44  0.3764553964138031
956  0.3764236867427826
801  0.3764047622680664
406  0.37637943029403687
919  0.3763696551322937
437  0.37636542320251465
146  0.3763648569583893
260  0.3763638436794281
287  0.3763537108898163
814  0.3763449192047119
577  0.3763369023799896
126  0.376335471868515
439  0.3763350248336792
385  0.3763246238231659
307  0.37631461024284363
189  0.37631165981292725
780  0.37629616260528564
364  0.37628695368766785
756  0.376279354095459
315  0.37625619769096375
56  0.37625324726104736
817  0.3762490451335907
936  0.3762291371822357
777  0.3762035667896271
872  0.3762003779411316
431  0.3761920928955078
747  0.3761847913265228
886  0.3761572539806366
274  0.3761484622955322
617  0.37614598870277405
683  0.3761410117149353
229  0.37611228227615356
871  0.3761117458343506
351  0.3761082589626312
932  0.37610453367233276
87  0.376064270734787
319  0.3760641813278198
867  0.37604495882987976
682  0.3760330379009247
371  0.37600454688072205
31  0.3759801685810089
93  0.37595880031585693
328  0.3759513199329376
826  0.37594956159591675
374  0.37594372034072876
877  0.3759416341781616
171  0.37592995166778564
253  0.375928670167923
60  0.3759255111217499
791  0.37592294812202454
373  0.3759097456932068
451  0.37590500712394714
731  0.37588751316070557
313  0.37587907910346985
774  0.37586185336112976
261  0.37583693861961365
953  0.37582287192344666
882  0.3757757842540741
217  0.3757718503475189
25  0.3757708668708801
889  0.37575459480285645
54  0.37573733925819397
852  0.37573423981666565
490  0.37572601437568665
309  0.37572044134140015
339  0.3757191598415375
834  0.37571021914482117
45  0.3757040202617645
573  0.37570396065711975
252  0.375702828168869
96  0.3756760060787201
424  0.3756595849990845
517  0.37562403082847595
221  0.3756003975868225
46  0.37559056282043457
53  0.3755756914615631
494  0.3755003809928894
23  0.37549683451652527
179  0.3754706084728241
199  0.37546300888061523
277  0.3754625916481018
937  0.37544673681259155
866  0.37544479966163635
85  0.37543725967407227
362  0.37542349100112915
187  0.3754214644432068
173  0.3754149377346039
400  0.37540844082832336
593  0.37540122866630554
858  0.37538859248161316
209  0.37538352608680725
401  0.37537872791290283
74  0.3753563463687897
481  0.3753480315208435
335  0.37534746527671814
516  0.3753405809402466
338  0.3753340542316437
162  0.37532708048820496
92  0.375277578830719
37  0.3752487897872925
265  0.3752378821372986
835  0.37522560358047485
755  0.37518230080604553
12  0.37517574429512024
329  0.3751731514930725
219  0.37515881657600403
241  0.37515467405319214
922  0.37513524293899536
121  0.3751339018344879
144  0.37510615587234497
975  0.3751002550125122
923  0.375095009803772
428  0.37508267164230347
353  0.3750699758529663
503  0.3750545382499695
748  0.37504079937934875
430  0.3750332295894623
332  0.37502428889274597
745  0.3750183880329132
201  0.3750021159648895
82  0.37497252225875854
813  0.37493687868118286
850  0.37493646144866943
873  0.3749258518218994
957  0.37491628527641296
216  0.37490081787109375
192  0.3748840391635895
36  0.3748787045478821
5  0.374796599149704
273  0.37478160858154297
876  0.3747771382331848
165  0.3747618496417999
248  0.3747614026069641
415  0.37475985288619995
832  0.3747357130050659
423  0.3747139275074005
941  0.3747102916240692
167  0.37470942735671997
504  0.3746846318244934
686  0.37467896938323975
297  0.3746539354324341
591  0.37465327978134155
205  0.3746497631072998
878  0.37462911009788513
218  0.37462571263313293
775  0.37460294365882874
611  0.3745792508125305
104  0.3745737671852112
272  0.37452855706214905
790  0.3745236098766327
154  0.3745182454586029
184  0.37451010942459106
754  0.37450486421585083
412  0.37449878454208374
186  0.37448588013648987
105  0.3744489252567291
68  0.37444764375686646
915  0.37444737553596497
779  0.3744220733642578
864  0.37441152334213257
276  0.3743990361690521
288  0.3743511140346527
856  0.37434062361717224
279  0.37433061003685
917  0.3743278682231903
940  0.37431851029396057
418  0.37430697679519653
242  0.37430354952812195
143  0.3743025064468384
799  0.3742712140083313
247  0.37426331639289856
289  0.37426018714904785
175  0.37425485253334045
964  0.3742459714412689
728  0.3742225170135498
610  0.37421146035194397
206  0.3741990923881531
268  0.3741687834262848
926  0.37416765093803406
875  0.37413960695266724
295  0.37407413125038147
746  0.37406447529792786
55  0.37406039237976074
386  0.3740505874156952
685  0.37401196360588074
865  0.3739883601665497
203  0.3739648759365082
928  0.37396472692489624
208  0.37395569682121277
290  0.37395504117012024
177  0.3739451467990875
407  0.37393641471862793
965  0.37390586733818054
892  0.37389132380485535
114  0.373879075050354
300  0.3738718032836914
380  0.3738698661327362
908  0.3738396167755127
349  0.3738290071487427
63  0.3738025724887848
674  0.3738020956516266
907  0.3737989068031311
359  0.37379470467567444
67  0.3737718462944031
762  0.37376663088798523
643  0.37376484274864197
236  0.3737497329711914
619  0.3737098276615143
61  0.37369504570961
913  0.3736874759197235
970  0.3736836910247803
97  0.37364286184310913
673  0.37363407015800476
123  0.3736160397529602
7  0.37360385060310364
213  0.37360137701034546
176  0.37356051802635193
291  0.37352854013442993
668  0.3735255300998688
35  0.3735252916812897
927  0.3735138177871704
91  0.3734927475452423
239  0.3734559416770935
169  0.3733862042427063
951  0.37336650490760803
155  0.3733348250389099
62  0.3733181357383728
479  0.3733168840408325
156  0.37330546975135803
39  0.3732928931713104
6  0.3732894957065582
286  0.37326857447624207
863  0.37326619029045105
432  0.3732341527938843
921  0.37319809198379517
841  0.3731916546821594
222  0.3731893301010132
815  0.3731852173805237
855  0.37316596508026123
480  0.37313663959503174
163  0.3731173872947693
350  0.37310999631881714
110  0.3730933964252472
17  0.373064786195755
215  0.37300533056259155
125  0.37299689650535583
48  0.37297701835632324
763  0.3729524612426758
389  0.372944176197052
24  0.3729301691055298
18  0.372917115688324
840  0.3728879690170288
185  0.37287965416908264
198  0.3728782534599304
246  0.37285974621772766
413  0.37283000349998474
195  0.37280234694480896
47  0.37280210852622986
269  0.37278538942337036
183  0.3727853298187256
765  0.3727618157863617
128  0.3727555274963379
403  0.37271231412887573
411  0.37270721793174744
390  0.37268561124801636
301  0.37267762422561646
278  0.3726723790168762
190  0.3726683557033539
348  0.3726534843444824
106  0.3726171851158142
911  0.3725847899913788
50  0.3725661337375641
912  0.3725471794605255
259  0.3725142180919647
293  0.37250831723213196
393  0.3724823594093323
152  0.37245720624923706
946  0.3724518418312073
102  0.3724156618118286
857  0.3724094331264496
943  0.3723694682121277
292  0.37235987186431885
853  0.3722901940345764
257  0.37225914001464844
95  0.3722451627254486
800  0.37223461270332336
749  0.3722167909145355
483  0.37220534682273865
99  0.3721562922000885
811  0.3721189796924591
360  0.3721035122871399
83  0.3720911741256714
810  0.3720903694629669
397  0.37206143140792847
973  0.37200188636779785
433  0.37200039625167847
266  0.37199482321739197
966  0.37190699577331543
73  0.37190669775009155
271  0.37188464403152466
256  0.37188220024108887
910  0.37186527252197266
905  0.37186408042907715
34  0.3718489408493042
220  0.3717903196811676
22  0.3717876672744751
971  0.371756374835968
244  0.3716433048248291
925  0.37164151668548584
346  0.37161171436309814
854  0.3716089427471161
311  0.37160730361938477
170  0.3714970350265503
744  0.37147676944732666
52  0.37145426869392395
766  0.3714439868927002
444  0.3714306354522705
842  0.37142401933670044
283  0.37142252922058105
767  0.37142103910446167
191  0.37138497829437256
243  0.37134191393852234
202  0.3713394105434418
968  0.3712751269340515
914  0.3712545335292816
111  0.371221125125885
942  0.37122011184692383
808  0.3711403012275696
974  0.37110817432403564
178  0.37105193734169006
916  0.37097176909446716
340  0.3709661364555359
310  0.37096282839775085
358  0.37090057134628296
314  0.37083157896995544
238  0.3708043694496155
947  0.3707907795906067
64  0.37074780464172363
341  0.37074413895606995
245  0.3707227408885956
904  0.37065789103507996
448  0.3705770671367645
807  0.3705556094646454
967  0.37050172686576843
398  0.3704955577850342
21  0.37046128511428833
228  0.370449036359787
387  0.3703814148902893
312  0.3703576326370239
949  0.3703451156616211
84  0.37033534049987793
148  0.3703126013278961
174  0.3703116774559021
101  0.3702056407928467
115  0.37015873193740845
388  0.3700768053531647
950  0.3700605630874634
51  0.37002745270729065
395  0.3699917197227478
207  0.36993408203125
94  0.3699207901954651
885  0.3698731064796448
331  0.3698270618915558
161  0.36966028809547424
929  0.36961832642555237
425  0.36942121386528015
809  0.36912357807159424
113  0.3690621256828308
342  0.3690359592437744
267  0.3688911199569702
109  0.36880776286125183
906  0.36858227849006653
147  0.3685513138771057
41  0.36853858828544617
100  0.36850276589393616
294  0.36844509840011597
874  0.3684038817882538
43  0.3683759868144989
49  0.36833155155181885
258  0.3680570721626282
344  0.3674870729446411
237  0.3674287796020508
42  0.3673703074455261
98  0.3670726418495178
764  0.36706703901290894
282  0.3670297861099243
347  0.36692678928375244
345  0.36690154671669006
343  0.3649522364139557
108  0.36423370242118835
107  0.3626633584499359
