1775  0.42539605498313904
1  0.42285600304603577
2  0.412554532289505
1774  0.4114595949649811
1064  0.4088018238544464
944  0.4086205065250397
1011  0.4081685543060303
1058  0.4081236720085144
909  0.40787792205810547
1184  0.4077475368976593
710  0.4075712263584137
1317  0.40740329027175903
1071  0.4072914719581604
729  0.40725985169410706
1200  0.40716850757598877
1245  0.4071000814437866
1270  0.40699344873428345
1199  0.4069306254386902
1212  0.40690141916275024
139  0.40681973099708557
138  0.40673893690109253
1010  0.406399667263031
789  0.40631741285324097
1272  0.4061816930770874
1072  0.4061596989631653
1012  0.4061258137226105
1201  0.4059962332248688
709  0.405988484621048
1316  0.4059543311595917
3  0.4059160649776459
708  0.4059142768383026
1034  0.40577301383018494
929  0.40574267506599426
1065  0.4056950807571411
949  0.4056684970855713
932  0.40566009283065796
162  0.40558674931526184
1114  0.4055628776550293
924  0.40549641847610474
948  0.4054665267467499
1593  0.4054040014743805
775  0.4052698612213135
1238  0.40526658296585083
787  0.40520092844963074
1468  0.4051690995693207
1237  0.40516582131385803
1198  0.4051356017589569
1042  0.40512314438819885
118  0.40509840846061707
1318  0.405066579580307
928  0.40505924820899963
777  0.40503308176994324
1315  0.4050025939941406
119  0.4050023853778839
1319  0.4049835801124573
945  0.4049324095249176
914  0.40492695569992065
1133  0.4049108922481537
12  0.40484097599983215
1324  0.4048002064228058
972  0.40479418635368347
1135  0.4047844111919403
711  0.40475213527679443
1134  0.40474066138267517
826  0.4046933948993683
1590  0.4046541452407837
968  0.40463945269584656
1063  0.40461984276771545
910  0.4045875370502472
1073  0.40457993745803833
1325  0.40456265211105347
21  0.4045386016368866
1202  0.40452253818511963
79  0.4043964445590973
637  0.40436607599258423
1273  0.40432536602020264
1244  0.40431657433509827
943  0.404314249753952
1185  0.40429192781448364
1137  0.4042883515357971
1469  0.40425363183021545
998  0.40421345829963684
1092  0.4041830897331238
1290  0.40417805314064026
974  0.4041699171066284
714  0.40415847301483154
1061  0.404156357049942
1700  0.4041103720664978
1664  0.40408390760421753
996  0.404060423374176
960  0.4040290415287018
849  0.40402528643608093
979  0.40402522683143616
89  0.40400779247283936
41  0.40400609374046326
228  0.40400421619415283
1253  0.40399613976478577
707  0.4039945900440216
1067  0.4039744436740875
594  0.40397098660469055
638  0.4039308428764343
994  0.40389397740364075
712  0.4038824737071991
1057  0.40388086438179016
1141  0.40386199951171875
931  0.4038528800010681
1080  0.4038373529911041
790  0.40383464097976685
254  0.403813898563385
980  0.40380266308784485
889  0.4037989377975464
1052  0.40379270911216736
1068  0.40378811955451965
997  0.40376394987106323
1007  0.40375640988349915
1222  0.40375304222106934
1206  0.4036842882633209
1243  0.4036763310432434
1242  0.4036513566970825
1333  0.4036470651626587
30  0.40364426374435425
224  0.4036252498626709
1136  0.4035905599594116
981  0.40357157588005066
1401  0.4035714864730835
1312  0.40356650948524475
1267  0.40353327989578247
56  0.40350502729415894
1143  0.4034882187843323
1140  0.403474360704422
38  0.4034108817577362
952  0.4034024477005005
751  0.4034004807472229
963  0.403396874666214
548  0.4033963680267334
1138  0.403394490480423
865  0.40334299206733704
879  0.40331342816352844
1232  0.40330955386161804
1144  0.40329357981681824
1255  0.40328356623649597
640  0.403260737657547
255  0.4032596945762634
1049  0.40325117111206055
1323  0.40322890877723694
947  0.40320709347724915
88  0.40318697690963745
1251  0.4031626284122467
1252  0.403157114982605
1056  0.4031294584274292
1041  0.40312790870666504
1269  0.4031221270561218
1213  0.40312108397483826
1117  0.4031175971031189
1059  0.40310683846473694
1293  0.40309861302375793
1207  0.4030921161174774
1241  0.4030857980251312
921  0.4030582010746002
1332  0.40304794907569885
1152  0.4030461609363556
1210  0.403045654296875
1467  0.4030347466468811
462  0.4030340909957886
319  0.4030316472053528
486  0.40303152799606323
887  0.4030213952064514
713  0.4030138850212097
137  0.4030134081840515
877  0.4029673635959625
730  0.40296703577041626
937  0.40296629071235657
1594  0.4029634892940521
750  0.4029613733291626
689  0.402955561876297
1211  0.40295353531837463
1026  0.4029531478881836
467  0.40294989943504333
732  0.4029291570186615
297  0.40292343497276306
792  0.40287989377975464
20  0.4028695523738861
1016  0.4028583765029907
130  0.4028457999229431
1258  0.40284380316734314
827  0.4028337299823761
774  0.4028284549713135
878  0.40278002619743347
1062  0.40277478098869324
846  0.402774453163147
1320  0.40276286005973816
690  0.40275245904922485
961  0.40273866057395935
1078  0.402737557888031
1074  0.40272894501686096
1102  0.40270137786865234
511  0.40269774198532104
102  0.4026831388473511
22  0.40267929434776306
1009  0.40265050530433655
418  0.4026336967945099
1019  0.4026316702365875
1035  0.4026215970516205
927  0.40260282158851624
1115  0.40260204672813416
694  0.40259304642677307
894  0.40258413553237915
564  0.4025684893131256
1060  0.4025653004646301
794  0.4025442600250244
942  0.40249547362327576
1719  0.4024783968925476
1006  0.4024770259857178
1008  0.4024718701839447
778  0.40247029066085815
1271  0.402468204498291
296  0.40245670080184937
1721  0.4024420380592346
1221  0.4024369418621063
471  0.40243515372276306
776  0.4024334251880646
1625  0.402432382106781
1075  0.40241697430610657
958  0.4024091362953186
473  0.40240493416786194
692  0.4023963510990143
1254  0.4023904502391815
1334  0.4023881256580353
245  0.402383029460907
884  0.40237581729888916
1301  0.40236133337020874
706  0.40235817432403564
1055  0.40233922004699707
1116  0.40233439207077026
886  0.4023325443267822
641  0.4023187458515167
913  0.4023154675960541
160  0.40230873227119446
1413  0.4023076295852661
888  0.40230244398117065
967  0.4023009240627289
1751  0.4022987484931946
223  0.40228933095932007
1427  0.40228724479675293
1003  0.40228331089019775
906  0.40228039026260376
140  0.4022532105445862
15  0.40223124623298645
1753  0.4022219777107239
57  0.4022117257118225
1021  0.40220651030540466
800  0.4022046625614166
1088  0.4021978974342346
1113  0.40218695998191833
1044  0.4021756052970886
1297  0.40217477083206177
1581  0.4021732211112976
705  0.4021686911582947
1233  0.4021473824977875
42  0.40214231610298157
1276  0.4021390676498413
1268  0.4021374583244324
941  0.4021264314651489
828  0.40212398767471313
54  0.40212100744247437
1186  0.40211889147758484
472  0.40211623907089233
971  0.4021095335483551
1070  0.4020841717720032
957  0.402080774307251
1591  0.4020635187625885
962  0.40204933285713196
1192  0.4020490050315857
808  0.40204235911369324
1433  0.4020305573940277
1089  0.4020299017429352
1321  0.4020296633243561
1718  0.40201935172080994
1669  0.40201595425605774
256  0.40201249718666077
1091  0.4020100235939026
995  0.40199005603790283
1277  0.4019661247730255
1126  0.40195921063423157
227  0.4019559919834137
98  0.4019485414028168
14  0.4019446074962616
1772  0.4019414484500885
950  0.4019335210323334
718  0.401920348405838
145  0.4019111394882202
29  0.4019000828266144
1695  0.40189650654792786
1722  0.40187332034111023
955  0.401847779750824
543  0.40184763073921204
876  0.4018431007862091
598  0.4018343985080719
1195  0.4018324017524719
1292  0.40181735157966614
66  0.4018002450466156
1129  0.4017903208732605
946  0.40178149938583374
791  0.4017711579799652
1082  0.40176743268966675
1291  0.40176376700401306
1036  0.40174487233161926
1580  0.4017404019832611
1099  0.4017390310764313
1298  0.40173855423927307
1326  0.40173229575157166
1417  0.40172502398490906
144  0.40172278881073
282  0.4017174243927002
1038  0.4017049968242645
719  0.4017001986503601
560  0.40170007944107056
919  0.40169575810432434
1142  0.40169376134872437
1586  0.40169063210487366
1069  0.4016837775707245
1605  0.401662677526474
101  0.40165865421295166
867  0.4016364514827728
1031  0.40162503719329834
1194  0.40162453055381775
816  0.4015636742115021
1239  0.4015547037124634
1027  0.40154579281806946
752  0.4015333354473114
1028  0.40152865648269653
786  0.40152350068092346
1314  0.40152227878570557
1331  0.4015182554721832
72  0.40150976181030273
120  0.4014998972415924
1299  0.4014900326728821
882  0.40148645639419556
815  0.4014648497104645
753  0.401460736989975
819  0.4014524221420288
1400  0.4014492332935333
35  0.4014452397823334
1773  0.4014427959918976
1013  0.40143948793411255
1112  0.4014342129230499
1033  0.4014313519001007
933  0.40142327547073364
23  0.40141552686691284
1322  0.4014069736003876
17  0.4014022946357727
1151  0.40140223503112793
1081  0.40140217542648315
788  0.4013597071170807
1220  0.40133801102638245
200  0.4013180434703827
1040  0.40131011605262756
470  0.40130850672721863
954  0.40129905939102173
55  0.40128597617149353
563  0.4012731909751892
1736  0.40126869082450867
1123  0.4012638330459595
99  0.40125659108161926
474  0.40125611424446106
1515  0.4012528359889984
1122  0.4012468457221985
158  0.4012368619441986
544  0.4012368619441986
1001  0.4012201130390167
716  0.40120837092399597
1219  0.40120336413383484
992  0.40120184421539307
1607  0.40119773149490356
1090  0.4011895954608917
720  0.40118876099586487
905  0.40118762850761414
985  0.401184618473053
975  0.40118408203125
938  0.4011818766593933
940  0.4011765718460083
821  0.4011569023132324
1004  0.4011460840702057
956  0.401131808757782
253  0.4011290371417999
1395  0.4011264443397522
669  0.4011209011077881
1051  0.4011074900627136
1182  0.40110063552856445
1086  0.40109917521476746
1118  0.40109384059906006
829  0.40109190344810486
586  0.4010886251926422
1139  0.4010870158672333
1119  0.4010773301124573
644  0.40107622742652893
202  0.4010636806488037
848  0.4010617733001709
844  0.40105709433555603
43  0.40105053782463074
45  0.4010443687438965
169  0.4010322093963623
122  0.40102481842041016
11  0.4010083079338074
97  0.400988906621933
152  0.40098699927330017
1083  0.40098217129707336
435  0.4009757339954376
814  0.40097227692604065
157  0.40096673369407654
1002  0.40096336603164673
1208  0.400960236787796
60  0.4009469151496887
1690  0.4009283483028412
986  0.4009246826171875
62  0.40092411637306213
301  0.4009220004081726
1313  0.4009145498275757
593  0.4009118676185608
1103  0.4009016752243042
923  0.4008896052837372
798  0.4008789658546448
9  0.4008738696575165
1236  0.40087294578552246
459  0.40086305141448975
1767  0.40085723996162415
1094  0.4008435904979706
58  0.4008355438709259
6  0.4008271396160126
746  0.40082138776779175
793  0.4008156359195709
1125  0.40078309178352356
951  0.4007750451564789
654  0.4007711112499237
1294  0.4007646143436432
469  0.40076392889022827
154  0.4007543623447418
369  0.40075090527534485
221  0.40074774622917175
1223  0.40074265003204346
935  0.4007417559623718
1145  0.40073928236961365
1694  0.40072929859161377
1259  0.40072786808013916
964  0.4007119834423065
1022  0.4007101356983185
1387  0.40070840716362
322  0.4007055461406708
1128  0.4007040560245514
797  0.40068328380584717
468  0.40068280696868896
973  0.40067780017852783
918  0.4006662368774414
1755  0.4006614089012146
785  0.4006481468677521
1107  0.40064534544944763
1667  0.40064534544944763
1043  0.4006265103816986
111  0.40061381459236145
1066  0.40059033036231995
1582  0.4005900025367737
1005  0.40056437253952026
51  0.40055832266807556
813  0.4005526602268219
18  0.4005492925643921
907  0.4005410373210907
959  0.4005407392978668
1513  0.400531142950058
1039  0.40052059292793274
771  0.40051963925361633
883  0.4005148708820343
549  0.4005132019519806
1418  0.4005049467086792
91  0.4005027115345001
225  0.4004843533039093
966  0.40048354864120483
437  0.40047916769981384
1030  0.40047702193260193
715  0.40047112107276917
1230  0.40046656131744385
32  0.4004649519920349
728  0.40046226978302
930  0.400460422039032
1025  0.4004344046115875
925  0.40041351318359375
1014  0.40040522813796997
653  0.40040281414985657
410  0.40040093660354614
1231  0.40039676427841187
920  0.40039658546447754
731  0.40039485692977905
873  0.4003946781158447
969  0.40039175748825073
845  0.4003908634185791
1161  0.40039023756980896
902  0.40038833022117615
535  0.4003696143627167
1289  0.40036311745643616
259  0.4003574550151825
1015  0.4003564715385437
1215  0.4003547430038452
1687  0.40033674240112305
809  0.400336354970932
368  0.4003337621688843
13  0.40032777190208435
1124  0.4003230333328247
1193  0.40031328797340393
1692  0.40030258893966675
80  0.4003005921840668
727  0.400299608707428
1436  0.4002924859523773
1516  0.400287389755249
117  0.4002845883369446
1098  0.4002808928489685
10  0.4002758264541626
1649  0.4002719521522522
108  0.4002666473388672
559  0.40026208758354187
295  0.40025126934051514
912  0.4002488851547241
396  0.4002476632595062
703  0.40023863315582275
1076  0.4002048075199127
366  0.400204062461853
890  0.4001985788345337
1602  0.4001973271369934
1411  0.4001919627189636
68  0.40019041299819946
161  0.4001893103122711
1343  0.40018677711486816
24  0.4001866281032562
153  0.4001866281032562
375  0.4001722037792206
1350  0.40016230940818787
1766  0.4001595079898834
27  0.4001576006412506
1029  0.4001457691192627
275  0.40013936161994934
103  0.40013745427131653
1209  0.40013134479522705
487  0.400128573179245
1183  0.40012386441230774
908  0.40011531114578247
657  0.40008869767189026
926  0.40008577704429626
772  0.4000813364982605
784  0.400078147649765
1732  0.4000707268714905
131  0.40007051825523376
229  0.4000628888607025
624  0.40006011724472046
81  0.40004637837409973
28  0.4000437259674072
1032  0.4000393748283386
1402  0.40003928542137146
163  0.4000280797481537
1127  0.40000495314598083
977  0.3999894857406616
1146  0.3999871015548706
1389  0.399985671043396
1585  0.399982213973999
999  0.3999789357185364
1105  0.3999720811843872
1611  0.3999503254890442
261  0.3999292850494385
528  0.3999120593070984
688  0.39990702271461487
1047  0.3998982608318329
1735  0.3998829126358032
871  0.39987704157829285
440  0.39987650513648987
562  0.39987459778785706
1278  0.3998691141605377
77  0.3998648226261139
419  0.3998608887195587
458  0.39985570311546326
1190  0.3998526632785797
1572  0.39984631538391113
1017  0.39984366297721863
1050  0.39983734488487244
1079  0.3998364210128784
1744  0.39981019496917725
73  0.39980363845825195
1274  0.39979568123817444
294  0.3997827470302582
1573  0.39978262782096863
121  0.39977750182151794
1330  0.39977750182151794
1204  0.39977604150772095
37  0.39977186918258667
1734  0.3997694253921509
702  0.39975881576538086
461  0.3997471034526825
739  0.39973869919776917
268  0.39973825216293335
1528  0.3997368812561035
864  0.39972710609436035
738  0.39972594380378723
1257  0.3997252285480499
1020  0.3997217118740082
1175  0.39971303939819336
899  0.39970967173576355
40  0.39970725774765015
939  0.3997039794921875
171  0.39969122409820557
893  0.39968958497047424
1261  0.39968734979629517
1689  0.39968714118003845
570  0.3996776044368744
1569  0.3996739089488983
36  0.39966675639152527
754  0.39966291189193726
1218  0.39966222643852234
70  0.39964935183525085
916  0.3996472954750061
466  0.3996376693248749
1106  0.39963430166244507
1197  0.3996336758136749
476  0.39961934089660645
1514  0.39961791038513184
1691  0.3996168076992035
439  0.39960697293281555
773  0.39960479736328125
1346  0.39960435032844543
1217  0.3995913565158844
1226  0.3995888829231262
874  0.3995846211910248
1416  0.39957961440086365
795  0.3995721936225891
737  0.399560809135437
304  0.3995427191257477
1205  0.3995417058467865
1527  0.3995268642902374
323  0.3995228111743927
1342  0.39951664209365845
547  0.39950957894325256
1150  0.3995059132575989
463  0.39950206875801086
900  0.3994929790496826
1093  0.3994881212711334
1307  0.3994865417480469
755  0.3994820713996887
1648  0.39948201179504395
1650  0.39947783946990967
673  0.3994714617729187
762  0.39947018027305603
1296  0.39946892857551575
847  0.3994653522968292
970  0.39946502447128296
843  0.39946475625038147
1624  0.3994508683681488
95  0.39943379163742065
1104  0.3994336724281311
1280  0.3994311988353729
1305  0.39942294359207153
1300  0.3994201719760895
8  0.3994128704071045
1260  0.3994111120700836
59  0.3994036614894867
1191  0.3994032144546509
1512  0.39940145611763
247  0.3993966579437256
141  0.3993909955024719
64  0.39937347173690796
796  0.3993711769580841
107  0.3993644118309021
1308  0.3993527889251709
934  0.39935073256492615
258  0.39935043454170227
1174  0.3993489146232605
745  0.3993430435657501
622  0.39934250712394714
704  0.39934128522872925
321  0.3993189334869385
978  0.39930564165115356
1097  0.3992994725704193
1686  0.39927709102630615
993  0.3992583453655243
67  0.3992564380168915
990  0.3992560803890228
44  0.39925575256347656
1235  0.3992513120174408
1224  0.399240106344223
1214  0.3992360830307007
830  0.39923515915870667
464  0.3992316722869873
1285  0.39922669529914856
429  0.39921659231185913
1480  0.399207204580307
1304  0.39919617772102356
852  0.3991958498954773
1284  0.3991827070713043
1345  0.3991764187812805
1087  0.39916831254959106
896  0.3991617262363434
758  0.39915159344673157
1279  0.3991398811340332
917  0.39913713932037354
109  0.399128794670105
1623  0.39912503957748413
853  0.39911967515945435
71  0.39910995960235596
680  0.39910319447517395
769  0.3991011083126068
170  0.3990981876850128
1149  0.3990969657897949
110  0.3990955352783203
1688  0.3990906774997711
298  0.39908480644226074
1178  0.3990820050239563
244  0.3990813195705414
799  0.399077832698822
1757  0.3990711569786072
381  0.39905640482902527
116  0.39905571937561035
1181  0.3990476727485657
1435  0.39903026819229126
1240  0.3990250825881958
763  0.3990168869495392
1046  0.399015337228775
1592  0.39901018142700195
16  0.3990078270435333
691  0.3990035653114319
246  0.3989856541156769
561  0.3989694118499756
1612  0.3989655375480652
1422  0.39896538853645325
1603  0.39896130561828613
1403  0.39894604682922363
48  0.3989449441432953
685  0.3989418148994446
318  0.39893776178359985
150  0.398937463760376
1153  0.39893415570259094
768  0.39893367886543274
897  0.39893293380737305
687  0.39893099665641785
1037  0.39891791343688965
1203  0.3989144563674927
1156  0.3989136219024658
1275  0.3989090025424957
1250  0.39890816807746887
1132  0.3988999128341675
316  0.3988947868347168
1263  0.398889422416687
635  0.39887604117393494
1130  0.39886000752449036
1588  0.3988571763038635
1517  0.3988553285598755
31  0.3988535702228546
1077  0.3988480865955353
1503  0.3988470137119293
1731  0.3988458216190338
365  0.39884209632873535
415  0.39884015917778015
1101  0.39883896708488464
1765  0.39883291721343994
984  0.39882081747055054
580  0.39881959557533264
895  0.39880162477493286
1327  0.398776650428772
1164  0.3987720012664795
1426  0.3987686038017273
1723  0.3987634479999542
1396  0.39876168966293335
1109  0.3987560570240021
1545  0.3987523913383484
129  0.39875075221061707
1264  0.39874905347824097
1754  0.39874622225761414
39  0.39873430132865906
698  0.39872580766677856
53  0.3987216055393219
1306  0.39871978759765625
128  0.39871931076049805
655  0.39871537685394287
1159  0.3987078070640564
1390  0.3987036347389221
1187  0.39870205521583557
417  0.3986971974372864
988  0.39869120717048645
1120  0.3986901342868805
488  0.39868465065956116
1084  0.39867132902145386
770  0.39866945147514343
891  0.3986688554286957
76  0.39866843819618225
621  0.39866557717323303
936  0.3986644148826599
184  0.3986588418483734
307  0.39865005016326904
734  0.3986413776874542
477  0.39863321185112
817  0.3986090123653412
1428  0.39860770106315613
306  0.3985990285873413
596  0.3985976278781891
356  0.3985961377620697
1335  0.3985935151576996
880  0.39858731627464294
759  0.39858171343803406
1399  0.39857959747314453
1295  0.3985714912414551
557  0.3985498249530792
676  0.3985469341278076
1629  0.39854681491851807
1425  0.39854031801223755
320  0.39853981137275696
1537  0.3985339403152466
863  0.3985297381877899
1302  0.3985179364681244
1609  0.3985174000263214
1518  0.3985109031200409
671  0.3985010087490082
242  0.39850059151649475
1397  0.39847975969314575
780  0.39847132563591003
1100  0.39847078919410706
1604  0.3984704613685608
1281  0.39845356345176697
424  0.39844563603401184
818  0.39844417572021484
866  0.3984397053718567
1494  0.39840346574783325
650  0.39840149879455566
674  0.39840126037597656
1179  0.3983932435512543
422  0.39838340878486633
1608  0.3983730375766754
1699  0.3983726501464844
75  0.39836767315864563
260  0.398366242647171
374  0.3983655571937561
33  0.3983635902404785
693  0.39835408329963684
842  0.3983401954174042
1571  0.3983311653137207
1606  0.3983286917209625
1095  0.398327112197876
1550  0.3983267545700073
807  0.3983237147331238
285  0.39832204580307007
1756  0.39831656217575073
1720  0.3983020782470703
881  0.3982981741428375
61  0.39829495549201965
721  0.39828935265541077
69  0.39827847480773926
911  0.3982783257961273
216  0.3982773721218109
652  0.3982619047164917
219  0.39824119210243225
1495  0.39823612570762634
820  0.3982350528240204
1171  0.3982299864292145
524  0.3982219696044922
1229  0.39821943640708923
1714  0.3982061743736267
1166  0.39820578694343567
1441  0.398204505443573
1234  0.3981998860836029
760  0.39819982647895813
293  0.3981926739215851
717  0.3981918394565582
595  0.3981827199459076
142  0.3981805145740509
1262  0.3981795310974121
257  0.3981786370277405
143  0.3981720805168152
47  0.3981698751449585
409  0.39816001057624817
1414  0.3981592655181885
1329  0.39815324544906616
1584  0.39814993739128113
1000  0.3981461822986603
485  0.3981376886367798
1287  0.3981325030326843
1768  0.3981323838233948
1121  0.3981257677078247
1726  0.39811211824417114
1613  0.39811092615127563
1675  0.3981075882911682
1415  0.39810284972190857
19  0.3980984389781952
1589  0.39807698130607605
7  0.39807039499282837
825  0.39805737137794495
1493  0.39803892374038696
1703  0.3980381190776825
445  0.39803487062454224
382  0.39802026748657227
1111  0.39801254868507385
699  0.3980121314525604
363  0.39800843596458435
136  0.39800387620925903
1752  0.3980000913143158
87  0.3979969918727875
670  0.3979954719543457
34  0.3979932963848114
525  0.39799267053604126
1048  0.39799052476882935
885  0.3979842960834503
726  0.3979836106300354
1696  0.3979794979095459
1054  0.3979746401309967
1410  0.3979744017124176
78  0.3979582190513611
1668  0.3979566693305969
1160  0.39795246720314026
1249  0.39793750643730164
532  0.39793694019317627
114  0.3979361057281494
722  0.39792272448539734
1344  0.3979189693927765
357  0.3979087173938751
805  0.39790546894073486
904  0.397905170917511
526  0.39789679646492004
1053  0.3978961706161499
431  0.39789533615112305
303  0.39789339900016785
288  0.3978901505470276
850  0.39788365364074707
5  0.3978824317455292
1724  0.397870808839798
372  0.3978590667247772
724  0.39785701036453247
1163  0.39785027503967285
642  0.3978491425514221
1570  0.3978434205055237
903  0.39784327149391174
1148  0.39783775806427
1018  0.39783093333244324
1355  0.3978305160999298
1511  0.3978234827518463
1470  0.397816926240921
851  0.39780598878860474
155  0.3977994918823242
222  0.3977798819541931
643  0.39777952432632446
1769  0.397777795791626
127  0.39776575565338135
425  0.39775559306144714
915  0.39775320887565613
90  0.39775317907333374
402  0.3977438807487488
395  0.3977329134941101
508  0.3977208137512207
1311  0.3977208137512207
1225  0.39771768450737
1455  0.3977174162864685
527  0.39771726727485657
426  0.3977167308330536
645  0.39771199226379395
407  0.39769822359085083
696  0.3976905047893524
639  0.39768725633621216
1216  0.39768704771995544
1168  0.3976841866970062
1693  0.3976804316043854
380  0.3976801931858063
1479  0.39766889810562134
626  0.3976684808731079
159  0.3976673483848572
806  0.397663950920105
1172  0.39766114950180054
542  0.39765867590904236
412  0.3976563811302185
1045  0.3976534903049469
448  0.39764708280563354
1283  0.39764708280563354
608  0.3976469039916992
678  0.3976273834705353
434  0.3976193070411682
1770  0.39761701226234436
1567  0.3976079225540161
857  0.39760273694992065
1432  0.3975984752178192
168  0.39758968353271484
403  0.39758965373039246
1352  0.3975870907306671
1442  0.397565633058548
1385  0.3975640535354614
324  0.39756330847740173
987  0.397561639547348
686  0.3975556492805481
1282  0.3975510895252228
1737  0.39754191040992737
1180  0.39753711223602295
1108  0.39753690361976624
982  0.3975357115268707
611  0.39752599596977234
164  0.3975229263305664
125  0.39752230048179626
500  0.3975118100643158
126  0.39750632643699646
416  0.39749446511268616
1738  0.39749178290367126
106  0.39748620986938477
52  0.39747604727745056
1386  0.3974696695804596
1546  0.3974608778953552
1760  0.39744892716407776
1247  0.3974474370479584
870  0.3974466621875763
133  0.39744457602500916
552  0.39744335412979126
510  0.39744216203689575
279  0.39742758870124817
1154  0.39742353558540344
105  0.3974217474460602
983  0.39741644263267517
1702  0.3974163830280304
1286  0.3974137604236603
597  0.3974127471446991
802  0.39741051197052
1559  0.397403359413147
810  0.3973977565765381
100  0.39739689230918884
1444  0.3973964750766754
276  0.39739009737968445
725  0.39738816022872925
201  0.3973877727985382
1595  0.39738407731056213
1147  0.3973647356033325
174  0.3973575532436371
1378  0.39734795689582825
1554  0.3973464071750641
1310  0.397341787815094
190  0.39733409881591797
1565  0.39733198285102844
812  0.3973267078399658
1228  0.39729955792427063
1771  0.3972988724708557
96  0.3972879648208618
265  0.39728397130966187
761  0.39727771282196045
592  0.39727750420570374
495  0.3972680866718292
1024  0.39726537466049194
976  0.39726197719573975
104  0.3972599506378174
1758  0.3972451984882355
534  0.397243469953537
1419  0.3972339928150177
46  0.39723122119903564
1383  0.39721518754959106
1596  0.3971978724002838
1162  0.3971870541572571
1583  0.3971782624721527
1759  0.3971772789955139
203  0.39717069268226624
749  0.39716750383377075
460  0.39715176820755005
1412  0.39715108275413513
1475  0.3971438705921173
672  0.397134929895401
1188  0.39713454246520996
1439  0.39712756872177124
1704  0.397114634513855
146  0.39711275696754456
1474  0.3971085250377655
1674  0.3971043825149536
65  0.3970949351787567
953  0.39707860350608826
1110  0.39707326889038086
1705  0.3970721662044525
875  0.3970716893672943
922  0.397055447101593
420  0.39704596996307373
465  0.3970350921154022
383  0.39701637625694275
892  0.3970126211643219
1431  0.39700761437416077
479  0.39700302481651306
1489  0.39699557423591614
701  0.39698857069015503
1551  0.39698490500450134
1437  0.39697983860969543
682  0.3969764709472656
1303  0.39697545766830444
1472  0.39697474241256714
299  0.39695119857788086
1375  0.3969508409500122
1176  0.3969351053237915
536  0.3969327211380005
411  0.3969252109527588
1471  0.39692333340644836
252  0.3969205915927887
1647  0.3969189524650574
156  0.39691755175590515
475  0.3969149887561798
370  0.3969143331050873
1556  0.39691081643104553
989  0.3969104290008545
1173  0.396901398897171
325  0.3968997597694397
1420  0.3968988358974457
631  0.39689376950263977
309  0.396882563829422
264  0.39687681198120117
1373  0.3968757092952728
398  0.3968678414821625
149  0.396866112947464
733  0.3968643248081207
898  0.3968501389026642
1476  0.3968453109264374
554  0.3968452215194702
350  0.3968404531478882
332  0.3968295753002167
367  0.3968271315097809
361  0.3968198299407959
1538  0.3968121111392975
317  0.3968067765235901
217  0.39680325984954834
801  0.39680016040802
1510  0.39679551124572754
1377  0.39678508043289185
483  0.39677050709724426
550  0.3967665135860443
1670  0.3967601954936981
83  0.39675647020339966
1354  0.3967561721801758
623  0.3967510163784027
1445  0.39674630761146545
748  0.3967449963092804
1288  0.3967449963092804
677  0.39674147963523865
484  0.3967393636703491
1614  0.39673763513565063
529  0.3967345654964447
308  0.39673206210136414
281  0.39672714471817017
1531  0.39672279357910156
658  0.3967222571372986
384  0.39671874046325684
632  0.3967134654521942
1365  0.3967086672782898
531  0.39670372009277344
862  0.39670267701148987
355  0.39669936895370483
292  0.39669620990753174
856  0.396692156791687
765  0.39668962359428406
668  0.39668038487434387
430  0.3966797888278961
545  0.39667367935180664
220  0.39666035771369934
263  0.39665231108665466
1451  0.3966466188430786
251  0.3966449797153473
280  0.39664220809936523
205  0.39664164185523987
1709  0.3966415822505951
1617  0.3966408967971802
675  0.3966387212276459
364  0.39663437008857727
1085  0.39662688970565796
1730  0.3966033458709717
1665  0.3965926170349121
1526  0.3965776264667511
287  0.39657142758369446
1666  0.39655017852783203
1434  0.39655008912086487
1309  0.39653480052948
804  0.3965330719947815
757  0.3965213894844055
352  0.3964972496032715
1155  0.3964824974536896
1671  0.39647138118743896
283  0.39647072553634644
1662  0.39645451307296753
1639  0.39644506573677063
965  0.39644500613212585
4  0.3964357078075409
1382  0.3964352607727051
1464  0.396419882774353
379  0.39640867710113525
1196  0.3963996469974518
1651  0.39639225602149963
373  0.39639216661453247
1642  0.39638563990592957
1555  0.39638397097587585
1522  0.39637744426727295
151  0.3963768184185028
1477  0.3963712751865387
578  0.39635351300239563
581  0.3963492810726166
822  0.3963487148284912
1438  0.3963387608528137
779  0.39633724093437195
1446  0.3963257968425751
1646  0.39631178975105286
1453  0.39630326628685
1177  0.3962828814983368
436  0.396282821893692
433  0.39628130197525024
683  0.39626544713974
377  0.396264910697937
569  0.3962644636631012
861  0.39625853300094604
744  0.39625734090805054
1443  0.39625421166419983
1424  0.39624732732772827
489  0.39622172713279724
74  0.39622071385383606
1490  0.396218866109848
555  0.39620867371559143
695  0.3962085247039795
86  0.3961981236934662
392  0.3961976170539856
233  0.39619341492652893
1158  0.396170437335968
540  0.3961625099182129
358  0.39616018533706665
134  0.3961541950702667
226  0.39615148305892944
1246  0.3961452841758728
1568  0.3961222469806671
218  0.39611560106277466
1248  0.39611387252807617
1406  0.39611348509788513
204  0.3961021900177002
148  0.3960821032524109
1023  0.3960745632648468
1701  0.3960627019405365
636  0.3960619866847992
565  0.39605575799942017
1634  0.3960549831390381
546  0.3960522413253784
1388  0.3960500657558441
858  0.39604541659355164
1618  0.3960440158843994
1763  0.3960428833961487
1529  0.3960428535938263
457  0.3960409462451935
423  0.39603090286254883
512  0.39602306485176086
494  0.39601290225982666
558  0.3959958553314209
1672  0.3959945738315582
1473  0.3959812521934509
1337  0.3959808051586151
94  0.3959686756134033
1379  0.3959580957889557
1549  0.39595699310302734
1391  0.3959420621395111
1266  0.3959410786628723
854  0.39593830704689026
1189  0.3959328234195709
1663  0.39592963457107544
274  0.3959265351295471
1131  0.3959253132343292
599  0.39592450857162476
310  0.395923912525177
783  0.3959212303161621
1167  0.3959212303161621
1683  0.39591965079307556
782  0.39591696858406067
1398  0.395915150642395
1265  0.3959100544452667
1725  0.3959046006202698
610  0.39590293169021606
498  0.39589551091194153
376  0.3958892524242401
328  0.39588895440101624
574  0.3958723545074463
267  0.3958647549152374
1532  0.3958645462989807
1587  0.39586248993873596
1366  0.3958549499511719
651  0.3958453834056854
385  0.39584439992904663
346  0.39584264159202576
1369  0.3958412706851959
1525  0.3958318531513214
1096  0.39582231640815735
427  0.3958074152469635
1746  0.3958072066307068
215  0.39579877257347107
556  0.3957977890968323
1644  0.39579513669013977
188  0.3957928717136383
1429  0.39578965306282043
1745  0.3957819640636444
249  0.3957815170288086
185  0.39577770233154297
1544  0.3957764208316803
1616  0.3957674503326416
1713  0.39576342701911926
824  0.3957611620426178
633  0.3957449495792389
1459  0.39573344588279724
735  0.39572811126708984
539  0.3957180380821228
571  0.39571675658226013
1521  0.39571118354797363
167  0.39570194482803345
1535  0.39568400382995605
1540  0.3956792652606964
756  0.3956790864467621
1440  0.3956787586212158
649  0.39567771553993225
523  0.3956684172153473
63  0.39566460251808167
660  0.39566344022750854
679  0.39566168189048767
82  0.3956606090068817
519  0.3956604599952698
353  0.3956490457057953
1227  0.3956349790096283
1380  0.39562469720840454
1633  0.39559781551361084
1764  0.39558500051498413
305  0.39558419585227966
625  0.3955825865268707
868  0.39557114243507385
360  0.39555931091308594
577  0.3955504894256592
1661  0.3955501914024353
1405  0.3955499827861786
1456  0.3955303132534027
266  0.3955252468585968
432  0.3955017626285553
1256  0.3955013155937195
206  0.3954971432685852
836  0.39548468589782715
1578  0.39547908306121826
1534  0.3954704999923706
438  0.3954571485519409
269  0.395456999540329
302  0.3954535722732544
781  0.39544326066970825
189  0.39544031023979187
573  0.3954332172870636
1423  0.39543214440345764
1552  0.39539921283721924
1728  0.39538729190826416
496  0.39538684487342834
630  0.3953842520713806
123  0.3953750729560852
541  0.39535754919052124
566  0.39534324407577515
1727  0.3953247666358948
616  0.3953198194503784
513  0.3953171372413635
553  0.3953145444393158
243  0.39530453085899353
25  0.3952920436859131
1421  0.39528825879096985
684  0.3952866494655609
648  0.39528170228004456
397  0.3952811062335968
604  0.39527446031570435
1509  0.3952653706073761
662  0.39522886276245117
414  0.3952098786830902
537  0.3952089846134186
1458  0.3952050507068634
166  0.39519014954566956
348  0.39518916606903076
124  0.3951834440231323
618  0.3951813578605652
1622  0.39517369866371155
1620  0.39516058564186096
1743  0.3951454758644104
232  0.39514225721359253
1712  0.39513087272644043
767  0.39512476325035095
1533  0.39512261748313904
1165  0.3951171040534973
1566  0.39511287212371826
1638  0.39511024951934814
1750  0.3951016962528229
646  0.3950996994972229
49  0.39509880542755127
1360  0.3950963020324707
1610  0.3950870931148529
1761  0.3950667083263397
533  0.39505693316459656
1615  0.3950563669204712
1328  0.3950497508049011
26  0.3950461745262146
112  0.3950461745262146
1710  0.39504382014274597
413  0.3950370252132416
1457  0.3950362801551819
1169  0.395035058259964
1641  0.3950348496437073
1465  0.39503470063209534
1536  0.39502549171447754
327  0.39502185583114624
697  0.39501887559890747
1715  0.39501670002937317
446  0.3950154483318329
214  0.3949652314186096
132  0.39495742321014404
421  0.39495545625686646
50  0.39495429396629333
1347  0.3949238061904907
832  0.39492157101631165
1711  0.39491620659828186
289  0.3949049711227417
509  0.39488014578819275
1482  0.3948768675327301
1520  0.39486467838287354
393  0.3948632776737213
1340  0.3948579430580139
147  0.39485108852386475
764  0.3948356807231903
609  0.39482396841049194
585  0.39481979608535767
165  0.39481672644615173
93  0.3948119878768921
241  0.39480921626091003
1367  0.39480817317962646
747  0.39479774236679077
1404  0.394792765378952
991  0.3947899341583252
551  0.39477694034576416
1626  0.3947749733924866
869  0.3947744369506836
499  0.3947718143463135
522  0.3947702944278717
1463  0.3947458267211914
1557  0.3947376012802124
700  0.3947356641292572
1466  0.39473557472229004
1547  0.3947345018386841
1452  0.3947269320487976
872  0.39472514390945435
186  0.3947167992591858
378  0.39471229910850525
634  0.3947056531906128
349  0.3946947157382965
212  0.39468076825141907
199  0.39468061923980713
362  0.39465242624282837
1560  0.394652396440506
1497  0.39465081691741943
1645  0.3946461081504822
1336  0.3946230113506317
172  0.39461198449134827
1449  0.39458659291267395
1577  0.39457786083221436
840  0.3945775330066681
681  0.3945770263671875
441  0.3945712149143219
901  0.3945631980895996
1462  0.39456304907798767
315  0.39456069469451904
1684  0.39454352855682373
1543  0.394537091255188
1351  0.3945351541042328
1488  0.39453139901161194
1530  0.3945044279098511
84  0.39449387788772583
1368  0.39449113607406616
1698  0.39448386430740356
173  0.3944692611694336
1447  0.39444461464881897
1356  0.3944314420223236
314  0.3944312632083893
1170  0.39443111419677734
386  0.3944305181503296
1505  0.3944076895713806
1506  0.394398033618927
1697  0.39434000849723816
1729  0.39433926343917847
530  0.39432528614997864
444  0.3943064510822296
449  0.3943043351173401
354  0.3942950367927551
1358  0.3942793607711792
1643  0.39427855610847473
1478  0.39426419138908386
231  0.3942625820636749
1349  0.394255131483078
1461  0.3942181169986725
602  0.3942077159881592
92  0.3941989839076996
1392  0.39419424533843994
442  0.3941829800605774
187  0.39418208599090576
831  0.394172340631485
740  0.394147127866745
1500  0.39413848519325256
455  0.3941285312175751
1600  0.3941134512424469
1541  0.39410898089408875
230  0.3941050171852112
741  0.394086092710495
135  0.3940819203853607
404  0.3940654993057251
517  0.39404019713401794
615  0.3940350413322449
1739  0.39403393864631653
723  0.39402586221694946
1376  0.39402300119400024
520  0.3940206468105316
1450  0.39401376247406006
538  0.3940107226371765
838  0.39399465918540955
1708  0.39398398995399475
855  0.39397794008255005
606  0.39397549629211426
620  0.3939746022224426
1501  0.39395833015441895
1706  0.3939405679702759
605  0.3939206004142761
1430  0.39390280842781067
1504  0.39389705657958984
1652  0.39389535784721375
210  0.3938755989074707
194  0.39386746287345886
234  0.39386287331581116
1487  0.39385998249053955
1679  0.39385998249053955
313  0.393859326839447
340  0.3938590884208679
1621  0.3938590884208679
359  0.393851637840271
1628  0.39384737610816956
408  0.393825888633728
181  0.3938175439834595
113  0.39381590485572815
501  0.39381250739097595
1486  0.3938048779964447
1454  0.3937917947769165
1507  0.3937883973121643
587  0.3937838077545166
191  0.3937837779521942
1491  0.39377471804618835
447  0.3937641382217407
490  0.39375489950180054
290  0.39374202489852905
493  0.39373475313186646
841  0.3937341272830963
207  0.3937300145626068
659  0.3937174379825592
603  0.3937068581581116
338  0.3936936855316162
572  0.3936890661716461
661  0.3936576247215271
1654  0.3936499059200287
584  0.39364588260650635
1341  0.39363303780555725
1508  0.393627405166626
182  0.39361971616744995
833  0.3935982286930084
1359  0.3935944139957428
1357  0.39359045028686523
456  0.39358723163604736
1627  0.39358505606651306
627  0.3935836851596832
582  0.3935731053352356
1408  0.3935543894767761
1640  0.3935529887676239
405  0.39353907108306885
736  0.39353427290916443
193  0.39351293444633484
1353  0.39351144433021545
568  0.3935113549232483
85  0.3935107886791229
1636  0.39346981048583984
334  0.39345186948776245
1374  0.3934440016746521
1339  0.39344337582588196
742  0.39343881607055664
1364  0.3934348225593567
1372  0.39342597126960754
859  0.39342474937438965
401  0.39341655373573303
1553  0.39341142773628235
183  0.39340901374816895
1619  0.39340898394584656
1733  0.3934006989002228
270  0.3933819830417633
1409  0.39337101578712463
664  0.393351286649704
617  0.3933488130569458
351  0.39334169030189514
478  0.39334025979042053
1338  0.3933389186859131
507  0.39333564043045044
667  0.39333298802375793
663  0.3933323919773102
835  0.393312007188797
1598  0.39330819249153137
1539  0.39330562949180603
629  0.3932902216911316
1579  0.3932870328426361
766  0.3932814300060272
1362  0.393276184797287
286  0.3932565152645111
273  0.3932530879974365
406  0.3932449221611023
591  0.3932448625564575
1655  0.39321988821029663
347  0.3932045102119446
250  0.3931998908519745
1597  0.39319726824760437
588  0.3931955397129059
1496  0.3931658864021301
272  0.3931443691253662
1498  0.39313074946403503
177  0.3931088447570801
803  0.3930807113647461
1361  0.3930796682834625
115  0.393069863319397
399  0.3930458724498749
1548  0.3930426836013794
1632  0.3930371403694153
1370  0.39303696155548096
1481  0.3930239975452423
666  0.3929734528064728
1407  0.39297059178352356
1492  0.3929527699947357
211  0.3929360508918762
839  0.39293259382247925
1747  0.3929119110107422
583  0.39290809631347656
1558  0.3929053544998169
811  0.3929044008255005
277  0.39288783073425293
178  0.392851859331131
1448  0.3928515911102295
1740  0.39284515380859375
450  0.3928355872631073
656  0.39283522963523865
443  0.3928271234035492
235  0.39280542731285095
1371  0.3927707076072693
1483  0.3927536904811859
262  0.3926961123943329
1681  0.39268311858177185
837  0.3926810324192047
311  0.3926691710948944
1542  0.3926621377468109
1741  0.3926606774330139
271  0.392645925283432
1685  0.39262518286705017
518  0.39259931445121765
1717  0.3925979733467102
647  0.3925958573818207
197  0.3925916850566864
1630  0.3925829231739044
480  0.39258167147636414
451  0.3925548493862152
1564  0.39253875613212585
579  0.3925357758998871
213  0.3925151526927948
284  0.39247870445251465
567  0.3924781382083893
1635  0.39246439933776855
613  0.3924480974674225
614  0.3924240171909332
428  0.3924234211444855
1460  0.3923965096473694
390  0.39238446950912476
1631  0.3923552334308624
482  0.39232298731803894
339  0.39231574535369873
1742  0.39229297637939453
521  0.3922742009162903
1523  0.39223501086235046
1157  0.3921995759010315
1394  0.3921988308429718
196  0.3921918272972107
179  0.3921608030796051
1637  0.39214223623275757
333  0.39213380217552185
330  0.3921024799346924
1348  0.39205488562583923
1384  0.39203155040740967
326  0.3920268714427948
371  0.39202672243118286
329  0.3920186460018158
175  0.3919904828071594
291  0.391957551240921
823  0.39194947481155396
237  0.3919248878955841
1762  0.3919082581996918
1363  0.3919049799442291
1659  0.3918748199939728
1484  0.39184704422950745
497  0.39183127880096436
343  0.3918198049068451
1601  0.3918072581291199
344  0.3917618989944458
600  0.3917337954044342
388  0.3917255401611328
492  0.39172041416168213
239  0.39169201254844666
1599  0.39167091250419617
516  0.39164111018180847
192  0.39163845777511597
337  0.39162543416023254
300  0.39162516593933105
1485  0.3916219472885132
1657  0.39159920811653137
1656  0.39158356189727783
335  0.39157193899154663
394  0.3915361166000366
619  0.39152300357818604
515  0.39150017499923706
1381  0.39147186279296875
601  0.3914204239845276
454  0.3914192020893097
590  0.39136481285095215
1673  0.39136171340942383
575  0.3913596570491791
514  0.39130324125289917
1393  0.39124444127082825
331  0.39122751355171204
834  0.39122676849365234
628  0.39121606945991516
1716  0.3911340534687042
1653  0.39111530780792236
1707  0.3910848796367645
607  0.391065776348114
1676  0.3910597562789917
1562  0.39104124903678894
240  0.3910176455974579
1563  0.39101189374923706
506  0.3909243941307068
1574  0.39086630940437317
387  0.39085280895233154
195  0.3908142149448395
342  0.39077967405319214
1660  0.39070889353752136
345  0.39064913988113403
236  0.3905718922615051
341  0.3905251622200012
504  0.3904535174369812
1576  0.3904256522655487
452  0.39039698243141174
1502  0.39031049609184265
400  0.3903084695339203
491  0.39029407501220703
209  0.3902777135372162
238  0.39023053646087646
1561  0.3900812268257141
1680  0.39004090428352356
1677  0.38994356989860535
612  0.3899315595626831
176  0.38992416858673096
180  0.38989609479904175
391  0.38987958431243896
389  0.3898594379425049
1499  0.389789879322052
743  0.38976433873176575
576  0.3897497057914734
1682  0.38973379135131836
198  0.389715313911438
1524  0.38969647884368896
1575  0.3896470367908478
1519  0.38963398337364197
665  0.3895334005355835
336  0.38941600918769836
312  0.38941365480422974
481  0.3893301784992218
248  0.3891041576862335
1658  0.38906484842300415
278  0.3890322744846344
589  0.3890257775783539
208  0.38896119594573975
1678  0.38894057273864746
505  0.38887739181518555
453  0.38875532150268555
503  0.388642817735672
1749  0.3886367678642273
860  0.3878629803657532
502  0.38782867789268494
1748  0.3870410919189453
