1  0.4224156141281128
985  0.4194711744785309
597  0.40847525000572205
596  0.40729060769081116
590  0.40669676661491394
591  0.40669071674346924
656  0.4065850079059601
594  0.40606772899627686
664  0.40583279728889465
489  0.405696839094162
2  0.40565136075019836
524  0.4055987596511841
686  0.40527480840682983
665  0.40506067872047424
669  0.4050021171569824
592  0.4049639403820038
738  0.40495288372039795
719  0.4047888517379761
718  0.40471160411834717
627  0.4046725630760193
753  0.4045896530151367
499  0.4044964015483856
720  0.40441957116127014
609  0.404196560382843
593  0.40417054295539856
670  0.40414389967918396
671  0.4039447009563446
907  0.40390288829803467
681  0.40355533361434937
931  0.40352219343185425
595  0.4029967188835144
448  0.40292003750801086
589  0.40286877751350403
29  0.4028317332267761
498  0.4027855396270752
721  0.402746319770813
782  0.4026849865913391
661  0.40247440338134766
701  0.4023949205875397
127  0.40238288044929504
766  0.4023801386356354
461  0.4023359417915344
779  0.40231549739837646
463  0.4022688865661621
468  0.40226656198501587
700  0.40217188000679016
588  0.4021633267402649
660  0.40203893184661865
527  0.4020114839076996
810  0.40198633074760437
598  0.40189385414123535
605  0.4018082022666931
528  0.4017494022846222
264  0.4017314016819
752  0.4017163813114166
578  0.40170031785964966
456  0.4016920030117035
130  0.4014746844768524
672  0.40145716071128845
746  0.40143120288848877
249  0.40137049555778503
628  0.4013696610927582
606  0.40135321021080017
497  0.40130022168159485
608  0.4012719690799713
751  0.401226669549942
633  0.40122362971305847
500  0.4010918438434601
572  0.40107569098472595
932  0.40107235312461853
714  0.4010266363620758
754  0.401021271944046
767  0.4009910225868225
759  0.40096768736839294
896  0.40096357464790344
84  0.40093839168548584
642  0.4009230434894562
525  0.40089869499206543
736  0.4008465111255646
786  0.4008296728134155
744  0.4008183479309082
571  0.4008115828037262
95  0.4007829427719116
580  0.4007702171802521
586  0.40070053935050964
610  0.4006797969341278
459  0.40067005157470703
682  0.4006236493587494
287  0.4005974233150482
626  0.40058818459510803
765  0.4004552364349365
369  0.40042799711227417
828  0.4004192054271698
607  0.40041035413742065
526  0.40040484070777893
604  0.4003216028213501
984  0.4002941846847534
716  0.40029242634773254
739  0.40027284622192383
581  0.40026673674583435
811  0.40025243163108826
246  0.40022245049476624
659  0.4001854658126831
674  0.4001845717430115
803  0.4001578390598297
248  0.4001232981681824
467  0.40005379915237427
247  0.40005290508270264
460  0.40003257989883423
745  0.4000283181667328
550  0.4000261723995209
504  0.39999938011169434
663  0.3999824523925781
680  0.3999790847301483
579  0.39996933937072754
657  0.39993295073509216
658  0.3998815417289734
892  0.39987048506736755
897  0.3998427391052246
646  0.3997933566570282
679  0.3997614085674286
272  0.3996719419956207
582  0.39966991543769836
371  0.3996596336364746
824  0.39954739809036255
314  0.39950454235076904
737  0.39947596192359924
778  0.39947113394737244
270  0.3994591534137726
948  0.3994580805301666
930  0.39945143461227417
685  0.39943990111351013
722  0.3993959426879883
634  0.3993788957595825
858  0.3993707299232483
447  0.3993135392665863
816  0.39926648139953613
599  0.39921289682388306
916  0.39917975664138794
462  0.3991736173629761
666  0.3991704285144806
567  0.3991658389568329
3  0.39916515350341797
960  0.3991566002368927
673  0.3990955352783203
555  0.39908307790756226
927  0.39907214045524597
570  0.3990595042705536
705  0.3990408778190613
741  0.3990404009819031
364  0.3990198075771332
548  0.39901891350746155
34  0.39899393916130066
315  0.39898747205734253
743  0.3989417254924774
587  0.3989357054233551
132  0.3989329934120178
750  0.3989110589027405
915  0.3988959491252899
424  0.39887872338294983
551  0.3988608717918396
26  0.39884647727012634
723  0.39879798889160156
481  0.39878547191619873
535  0.39876487851142883
641  0.39875322580337524
612  0.3987360894680023
93  0.398731529712677
813  0.3987194001674652
539  0.3987143337726593
768  0.3987090289592743
549  0.39869681000709534
495  0.39868029952049255
83  0.398652583360672
452  0.3986513018608093
856  0.39861419796943665
569  0.39859458804130554
764  0.3985919654369354
808  0.3985719382762909
655  0.39854761958122253
890  0.3985322415828705
815  0.3984934687614441
556  0.3984816372394562
297  0.3984476625919342
717  0.39844009280204773
288  0.3984376788139343
557  0.39841610193252563
706  0.3984058201313019
925  0.39839425683021545
951  0.39834776520729065
617  0.3983306586742401
946  0.3983134627342224
909  0.3982722759246826
464  0.3982621729373932
501  0.39824390411376953
554  0.39824026823043823
950  0.3982364237308502
446  0.3982354998588562
917  0.39823514223098755
458  0.3982214331626892
455  0.3982163071632385
14  0.3982158601284027
725  0.3982137441635132
496  0.39821240305900574
624  0.39820995926856995
471  0.398196280002594
677  0.398160457611084
613  0.3981466591358185
514  0.3981044590473175
28  0.39810124039649963
920  0.39806103706359863
488  0.3980455696582794
533  0.39803841710090637
365  0.3980305790901184
91  0.3979988694190979
625  0.3979262411594391
983  0.39790239930152893
797  0.3978833556175232
313  0.39788153767585754
733  0.397875040769577
401  0.3978632688522339
653  0.3978324830532074
781  0.3978319466114044
874  0.3978285789489746
926  0.39778491854667664
540  0.39776623249053955
704  0.39775142073631287
787  0.3977373540401459
180  0.3977366089820862
953  0.397735059261322
259  0.397725373506546
707  0.3977075219154358
742  0.3977070748806
893  0.3976987600326538
470  0.39769312739372253
92  0.39767104387283325
740  0.3976219594478607
952  0.3975938558578491
298  0.3975275456905365
505  0.3975261449813843
494  0.3975166082382202
791  0.3975053131580353
96  0.3974790573120117
649  0.3974777162075043
544  0.39747363328933716
129  0.3974633812904358
732  0.3974250853061676
94  0.3974243998527527
849  0.3974190354347229
363  0.39740487933158875
690  0.39740148186683655
654  0.39739763736724854
131  0.3973703980445862
871  0.39736032485961914
299  0.3973243832588196
726  0.39732423424720764
531  0.39731985330581665
761  0.3972656726837158
155  0.39726245403289795
919  0.3972609341144562
675  0.3972245156764984
295  0.39722001552581787
702  0.3971811532974243
731  0.39717501401901245
662  0.39717382192611694
370  0.397140234708786
573  0.39713653922080994
724  0.39713552594184875
252  0.39709773659706116
886  0.3970956802368164
631  0.3970656991004944
734  0.39704659581184387
8  0.3970124423503876
445  0.39698171615600586
414  0.3969758152961731
415  0.3969615399837494
545  0.3969556391239166
848  0.3969517648220062
512  0.39693769812583923
683  0.3969050943851471
271  0.3968932628631592
153  0.39688676595687866
829  0.3968469798564911
156  0.3968448340892792
351  0.39683058857917786
982  0.3968249559402466
872  0.3968164324760437
760  0.3968077301979065
388  0.39678192138671875
923  0.39674264192581177
857  0.3967319428920746
758  0.39671894907951355
860  0.3967133164405823
651  0.3966902196407318
668  0.39665713906288147
678  0.3966497778892517
403  0.3966454267501831
650  0.39664503931999207
703  0.3966197371482849
647  0.3966187834739685
713  0.3966064453125
807  0.396589994430542
825  0.3965790271759033
320  0.39656388759613037
929  0.396554559469223
616  0.39652228355407715
827  0.39651116728782654
814  0.39650437235832214
565  0.396497905254364
472  0.396472692489624
523  0.3964695334434509
387  0.39646247029304504
908  0.39644932746887207
75  0.3964323401451111
532  0.39641863107681274
667  0.39641523361206055
749  0.3964090347290039
4  0.3963940739631653
302  0.3963907063007355
710  0.39638516306877136
784  0.39638444781303406
486  0.3963574767112732
503  0.3963533639907837
566  0.39632534980773926
629  0.3962661027908325
921  0.3962589502334595
961  0.39625224471092224
372  0.3962005376815796
635  0.3961925804615021
35  0.3961724638938904
866  0.3961693048477173
469  0.39614972472190857
971  0.3961402177810669
618  0.39613935351371765
97  0.3961319029331207
583  0.39610788226127625
928  0.39607900381088257
541  0.39607447385787964
924  0.3960742652416229
603  0.3960694372653961
250  0.396062433719635
637  0.39606165885925293
487  0.3960466980934143
763  0.3960397243499756
747  0.396034836769104
253  0.3960177004337311
502  0.39601483941078186
449  0.39601394534111023
568  0.3960084319114685
790  0.39600270986557007
600  0.3959806561470032
698  0.3959736227989197
397  0.3959539234638214
792  0.3959462642669678
18  0.3959350287914276
640  0.39593368768692017
891  0.39592623710632324
785  0.395921915769577
511  0.39591294527053833
867  0.395891398191452
632  0.39588889479637146
513  0.3958863914012909
795  0.3958832323551178
748  0.3958822786808014
244  0.3958614468574524
636  0.39585351943969727
762  0.3958437442779541
529  0.3958132565021515
802  0.39579957723617554
895  0.39577817916870117
546  0.39575549960136414
830  0.39575400948524475
564  0.39575159549713135
711  0.39574554562568665
411  0.3957454264163971
493  0.39572757482528687
238  0.39570295810699463
108  0.3956811726093292
794  0.3956754207611084
145  0.3956734240055084
174  0.39566877484321594
128  0.39565935730934143
12  0.3956506848335266
774  0.3956488072872162
466  0.3956415057182312
776  0.39559972286224365
577  0.39559823274612427
179  0.3955838680267334
611  0.39558038115501404
715  0.3955209255218506
21  0.39551809430122375
13  0.3955017626285553
427  0.3954874277114868
614  0.3954751193523407
517  0.3954693078994751
27  0.395417183637619
981  0.39541229605674744
154  0.39540034532546997
859  0.39539045095443726
404  0.3953881859779358
183  0.3953644931316376
643  0.3953619599342346
442  0.395355761051178
31  0.3953523635864258
135  0.3953365981578827
780  0.3953322768211365
521  0.3953298330307007
400  0.39531201124191284
684  0.39528459310531616
393  0.3952788710594177
251  0.3952588438987732
648  0.39523184299468994
694  0.39521870017051697
769  0.3951999843120575
243  0.3951985538005829
436  0.39519476890563965
901  0.39517685770988464
328  0.3951658308506012
585  0.39515507221221924
491  0.39513280987739563
20  0.39512184262275696
267  0.3951018452644348
142  0.39509260654449463
296  0.3950703740119934
435  0.3950630724430084
177  0.39506053924560547
630  0.3950575888156891
82  0.39505213499069214
937  0.3950237035751343
696  0.3950202763080597
534  0.3950071334838867
536  0.39496612548828125
913  0.3949655592441559
30  0.39496031403541565
426  0.394925594329834
695  0.39489561319351196
245  0.3948778808116913
242  0.3948531150817871
465  0.39484795928001404
615  0.3948420584201813
490  0.3948415219783783
319  0.3948289752006531
687  0.3948250114917755
691  0.3948171138763428
543  0.3947835862636566
883  0.3947598934173584
601  0.39473646879196167
727  0.39472949504852295
475  0.3947291970252991
16  0.3947262167930603
483  0.39471256732940674
301  0.394706130027771
239  0.39470192790031433
485  0.39468613266944885
88  0.3946821093559265
289  0.39468032121658325
812  0.394649863243103
838  0.3946368396282196
476  0.3946143686771393
558  0.39461061358451843
416  0.39460551738739014
191  0.3945794999599457
90  0.3945794701576233
863  0.3945655822753906
357  0.3945629894733429
405  0.39454910159111023
482  0.39454561471939087
645  0.3945314288139343
279  0.39451926946640015
855  0.3945086598396301
454  0.3945067226886749
789  0.3944932222366333
777  0.3944759964942932
450  0.39447495341300964
274  0.3944564163684845
508  0.39444881677627563
639  0.39443185925483704
918  0.3944261372089386
143  0.394380122423172
254  0.39437535405158997
530  0.39436161518096924
273  0.3943425714969635
389  0.3943382203578949
120  0.3943190574645996
67  0.39431726932525635
451  0.3943142294883728
796  0.3942977488040924
688  0.39429765939712524
89  0.39428889751434326
945  0.3942856192588806
412  0.3942855894565582
887  0.3942733108997345
7  0.3942725658416748
836  0.3942231833934784
771  0.39415815472602844
783  0.39415016770362854
602  0.3941414952278137
875  0.39413830637931824
294  0.39413297176361084
735  0.3941236734390259
939  0.3940905034542084
847  0.3940713703632355
285  0.3940093219280243
839  0.39399316906929016
889  0.3939615786075592
562  0.3939048945903778
933  0.3938969075679779
975  0.39385542273521423
898  0.3938499391078949
831  0.3938375413417816
708  0.39380213618278503
772  0.39379772543907166
800  0.3937808871269226
391  0.39375239610671997
575  0.3937492072582245
419  0.39374786615371704
79  0.39374062418937683
936  0.393726110458374
947  0.3937235474586487
187  0.39371800422668457
85  0.3937080502510071
275  0.3937036693096161
10  0.39369451999664307
317  0.3936525285243988
793  0.3936292231082916
305  0.39360174536705017
258  0.3935968279838562
914  0.393534779548645
966  0.39353272318840027
360  0.39348796010017395
190  0.3934817612171173
25  0.39348143339157104
175  0.39347484707832336
480  0.3934508264064789
376  0.39344993233680725
693  0.39344942569732666
884  0.39343491196632385
676  0.3934294283390045
457  0.3934231698513031
846  0.39341697096824646
453  0.3933957815170288
563  0.39336642622947693
423  0.3933486342430115
912  0.3933370113372803
542  0.3933206796646118
899  0.3933206796646118
125  0.39331477880477905
809  0.3933146893978119
638  0.3933069407939911
900  0.3933025300502777
117  0.3932749330997467
188  0.3932732343673706
236  0.39323893189430237
574  0.3932100236415863
537  0.39320850372314453
121  0.3932020962238312
399  0.39318031072616577
805  0.39315977692604065
19  0.3931424617767334
755  0.3931410312652588
76  0.3931407332420349
440  0.3931049406528473
232  0.39308542013168335
853  0.39307743310928345
367  0.3930693566799164
203  0.39305976033210754
146  0.3930404782295227
276  0.3930390775203705
345  0.3930211067199707
381  0.3930123448371887
699  0.3930123448371887
477  0.3930108845233917
870  0.3929990231990814
770  0.3929949998855591
420  0.3929940164089203
72  0.392975389957428
330  0.3929673433303833
373  0.39296093583106995
873  0.3929438889026642
979  0.3929327428340912
861  0.39293238520622253
331  0.39290139079093933
977  0.3928983807563782
329  0.3928947448730469
352  0.3928886353969574
538  0.39287981390953064
431  0.39287325739860535
835  0.3928702175617218
126  0.3928612768650055
728  0.39285963773727417
263  0.39284661412239075
278  0.39284420013427734
15  0.39283302426338196
473  0.39280828833580017
176  0.3927982747554779
959  0.3927832245826721
958  0.392764151096344
162  0.3927507698535919
826  0.3927355408668518
11  0.39273449778556824
438  0.39269229769706726
712  0.3926553726196289
316  0.3926444351673126
311  0.3926401436328888
116  0.3926301598548889
949  0.39257946610450745
358  0.39257049560546875
105  0.3925444185733795
378  0.3925425708293915
881  0.39251619577407837
906  0.3924995958805084
68  0.3924922049045563
821  0.3924899995326996
150  0.3924678862094879
842  0.3924654424190521
37  0.39245498180389404
134  0.3924526572227478
160  0.3924468457698822
837  0.39243191480636597
560  0.39242106676101685
220  0.3924129903316498
697  0.39239099621772766
6  0.39239028096199036
507  0.3923783600330353
59  0.39236223697662354
74  0.39234650135040283
552  0.39233869314193726
922  0.3923072814941406
788  0.39228275418281555
355  0.3922734558582306
80  0.3922705352306366
402  0.3922656774520874
202  0.39226195216178894
757  0.3922577500343323
375  0.3922309875488281
441  0.3922262191772461
362  0.39222416281700134
775  0.392223060131073
241  0.392130970954895
212  0.3921251595020294
862  0.3920956552028656
223  0.39209461212158203
729  0.3920808732509613
98  0.39208006858825684
186  0.3920736312866211
62  0.3920522928237915
869  0.392050176858902
804  0.3920021057128906
277  0.3919837772846222
817  0.39197322726249695
312  0.3919699788093567
911  0.391966849565506
584  0.39189454913139343
980  0.391865998506546
36  0.391822874546051
885  0.39180633425712585
159  0.39179402589797974
344  0.39179345965385437
240  0.39179205894470215
622  0.3917780816555023
332  0.39176657795906067
192  0.3917485773563385
819  0.39174342155456543
343  0.3917285203933716
905  0.391708642244339
506  0.39169496297836304
559  0.39169496297836304
692  0.39169326424598694
157  0.3916887640953064
379  0.39166679978370667
398  0.39166224002838135
148  0.3916599154472351
879  0.3916570544242859
843  0.3916279077529907
561  0.39160454273223877
338  0.3915858268737793
938  0.39157742261886597
644  0.3915632665157318
32  0.3915582597255707
509  0.39154675602912903
806  0.3915442228317261
832  0.3915424644947052
437  0.3915254473686218
479  0.3915184736251831
880  0.3914949297904968
61  0.39149466156959534
104  0.3914868235588074
200  0.39146485924720764
185  0.39146047830581665
119  0.3914538323879242
474  0.39145269989967346
422  0.39143314957618713
396  0.3914155066013336
963  0.3914056122303009
23  0.3913966119289398
323  0.3913915753364563
257  0.3913816511631012
425  0.3913581967353821
773  0.39135563373565674
303  0.39135417342185974
22  0.3913508951663971
406  0.3913450837135315
161  0.39133161306381226
833  0.39132651686668396
689  0.39132410287857056
291  0.3912549316883087
193  0.3912229835987091
293  0.39122095704078674
86  0.39119192957878113
444  0.39118868112564087
730  0.39115065336227417
308  0.3911397457122803
106  0.39112624526023865
265  0.3911227285861969
266  0.3910931348800659
976  0.39104437828063965
141  0.39102303981781006
255  0.39101406931877136
443  0.39100590348243713
137  0.3910045623779297
350  0.39100125432014465
970  0.39098745584487915
652  0.390942245721817
144  0.39089319109916687
198  0.3908911347389221
234  0.39085695147514343
756  0.39085647463798523
962  0.39084604382514954
967  0.3908270299434662
876  0.3908238112926483
841  0.3907875716686249
225  0.3907816410064697
107  0.3907700777053833
300  0.39076024293899536
5  0.39075908064842224
973  0.39074617624282837
17  0.39072078466415405
478  0.39070674777030945
113  0.39070555567741394
409  0.3906998634338379
348  0.39069080352783203
439  0.3906624913215637
49  0.3906548023223877
347  0.39063137769699097
553  0.39061108231544495
366  0.39061009883880615
77  0.3905990421772003
428  0.3905799686908722
353  0.3905644118785858
201  0.39055365324020386
221  0.3905339241027832
102  0.39052098989486694
181  0.3905048370361328
52  0.3904810845851898
954  0.39046499133110046
9  0.39045771956443787
81  0.3904523551464081
484  0.3904460370540619
327  0.3904406726360321
418  0.39039456844329834
51  0.3903762698173523
834  0.39034393429756165
956  0.39034122228622437
519  0.39031487703323364
377  0.39029639959335327
178  0.39028221368789673
138  0.3902793824672699
230  0.3902778923511505
342  0.3902665972709656
408  0.3902488648891449
261  0.3902343809604645
840  0.3902127742767334
619  0.39021122455596924
222  0.3901985287666321
133  0.39017385244369507
58  0.3901281952857971
850  0.3901219069957733
333  0.3901109993457794
902  0.390107661485672
189  0.3900964856147766
109  0.3900908827781677
321  0.3900895118713379
115  0.3900887668132782
433  0.3900774121284485
522  0.39006316661834717
341  0.3900591731071472
231  0.39005279541015625
361  0.3899971544742584
233  0.38995128870010376
385  0.38993820548057556
515  0.3899310231208801
547  0.38993051648139954
894  0.389925092458725
168  0.3899214267730713
227  0.38991326093673706
256  0.3899041414260864
520  0.3898996412754059
903  0.38989949226379395
262  0.3898981809616089
801  0.38989442586898804
854  0.38989368081092834
184  0.38984882831573486
823  0.3898404836654663
944  0.3898262679576874
24  0.38982099294662476
45  0.3898170292377472
934  0.3897644877433777
66  0.38973793387413025
286  0.38973620533943176
33  0.3897313177585602
140  0.38968923687934875
978  0.38963747024536133
224  0.38961806893348694
410  0.38961344957351685
237  0.3896128535270691
957  0.3896099030971527
799  0.3895711600780487
226  0.38954585790634155
935  0.3895294964313507
356  0.3895222544670105
492  0.3895195722579956
868  0.38950613141059875
307  0.3895055055618286
955  0.3895045220851898
621  0.3894886076450348
336  0.3894536793231964
152  0.38944584131240845
380  0.3894016146659851
974  0.3893725574016571
709  0.3893633782863617
210  0.38934749364852905
413  0.3892929255962372
290  0.38927677273750305
151  0.38924625515937805
139  0.3891746699810028
576  0.3891485333442688
199  0.38913694024086
99  0.3891074061393738
100  0.3890923857688904
942  0.38909026980400085
864  0.3890659809112549
337  0.3890543282032013
309  0.3890177607536316
432  0.38901516795158386
136  0.38899973034858704
969  0.3889961540699005
173  0.38898220658302307
865  0.3889462649822235
434  0.3889235258102417
53  0.3889009654521942
888  0.38889145851135254
324  0.3888552486896515
112  0.3888081908226013
882  0.3887835144996643
50  0.3887809216976166
123  0.3887802064418793
54  0.38878002762794495
306  0.3887791037559509
417  0.3887564539909363
260  0.3887558579444885
318  0.3887016177177429
158  0.3886832892894745
194  0.3886566460132599
165  0.38864684104919434
122  0.38862574100494385
38  0.3885795474052429
48  0.3885533809661865
374  0.38855114579200745
516  0.3885365426540375
910  0.3885335922241211
968  0.3885228633880615
964  0.388506680727005
430  0.3884774446487427
229  0.3884175419807434
798  0.38840463757514954
44  0.3883177638053894
219  0.3883155286312103
518  0.3882588744163513
972  0.3882574439048767
390  0.3882519006729126
124  0.3882075548171997
118  0.38820645213127136
359  0.3881646692752838
852  0.3880949318408966
114  0.3880508840084076
60  0.3880382478237152
310  0.3880123496055603
211  0.3879737854003906
64  0.3879697024822235
63  0.3879070580005646
339  0.38790544867515564
204  0.38790252804756165
392  0.3878753185272217
182  0.3878574073314667
235  0.38783901929855347
386  0.38783159852027893
167  0.38780248165130615
384  0.3877940773963928
818  0.38777169585227966
334  0.38776639103889465
87  0.3877423107624054
354  0.38770660758018494
382  0.38767966628074646
346  0.3876783847808838
822  0.38765913248062134
851  0.3876578211784363
47  0.3876323699951172
368  0.38747215270996094
282  0.38742128014564514
214  0.3874061405658722
844  0.3873710334300995
326  0.3873633146286011
172  0.3873465657234192
325  0.3873257339000702
340  0.38721174001693726
283  0.3871099054813385
218  0.38708317279815674
941  0.3870415985584259
103  0.38702672719955444
820  0.3870196044445038
965  0.38693705201148987
407  0.38691484928131104
56  0.3869034945964813
164  0.38690000772476196
228  0.38686028122901917
394  0.38684937357902527
166  0.38684210181236267
877  0.3868347108364105
280  0.3867458403110504
904  0.38674402236938477
429  0.38674396276474
845  0.38672685623168945
209  0.38649100065231323
57  0.38648325204849243
205  0.38647547364234924
623  0.3864707350730896
284  0.38642218708992004
878  0.3863220512866974
292  0.3863166570663452
71  0.38631635904312134
421  0.38628271222114563
195  0.3862650692462921
149  0.38619258999824524
73  0.386188268661499
510  0.38614457845687866
349  0.38610461354255676
322  0.3860698640346527
940  0.3859971761703491
207  0.38597869873046875
383  0.38586437702178955
111  0.38584548234939575
78  0.3857768177986145
208  0.38576236367225647
943  0.3857552111148834
268  0.3856029510498047
65  0.3854140043258667
269  0.38512372970581055
304  0.3850921094417572
147  0.3847426772117615
46  0.38471856713294983
216  0.38456103205680847
171  0.38449376821517944
69  0.38411960005760193
215  0.3840685486793518
70  0.38406163454055786
169  0.38391777873039246
620  0.3838270604610443
163  0.38381126523017883
213  0.38372281193733215
42  0.3836623430252075
335  0.38349220156669617
217  0.38348886370658875
206  0.38348475098609924
101  0.3832852244377136
196  0.38273200392723083
281  0.3826955258846283
197  0.38255056738853455
395  0.38250547647476196
39  0.38237667083740234
55  0.3821566700935364
43  0.38154733180999756
41  0.3815160095691681
170  0.3804015815258026
40  0.3789142966270447
110  0.37881404161453247
