1069  0.42594531178474426
1068  0.40796011686325073
1  0.4041341543197632
695  0.4034527838230133
500  0.4028146266937256
754  0.40092214941978455
584  0.4005550742149353
322  0.40047648549079895
775  0.4004459083080292
662  0.40026551485061646
617  0.4001989960670471
880  0.3999387323856354
475  0.3999365568161011
663  0.39988672733306885
86  0.39986732602119446
691  0.39973998069763184
938  0.3997274339199066
714  0.3996254801750183
297  0.399624228477478
616  0.39961880445480347
1042  0.3995988667011261
739  0.3994806110858917
670  0.3993290960788727
716  0.3992399573326111
1037  0.39923223853111267
968  0.3991859257221222
841  0.3990732729434967
733  0.3990662395954132
940  0.39898020029067993
145  0.39889881014823914
828  0.39880675077438354
652  0.3987880051136017
846  0.39878049492836
881  0.3987230062484741
585  0.39871516823768616
664  0.3987046182155609
187  0.39865028858184814
697  0.39855480194091797
792  0.398549348115921
774  0.39840349555015564
671  0.3983643651008606
583  0.39834707975387573
741  0.39832764863967896
642  0.3982809782028198
615  0.3982263207435608
631  0.39815953373908997
579  0.3981342017650604
890  0.3980385363101959
810  0.3979727327823639
107  0.39790409803390503
744  0.3978821337223053
501  0.3978786766529083
939  0.3978676497936249
809  0.39778780937194824
878  0.3977792263031006
745  0.39777708053588867
580  0.39766693115234375
845  0.39764830470085144
347  0.3976341485977173
951  0.3976247310638428
848  0.3976050615310669
85  0.39751487970352173
776  0.39745593070983887
582  0.3974032998085022
690  0.3974008560180664
706  0.3973672091960907
696  0.39727988839149475
746  0.3972446024417877
558  0.39720815420150757
755  0.3971618413925171
763  0.3971432149410248
633  0.397120863199234
722  0.397090345621109
436  0.3970697224140167
308  0.39706364274024963
699  0.3970123529434204
622  0.39691388607025146
743  0.3968579173088074
593  0.39683738350868225
586  0.3968128263950348
772  0.3968072235584259
715  0.3967728316783905
879  0.39676162600517273
657  0.3967393636703491
703  0.39673683047294617
823  0.3966825604438782
532  0.39667341113090515
975  0.3966256082057953
1038  0.39661332964897156
651  0.39657625555992126
877  0.39653098583221436
373  0.3965054452419281
623  0.39648494124412537
530  0.39648231863975525
673  0.3964387774467468
773  0.3964303135871887
693  0.39640459418296814
883  0.3963977098464966
804  0.3963952362537384
661  0.3963778614997864
263  0.39637067914009094
667  0.3963505029678345
267  0.39633771777153015
805  0.39632973074913025
590  0.3963293135166168
692  0.39630991220474243
705  0.39630043506622314
908  0.3962986171245575
597  0.39626529812812805
797  0.3962142765522003
525  0.3961732089519501
704  0.3961522877216339
156  0.3961455225944519
1060  0.39614272117614746
819  0.3961394727230072
827  0.39611685276031494
163  0.3961014449596405
710  0.396075040102005
803  0.3960686922073364
634  0.39602479338645935
822  0.39601612091064453
842  0.3959917724132538
806  0.3959404528141022
328  0.39590999484062195
946  0.39588233828544617
784  0.39578771591186523
961  0.395774781703949
321  0.3957727551460266
882  0.39576491713523865
884  0.3957521617412567
188  0.3957323729991913
981  0.39571383595466614
655  0.3956543505191803
36  0.395650178194046
820  0.3956431746482849
742  0.39562758803367615
672  0.3956153392791748
618  0.3956070840358734
685  0.39560484886169434
808  0.39553871750831604
274  0.39553770422935486
998  0.39543530344963074
778  0.3954026997089386
164  0.3953454792499542
830  0.3953251242637634
698  0.3953152298927307
624  0.39531439542770386
760  0.39529263973236084
108  0.39527589082717896
291  0.3952746093273163
636  0.3952420651912689
470  0.39522624015808105
155  0.3952025771141052
721  0.39520132541656494
533  0.39519762992858887
595  0.39519691467285156
186  0.39518532156944275
840  0.39518412947654724
748  0.3951686918735504
139  0.39514267444610596
958  0.395129531621933
134  0.3951248824596405
588  0.39511170983314514
747  0.3950801491737366
591  0.3950177729129791
734  0.39499497413635254
976  0.3949664831161499
709  0.39493581652641296
596  0.3949055075645447
982  0.3948826789855957
143  0.3948482275009155
852  0.39483726024627686
336  0.3948131203651428
33  0.39480313658714294
1061  0.3947966694831848
165  0.39475780725479126
473  0.3947565257549286
1041  0.3947516977787018
457  0.39474794268608093
791  0.3947071433067322
688  0.3946862518787384
335  0.39467570185661316
770  0.39464855194091797
675  0.39464351534843445
684  0.3945351243019104
753  0.3944786489009857
826  0.39445018768310547
802  0.3944401741027832
435  0.3944128751754761
796  0.3943940997123718
333  0.3943786919116974
945  0.39436912536621094
836  0.394359827041626
967  0.39429837465286255
669  0.39427635073661804
1003  0.3942755460739136
192  0.39426976442337036
855  0.39426836371421814
847  0.39426130056381226
729  0.3942512273788452
1059  0.39421823620796204
75  0.3942070007324219
476  0.39419010281562805
702  0.3941837251186371
499  0.394165575504303
1034  0.3941311836242676
589  0.3941311240196228
1021  0.3941236138343811
458  0.3941088318824768
611  0.3941027820110321
587  0.3940652012825012
604  0.39406174421310425
133  0.39402613043785095
556  0.39401009678840637
292  0.39400598406791687
474  0.39396238327026367
674  0.3939617872238159
544  0.3939584493637085
723  0.39393582940101624
689  0.3939329981803894
316  0.3939230144023895
161  0.39390599727630615
683  0.3939039409160614
788  0.39388972520828247
707  0.3938582241535187
740  0.393857479095459
557  0.3938310742378235
559  0.39381012320518494
668  0.3938077688217163
983  0.39379313588142395
309  0.39379188418388367
635  0.39377519488334656
498  0.3937416076660156
677  0.3937392234802246
1039  0.3937392234802246
129  0.39371949434280396
789  0.3937186896800995
694  0.3937183916568756
954  0.3937053084373474
199  0.3936935365200043
323  0.3936777412891388
314  0.3936399817466736
838  0.3935738801956177
959  0.3935708701610565
832  0.3935559391975403
752  0.3935425281524658
759  0.3935275375843048
296  0.39349690079689026
448  0.39349573850631714
870  0.3934871554374695
619  0.3934610188007355
750  0.3934544622898102
481  0.39345017075538635
764  0.3934444785118103
148  0.3934219479560852
815  0.393393337726593
50  0.3933824598789215
574  0.3933727443218231
138  0.3933461606502533
277  0.39334502816200256
540  0.3933354616165161
843  0.39331144094467163
658  0.39329028129577637
269  0.3932783603668213
539  0.3932693302631378
814  0.39323630928993225
771  0.3932343125343323
761  0.39323151111602783
391  0.3932204246520996
503  0.393200159072876
324  0.3931974470615387
687  0.39319634437561035
383  0.3931845426559448
132  0.39317786693573
486  0.39316707849502563
749  0.3931496739387512
851  0.39313676953315735
1030  0.3931301534175873
712  0.3931238353252411
135  0.3930729031562805
955  0.3930678069591522
535  0.39305683970451355
995  0.39304816722869873
524  0.3930426836013794
531  0.3930284380912781
38  0.39300864934921265
581  0.39299875497817993
793  0.39297935366630554
632  0.39297690987586975
194  0.39295637607574463
769  0.392945259809494
386  0.3929448127746582
676  0.39292824268341064
720  0.39291518926620483
197  0.3929052948951721
131  0.39290374517440796
1036  0.3928987383842468
368  0.39289793372154236
48  0.39289629459381104
1045  0.3928768038749695
575  0.3928701877593994
538  0.3928670585155487
295  0.3928593695163727
505  0.392834335565567
118  0.39281630516052246
592  0.39281466603279114
758  0.3927704393863678
659  0.3927384912967682
1040  0.39273518323898315
415  0.3927192986011505
643  0.39271852374076843
666  0.3927127420902252
382  0.39270442724227905
681  0.39270254969596863
765  0.39270007610321045
560  0.39269596338272095
719  0.3926842510700226
528  0.39265450835227966
371  0.39264050126075745
889  0.39263972640037537
708  0.39262375235557556
193  0.3926067352294922
766  0.39260077476501465
811  0.3925524055957794
701  0.3925521969795227
918  0.3925513029098511
529  0.39250677824020386
477  0.39248335361480713
262  0.3924705684185028
278  0.39244627952575684
578  0.39243876934051514
625  0.39243701100349426
32  0.3924240469932556
109  0.39241132140159607
372  0.3924018442630768
988  0.3923998475074768
565  0.3923838436603546
445  0.3923833966255188
762  0.3923761546611786
534  0.39237070083618164
325  0.3923671841621399
276  0.3923635184764862
895  0.3923596143722534
417  0.3923438787460327
756  0.39230453968048096
686  0.39230209589004517
337  0.39229685068130493
665  0.392289400100708
888  0.3922806680202484
469  0.3922483026981354
455  0.3922223150730133
897  0.39222094416618347
541  0.3922155201435089
1048  0.39221036434173584
147  0.3921952545642853
438  0.39218705892562866
800  0.3921772539615631
355  0.39216676354408264
89  0.39216578006744385
49  0.3921465575695038
849  0.39213913679122925
431  0.3921251595020294
767  0.3921147584915161
837  0.39207836985588074
342  0.3920678198337555
654  0.3920603394508362
993  0.39205506443977356
115  0.3920289874076843
459  0.39202195405960083
942  0.392021507024765
446  0.39200538396835327
2  0.39198166131973267
799  0.39197513461112976
191  0.3919324278831482
757  0.3918927311897278
801  0.3918766975402832
403  0.3918704688549042
224  0.39186298847198486
794  0.3918621838092804
434  0.3918569087982178
969  0.3918563425540924
1033  0.39184558391571045
646  0.3918142020702362
974  0.3918103873729706
427  0.3918098211288452
471  0.39178788661956787
994  0.3917795419692993
384  0.3917710781097412
566  0.3917681872844696
640  0.3917463421821594
844  0.3917429447174072
947  0.39169707894325256
839  0.3916934132575989
980  0.39169228076934814
334  0.3916831314563751
821  0.39167746901512146
1063  0.3916674554347992
117  0.3916596472263336
641  0.39165493845939636
31  0.3916356861591339
614  0.39162477850914
320  0.39159882068634033
375  0.3915901184082031
8  0.39156585931777954
807  0.3915393352508545
154  0.39153924584388733
264  0.3915238380432129
787  0.3915148377418518
519  0.39151185750961304
428  0.39151161909103394
886  0.39150598645210266
28  0.39149701595306396
898  0.39149606227874756
567  0.39149466156959534
751  0.39149269461631775
152  0.39148375391960144
887  0.3914746344089508
343  0.39144131541252136
777  0.3914330005645752
960  0.3914235830307007
867  0.39139285683631897
329  0.39137575030326843
3  0.3913598358631134
280  0.39133474230766296
482  0.39132165908813477
376  0.391309916973114
443  0.3913072347640991
419  0.3912891149520874
146  0.39127567410469055
853  0.39127421379089355
977  0.3912627696990967
136  0.39125290513038635
300  0.3912503719329834
627  0.39124795794487
137  0.3912432789802551
111  0.391239196062088
795  0.3912353813648224
576  0.3911552131175995
119  0.3911433219909668
232  0.3911406695842743
768  0.3911362290382385
367  0.3911151885986328
700  0.3910873532295227
1009  0.39106205105781555
298  0.3910539746284485
937  0.39102938771247864
421  0.3910271227359772
189  0.39101576805114746
502  0.3909992277622223
416  0.3909713923931122
444  0.3909687101840973
735  0.39095914363861084
626  0.3909446895122528
196  0.39093217253685
166  0.39092904329299927
612  0.3909202814102173
167  0.390903502702713
326  0.3908836841583252
638  0.390879362821579
299  0.3908468186855316
628  0.3908454477787018
594  0.3908323347568512
829  0.3907996714115143
78  0.3907986283302307
440  0.3907957077026367
195  0.3907873034477234
962  0.3907696306705475
656  0.3907606899738312
860  0.3907398581504822
122  0.390727698802948
985  0.3907255232334137
713  0.39071884751319885
378  0.3907163143157959
381  0.39071139693260193
169  0.3906870186328888
957  0.3906867206096649
552  0.39066383242607117
87  0.39065876603126526
394  0.39065447449684143
824  0.39064791798591614
185  0.39061686396598816
966  0.39061376452445984
737  0.3906061053276062
247  0.39060384035110474
272  0.39058685302734375
570  0.39058202505111694
261  0.3905796408653259
1066  0.39057764410972595
817  0.3905508816242218
168  0.39054009318351746
569  0.3905390202999115
599  0.3905322551727295
732  0.3905303478240967
919  0.39052993059158325
610  0.39051553606987
10  0.3905121684074402
255  0.3904903531074524
909  0.3904876410961151
553  0.39048224687576294
978  0.3904687762260437
896  0.3904564380645752
59  0.3904196321964264
37  0.3904149532318115
554  0.390394926071167
825  0.39038556814193726
348  0.39038193225860596
414  0.39037632942199707
41  0.3903751075267792
568  0.3903687000274658
225  0.39036309719085693
425  0.3903521001338959
34  0.3903517723083496
484  0.39034053683280945
653  0.3903183937072754
360  0.390316903591156
318  0.39030686020851135
29  0.390298455953598
869  0.39028915762901306
637  0.39027518033981323
20  0.39025893807411194
497  0.3902428150177002
141  0.3902331590652466
738  0.39022713899612427
816  0.3902257978916168
602  0.3902208209037781
920  0.39020803570747375
621  0.3901689052581787
496  0.39016473293304443
21  0.39014044404029846
629  0.3901255428791046
144  0.3901037275791168
460  0.3900688886642456
235  0.3900631368160248
731  0.39005935192108154
77  0.39002081751823425
279  0.3900143802165985
47  0.389994740486145
190  0.38999179005622864
390  0.38998648524284363
1035  0.3899863660335541
74  0.3899843096733093
952  0.3899690806865692
429  0.38996556401252747
718  0.3899529278278351
1022  0.38993775844573975
246  0.38993749022483826
813  0.38993218541145325
88  0.3899025321006775
711  0.3898874521255493
7  0.38988664746284485
639  0.38988006114959717
917  0.3898642659187317
53  0.38986366987228394
433  0.389860063791275
963  0.38985729217529297
1017  0.3898496925830841
227  0.3898392617702484
520  0.38983839750289917
605  0.3898105025291443
341  0.38980433344841003
213  0.3898009955883026
678  0.38980093598365784
370  0.3897944688796997
198  0.38979166746139526
140  0.3897801339626312
123  0.3897610604763031
717  0.38975226879119873
6  0.3897486925125122
84  0.3897421061992645
504  0.3897348642349243
933  0.38970401883125305
644  0.38970163464546204
130  0.3896999657154083
613  0.38969290256500244
233  0.3896905481815338
507  0.38965919613838196
680  0.3896526098251343
411  0.38960403203964233
268  0.38960185647010803
178  0.38960000872612
9  0.38959836959838867
873  0.3895944058895111
331  0.38958123326301575
858  0.38958078622817993
466  0.38957396149635315
19  0.389556348323822
44  0.3895556926727295
149  0.38954004645347595
39  0.38953065872192383
35  0.38953056931495667
555  0.38950350880622864
420  0.38949477672576904
349  0.38947755098342896
286  0.38946518301963806
866  0.389457106590271
5  0.38944754004478455
201  0.389432430267334
290  0.38941583037376404
315  0.389401912689209
1029  0.3893832564353943
577  0.3893657624721527
620  0.38935938477516174
387  0.38934326171875
478  0.38933640718460083
790  0.3893190324306488
1064  0.3893122971057892
439  0.38930800557136536
159  0.3892920911312103
891  0.38926824927330017
346  0.3892205059528351
936  0.38921356201171875
786  0.3892102539539337
330  0.38920724391937256
45  0.3891976773738861
468  0.38918936252593994
598  0.38918337225914
1046  0.3891698718070984
1014  0.3891674876213074
941  0.38915130496025085
1013  0.38914576172828674
1015  0.3891447186470032
437  0.3891145884990692
1047  0.3891022205352783
327  0.38908490538597107
234  0.38907551765441895
83  0.3890594244003296
430  0.3890460729598999
289  0.3890334367752075
413  0.3889932334423065
648  0.3889877498149872
514  0.3889797329902649
113  0.38896042108535767
996  0.3889572322368622
472  0.38895687460899353
57  0.3889508843421936
1032  0.3889351487159729
401  0.3889225423336029
876  0.38891395926475525
354  0.38888800144195557
953  0.38886600732803345
736  0.388865202665329
812  0.3888643980026245
332  0.38884416222572327
929  0.3888399004936218
106  0.3888351321220398
200  0.3888321816921234
864  0.3888165354728699
162  0.3887975811958313
872  0.38879600167274475
913  0.3887924551963806
601  0.38878151774406433
412  0.3887750506401062
151  0.38873767852783203
160  0.3887362480163574
116  0.3887341022491455
242  0.3887326121330261
248  0.38872817158699036
251  0.38870736956596375
785  0.38867735862731934
944  0.3886561989784241
15  0.38862064480781555
271  0.38860803842544556
126  0.3885903060436249
875  0.38857144117355347
984  0.38856324553489685
894  0.3885405361652374
868  0.3885347247123718
317  0.38852569460868835
454  0.3885228633880615
374  0.3884974420070648
546  0.3884963095188141
142  0.38847851753234863
351  0.3884594738483429
831  0.3884541988372803
385  0.38844218850135803
682  0.3884415924549103
542  0.38841110467910767
727  0.38840770721435547
273  0.38840341567993164
536  0.3884015381336212
910  0.38839781284332275
98  0.38839292526245117
70  0.3883688747882843
4  0.38836759328842163
487  0.3882903754711151
645  0.38828712701797485
548  0.388271689414978
725  0.3882661461830139
153  0.38825225830078125
798  0.3882407546043396
27  0.3882380425930023
243  0.38822999596595764
284  0.38822710514068604
987  0.3882249593734741
545  0.3882232904434204
114  0.38820016384124756
319  0.3881865441799164
943  0.38817641139030457
441  0.388176292181015
307  0.38817155361175537
409  0.3881330192089081
1067  0.3881291151046753
256  0.3881058990955353
930  0.3881036043167114
214  0.38810065388679504
1020  0.38808250427246094
515  0.3880739212036133
288  0.3880618214607239
999  0.38805750012397766
365  0.388043075799942
992  0.38803645968437195
859  0.3880234956741333
171  0.3880139887332916
467  0.38800519704818726
885  0.3879998028278351
182  0.3879905641078949
128  0.3879837691783905
835  0.38798344135284424
202  0.3879832923412323
730  0.387982040643692
928  0.3879762291908264
245  0.38795843720436096
543  0.3879531919956207
783  0.3879508376121521
607  0.38794830441474915
356  0.3879156708717346
449  0.38791128993034363
42  0.3878774642944336
516  0.38787534832954407
1010  0.38786816596984863
649  0.3878640830516815
874  0.3878464996814728
366  0.3878258466720581
418  0.38781243562698364
364  0.3877905011177063
854  0.3877803087234497
609  0.38774561882019043
304  0.38774216175079346
902  0.38773924112319946
950  0.3877098560333252
172  0.3877076208591461
647  0.38768598437309265
350  0.3876837491989136
1016  0.3876815438270569
14  0.38767701387405396
603  0.38765639066696167
907  0.3876553773880005
69  0.38765451312065125
54  0.38764965534210205
1002  0.38762781023979187
43  0.38761040568351746
526  0.38760262727737427
782  0.38759955763816833
506  0.38758954405784607
901  0.3875887393951416
99  0.3875877857208252
456  0.3875856399536133
173  0.38758474588394165
380  0.3875736892223358
254  0.38754934072494507
432  0.3875422477722168
483  0.3875313699245453
479  0.38752835988998413
779  0.3875249922275543
207  0.38752055168151855
973  0.38751161098480225
523  0.38750818371772766
926  0.3875032365322113
600  0.387502521276474
452  0.38750147819519043
204  0.3874974250793457
850  0.3874874711036682
442  0.38746994733810425
357  0.3874353766441345
217  0.3874218463897705
76  0.3874192535877228
728  0.387419193983078
1031  0.3873760998249054
1057  0.38736411929130554
1001  0.387350469827652
547  0.38733553886413574
238  0.38732096552848816
426  0.38732072710990906
265  0.3873067796230316
986  0.38730388879776
537  0.387302428483963
527  0.3872944712638855
353  0.3872701823711395
266  0.387269526720047
253  0.38726115226745605
1023  0.3872607350349426
228  0.3872562348842621
120  0.38723933696746826
252  0.3872351348400116
30  0.38719701766967773
223  0.38718998432159424
258  0.3871884346008301
26  0.3871632218360901
310  0.38715893030166626
231  0.3871443569660187
80  0.38712263107299805
52  0.3871206045150757
1012  0.38711413741111755
216  0.3870881497859955
361  0.38708096742630005
871  0.3870733082294464
991  0.38706061244010925
818  0.3870599865913391
1058  0.3870534598827362
283  0.3870355486869812
927  0.38702303171157837
229  0.3870062530040741
282  0.38698697090148926
293  0.3869861662387848
170  0.38695672154426575
389  0.3869507610797882
906  0.38693180680274963
73  0.38691556453704834
1019  0.3868906497955322
679  0.3868899345397949
51  0.38688942790031433
863  0.38687917590141296
306  0.38686031103134155
921  0.38685083389282227
58  0.3868481516838074
1055  0.38683077692985535
67  0.38682693243026733
781  0.3868214190006256
861  0.3868054449558258
512  0.38680166006088257
949  0.3867969810962677
215  0.3867645859718323
856  0.3867497444152832
379  0.38674575090408325
121  0.3867252767086029
979  0.3866841793060303
660  0.38665732741355896
95  0.3866298198699951
270  0.3865981698036194
244  0.3865810036659241
521  0.38657650351524353
1000  0.38656795024871826
461  0.3864998519420624
522  0.38649967312812805
311  0.38646936416625977
405  0.3864502012729645
208  0.38643980026245117
1056  0.3864234685897827
176  0.38641196489334106
1050  0.38640740513801575
12  0.38640519976615906
158  0.38639989495277405
931  0.3863811492919922
488  0.3863528072834015
934  0.3863503932952881
221  0.3863498866558075
1007  0.38634443283081055
833  0.3863350749015808
447  0.3863278925418854
91  0.38632550835609436
105  0.38632330298423767
97  0.3863188624382019
177  0.38631483912467957
480  0.386307954788208
175  0.38627222180366516
899  0.3862188160419464
62  0.3862132430076599
181  0.3862016499042511
1043  0.38620153069496155
925  0.38619711995124817
339  0.38619187474250793
313  0.3861730992794037
400  0.3861618638038635
572  0.3861193358898163
46  0.38609644770622253
1062  0.3860766291618347
180  0.3860688805580139
392  0.386019766330719
1018  0.38600802421569824
301  0.38599035143852234
397  0.38598787784576416
989  0.3859606683254242
1004  0.3859296143054962
338  0.3858950436115265
294  0.38588035106658936
81  0.38586974143981934
396  0.3858624994754791
305  0.38583049178123474
510  0.38582843542099
249  0.3858269453048706
904  0.3858160674571991
112  0.385811984539032
726  0.3857986032962799
511  0.3857578933238983
551  0.38573411107063293
923  0.3857150077819824
352  0.3856891095638275
970  0.38568738102912903
237  0.3856690227985382
56  0.38559043407440186
184  0.38557469844818115
222  0.38554978370666504
424  0.3855443596839905
358  0.3855077624320984
257  0.385505348443985
990  0.3854922354221344
398  0.38549157977104187
494  0.38546863198280334
650  0.3854670226573944
573  0.3854661285877228
408  0.3854546844959259
157  0.38542744517326355
892  0.3854033052921295
369  0.38535889983177185
226  0.3853400647640228
463  0.3853267431259155
183  0.3852674961090088
303  0.3852584660053253
260  0.38522377610206604
259  0.385202556848526
55  0.38517847657203674
724  0.3851539194583893
100  0.3851458728313446
965  0.38508981466293335
94  0.38504764437675476
630  0.3850446045398712
92  0.38500964641571045
518  0.385003924369812
65  0.38499385118484497
550  0.38498538732528687
205  0.38498324155807495
948  0.38494789600372314
275  0.3849363327026367
508  0.3848934471607208
18  0.38489270210266113
608  0.38485798239707947
174  0.38484758138656616
491  0.3848472237586975
82  0.38483837246894836
179  0.38483017683029175
450  0.38479509949684143
857  0.384792298078537
218  0.3847833573818207
410  0.3847762942314148
564  0.3847692012786865
399  0.38473641872406006
64  0.38466987013816833
549  0.38466888666152954
302  0.3846453130245209
230  0.3846069574356079
150  0.38460466265678406
345  0.3845871388912201
22  0.38453584909439087
362  0.38453295826911926
935  0.3845278322696686
453  0.3844907283782959
422  0.38448527455329895
423  0.3843662738800049
79  0.38435041904449463
60  0.38434091210365295
402  0.38430914282798767
17  0.3842916488647461
344  0.38428524136543274
287  0.38427653908729553
103  0.38427528738975525
606  0.38426682353019714
911  0.384254515171051
924  0.38421276211738586
125  0.3842124044895172
250  0.3842040002346039
571  0.38419073820114136
922  0.3841341435909271
96  0.3840784430503845
900  0.3840644061565399
285  0.38405755162239075
1008  0.3840309679508209
915  0.3840249180793762
90  0.38401591777801514
101  0.38401365280151367
997  0.3840090334415436
93  0.3839743733406067
905  0.3839649260044098
893  0.38395747542381287
956  0.38392218947410583
1011  0.383878618478775
388  0.3838699460029602
903  0.3837902545928955
1028  0.38376545906066895
377  0.38375112414360046
912  0.38374045491218567
239  0.3837364912033081
206  0.38369321823120117
972  0.38368964195251465
964  0.3836670219898224
1049  0.383645623922348
61  0.38354864716529846
312  0.38353869318962097
1065  0.3834751546382904
66  0.383423775434494
404  0.383303165435791
1051  0.38326048851013184
865  0.38326022028923035
464  0.3832557201385498
71  0.3832407593727112
1044  0.3832366168498993
1005  0.38322415947914124
495  0.38310208916664124
1006  0.38310080766677856
489  0.3830855190753937
212  0.3830481469631195
236  0.38304632902145386
563  0.38301634788513184
561  0.3829990029335022
916  0.38296210765838623
485  0.38289931416511536
203  0.38275226950645447
393  0.3827095031738281
462  0.382698118686676
281  0.3826814293861389
1024  0.3826679587364197
1026  0.38262802362442017
124  0.38255026936531067
40  0.3825189173221588
513  0.38251879811286926
407  0.38250118494033813
68  0.3824651539325714
465  0.3823515474796295
359  0.38231900334358215
110  0.38228970766067505
363  0.3822426199913025
240  0.38223177194595337
1054  0.38219982385635376
406  0.3821674585342407
1053  0.3820284605026245
834  0.38193437457084656
63  0.3819294273853302
220  0.3818027675151825
11  0.3817964196205139
862  0.3817031681537628
16  0.38164567947387695
340  0.3816450834274292
1052  0.3813227713108063
493  0.38122114539146423
932  0.3811900317668915
127  0.3811701536178589
102  0.3811378479003906
780  0.3809277415275574
1027  0.38075363636016846
517  0.3805641531944275
509  0.38031914830207825
241  0.3801499605178833
25  0.3799459636211395
72  0.37976008653640747
395  0.37967368960380554
914  0.37949004769325256
492  0.379178524017334
209  0.3790948688983917
219  0.3790735602378845
13  0.3789784610271454
1025  0.37893936038017273
104  0.37867411971092224
971  0.37859010696411133
490  0.37839776277542114
24  0.3781828284263611
562  0.3780318796634674
451  0.37777572870254517
211  0.37763842940330505
23  0.37739235162734985
210  0.3738561272621155
