1  0.45051395893096924
1289  0.44865670800209045
995  0.4420391023159027
440  0.4419803321361542
2  0.44124168157577515
40  0.4411281645298004
26  0.44082751870155334
41  0.4406259059906006
996  0.44056573510169983
124  0.4401001036167145
511  0.4393267035484314
42  0.4392455518245697
79  0.43924233317375183
53  0.43912792205810547
1269  0.43908315896987915
25  0.4390472173690796
509  0.43896055221557617
599  0.4388965666294098
323  0.43888089060783386
322  0.4387871325016022
1023  0.4387679100036621
512  0.438681036233902
1252  0.43860673904418945
7  0.4384861886501312
104  0.4384833872318268
142  0.4384714961051941
125  0.43839630484580994
1266  0.43835315108299255
152  0.43832316994667053
863  0.4382723271846771
160  0.43823790550231934
80  0.4382345974445343
575  0.4381634593009949
102  0.43809857964515686
121  0.43805456161499023
112  0.43792834877967834
694  0.4377991259098053
151  0.43775907158851624
1198  0.43774011731147766
1263  0.4376637935638428
103  0.4376034736633301
141  0.4374886155128479
688  0.43747419118881226
209  0.437445729970932
507  0.4373783469200134
1279  0.43736162781715393
81  0.43733131885528564
505  0.4372788965702057
92  0.4372142553329468
358  0.4371286928653717
608  0.4371204972267151
30  0.4371111989021301
147  0.4370127320289612
22  0.4370085895061493
17  0.43700626492500305
114  0.43691927194595337
687  0.43691903352737427
508  0.43691548705101013
43  0.4368758499622345
106  0.43683966994285583
123  0.4368077516555786
573  0.43671977519989014
260  0.4367039203643799
496  0.4367002248764038
207  0.43668168783187866
15  0.4366498589515686
140  0.4365549683570862
1169  0.4364706575870514
1271  0.4364486634731293
1260  0.43644100427627563
749  0.43643584847450256
1181  0.4363648593425751
32  0.436364084482193
105  0.4363401532173157
178  0.4363079369068146
741  0.4362332224845886
1262  0.4361860454082489
456  0.4361850619316101
1225  0.4361606538295746
1145  0.43614423274993896
444  0.4359986186027527
78  0.435964971780777
567  0.43592873215675354
91  0.43587949872016907
99  0.4358364939689636
566  0.4358234703540802
148  0.4358062446117401
1261  0.4358002841472626
607  0.4357929825782776
843  0.4357844293117523
270  0.4357748329639435
11  0.43574920296669006
441  0.43572893738746643
155  0.43567270040512085
271  0.43563905358314514
409  0.43563589453697205
181  0.43562185764312744
439  0.4356170892715454
540  0.43560412526130676
728  0.43558865785598755
146  0.43557435274124146
87  0.43554168939590454
21  0.43553152680397034
733  0.43552207946777344
143  0.43549051880836487
176  0.4354614019393921
47  0.4354134798049927
31  0.435372531414032
6  0.4353713393211365
753  0.43536376953125
52  0.4353516101837158
172  0.435325026512146
998  0.43532413244247437
27  0.435306191444397
498  0.4352967143058777
510  0.4351944923400879
555  0.4351901710033417
499  0.4351295232772827
249  0.43508127331733704
530  0.435077965259552
85  0.4350772500038147
1264  0.4350757300853729
751  0.43506208062171936
144  0.4350346624851227
1071  0.43500208854675293
514  0.43498143553733826
154  0.43497276306152344
10  0.4349649250507355
769  0.4349581301212311
55  0.43495282530784607
345  0.43493685126304626
205  0.4349304437637329
38  0.4349093437194824
163  0.43490439653396606
51  0.43490150570869446
5  0.434815913438797
210  0.4348113238811493
111  0.43480268120765686
145  0.43480050563812256
54  0.43474245071411133
411  0.4347386658191681
700  0.43470731377601624
134  0.43467092514038086
1197  0.43465128540992737
899  0.43464550375938416
3  0.4345861077308655
862  0.43456509709358215
546  0.43456003069877625
239  0.43455931544303894
556  0.434530645608902
1239  0.43452075123786926
513  0.4345082640647888
171  0.43449610471725464
988  0.4344782829284668
586  0.4344608187675476
86  0.4344494342803955
506  0.43441638350486755
39  0.4344000816345215
1259  0.43439537286758423
33  0.4343617260456085
101  0.43434321880340576
29  0.43433836102485657
534  0.4343370199203491
127  0.43433430790901184
65  0.43433046340942383
28  0.43432801961898804
1077  0.43430814146995544
119  0.4343077540397644
539  0.4343036115169525
1265  0.4342922866344452
600  0.4342774748802185
1253  0.43426957726478577
1276  0.4342641234397888
903  0.43424952030181885
77  0.4342447817325592
707  0.43424469232559204
442  0.434237003326416
578  0.43420374393463135
1180  0.43419888615608215
812  0.4341861605644226
1278  0.4341796636581421
16  0.4341772198677063
49  0.4341756999492645
690  0.43416348099708557
574  0.43416014313697815
920  0.43415993452072144
735  0.4341565668582916
1170  0.4341515302658081
1236  0.43412744998931885
324  0.4341270923614502
56  0.4341239333152771
1270  0.43412187695503235
150  0.43410298228263855
565  0.4340963065624237
455  0.43408820033073425
44  0.4340858459472656
857  0.43407881259918213
667  0.43403759598731995
1235  0.43403610587120056
606  0.43403521180152893
1237  0.4340161979198456
1233  0.43400049209594727
495  0.4339861273765564
1238  0.43397676944732666
109  0.43395647406578064
686  0.43395155668258667
535  0.43395131826400757
1277  0.4339464604854584
609  0.43394529819488525
593  0.4339381158351898
107  0.43393009901046753
18  0.43390634655952454
1149  0.433862566947937
424  0.43383315205574036
544  0.4338316023349762
1267  0.4338202178478241
485  0.4338045120239258
476  0.4337979555130005
1228  0.4337892234325409
504  0.4337541460990906
122  0.43373820185661316
138  0.433719277381897
70  0.4337092339992523
76  0.43370717763900757
1168  0.433699369430542
126  0.4336947202682495
149  0.43368402123451233
19  0.43366745114326477
285  0.43365478515625
90  0.4336502254009247
840  0.43360835313796997
1087  0.4336082637310028
693  0.4336017072200775
74  0.43359375
677  0.4335932433605194
349  0.43357953429222107
108  0.43357643485069275
1287  0.4335692226886749
668  0.43351370096206665
1240  0.4335115849971771
692  0.4335085451602936
66  0.43349146842956543
646  0.4334826171398163
720  0.4334586262702942
46  0.4334432780742645
158  0.433413028717041
841  0.43338191509246826
211  0.43336835503578186
545  0.43336188793182373
1223  0.4333433210849762
1248  0.4333423376083374
359  0.43332797288894653
139  0.43332549929618835
153  0.43332338333129883
1258  0.433322936296463
64  0.43331700563430786
671  0.4333100914955139
1073  0.43330472707748413
1179  0.433303564786911
342  0.4332810640335083
73  0.4332635998725891
480  0.4332617521286011
170  0.433246374130249
1255  0.43323346972465515
88  0.43323013186454773
497  0.43321338295936584
901  0.4332014322280884
750  0.43316444754600525
1178  0.4331616759300232
864  0.43316081166267395
48  0.43316009640693665
452  0.43315938115119934
1107  0.43315938115119934
177  0.43315383791923523
372  0.43313702940940857
559  0.433133989572525
896  0.4331085681915283
97  0.43310803174972534
568  0.4331015646457672
135  0.433082640171051
1213  0.4330686926841736
156  0.433067262172699
427  0.4330558180809021
67  0.4330556392669678
1171  0.4330507218837738
258  0.43304553627967834
259  0.4330274164676666
1199  0.4330263137817383
231  0.43300655484199524
428  0.43300414085388184
37  0.4329893887042999
585  0.43297767639160156
1072  0.4329432547092438
900  0.4329420030117035
1132  0.43293341994285583
191  0.43291062116622925
584  0.4329046905040741
695  0.43289822340011597
1209  0.43289679288864136
796  0.43289536237716675
670  0.4328744113445282
1257  0.43287137150764465
133  0.4328499734401703
997  0.4328233301639557
774  0.4327932298183441
1076  0.432790070772171
742  0.4327792227268219
98  0.43276000022888184
571  0.432757705450058
1135  0.4327438473701477
639  0.4327344000339508
261  0.4327283203601837
659  0.43272626399993896
1200  0.4327246844768524
935  0.43272027373313904
9  0.432709664106369
1022  0.43270814418792725
235  0.4327065348625183
208  0.4327049255371094
257  0.432697057723999
82  0.4326952397823334
501  0.43269285559654236
752  0.4326818883419037
1227  0.43266284465789795
50  0.432659387588501
773  0.4326481521129608
673  0.43264564871788025
865  0.4326443076133728
1206  0.43263956904411316
934  0.43263813853263855
93  0.4326300323009491
1212  0.4326154291629791
780  0.43261072039604187
581  0.4326106607913971
892  0.43260759115219116
184  0.43260258436203003
24  0.43258652091026306
855  0.43254774808883667
672  0.4325379431247711
543  0.4325365126132965
71  0.43253293633461
1131  0.4325316846370697
1079  0.43253040313720703
116  0.43252283334732056
1085  0.4325152337551117
1272  0.43251073360443115
343  0.43250536918640137
1286  0.4325024485588074
164  0.43249717354774475
470  0.43249088525772095
1158  0.4324900507926941
895  0.43248897790908813
89  0.4324673116207123
951  0.43246230483055115
45  0.43245580792427063
1288  0.4324520528316498
13  0.43242743611335754
587  0.4324183464050293
14  0.4324079155921936
747  0.43239954113960266
502  0.43239355087280273
1068  0.43238887190818787
113  0.43237608671188354
1144  0.43237560987472534
484  0.4323645830154419
638  0.4323621392250061
1143  0.43231672048568726
885  0.4323008954524994
1098  0.43229106068611145
308  0.43228384852409363
814  0.43227332830429077
817  0.43227288126945496
173  0.43226659297943115
726  0.43225327134132385
589  0.4322316348552704
795  0.4322282075881958
936  0.4322114884853363
597  0.4322114586830139
412  0.4322042465209961
334  0.43218597769737244
281  0.43218228220939636
128  0.43218085169792175
233  0.4321785569190979
379  0.43212082982063293
481  0.4321109652519226
592  0.4321039319038391
657  0.43210071325302124
1256  0.4320951998233795
811  0.43207868933677673
1243  0.43207281827926636
999  0.43207159638404846
962  0.4320693910121918
1241  0.4320584237575531
866  0.43204981088638306
915  0.43204936385154724
75  0.43204355239868164
1224  0.43203943967819214
1194  0.4320247769355774
590  0.4320208728313446
1095  0.43201643228530884
610  0.43201157450675964
248  0.43199676275253296
602  0.43198803067207336
1268  0.4319876730442047
23  0.4319865107536316
685  0.4319741427898407
201  0.43196284770965576
531  0.43195751309394836
562  0.43193089962005615
1133  0.43192845582962036
475  0.4319096505641937
305  0.43189769983291626
1002  0.4318966567516327
180  0.43189483880996704
669  0.4318869709968567
118  0.4318715035915375
1207  0.43186303973197937
904  0.4318617880344391
641  0.4318578839302063
902  0.43185335397720337
1081  0.431831955909729
1217  0.43182188272476196
1086  0.43181636929512024
914  0.4317978620529175
576  0.4317929744720459
603  0.43178248405456543
569  0.43176549673080444
518  0.43175315856933594
1242  0.43174445629119873
1083  0.43174391984939575
537  0.43173661828041077
392  0.43172043561935425
461  0.43170782923698425
4  0.4316840171813965
57  0.43167778849601746
533  0.43166303634643555
613  0.4316418468952179
8  0.4316411316394806
203  0.43163955211639404
675  0.43163684010505676
1108  0.4316243827342987
940  0.4316155016422272
1190  0.4316120445728302
157  0.43159788846969604
182  0.4315953850746155
676  0.4315948188304901
810  0.4315904676914215
199  0.4315863847732544
159  0.43158602714538574
844  0.43156954646110535
298  0.4315655827522278
664  0.4315636456012726
1192  0.4315608739852905
272  0.43154752254486084
1018  0.4315451979637146
385  0.43153104186058044
846  0.4315245747566223
1039  0.4315188527107239
1000  0.43150004744529724
913  0.4314931035041809
279  0.4314895272254944
674  0.4314667582511902
588  0.431466281414032
1038  0.43144598603248596
982  0.4314407706260681
525  0.4314285218715668
1127  0.43142828345298767
341  0.43141698837280273
129  0.43141013383865356
1112  0.43140721321105957
283  0.43140465021133423
68  0.4314020276069641
715  0.4314006567001343
867  0.4313774108886719
1138  0.4313761591911316
1019  0.4313630163669586
1102  0.43135955929756165
58  0.4313379228115082
612  0.4313353896141052
120  0.4313114881515503
206  0.43130260705947876
503  0.43130141496658325
921  0.4312879741191864
596  0.43127307295799255
1208  0.4312702417373657
1030  0.43126651644706726
253  0.4312531054019928
922  0.4312489628791809
466  0.43123874068260193
462  0.4311988651752472
333  0.43119826912879944
1283  0.43118470907211304
601  0.43118414282798767
842  0.4311804175376892
310  0.4311765134334564
1247  0.4311610758304596
1110  0.4311528503894806
69  0.4311320185661316
1134  0.4311290979385376
232  0.4311281144618988
110  0.43111950159072876
605  0.4311103820800781
725  0.4311019778251648
656  0.43108707666397095
1203  0.4310823082923889
1057  0.43107688426971436
371  0.43105801939964294
1226  0.43101993203163147
536  0.4310160279273987
443  0.4310145974159241
1281  0.43101364374160767
604  0.4310103952884674
234  0.43100300431251526
449  0.43099573254585266
365  0.4309804141521454
541  0.43098002672195435
216  0.4309731423854828
745  0.43097200989723206
879  0.4309691786766052
340  0.4309638440608978
117  0.43096017837524414
94  0.43095916509628296
713  0.430935263633728
382  0.4309331178665161
407  0.43093180656433105
1020  0.430918425321579
905  0.43091142177581787
1284  0.4309093952178955
679  0.43089500069618225
464  0.4308934509754181
357  0.4308653473854065
224  0.43085938692092896
1053  0.43085482716560364
1078  0.4308423697948456
766  0.43082329630851746
202  0.4308229088783264
516  0.43080851435661316
236  0.430807501077652
772  0.43080654740333557
660  0.4307990074157715
771  0.430776983499527
445  0.4307684898376465
1166  0.4307635724544525
748  0.43076246976852417
661  0.43074122071266174
179  0.4307405352592468
734  0.4307349622249603
547  0.4307239353656769
410  0.4306900203227997
937  0.4306809902191162
529  0.4306787848472595
1249  0.4306783080101013
325  0.430674284696579
918  0.43065145611763
740  0.4306504726409912
617  0.43064969778060913
729  0.4306427836418152
299  0.4306394159793854
973  0.4306394159793854
1205  0.4306264817714691
161  0.43061643838882446
185  0.4305986762046814
754  0.4305982291698456
1146  0.43058231472969055
746  0.4305783808231354
794  0.4305666983127594
20  0.4305662214756012
714  0.4305570125579834
1229  0.43055278062820435
816  0.43053147196769714
100  0.430515319108963
779  0.430510014295578
1148  0.4305098354816437
1182  0.4305008053779602
731  0.43049484491348267
381  0.4304846525192261
665  0.43047085404396057
174  0.43046626448631287
680  0.43045487999916077
663  0.43045318126678467
282  0.4304501712322235
755  0.43044859170913696
595  0.43044814467430115
560  0.4304453134536743
275  0.43040910363197327
136  0.43040889501571655
869  0.43040794134140015
845  0.4304037094116211
658  0.4303884208202362
698  0.4303847551345825
1006  0.4303733706474304
708  0.43036776781082153
130  0.430361270904541
989  0.4303532838821411
1101  0.43034887313842773
383  0.4303206205368042
611  0.4303111732006073
1137  0.4303063154220581
1220  0.4303041994571686
861  0.43029773235321045
930  0.43029627203941345
226  0.4302852153778076
561  0.4302709996700287
251  0.43026870489120483
1159  0.43026313185691833
217  0.43023478984832764
1282  0.43021953105926514
744  0.4302159249782562
422  0.4302157759666443
335  0.43020233511924744
1109  0.4301958680152893
331  0.4301918148994446
1230  0.4301876723766327
1097  0.4301638603210449
697  0.4301488995552063
458  0.43014782667160034
238  0.4301423728466034
198  0.4301178753376007
1028  0.43011701107025146
521  0.43011584877967834
666  0.4300975799560547
374  0.43006858229637146
344  0.4300668239593506
985  0.4300646483898163
348  0.43005692958831787
438  0.430054634809494
894  0.4300473630428314
770  0.4300350248813629
967  0.4300287961959839
1196  0.4300277531147003
394  0.4300224483013153
1251  0.43001681566238403
1231  0.4300057590007782
500  0.43000364303588867
662  0.4300009310245514
743  0.42999956011772156
83  0.4299927353858948
1187  0.42998167872428894
1140  0.4299774765968323
72  0.4299764335155487
131  0.4299502968788147
630  0.4299389123916626
813  0.4299333691596985
132  0.42992421984672546
34  0.4299168586730957
732  0.4299033582210541
642  0.4299003779888153
618  0.4298793375492096
1129  0.4298785924911499
137  0.4298727810382843
1172  0.4298703968524933
522  0.42986926436424255
647  0.42986512184143066
968  0.42984864115715027
938  0.429837703704834
850  0.42983636260032654
614  0.42981913685798645
699  0.4298146367073059
949  0.4298068881034851
706  0.4297996461391449
1201  0.4297983944416046
1026  0.42978498339653015
288  0.42977604269981384
517  0.4297679662704468
637  0.42976120114326477
287  0.429756760597229
851  0.4297448694705963
418  0.4297383725643158
115  0.4297376573085785
284  0.4297315776348114
640  0.42972907423973083
301  0.4297274947166443
204  0.4297145903110504
1185  0.4297100007534027
414  0.4297029674053192
833  0.4296782612800598
295  0.4296703040599823
227  0.4296673834323883
598  0.4296662509441376
648  0.4296596646308899
965  0.4296553432941437
313  0.42965444922447205
1141  0.42962366342544556
818  0.4296174943447113
987  0.4296048581600189
263  0.4295998811721802
250  0.429599791765213
768  0.42958465218544006
886  0.4295823872089386
883  0.42957085371017456
1136  0.4295615255832672
320  0.42956122756004333
689  0.4295433461666107
451  0.42953914403915405
421  0.4295366108417511
1186  0.4295332729816437
1125  0.429514616727829
1216  0.4295012652873993
96  0.42949339747428894
309  0.4294798970222473
570  0.42947742342948914
582  0.429465651512146
963  0.42945384979248047
1211  0.42944321036338806
878  0.42943713068962097
691  0.4294275641441345
986  0.42942214012145996
969  0.42941951751708984
1215  0.4294164478778839
932  0.429395467042923
396  0.4293892979621887
219  0.4293714761734009
616  0.42937013506889343
1005  0.4293474555015564
478  0.4293430745601654
724  0.4293364882469177
469  0.4293314814567566
1151  0.42932990193367004
95  0.42931056022644043
557  0.42930224537849426
166  0.42929786443710327
186  0.42927855253219604
1104  0.4292767345905304
162  0.42926275730133057
367  0.4292568266391754
165  0.4292525053024292
577  0.4292348027229309
594  0.4292328357696533
1130  0.4292251467704773
983  0.42921698093414307
366  0.4292162358760834
979  0.42921099066734314
645  0.4291923940181732
1029  0.4291839599609375
1232  0.4291766583919525
354  0.42916643619537354
188  0.42915886640548706
350  0.4291529357433319
1069  0.4291461706161499
797  0.42913585901260376
1103  0.4291347563266754
765  0.4291074573993683
1173  0.42910584807395935
928  0.4290960431098938
835  0.429090678691864
716  0.4290757179260254
919  0.4290672540664673
1084  0.42905715107917786
183  0.429050475358963
893  0.4290444254875183
417  0.42902883887290955
654  0.42902836203575134
276  0.42902758717536926
738  0.42901796102523804
336  0.4290156960487366
1056  0.42900553345680237
423  0.4289722144603729
1254  0.42897066473960876
1105  0.42895588278770447
1126  0.42895033955574036
1274  0.42892226576805115
416  0.4289107322692871
523  0.42890334129333496
338  0.4288806915283203
944  0.42888036370277405
212  0.4288756549358368
387  0.4288743734359741
1060  0.42887237668037415
993  0.4288647472858429
237  0.4288577735424042
420  0.4288465976715088
542  0.42884036898612976
321  0.42883729934692383
652  0.42883554100990295
1016  0.42882272601127625
528  0.42882096767425537
1075  0.42881351709365845
1280  0.4288080930709839
860  0.4288029074668884
168  0.4287985861301422
1088  0.42879459261894226
717  0.4287867844104767
316  0.4287785291671753
980  0.4287777543067932
952  0.42877617478370667
446  0.42877042293548584
1111  0.4287666082382202
815  0.4287591576576233
200  0.42874908447265625
262  0.42874690890312195
649  0.4287385642528534
373  0.4287358522415161
222  0.42873257398605347
767  0.42870718240737915
916  0.42869246006011963
1100  0.42868879437446594
1080  0.42864805459976196
757  0.4286215007305145
515  0.4286159873008728
1036  0.42861589789390564
384  0.4286065101623535
1167  0.4286003112792969
1234  0.42859917879104614
632  0.4285791516304016
278  0.4285767376422882
195  0.4285554587841034
933  0.4285496771335602
806  0.42853018641471863
290  0.42851030826568604
959  0.42850983142852783
1027  0.42850354313850403
793  0.4285009205341339
1009  0.4284992814064026
1202  0.4284881353378296
472  0.4284772276878357
837  0.4284689426422119
62  0.42846712470054626
538  0.42846378684043884
175  0.4284607768058777
329  0.42843979597091675
494  0.42843857407569885
273  0.4284280836582184
558  0.4284263253211975
242  0.428426057100296
876  0.4284166097640991
1275  0.428415983915329
1222  0.42841073870658875
483  0.4283961355686188
1017  0.42838752269744873
431  0.42838340997695923
849  0.4283657371997833
832  0.42836567759513855
492  0.4283331632614136
859  0.428317129611969
730  0.4283156394958496
1128  0.4283156394958496
1191  0.4282681941986084
304  0.4282582104206085
1285  0.4282335042953491
984  0.42822498083114624
1034  0.4282093048095703
360  0.42820867896080017
1188  0.42818546295166016
1014  0.428181916475296
465  0.4281792640686035
696  0.42817047238349915
961  0.42816025018692017
631  0.42814043164253235
1147  0.4281376898288727
346  0.4281262457370758
1070  0.42811915278434753
1040  0.4280918836593628
1183  0.428061842918396
704  0.42804208397865295
1031  0.42803701758384705
467  0.42803439497947693
727  0.42802703380584717
408  0.42802539467811584
591  0.42797303199768066
736  0.4279716908931732
1010  0.4279589354991913
957  0.4279480278491974
244  0.4279460906982422
63  0.4279439151287079
36  0.4279269874095917
474  0.42792585492134094
479  0.42792531847953796
527  0.4279157221317291
429  0.42791321873664856
246  0.42790430784225464
1099  0.4278971254825592
923  0.4278732240200043
942  0.427866131067276
1246  0.4278455972671509
634  0.42784079909324646
1091  0.4278397560119629
776  0.4278344511985779
579  0.4278159439563751
241  0.4278142750263214
775  0.42780807614326477
437  0.4278072118759155
1055  0.4278057813644409
59  0.4277856945991516
856  0.42777010798454285
701  0.42775729298591614
471  0.4277441203594208
912  0.4277063012123108
682  0.4277026057243347
1021  0.4276987612247467
1041  0.427695095539093
1096  0.42769360542297363
230  0.42769351601600647
468  0.4276755452156067
189  0.42766833305358887
380  0.42766401171684265
954  0.42763882875442505
326  0.427629679441452
330  0.4276224374771118
215  0.4276160001754761
719  0.42761242389678955
994  0.42760661244392395
532  0.4276045858860016
926  0.4275992512702942
347  0.42759451270103455
620  0.42758461833000183
1116  0.42756444215774536
450  0.42755889892578125
1139  0.4275556206703186
852  0.42754608392715454
854  0.42751726508140564
711  0.42751121520996094
1046  0.4274628460407257
1074  0.4274555742740631
448  0.42744573950767517
798  0.4274033010005951
791  0.42739856243133545
1001  0.42739325761795044
1106  0.42738550901412964
286  0.42737191915512085
1219  0.4273698329925537
1121  0.427362322807312
265  0.4273585081100464
1176  0.4273579716682434
971  0.4273374676704407
332  0.42733141779899597
644  0.4273269772529602
400  0.4273219108581543
292  0.427312433719635
457  0.42730391025543213
460  0.4272953271865845
339  0.42727091908454895
970  0.42725977301597595
12  0.4272564947605133
1007  0.4272514879703522
352  0.4272313117980957
433  0.42722415924072266
300  0.427189439535141
425  0.4271670877933502
307  0.42715972661972046
1094  0.42715689539909363
838  0.427146315574646
296  0.42714163661003113
917  0.4271382689476013
1245  0.4271254539489746
781  0.4271060824394226
819  0.4270913004875183
297  0.42707234621047974
1193  0.4270634651184082
386  0.4270556569099426
1082  0.4270491302013397
1189  0.4270439147949219
1066  0.4270215630531311
454  0.4270212948322296
762  0.42702069878578186
1032  0.4270077347755432
651  0.42700621485710144
831  0.42700108885765076
1142  0.42699575424194336
399  0.42698678374290466
877  0.426979660987854
821  0.4269736707210541
636  0.4269731938838959
337  0.4269700050354004
927  0.42696166038513184
397  0.42696067690849304
907  0.426949679851532
1012  0.42694932222366333
564  0.42694923281669617
487  0.4269409775733948
868  0.4269396662712097
887  0.42693930864334106
1045  0.42693522572517395
1054  0.42692142724990845
1244  0.42691880464553833
1195  0.42689839005470276
858  0.4268934428691864
1067  0.42688870429992676
705  0.42687827348709106
393  0.4268507659435272
1114  0.4268283247947693
1115  0.4268277883529663
906  0.42681437730789185
782  0.42680975794792175
1015  0.42680031061172485
633  0.4267914891242981
306  0.4267818033695221
758  0.4267633557319641
737  0.42675718665122986
254  0.4267441928386688
370  0.42674362659454346
826  0.42672058939933777
526  0.42671042680740356
950  0.4266979992389679
1164  0.4266873300075531
482  0.4266795516014099
1035  0.42667508125305176
1218  0.426669180393219
1089  0.42666614055633545
264  0.42665693163871765
524  0.42663711309432983
187  0.42662569880485535
1093  0.4266115427017212
311  0.42660799622535706
683  0.4266020953655243
681  0.42660123109817505
1160  0.4266006052494049
312  0.4265998303890228
391  0.42659780383110046
327  0.4265885651111603
807  0.4265272915363312
1025  0.4265150725841522
756  0.4265139400959015
1156  0.4265139400959015
1052  0.426511287689209
801  0.42649057507514954
489  0.42648088932037354
888  0.42647847533226013
1157  0.426461786031723
218  0.4264600872993469
388  0.4264551103115082
376  0.4264371991157532
432  0.4264161288738251
710  0.4264143109321594
413  0.4264102280139923
629  0.42641013860702515
563  0.4263927936553955
197  0.4263782203197479
35  0.42636844515800476
1273  0.4263461232185364
958  0.42633193731307983
430  0.42629528045654297
800  0.42629027366638184
490  0.4262724220752716
318  0.42625489830970764
825  0.42625221610069275
684  0.4262494444847107
84  0.42623576521873474
739  0.42621204257011414
643  0.42620378732681274
889  0.42619460821151733
328  0.4261699318885803
447  0.42615029215812683
778  0.42614075541496277
213  0.42613720893859863
364  0.4261249899864197
882  0.42611274123191833
792  0.42610597610473633
1063  0.42608994245529175
223  0.4260897636413574
453  0.4260815382003784
61  0.4260793626308441
823  0.42607754468917847
1174  0.42607754468917847
1044  0.4260532259941101
280  0.42604899406433105
1214  0.42603808641433716
196  0.42601463198661804
764  0.42600536346435547
245  0.4259853661060333
167  0.42597559094429016
924  0.425974041223526
419  0.42596933245658875
289  0.4259544312953949
703  0.425946444272995
678  0.4259215295314789
978  0.4258855879306793
356  0.425863653421402
269  0.4258633255958557
389  0.4258594810962677
363  0.4258558750152588
723  0.42585477232933044
1043  0.42584913969039917
583  0.4258403182029724
960  0.42583712935447693
966  0.42583122849464417
1155  0.42583003640174866
1184  0.42581966519355774
808  0.42578795552253723
1210  0.4257832467556
834  0.4257641136646271
925  0.42575836181640625
434  0.4257468283176422
274  0.4257395267486572
277  0.4257349371910095
615  0.4257330894470215
548  0.42571717500686646
1062  0.42571574449539185
964  0.4257148504257202
361  0.4257122874259949
247  0.4256833493709564
827  0.42567363381385803
1117  0.42564406991004944
1204  0.4256379008293152
302  0.42563489079475403
406  0.4256340265274048
943  0.4256102740764618
1013  0.42560014128685
911  0.42557546496391296
315  0.4255695044994354
1165  0.42556846141815186
1011  0.4255017042160034
369  0.42547714710235596
777  0.42547404766082764
897  0.42546460032463074
721  0.4254521131515503
1047  0.4254485070705414
554  0.4254305064678192
702  0.4254284203052521
291  0.4254198372364044
225  0.42540884017944336
655  0.42540132999420166
459  0.42536577582359314
243  0.4253602623939514
1042  0.4253554344177246
1154  0.4253542721271515
976  0.4253323972225189
1090  0.4252917766571045
761  0.42529159784317017
1177  0.425276517868042
580  0.4252651333808899
353  0.425259530544281
190  0.4252593517303467
192  0.425243079662323
941  0.42520180344581604
853  0.4251997768878937
955  0.42519891262054443
789  0.42519786953926086
653  0.42517098784446716
820  0.42516785860061646
884  0.4251600205898285
712  0.4251553416252136
839  0.4251381456851959
785  0.4251181483268738
169  0.4251165986061096
786  0.4250781536102295
1118  0.42505231499671936
293  0.4250447452068329
908  0.42504215240478516
519  0.42501693964004517
463  0.42500510811805725
619  0.4250046908855438
977  0.42499449849128723
956  0.4249863624572754
426  0.4249788522720337
572  0.42495933175086975
362  0.42493683099746704
1037  0.42493656277656555
939  0.4249090850353241
378  0.4248861074447632
1150  0.4248706102371216
1008  0.4248298108577728
486  0.42482659220695496
1122  0.4248199164867401
375  0.4248135983943939
1024  0.42479220032691956
351  0.42479169368743896
256  0.42476966977119446
415  0.4247543513774872
945  0.4247186481952667
1120  0.4246864914894104
1152  0.4246600866317749
847  0.42463189363479614
931  0.4246193766593933
551  0.424617737531662
255  0.42459800839424133
1050  0.42459797859191895
621  0.4245876967906952
252  0.4245731830596924
552  0.4245692193508148
929  0.42454832792282104
491  0.4245120584964752
1250  0.4245088994503021
319  0.42449891567230225
1048  0.4244762361049652
1221  0.4244467616081238
240  0.42441055178642273
314  0.4244104027748108
405  0.42438751459121704
953  0.42433279752731323
493  0.4243243932723999
870  0.42431640625
981  0.424294650554657
898  0.42428016662597656
404  0.4242660105228424
520  0.42424774169921875
355  0.42424291372299194
194  0.4242101013660431
848  0.42418748140335083
972  0.4241345226764679
368  0.42413318157196045
401  0.42409059405326843
974  0.4240793287754059
805  0.4240618348121643
228  0.42405587434768677
783  0.42405378818511963
890  0.4240000247955322
881  0.4239973723888397
1061  0.4239400327205658
60  0.42393675446510315
948  0.4239090085029602
873  0.4238297641277313
718  0.42380809783935547
1153  0.42379987239837646
1163  0.4237881302833557
488  0.42372626066207886
1049  0.4237016439437866
625  0.4236990809440613
822  0.42364490032196045
874  0.4235830307006836
214  0.4235583245754242
990  0.42354556918144226
220  0.42352229356765747
809  0.4235190451145172
1004  0.4234967827796936
722  0.4234709143638611
1003  0.42343994975090027
395  0.4234296381473541
790  0.42342597246170044
477  0.42340806126594543
553  0.4233814775943756
1092  0.4233672022819519
229  0.42336195707321167
403  0.4232596158981323
891  0.42325475811958313
784  0.4232473373413086
221  0.423142671585083
947  0.42307382822036743
829  0.4230400621891022
803  0.4230068325996399
303  0.42299097776412964
975  0.42297598719596863
635  0.4229600131511688
193  0.42291074991226196
473  0.4228573143482208
946  0.4228244125843048
763  0.4228215217590332
992  0.42278745770454407
1119  0.4227201044559479
709  0.4227057695388794
1033  0.42269599437713623
1161  0.4226938486099243
804  0.4226345717906952
398  0.42261847853660583
1051  0.4225992262363434
828  0.42257630825042725
1162  0.4225679636001587
628  0.4224916100502014
830  0.42245471477508545
377  0.4224492609500885
626  0.42243921756744385
909  0.4224122166633606
760  0.4224000871181488
390  0.4223613440990448
549  0.42235296964645386
402  0.42228463292121887
650  0.42227280139923096
317  0.42225536704063416
802  0.42222118377685547
1113  0.422124981880188
624  0.4220597445964813
627  0.4220200479030609
550  0.42200008034706116
880  0.42195799946784973
294  0.4219173192977905
622  0.4218776226043701
267  0.421848863363266
623  0.42179253697395325
1065  0.4217686057090759
1058  0.42175519466400146
875  0.4217512905597687
910  0.4217129647731781
1175  0.4214625358581543
268  0.4214347004890442
836  0.4212358295917511
824  0.4211809039115906
787  0.4211580753326416
435  0.42113736271858215
759  0.4208497703075409
1124  0.4208202064037323
799  0.4208173155784607
1123  0.420787513256073
788  0.42067229747772217
1064  0.4205324351787567
266  0.42048707604408264
871  0.4201226830482483
436  0.4195968210697174
872  0.4173029959201813
1059  0.4165794849395752
991  0.41610050201416016
