1  0.4298548102378845
1732  0.4196363687515259
2  0.4145157039165497
1202  0.4094521999359131
1731  0.40771597623825073
1352  0.4062880277633667
1119  0.4061358571052551
1204  0.4061320126056671
1116  0.406097412109375
1062  0.4059842824935913
3  0.40593987703323364
711  0.4058295488357544
989  0.4057263135910034
808  0.40559035539627075
988  0.4055606424808502
807  0.40548378229141235
796  0.4052753448486328
729  0.40525373816490173
1060  0.4051107168197632
699  0.40505146980285645
909  0.40492838621139526
22  0.40482497215270996
1134  0.40475621819496155
878  0.4045886993408203
1496  0.4045488238334656
109  0.4045090675354004
912  0.40447455644607544
1101  0.40441596508026123
820  0.4042826294898987
990  0.4042053520679474
110  0.4041340947151184
877  0.40413346886634827
730  0.40404248237609863
107  0.4039638340473175
26  0.4039585590362549
67  0.40390944480895996
759  0.40385913848876953
1061  0.4038322865962982
712  0.40380990505218506
914  0.40378791093826294
100  0.4037666320800781
1351  0.4037318229675293
386  0.40372011065483093
1100  0.40371134877204895
819  0.4037010669708252
66  0.40369927883148193
731  0.40368854999542236
762  0.4036731719970703
122  0.4036445617675781
669  0.4036065340042114
55  0.4035226106643677
1063  0.4035150408744812
385  0.4034905731678009
1120  0.4034806489944458
33  0.4034585952758789
790  0.403455913066864
422  0.40337544679641724
1200  0.4033648669719696
1203  0.4033472239971161
917  0.4033096730709076
823  0.40328383445739746
680  0.40326496958732605
932  0.4032456874847412
860  0.4032202661037445
933  0.4031316637992859
671  0.4031270444393158
735  0.40305688977241516
167  0.40304654836654663
1000  0.4030344784259796
40  0.40302973985671997
700  0.4030231535434723
438  0.40301764011383057
913  0.4030017852783203
1118  0.40294626355171204
881  0.4029320180416107
809  0.4029160737991333
23  0.4028526246547699
1191  0.4028172492980957
1205  0.4027997553348541
106  0.4027571380138397
887  0.40271618962287903
1121  0.402710497379303
697  0.4026779532432556
667  0.4025898277759552
1242  0.4025583863258362
384  0.4025554358959198
1065  0.4025460481643677
1247  0.40254122018814087
24  0.40254083275794983
857  0.4025150537490845
21  0.4025110900402069
1251  0.4025033712387085
916  0.40249690413475037
1040  0.40244871377944946
698  0.40244582295417786
108  0.4024236500263214
124  0.4024067521095276
1099  0.4023909866809845
798  0.40237924456596375
4  0.4023703932762146
665  0.4023699164390564
1201  0.402324378490448
15  0.4022867977619171
795  0.40227609872817993
481  0.40227141976356506
1034  0.402265340089798
897  0.40224477648735046
1133  0.40223169326782227
1135  0.40218403935432434
726  0.4021814465522766
123  0.4021742343902588
859  0.40216970443725586
1258  0.40210235118865967
1022  0.40208369493484497
125  0.40204694867134094
1354  0.40200743079185486
1715  0.40199849009513855
1267  0.4019707143306732
20  0.40195006132125854
1253  0.4019145667552948
166  0.4019125998020172
1189  0.40189769864082336
703  0.4018634855747223
1097  0.40185055136680603
1039  0.4018264710903168
791  0.40179258584976196
34  0.40177804231643677
822  0.40177473425865173
879  0.4017685651779175
810  0.4017648696899414
1244  0.40176382660865784
1064  0.40176326036453247
767  0.40174540877342224
103  0.40172311663627625
668  0.40170177817344666
1037  0.40170177817344666
1367  0.40170127153396606
1007  0.4016891121864319
1259  0.40168485045433044
1262  0.40163615345954895
1243  0.401635080575943
765  0.40162399411201477
437  0.4016110897064209
49  0.40159669518470764
710  0.4015766382217407
1033  0.40154317021369934
670  0.40152063965797424
1102  0.401511013507843
792  0.4015108048915863
1058  0.40150874853134155
991  0.401489794254303
25  0.4014691412448883
460  0.40145373344421387
766  0.4014452397823334
855  0.40143918991088867
1268  0.40143629908561707
992  0.40141865611076355
1002  0.4014028012752533
704  0.4013773202896118
126  0.401376336812973
1059  0.40136903524398804
1042  0.4013453423976898
705  0.40133440494537354
1246  0.40133136510849
98  0.4013134241104126
1004  0.40129488706588745
27  0.4012663960456848
1252  0.4012480080127716
848  0.4012433886528015
1036  0.40123894810676575
854  0.40122276544570923
1248  0.4012179672718048
1655  0.40121445059776306
1625  0.4012139141559601
702  0.40118253231048584
672  0.4011555314064026
821  0.4011545181274414
508  0.40115225315093994
732  0.401138037443161
952  0.4011247456073761
1164  0.4011037051677704
37  0.40109121799468994
56  0.4010847806930542
853  0.4010827839374542
1497  0.4010595381259918
910  0.4010382294654846
1574  0.4008902609348297
1250  0.4008859694004059
1269  0.4008798897266388
18  0.40087389945983887
926  0.40085700154304504
628  0.40085646510124207
883  0.4008530378341675
1206  0.4008511006832123
487  0.40083834528923035
388  0.40083062648773193
1555  0.4008219242095947
694  0.4008120894432068
1190  0.4008043110370636
32  0.4007973074913025
1245  0.4007719159126282
958  0.40074458718299866
1580  0.40073972940444946
953  0.4007388949394226
911  0.4007369875907898
683  0.4007173776626587
769  0.4007120132446289
273  0.40069660544395447
75  0.40068307518959045
156  0.40068039298057556
1035  0.4006747603416443
954  0.4006427824497223
727  0.40064212679862976
54  0.4006386697292328
789  0.40063297748565674
1720  0.40063178539276123
1069  0.40062788128852844
975  0.4006200134754181
1303  0.40061885118484497
880  0.4005998969078064
1249  0.4005909264087677
383  0.40058305859565735
843  0.4005756974220276
999  0.4005665183067322
79  0.40056008100509644
168  0.40054595470428467
1082  0.4005409777164459
116  0.4005400538444519
627  0.4005044102668762
1044  0.40049615502357483
934  0.4004595875740051
1117  0.40045401453971863
687  0.4004456400871277
1723  0.40043750405311584
150  0.4004354178905487
884  0.40043413639068604
908  0.40040838718414307
758  0.4003739655017853
1215  0.40036478638648987
65  0.4003307521343231
264  0.4002912640571594
17  0.4002751410007477
779  0.40027111768722534
713  0.40026262402534485
783  0.4002445638179779
1028  0.40021076798439026
1165  0.4002021253108978
1056  0.4002003073692322
736  0.400166392326355
1456  0.40015754103660583
99  0.4001482129096985
105  0.4001392126083374
1283  0.4001355767250061
428  0.40013012290000916
1619  0.40012165904045105
1279  0.4001157283782959
781  0.40007713437080383
52  0.40007317066192627
900  0.4000531733036041
763  0.400029718875885
1239  0.4000253975391388
1057  0.40001633763313293
1132  0.400013267993927
725  0.39999932050704956
53  0.3999926447868347
1355  0.3999921381473541
1166  0.3999904692173004
728  0.3999888598918915
1020  0.3999805748462677
677  0.3999782204627991
208  0.3999561667442322
197  0.399955153465271
317  0.3999483585357666
522  0.39994359016418457
835  0.39992958307266235
1188  0.39991655945777893
1353  0.39991021156311035
1161  0.39990660548210144
104  0.39989572763442993
203  0.39988285303115845
797  0.3998778760433197
1006  0.39986592531204224
148  0.3998536467552185
664  0.3998505175113678
1171  0.3998468518257141
1600  0.39982977509498596
850  0.39982670545578003
701  0.39982327818870544
78  0.39980873465538025
1539  0.3998023569583893
1257  0.39979246258735657
780  0.3997917175292969
28  0.39977583289146423
572  0.39977461099624634
1001  0.3997648060321808
12  0.3997604250907898
1128  0.39975878596305847
761  0.399748831987381
1195  0.3997485339641571
1083  0.39974245429039
737  0.39971429109573364
1458  0.3997136354446411
788  0.3997003138065338
921  0.399681031703949
885  0.39967426657676697
787  0.39965370297431946
1115  0.399640291929245
1008  0.3996339440345764
1235  0.39963215589523315
1665  0.3996296226978302
799  0.3996252119541168
976  0.3995966613292694
1453  0.3995853662490845
681  0.39957740902900696
1549  0.3995499908924103
1608  0.3995493948459625
1041  0.3995331823825836
650  0.3995235860347748
768  0.39952242374420166
782  0.399518758058548
117  0.3994700014591217
19  0.39946576952934265
957  0.39945897459983826
1689  0.3994500935077667
1449  0.3994477391242981
1236  0.3994241952896118
818  0.3994162082672119
1722  0.3994027078151703
397  0.39939674735069275
14  0.3993942439556122
786  0.39939233660697937
1730  0.39938682317733765
847  0.3993836045265198
1199  0.3993808329105377
1220  0.39937931299209595
1256  0.39937925338745117
367  0.3993690013885498
686  0.39935147762298584
44  0.3993452489376068
858  0.39934441447257996
1111  0.39933377504348755
1455  0.3993290662765503
836  0.3993237614631653
439  0.39932161569595337
69  0.39931321144104004
974  0.3992888331413269
679  0.3992866277694702
1129  0.39927423000335693
844  0.39926809072494507
1079  0.39926549792289734
86  0.3992612659931183
423  0.3992595970630646
813  0.39925917983055115
39  0.3992460370063782
1131  0.3992355465888977
1085  0.3992277979850769
50  0.3992232084274292
311  0.39922279119491577
1621  0.3992050290107727
1482  0.3991971015930176
1038  0.39919397234916687
733  0.39918363094329834
174  0.39917343854904175
930  0.39914095401763916
51  0.3991360068321228
682  0.3991250693798065
1512  0.39912164211273193
1223  0.3991195559501648
234  0.3991188108921051
427  0.3991124629974365
676  0.39911216497421265
350  0.3991069793701172
189  0.39910319447517395
1554  0.3990994095802307
204  0.39909878373146057
929  0.39909636974334717
38  0.3990955352783203
856  0.3990682363510132
673  0.3990633189678192
1692  0.39906150102615356
1105  0.39905738830566406
1054  0.39905378222465515
1622  0.39905306696891785
1177  0.3990415334701538
1266  0.39904025197029114
191  0.3990388810634613
1221  0.39903077483177185
1084  0.39902597665786743
1192  0.39898860454559326
1460  0.3989814519882202
970  0.39897921681404114
1659  0.3989754915237427
118  0.3989644944667816
1182  0.39895716309547424
1350  0.3989483118057251
16  0.39893609285354614
387  0.3989330530166626
1556  0.39893099665641785
30  0.39892512559890747
77  0.39891210198402405
1241  0.3988990783691406
1137  0.39887136220932007
173  0.39885666966438293
425  0.3988477885723114
205  0.39884406328201294
827  0.3988379240036011
1406  0.3988335132598877
1136  0.3988304138183594
452  0.39881348609924316
420  0.39880114793777466
1724  0.39879363775253296
1623  0.3987730145454407
784  0.39875122904777527
803  0.39871400594711304
1170  0.3987058401107788
865  0.39870187640190125
477  0.3986993432044983
927  0.39869487285614014
29  0.39869192242622375
1068  0.3986890912055969
918  0.3986838459968567
1601  0.3986779451370239
611  0.39867740869522095
192  0.39867013692855835
1081  0.39866694808006287
165  0.39864346385002136
1159  0.3986418545246124
1108  0.3986384868621826
482  0.3986302614212036
956  0.3986271917819977
111  0.39862579107284546
429  0.39862391352653503
295  0.3986232876777649
1072  0.39862319827079773
800  0.39861831068992615
1315  0.3986169397830963
1457  0.39860931038856506
1620  0.3986051082611084
928  0.3986011743545532
1003  0.39857882261276245
1194  0.39854806661605835
57  0.39854729175567627
1483  0.398546040058136
1130  0.3985360264778137
70  0.39853549003601074
101  0.39853450655937195
982  0.3985251188278198
271  0.3985244035720825
159  0.3985224664211273
756  0.3985055983066559
1725  0.3984997272491455
36  0.3984924852848053
1617  0.3984917998313904
973  0.3984805643558502
951  0.3984776437282562
207  0.39846524596214294
483  0.39846181869506836
1654  0.3984569013118744
654  0.3984551727771759
48  0.39844998717308044
368  0.39844903349876404
1029  0.39844372868537903
922  0.3984420597553253
1589  0.39843758940696716
1594  0.3984375298023224
169  0.39843669533729553
112  0.3984297215938568
147  0.3984149694442749
181  0.39841386675834656
465  0.39838752150535583
692  0.398375004529953
41  0.39837273955345154
31  0.39837202429771423
1660  0.3983640968799591
1106  0.39835745096206665
972  0.39834821224212646
947  0.39834338426589966
1147  0.39833498001098633
1225  0.39833179116249084
1504  0.3983314633369446
315  0.398328572511673
610  0.39831092953681946
353  0.3983074426651001
1588  0.3982984125614166
436  0.39829638600349426
950  0.39828142523765564
842  0.3982773423194885
1599  0.3982681930065155
361  0.3982672095298767
886  0.3982626497745514
1485  0.398255318403244
1237  0.3982364535331726
755  0.39823585748672485
1541  0.39822492003440857
811  0.3982246220111847
941  0.3982081711292267
1169  0.3982062339782715
1162  0.39820224046707153
1405  0.39819952845573425
297  0.3981983959674835
824  0.3981895446777344
760  0.39818477630615234
666  0.3981826901435852
942  0.39817821979522705
826  0.3981696665287018
1183  0.3981471657752991
655  0.39814475178718567
157  0.39814040064811707
1216  0.39814016222953796
1322  0.398136168718338
391  0.3981304168701172
64  0.39812716841697693
875  0.39810970425605774
840  0.3981093466281891
80  0.3980919420719147
1073  0.3980836868286133
435  0.39807605743408203
485  0.39806583523750305
1055  0.398060142993927
949  0.3980504870414734
1538  0.3980482816696167
170  0.3980432152748108
651  0.3980342745780945
444  0.3980273902416229
1107  0.39802637696266174
1397  0.3980232775211334
253  0.3980066478252411
113  0.39798685908317566
1506  0.397985577583313
1613  0.3979773223400116
931  0.3979765474796295
1682  0.39797306060791016
1368  0.3979671597480774
968  0.39796656370162964
734  0.39796340465545654
472  0.39795878529548645
632  0.39795681834220886
693  0.3979545533657074
1067  0.3979532718658447
961  0.39794275164604187
1498  0.39792802929878235
1066  0.3979259133338928
35  0.39792492985725403
806  0.39791038632392883
846  0.39789801836013794
1721  0.3978953957557678
1043  0.39789459109306335
785  0.3978910446166992
87  0.39788952469825745
466  0.39788806438446045
114  0.3978733718395233
45  0.39786145091056824
158  0.39785873889923096
1027  0.3978586494922638
224  0.3978581428527832
389  0.3978569209575653
140  0.3978564441204071
399  0.3978443741798401
261  0.3978373110294342
473  0.39783066511154175
696  0.3978254795074463
993  0.39781859517097473
907  0.39781466126441956
891  0.3978079557418823
1238  0.39780619740486145
146  0.39780136942863464
1071  0.39778709411621094
58  0.39778605103492737
1222  0.39778584241867065
674  0.3977850079536438
724  0.39777976274490356
400  0.3977753221988678
461  0.3977743089199066
120  0.3977685272693634
1098  0.39776772260665894
1282  0.39776626229286194
1307  0.3977651596069336
1075  0.39774203300476074
127  0.39773160219192505
1484  0.3977186977863312
675  0.3977164626121521
1198  0.3977096378803253
849  0.39770206809043884
648  0.3977005183696747
382  0.3976989984512329
1573  0.39769208431243896
130  0.3976890444755554
1536  0.3976868987083435
1596  0.3976840078830719
152  0.3976646959781647
971  0.39766430854797363
71  0.39766228199005127
1154  0.39764493703842163
715  0.3976358473300934
13  0.3976283669471741
411  0.3976266384124756
141  0.39762169122695923
906  0.3976212739944458
987  0.3976157605648041
793  0.3975851535797119
1729  0.3975815773010254
459  0.39757785201072693
896  0.39757683873176575
1021  0.39757445454597473
121  0.39755791425704956
996  0.3975491225719452
151  0.39754819869995117
915  0.39753249287605286
852  0.39751383662223816
274  0.39751318097114563
1113  0.39751046895980835
969  0.3975057005882263
1024  0.3974989652633667
178  0.397489458322525
1579  0.3974863588809967
1110  0.3974844813346863
1126  0.39747264981269836
355  0.3974709212779999
1587  0.39747029542922974
1050  0.3974626064300537
721  0.3974587917327881
275  0.3974549472332001
524  0.3974539041519165
440  0.39745229482650757
1263  0.3974514305591583
979  0.39744749665260315
153  0.3974474370479584
198  0.39743945002555847
398  0.3974340260028839
629  0.39742520451545715
706  0.39742332696914673
598  0.3973897397518158
1095  0.39738765358924866
1664  0.39738765358924866
1086  0.39736685156822205
179  0.3973661959171295
323  0.3973579704761505
1553  0.3973492980003357
1618  0.3973405361175537
193  0.3973345458507538
471  0.3973344564437866
511  0.39732590317726135
778  0.3973235487937927
590  0.3973233997821808
653  0.3973001539707184
948  0.3972964584827423
1234  0.39729616045951843
1693  0.3972948491573334
1718  0.39729443192481995
97  0.397293359041214
424  0.3972759246826172
1657  0.3972722887992859
1309  0.3972632586956024
722  0.3972388803958893
1513  0.39723482728004456
1616  0.3972335457801819
1114  0.39722752571105957
707  0.3972216546535492
1537  0.3972005248069763
1366  0.39718952775001526
136  0.3971879482269287
378  0.3971864581108093
47  0.39718177914619446
596  0.3971700370311737
1281  0.3971533477306366
1207  0.3971526324748993
1505  0.3971458077430725
955  0.3971346318721771
518  0.39713379740715027
597  0.39713001251220703
777  0.3971289098262787
1575  0.39711883664131165
76  0.39711794257164
1604  0.39711108803749084
1209  0.39710500836372375
851  0.39710357785224915
281  0.39709776639938354
935  0.3970961272716522
366  0.39709335565567017
720  0.39709222316741943
184  0.3970921039581299
196  0.39708372950553894
812  0.39708372950553894
626  0.3970808684825897
1582  0.397076815366745
1240  0.397070050239563
1214  0.39704808592796326
1260  0.3970322906970978
314  0.39702707529067993
985  0.3970215618610382
194  0.3970198929309845
445  0.3970172703266144
1208  0.397014856338501
825  0.39701154828071594
684  0.39700847864151
154  0.3970045745372772
1196  0.3970002830028534
299  0.3969999849796295
866  0.396994411945343
1581  0.39699283242225647
408  0.39698585867881775
320  0.39698413014411926
371  0.3969823122024536
486  0.3969818651676178
1023  0.39697983860969543
11  0.3969793915748596
1213  0.396954745054245
521  0.39695388078689575
1667  0.39695030450820923
977  0.39694496989250183
223  0.3969385623931885
718  0.39693424105644226
841  0.39692795276641846
115  0.39692550897598267
414  0.3969009816646576
678  0.3968989849090576
994  0.39689892530441284
1163  0.3968968987464905
1212  0.3968851864337921
1540  0.3968837261199951
1046  0.3968818485736847
591  0.3968801498413086
1459  0.396875262260437
1636  0.39687204360961914
600  0.396866112947464
10  0.39684492349624634
1719  0.39682871103286743
1310  0.3968237340450287
805  0.3968147337436676
1508  0.3968144357204437
1284  0.39681389927864075
997  0.3968128561973572
1716  0.396810382604599
1323  0.39680585265159607
1387  0.3967934250831604
257  0.39678359031677246
649  0.3967817723751068
254  0.39676782488822937
228  0.3967371881008148
313  0.39672908186912537
1703  0.39672571420669556
1609  0.39672228693962097
966  0.3967209756374359
1030  0.3967156410217285
565  0.3967072069644928
81  0.39670491218566895
1447  0.39670130610466003
419  0.39669540524482727
876  0.3966914117336273
498  0.3966886103153229
163  0.3966818153858185
553  0.39668112993240356
143  0.39667752385139465
551  0.3966771960258484
507  0.3966761827468872
215  0.39667490124702454
502  0.39667415618896484
967  0.39667168259620667
266  0.39667069911956787
265  0.39666926860809326
1146  0.39666882157325745
898  0.39666709303855896
1395  0.3966650068759918
1494  0.39665892720222473
456  0.39665743708610535
347  0.3966572880744934
1178  0.3966551125049591
723  0.3966476619243622
1564  0.39664220809936523
1412  0.3966359794139862
1080  0.3966182768344879
142  0.3966154456138611
517  0.3966154158115387
1557  0.3966052234172821
1666  0.39660146832466125
515  0.3965980112552643
401  0.396593302488327
1005  0.3965919315814972
1272  0.3965819776058197
1149  0.3965630531311035
1481  0.396558940410614
131  0.3965521454811096
132  0.39654138684272766
255  0.39653563499450684
506  0.3965354263782501
633  0.39652758836746216
695  0.3965240716934204
412  0.3965199589729309
1560  0.396510511636734
1365  0.3965032398700714
1070  0.39649710059165955
709  0.3964864909648895
1306  0.3964850902557373
708  0.39647549390792847
509  0.39647114276885986
689  0.3964705467224121
1193  0.39645570516586304
1658  0.39644795656204224
488  0.39644768834114075
1051  0.39644768834114075
443  0.3964458107948303
1717  0.3964391350746155
980  0.39643412828445435
719  0.3964281380176544
862  0.3964259922504425
519  0.3964255154132843
888  0.3964095115661621
1053  0.3964092433452606
434  0.3964084982872009
296  0.39640718698501587
476  0.396405965089798
1583  0.3964017629623413
1321  0.3963973820209503
1314  0.39639583230018616
202  0.39639291167259216
1092  0.3963896930217743
362  0.3963870704174042
936  0.3963831067085266
134  0.3963780105113983
310  0.3963765799999237
965  0.39636602997779846
944  0.39635276794433594
691  0.3963482975959778
316  0.3963446021080017
1388  0.3963441550731659
89  0.39633628726005554
1417  0.3963291347026825
925  0.39630284905433655
1567  0.3962852656841278
764  0.3962840735912323
1308  0.39628154039382935
426  0.3962785303592682
478  0.3962680697441101
1360  0.39626699686050415
263  0.3962601125240326
656  0.3962517976760864
1255  0.3962457478046417
1224  0.39623236656188965
1607  0.396222859621048
1597  0.3962152898311615
1661  0.39620375633239746
206  0.396199494600296
185  0.39619794487953186
278  0.3961958885192871
959  0.3961949050426483
1593  0.39618605375289917
757  0.39617717266082764
390  0.396173894405365
1181  0.39617276191711426
1468  0.39616820216178894
1602  0.3961651623249054
369  0.3961641490459442
1019  0.3961620628833771
513  0.39616167545318604
872  0.3961525857448578
1197  0.3961508274078369
252  0.3961426019668579
222  0.396139532327652
331  0.3961389362812042
190  0.3961349427700043
1706  0.39613407850265503
901  0.3961153030395508
1568  0.39611387252807617
890  0.396109014749527
895  0.39610400795936584
1404  0.3960893452167511
470  0.3960876762866974
349  0.39608216285705566
500  0.3960794508457184
1396  0.3960738480091095
612  0.39607301354408264
828  0.3960716128349304
531  0.3960708677768707
1495  0.3960677981376648
938  0.3960633873939514
1392  0.39606067538261414
1311  0.39605051279067993
1093  0.3960489332675934
289  0.3960479199886322
1349  0.3960462510585785
73  0.39604422450065613
845  0.3960375189781189
749  0.39603516459465027
714  0.39603227376937866
301  0.3960263431072235
1270  0.3960254192352295
1502  0.3960236608982086
750  0.396022230386734
410  0.39601048827171326
1048  0.3960099220275879
1233  0.3960077166557312
1104  0.3960019052028656
998  0.39599964022636414
770  0.39599770307540894
1145  0.3959932327270508
60  0.39598602056503296
660  0.39598119258880615
1076  0.3959794044494629
652  0.39597558975219727
300  0.3959740400314331
1156  0.39597341418266296
1624  0.39597266912460327
978  0.395971417427063
631  0.39597004652023315
1691  0.39596617221832275
1517  0.3959617614746094
571  0.3959468603134155
1558  0.39594241976737976
345  0.3959301710128784
455  0.3959266245365143
102  0.39591553807258606
861  0.395913302898407
447  0.3959067165851593
1705  0.3959052264690399
1261  0.3958849012851715
433  0.3958836495876312
1627  0.3958722651004791
1714  0.39586982131004333
1254  0.3958663046360016
940  0.3958614468574524
902  0.3958524465560913
474  0.39583873748779297
1271  0.39583632349967957
1516  0.3958243727684021
352  0.39581945538520813
1319  0.39581671357154846
334  0.3958160877227783
161  0.39581191539764404
1626  0.395811527967453
1448  0.39581117033958435
1550  0.39580705761909485
1702  0.39580440521240234
162  0.395804226398468
416  0.39580339193344116
1264  0.39580029249191284
1668  0.3957962095737457
615  0.39579278230667114
475  0.39579272270202637
882  0.39578014612197876
1727  0.3957737386226654
1391  0.3957711160182953
1656  0.3957677483558655
1454  0.39576366543769836
68  0.3957594037055969
1332  0.3957585096359253
1122  0.3957532048225403
497  0.395742267370224
256  0.39573803544044495
1026  0.3957245945930481
1414  0.39571747183799744
1542  0.39571237564086914
83  0.39569443464279175
155  0.39569076895713806
7  0.3956667482852936
363  0.39566344022750854
939  0.3956594169139862
1548  0.39565524458885193
538  0.3956414759159088
135  0.39563456177711487
351  0.39562925696372986
1305  0.39561763405799866
1211  0.395616739988327
1096  0.3956133723258972
1078  0.3956063389778137
1700  0.3956051468849182
1155  0.3955957293510437
1184  0.39559292793273926
1704  0.3955889642238617
1009  0.3955859839916229
1032  0.39558225870132446
61  0.3955747187137604
209  0.39557403326034546
286  0.3955720365047455
288  0.3955680727958679
214  0.3955622613430023
1172  0.39555078744888306
1592  0.39554649591445923
1109  0.39554092288017273
1559  0.3955342471599579
602  0.395530104637146
685  0.39551979303359985
1218  0.39551740884780884
1304  0.3955139219760895
960  0.3955087661743164
145  0.39550843834877014
1318  0.3955003321170807
277  0.39549657702445984
1528  0.3954945206642151
962  0.3954887092113495
1450  0.3954838216304779
738  0.39547795057296753
1488  0.39547625184059143
1386  0.3954664468765259
552  0.3954446315765381
1615  0.39544349908828735
1687  0.3954431414604187
119  0.3954426944255829
690  0.3954412639141083
1179  0.395429402589798
1503  0.3954288065433502
276  0.39542001485824585
210  0.3954179286956787
218  0.39541730284690857
272  0.3954101800918579
1045  0.39540934562683105
1047  0.39540213346481323
5  0.39540010690689087
1176  0.3953990042209625
235  0.3953970670700073
874  0.3953910171985626
372  0.3953862190246582
1317  0.3953854739665985
346  0.3953847289085388
182  0.3953804671764374
834  0.39536598324775696
1278  0.3953523337841034
688  0.39534252882003784
1186  0.3953365981578827
1144  0.39532893896102905
1125  0.39531493186950684
746  0.395309716463089
1603  0.3953040540218353
1402  0.39529740810394287
1312  0.3952969014644623
1584  0.39529168605804443
589  0.3952818512916565
899  0.3952743411064148
1313  0.3952506184577942
231  0.3952423334121704
1148  0.3952389359474182
1647  0.3952307403087616
1586  0.39522796869277954
562  0.39522403478622437
183  0.3952145278453827
1690  0.39518818259239197
603  0.39517176151275635
333  0.3951452076435089
6  0.3951309621334076
342  0.39512649178504944
739  0.39512205123901367
1229  0.3950910270214081
1227  0.3950795531272888
43  0.3950512111186981
1663  0.39504900574684143
514  0.395038366317749
1052  0.39503777027130127
1686  0.39503729343414307
564  0.3950370252132416
469  0.39503419399261475
1403  0.3950304090976715
986  0.39502277970314026
1605  0.39501604437828064
454  0.3950115740299225
1168  0.39500904083251953
62  0.3950062096118927
1228  0.3950008749961853
298  0.3949989676475525
1685  0.394998699426651
9  0.39498910307884216
530  0.3949841260910034
1152  0.3949836492538452
920  0.39498263597488403
448  0.3949814438819885
480  0.3949814438819885
479  0.39498019218444824
1662  0.39497989416122437
1511  0.3949657380580902
1158  0.39495351910591125
1631  0.39494433999061584
1127  0.39494016766548157
630  0.39493754506111145
1551  0.3949332535266876
226  0.3949233591556549
413  0.39492276310920715
1672  0.394906610250473
396  0.3949057161808014
1141  0.3948955535888672
489  0.39489486813545227
63  0.39489421248435974
1547  0.3948926627635956
1016  0.3948911428451538
380  0.3948889672756195
919  0.3948887586593628
1407  0.39488568902015686
330  0.3948749303817749
232  0.39485159516334534
407  0.39485108852386475
832  0.3948509395122528
1010  0.39484456181526184
354  0.3948422968387604
1514  0.3948398530483246
490  0.3948330283164978
1571  0.39482051134109497
535  0.39481237530708313
1280  0.3948098123073578
1219  0.3948040306568146
1103  0.39480194449424744
605  0.3948012888431549
1490  0.3947911560535431
1635  0.39478421211242676
1648  0.39477407932281494
771  0.39475855231285095
1150  0.39475229382514954
1650  0.39474958181381226
601  0.3947452902793884
1138  0.39474213123321533
1185  0.3947349786758423
575  0.394724041223526
892  0.39472073316574097
593  0.39471501111984253
329  0.39471498131752014
1576  0.3947121798992157
1160  0.3947029709815979
219  0.3947010338306427
1683  0.3946993947029114
392  0.3946986496448517
88  0.39469391107559204
318  0.3946923017501831
563  0.39469191431999207
1507  0.3946911692619324
1356  0.39469093084335327
1701  0.3946780860424042
303  0.3946690261363983
963  0.39466485381126404
421  0.39465847611427307
1285  0.39465802907943726
458  0.39464473724365234
802  0.39463913440704346
180  0.3946338891983032
776  0.39463329315185547
1398  0.3946283161640167
1230  0.3946237862110138
417  0.39461860060691833
1649  0.39460882544517517
1552  0.3945956528186798
609  0.3945862948894501
262  0.3945848047733307
1680  0.3945801258087158
815  0.394578218460083
1017  0.3945710062980652
740  0.3945702612400055
1535  0.3945663273334503
1572  0.39454588294029236
1529  0.39454489946365356
634  0.39454391598701477
753  0.39454206824302673
1563  0.3945310711860657
1157  0.3945309817790985
1501  0.3945271968841553
1265  0.3945222496986389
306  0.394521564245224
889  0.39451682567596436
833  0.39451244473457336
1389  0.3944859504699707
964  0.39446595311164856
285  0.39446377754211426
280  0.3944631814956665
1712  0.3944583535194397
512  0.3944471776485443
1679  0.39444491267204285
741  0.3944312632083893
225  0.39442741870880127
1049  0.39442673325538635
1651  0.39442217350006104
867  0.39440441131591797
493  0.3943891227245331
201  0.3943852186203003
370  0.3943759799003601
292  0.3943737745285034
1486  0.39437225461006165
1545  0.3943648934364319
1565  0.39435967803001404
1688  0.39435017108917236
1400  0.39433303475379944
1646  0.39431846141815186
547  0.3943178653717041
1438  0.3943156599998474
995  0.3943105936050415
1728  0.39430972933769226
1684  0.39428281784057617
744  0.3942822813987732
1276  0.39425501227378845
446  0.3942543566226959
543  0.3942517340183258
1578  0.39424729347229004
1590  0.39424678683280945
829  0.39424312114715576
1329  0.3942411541938782
1316  0.39423513412475586
1644  0.39423054456710815
90  0.3942210376262665
149  0.39420750737190247
592  0.3942064344882965
95  0.3942042589187622
287  0.3941883146762848
937  0.39418163895606995
309  0.39417824149131775
293  0.3941739499568939
160  0.39417052268981934
625  0.3941692113876343
418  0.3941665291786194
569  0.39416611194610596
321  0.3941625952720642
129  0.3941613733768463
1487  0.3941613435745239
1585  0.394153356552124
1390  0.394152969121933
229  0.39415067434310913
364  0.3941414952278137
96  0.3941403925418854
1699  0.394132137298584
923  0.3941296339035034
1277  0.39412423968315125
526  0.39412230253219604
1401  0.3941182494163513
1174  0.39411115646362305
1561  0.39410579204559326
381  0.39410245418548584
1630  0.39409178495407104
1467  0.394072026014328
374  0.394071102142334
94  0.39407098293304443
574  0.3940688371658325
492  0.39406484365463257
302  0.39406076073646545
484  0.3940575420856476
801  0.39403441548347473
1180  0.3940269351005554
754  0.3940085470676422
585  0.3940046429634094
188  0.39400166273117065
1493  0.3939916491508484
1562  0.3939885199069977
144  0.39398452639579773
1348  0.3939824402332306
1358  0.3939717411994934
1347  0.3939690887928009
220  0.3939685523509979
873  0.39396217465400696
1628  0.3939559757709503
501  0.3939502537250519
340  0.3939225673675537
1452  0.3939208686351776
1018  0.39391466975212097
1087  0.3938964307308197
1302  0.39389583468437195
233  0.39389339089393616
46  0.39388641715049744
322  0.3938756585121155
1653  0.3938755989074707
404  0.39387306571006775
894  0.39386996626853943
1287  0.39386990666389465
200  0.39386704564094543
312  0.3938618302345276
221  0.3938556909561157
617  0.39385509490966797
393  0.3938509523868561
1595  0.39385074377059937
745  0.39383453130722046
1634  0.39382219314575195
348  0.39382094144821167
431  0.3938206434249878
1369  0.39378270506858826
464  0.3937609791755676
1015  0.3937600553035736
1637  0.3937520980834961
1288  0.3937475085258484
580  0.39371609687805176
1437  0.39371585845947266
324  0.3937009274959564
1526  0.39369943737983704
748  0.3936964273452759
904  0.3936951160430908
1510  0.39369088411331177
217  0.3936862051486969
573  0.39368563890457153
1167  0.39367055892944336
616  0.39367038011550903
1614  0.3936691880226135
743  0.3936578333377838
546  0.393641859292984
133  0.39363837242126465
816  0.3936367928981781
282  0.39363449811935425
945  0.39362555742263794
837  0.3936144709587097
1440  0.39360347390174866
516  0.3936017155647278
1338  0.39357608556747437
1139  0.3935755491256714
576  0.3935450613498688
1418  0.39351868629455566
1591  0.3935185372829437
199  0.39351558685302734
1409  0.3935107886791229
402  0.39350998401641846
751  0.39349886775016785
1462  0.3934966027736664
599  0.3934778571128845
534  0.39347341656684875
326  0.39345747232437134
1074  0.39345040917396545
74  0.3934471607208252
814  0.3934466242790222
1707  0.39343374967575073
1112  0.3934193551540375
496  0.3934158980846405
1489  0.3933931291103363
537  0.3933888375759125
1339  0.3933678865432739
379  0.3933666944503784
409  0.39335015416145325
457  0.39333975315093994
1673  0.3933291435241699
1612  0.39332082867622375
238  0.393307626247406
905  0.39330023527145386
453  0.39329853653907776
59  0.3932665288448334
1709  0.39324691891670227
613  0.3932371139526367
1357  0.39323002099990845
1419  0.3932279050350189
1123  0.39321720600128174
360  0.3931938409805298
549  0.39319050312042236
594  0.3931781053543091
1320  0.39317554235458374
495  0.39317411184310913
213  0.3931732773780823
373  0.3931606709957123
463  0.39315932989120483
467  0.3931557238101959
1031  0.39315521717071533
556  0.39314430952072144
1363  0.3931346535682678
137  0.3931243419647217
85  0.39311328530311584
1151  0.3931010067462921
510  0.39309972524642944
1606  0.3930869996547699
1531  0.3930661976337433
442  0.3930650055408478
491  0.3930610418319702
1385  0.39305806159973145
82  0.3930560350418091
794  0.3930507302284241
328  0.39304858446121216
716  0.3930356800556183
817  0.39303067326545715
336  0.39302265644073486
1232  0.3930162489414215
343  0.39300766587257385
1273  0.39300698041915894
291  0.3930041790008545
584  0.3929993808269501
290  0.39299502968788147
1384  0.39299270510673523
1416  0.39297327399253845
525  0.39297279715538025
1525  0.39295461773872375
1094  0.39294669032096863
1286  0.39294442534446716
1175  0.3929404616355896
804  0.3929319977760315
339  0.39292559027671814
72  0.3929155170917511
1726  0.3929126560688019
270  0.39291173219680786
752  0.3929089903831482
544  0.3929077982902527
365  0.3929031491279602
831  0.3929020166397095
871  0.39289483428001404
128  0.3928850293159485
246  0.3928745985031128
332  0.3928203582763672
236  0.39278003573417664
91  0.3927788734436035
618  0.3927750289440155
863  0.39276739954948425
1509  0.392752468585968
742  0.3927520215511322
1226  0.3927306830883026
523  0.392730176448822
640  0.3927270472049713
195  0.39272379875183105
1410  0.39270883798599243
527  0.3927000164985657
775  0.392696350812912
1187  0.39269495010375977
1515  0.39268556237220764
1645  0.39267832040786743
577  0.3926727771759033
1153  0.39266055822372437
635  0.3926526606082916
1364  0.3926476538181305
1143  0.39264723658561707
307  0.3926454484462738
663  0.3926398754119873
1518  0.39263716340065
1324  0.3926329016685486
239  0.39262399077415466
1337  0.39261749386787415
1711  0.3926170766353607
1091  0.39260730147361755
559  0.3926068842411041
432  0.39260080456733704
430  0.3925991654396057
520  0.3925882875919342
868  0.39257651567459106
943  0.39257341623306274
344  0.39256778359413147
1359  0.39255374670028687
1598  0.39254939556121826
1124  0.3925347924232483
1429  0.39253440499305725
175  0.3925326466560364
1569  0.392520934343338
245  0.39251384139060974
773  0.3925100862979889
341  0.3925066292285919
983  0.39248114824295044
1297  0.3924773633480072
1527  0.39247196912765503
1408  0.3924705684185028
662  0.3924654424190521
595  0.39245471358299255
1439  0.39245155453681946
357  0.3924504816532135
1330  0.3924504816532135
1428  0.3924407660961151
582  0.392437607049942
536  0.39243683218955994
619  0.39243292808532715
1089  0.3924284875392914
294  0.3924276530742645
279  0.3924251198768616
1399  0.3924248218536377
227  0.39241230487823486
242  0.3923976421356201
539  0.3923965096473694
1698  0.39238521456718445
327  0.3923798203468323
717  0.39237797260284424
1652  0.3923681378364563
1546  0.3923501670360565
554  0.39234843850135803
1472  0.39234527945518494
1669  0.392302006483078
42  0.3923008441925049
1377  0.3922870457172394
532  0.39228108525276184
1675  0.39223676919937134
284  0.3922194242477417
92  0.3922055661678314
545  0.3921934962272644
946  0.39217033982276917
462  0.39216262102127075
1629  0.39215222001075745
1499  0.39213934540748596
244  0.39212310314178467
1469  0.39211371541023254
1632  0.39210933446884155
260  0.39208608865737915
1025  0.3920811414718628
645  0.3920717239379883
375  0.39205530285835266
548  0.3920532464981079
403  0.39204666018486023
1088  0.39204588532447815
1681  0.39203107357025146
283  0.39202067255973816
581  0.39201176166534424
1713  0.3920115828514099
269  0.39200738072395325
529  0.39199531078338623
570  0.3919917643070221
1638  0.39197486639022827
555  0.3919675052165985
1643  0.3919433057308197
1140  0.3919212818145752
243  0.39191821217536926
505  0.3919135630130768
216  0.39190560579299927
335  0.3919036388397217
588  0.3918757438659668
1451  0.39184510707855225
319  0.3918367028236389
558  0.39178451895713806
1671  0.39177170395851135
903  0.3917689323425293
247  0.39175063371658325
1566  0.3917497396469116
1411  0.39174777269363403
259  0.3917299509048462
1708  0.39169764518737793
1372  0.3916832208633423
450  0.39167362451553345
187  0.391670823097229
212  0.3916628360748291
747  0.3916586637496948
325  0.39164984226226807
1376  0.3916495740413666
1346  0.39164790511131287
1442  0.391625314950943
1530  0.3915940225124359
415  0.39159223437309265
1642  0.3915729522705078
1415  0.3915718197822571
1426  0.39153093099594116
1142  0.39153021574020386
172  0.39151519536972046
1479  0.391510009765625
138  0.39150869846343994
1430  0.3915068805217743
1463  0.39149683713912964
93  0.39149677753448486
839  0.3914790451526642
268  0.39143264293670654
1413  0.3914293348789215
164  0.3914277255535126
376  0.39141032099723816
1570  0.3914005756378174
356  0.39139777421951294
1473  0.39139071106910706
8  0.3913894593715668
624  0.39138197898864746
1670  0.3913748562335968
177  0.3913677930831909
1362  0.39135992527008057
622  0.39134085178375244
1077  0.39131036400794983
1231  0.3912946581840515
304  0.3912453353404999
1633  0.39124414324760437
608  0.3912382423877716
1478  0.39121657609939575
639  0.3912091851234436
1420  0.39119550585746765
186  0.39118438959121704
251  0.3911597728729248
1217  0.39114609360694885
924  0.3911210894584656
405  0.3911115825176239
468  0.39110568165779114
499  0.39109501242637634
830  0.3910733461380005
623  0.3910718858242035
406  0.3910651206970215
1210  0.3910548985004425
441  0.3910295367240906
1431  0.39101266860961914
641  0.39101073145866394
211  0.3909924030303955
647  0.3909808397293091
533  0.3909691870212555
1296  0.3909277319908142
636  0.39088377356529236
1292  0.3908761143684387
1477  0.39086413383483887
621  0.3908480107784271
338  0.39084377884864807
1577  0.3908398747444153
1381  0.39083001017570496
583  0.39082956314086914
1374  0.39082491397857666
1328  0.3908156454563141
657  0.39081329107284546
614  0.3908085823059082
568  0.3907812833786011
1326  0.39076584577560425
658  0.39076340198516846
1678  0.3907311260700226
1466  0.39072901010513306
1465  0.39072829484939575
1293  0.39071887731552124
258  0.39071619510650635
395  0.3906932771205902
1471  0.3906906843185425
1382  0.39068642258644104
1012  0.39068445563316345
981  0.3906840980052948
305  0.39068248867988586
1289  0.39064714312553406
240  0.3906398117542267
1334  0.3906276226043701
540  0.390625923871994
394  0.39060449600219727
1470  0.39060086011886597
1464  0.39058616757392883
541  0.39055725932121277
528  0.3905312418937683
1534  0.3905291259288788
659  0.39049118757247925
560  0.3904716968536377
84  0.39044931530952454
1676  0.3904383182525635
838  0.3904310464859009
620  0.390421599149704
308  0.39039096236228943
1383  0.3903908133506775
1327  0.3903578221797943
1500  0.3903490900993347
644  0.39031699299812317
139  0.39029058814048767
772  0.39027702808380127
869  0.390275776386261
1427  0.39027291536331177
1393  0.390269935131073
1373  0.3902534544467926
1694  0.39025261998176575
1011  0.3902514576911926
1443  0.3902489244937897
1425  0.39024877548217773
561  0.390240341424942
1371  0.3902387320995331
1544  0.39020678400993347
1301  0.3902043402194977
230  0.3901982307434082
337  0.39019575715065
864  0.39017370343208313
1432  0.39015352725982666
1343  0.39013370871543884
237  0.39013174176216125
1294  0.39011818170547485
893  0.3901005983352661
171  0.3900946080684662
1532  0.39007988572120667
1674  0.3900795578956604
1491  0.3900793492794037
248  0.39007920026779175
1361  0.39007291197776794
1291  0.3900652825832367
494  0.3900570869445801
1331  0.3900409936904907
250  0.39001354575157166
1325  0.3900061249732971
661  0.3900028169155121
1480  0.38999900221824646
1340  0.38995808362960815
1710  0.38995328545570374
1476  0.38990750908851624
1640  0.38989341259002686
1335  0.38984861969947815
1090  0.3898313641548157
984  0.3897784650325775
606  0.3897624611854553
607  0.38973429799079895
176  0.38969501852989197
1299  0.3896948993206024
1173  0.389634907245636
1379  0.38963210582733154
451  0.38961300253868103
1461  0.3895401954650879
241  0.3895328938961029
1275  0.38948920369148254
1639  0.38948866724967957
1435  0.3894229531288147
359  0.3894067406654358
604  0.3893660604953766
1295  0.38936200737953186
1695  0.38934534788131714
1610  0.38933876156806946
1333  0.38925907015800476
1300  0.38923123478889465
358  0.38922804594039917
1380  0.38922759890556335
1013  0.3892059028148651
1611  0.38919174671173096
267  0.3891737163066864
550  0.3891444802284241
1014  0.38910746574401855
1524  0.3890606760978699
774  0.3890569508075714
504  0.38905659317970276
1378  0.3890509009361267
1344  0.38905009627342224
1436  0.38902154564857483
642  0.3890211880207062
1290  0.3889082670211792
579  0.3887682557106018
503  0.3887377679347992
638  0.38872024416923523
1543  0.3886924386024475
637  0.3886851668357849
1423  0.38865959644317627
646  0.38861513137817383
1441  0.38860374689102173
1677  0.38860198855400085
557  0.38839390873908997
1394  0.3883725106716156
1375  0.38835516571998596
1696  0.38834598660469055
377  0.38829895853996277
1522  0.3882851302623749
1533  0.38828355073928833
1492  0.3881414532661438
1421  0.38812652230262756
1345  0.3881065547466278
1370  0.3880235552787781
1474  0.3879992663860321
542  0.38791826367378235
1521  0.3877197206020355
1422  0.3876930773258209
643  0.38768795132637024
1520  0.3876727223396301
578  0.38765615224838257
567  0.38765329122543335
1434  0.3876238167285919
1274  0.38750460743904114
1475  0.38748496770858765
1336  0.3874753415584564
1446  0.38743582367897034
1697  0.38725343346595764
1341  0.38712796568870544
870  0.38697463274002075
1523  0.38697218894958496
586  0.38695991039276123
1298  0.3869112730026245
1424  0.38680416345596313
1445  0.38675588369369507
1519  0.3867165148258209
587  0.38644179701805115
1342  0.38641026616096497
1641  0.3863140046596527
1444  0.38623738288879395
566  0.3860611915588379
1433  0.38574615120887756
249  0.3856768012046814
449  0.38343510031700134
