1  0.4240855872631073
1768  0.42073485255241394
2  0.41360923647880554
679  0.4073960781097412
1017  0.4073649048805237
468  0.4070393741130829
11  0.4067980945110321
12  0.4063032269477844
1767  0.4060612916946411
886  0.4056490361690521
680  0.4052310287952423
1068  0.40504494309425354
884  0.4049903154373169
698  0.4049876630306244
941  0.40469565987586975
10  0.4045853912830353
885  0.40412890911102295
1145  0.40407201647758484
1070  0.4040451645851135
1018  0.4037943184375763
911  0.4037706255912781
368  0.4037489891052246
829  0.4037148654460907
13  0.4036578834056854
3  0.40338650345802307
681  0.40329891443252563
697  0.40329715609550476
830  0.40318170189857483
1144  0.4031253457069397
1169  0.4030994772911072
827  0.40308481454849243
1069  0.40288570523262024
1294  0.4028627574443817
467  0.4028465747833252
1019  0.40284085273742676
1195  0.40279558300971985
104  0.4027439057826996
106  0.4027409255504608
15  0.40271425247192383
855  0.4025399684906006
1260  0.40252047777175903
1080  0.4025152623653412
56  0.40250691771507263
1140  0.402500182390213
816  0.4024967849254608
499  0.40248116850852966
1168  0.40245893597602844
939  0.4024442732334137
1027  0.40244266390800476
498  0.40244215726852417
30  0.40242666006088257
696  0.4024132788181305
898  0.4023907482624054
5  0.4022471010684967
887  0.4022192060947418
709  0.40219250321388245
854  0.40212422609329224
901  0.40212157368659973
678  0.40210628509521484
936  0.40209564566612244
938  0.40208524465560913
14  0.4020729064941406
1261  0.40203577280044556
932  0.4020005464553833
817  0.40192288160324097
1142  0.40188199281692505
1141  0.4018680453300476
881  0.40174782276153564
299  0.40173113346099854
105  0.4017089307308197
1419  0.40170392394065857
496  0.4016905426979065
742  0.4016515016555786
176  0.4016161561012268
935  0.4015367925167084
890  0.40151235461235046
699  0.40150517225265503
1232  0.4014436900615692
909  0.4014413356781006
779  0.40142661333084106
303  0.4014263451099396
1139  0.4013974666595459
1133  0.40139204263687134
1146  0.40137720108032227
937  0.401368647813797
912  0.40134260058403015
745  0.40133821964263916
849  0.40133655071258545
1570  0.4013358950614929
172  0.4013207256793976
1297  0.4013153910636902
691  0.401299387216568
945  0.40129542350769043
677  0.401274174451828
1295  0.4012536108493805
1085  0.40122726559638977
1593  0.4011850357055664
132  0.40117964148521423
1271  0.40117785334587097
1082  0.40117132663726807
685  0.40115413069725037
1766  0.40112489461898804
934  0.4011138081550598
933  0.40109360218048096
757  0.401042103767395
1171  0.4010410010814667
1250  0.4010215699672699
1088  0.4010080397129059
944  0.40099284052848816
1304  0.4009869694709778
1143  0.4009798467159271
1097  0.4009758532047272
852  0.4009741246700287
398  0.40094390511512756
1296  0.4009089767932892
668  0.4008190929889679
856  0.4008086621761322
1167  0.4007520377635956
842  0.4007498323917389
107  0.4007091224193573
754  0.4006924331188202
853  0.400675505399704
1079  0.40067434310913086
1175  0.4006742835044861
866  0.4006246030330658
913  0.4006182551383972
1147  0.4006180167198181
900  0.40060344338417053
851  0.4005606174468994
1306  0.400551974773407
173  0.4005444049835205
464  0.40054312348365784
1016  0.4005241394042969
707  0.40052351355552673
688  0.4005083441734314
1424  0.4004959166049957
888  0.4004818797111511
1421  0.40047794580459595
943  0.40047237277030945
1073  0.4004504978656769
58  0.40043067932128906
1638  0.4004286229610443
63  0.4004218876361847
1376  0.4004139304161072
1231  0.40039727091789246
803  0.4003405272960663
929  0.4003104567527771
771  0.40030738711357117
946  0.4002777636051178
843  0.40027427673339844
910  0.40026071667671204
1078  0.400250643491745
1699  0.40023428201675415
1235  0.4002116024494171
1311  0.4001581370830536
1060  0.40014564990997314
744  0.4001414179801941
1170  0.40013524889945984
466  0.40012601017951965
18  0.4001150131225586
740  0.400093674659729
914  0.40009111166000366
1187  0.40008947253227234
1065  0.40008780360221863
1288  0.4000862240791321
798  0.40005818009376526
773  0.4000515043735504
1181  0.4000340402126312
711  0.4000328779220581
801  0.40000900626182556
879  0.40000754594802856
1210  0.4000073969364166
831  0.40000250935554504
1020  0.39997780323028564
883  0.39997267723083496
1312  0.3999718427658081
1237  0.39995983242988586
672  0.399943470954895
62  0.3999395966529846
689  0.399933785200119
469  0.3999270796775818
1353  0.39991074800491333
1036  0.3998852074146271
125  0.39988118410110474
103  0.3998773694038391
300  0.3998705744743347
889  0.3998483717441559
1131  0.39983808994293213
1129  0.3998350501060486
91  0.3998072147369385
431  0.3997928202152252
752  0.39976850152015686
692  0.3997611403465271
4  0.39974480867385864
1272  0.3997434973716736
174  0.39972424507141113
32  0.39972278475761414
497  0.39972203969955444
1197  0.3997046649456024
1233  0.3997017741203308
82  0.3996998965740204
1130  0.39969146251678467
31  0.3996730148792267
1698  0.39966920018196106
924  0.3996526300907135
1165  0.39961934089660645
1236  0.39961037039756775
780  0.39958593249320984
1041  0.39957213401794434
770  0.39956700801849365
942  0.39956581592559814
108  0.39956575632095337
719  0.3995375335216522
458  0.3995235860347748
1138  0.39950135350227356
882  0.3994976282119751
899  0.3994900584220886
1115  0.3994685113430023
675  0.3994480073451996
1081  0.39944443106651306
1196  0.3994279205799103
682  0.39942389726638794
783  0.39941051602363586
693  0.39940160512924194
844  0.39939332008361816
1423  0.39938220381736755
1247  0.3993777334690094
717  0.39937612414360046
57  0.3993612825870514
465  0.3993452787399292
1076  0.3993340730667114
892  0.39931216835975647
1148  0.39931005239486694
53  0.3992990553379059
66  0.3992830216884613
826  0.3992762863636017
1422  0.39926961064338684
1255  0.39925485849380493
951  0.399253249168396
1193  0.3992493748664856
1194  0.3992423117160797
718  0.39923396706581116
1189  0.39922916889190674
61  0.3992236852645874
1521  0.39920833706855774
274  0.39920347929000854
733  0.39918386936187744
746  0.39917123317718506
1251  0.3991699814796448
1163  0.39915430545806885
864  0.3991437554359436
190  0.3991329073905945
1037  0.39912939071655273
463  0.39912551641464233
1034  0.3991096019744873
706  0.3990979790687561
809  0.39907947182655334
1378  0.3990651071071625
1241  0.3990626335144043
818  0.39905914664268494
1420  0.3990505337715149
1238  0.39905035495758057
758  0.39904430508613586
171  0.39903098344802856
708  0.39902201294898987
753  0.3989870846271515
1106  0.39897748827934265
16  0.39897117018699646
1035  0.3989637494087219
200  0.3989260792732239
394  0.398919939994812
700  0.3989156484603882
683  0.3989114463329315
1192  0.3989022374153137
750  0.39889824390411377
296  0.398877888917923
142  0.39886409044265747
850  0.3988592326641083
781  0.3988533914089203
433  0.3988493084907532
1270  0.39884695410728455
1234  0.39883315563201904
1087  0.39883220195770264
837  0.3988148868083954
776  0.3988092541694641
749  0.39879509806632996
690  0.3987819254398346
26  0.3987634479999542
1071  0.39875328540802
1498  0.3987453877925873
1107  0.39872515201568604
1315  0.3987218141555786
828  0.39870408177375793
1313  0.39869385957717896
1318  0.39868199825286865
1015  0.39866936206817627
807  0.39866903424263
1289  0.3986664116382599
298  0.39864110946655273
1083  0.39863958954811096
205  0.3986380398273468
723  0.3986353576183319
184  0.39863306283950806
347  0.39863258600234985
1211  0.398613303899765
802  0.3986107110977173
22  0.39858996868133545
695  0.3985820710659027
975  0.39856648445129395
67  0.39856308698654175
551  0.3985567092895508
1096  0.39855316281318665
1742  0.398551344871521
958  0.3985464870929718
998  0.398535817861557
952  0.3985263407230377
1512  0.39851850271224976
1134  0.39851614832878113
65  0.3984854519367218
545  0.3984615206718445
1164  0.3984571397304535
1186  0.39844441413879395
323  0.3983851969242096
1166  0.3983783423900604
992  0.3983771502971649
1269  0.3983399569988251
155  0.39830446243286133
987  0.39830079674720764
1132  0.3982732594013214
101  0.39825624227523804
1606  0.39825060963630676
1256  0.3982464671134949
1022  0.3982364535331726
1084  0.39820799231529236
869  0.39817437529563904
1077  0.39817407727241516
1054  0.3981662392616272
297  0.39815405011177063
1389  0.39808952808380127
1184  0.3980751931667328
1114  0.3980734050273895
791  0.3980693519115448
669  0.39804819226264954
1206  0.39804720878601074
1220  0.3980398178100586
1007  0.39799997210502625
1105  0.39799782633781433
848  0.3979950547218323
9  0.39799103140830994
60  0.3979839086532593
494  0.3979771137237549
1540  0.39797401428222656
715  0.3979701101779938
189  0.3979639708995819
1064  0.3979635238647461
725  0.3979547619819641
1686  0.39790990948677063
1059  0.39790162444114685
908  0.39789292216300964
432  0.3978794813156128
138  0.3978692293167114
1066  0.39786776900291443
1454  0.3978525400161743
1177  0.39781805872917175
35  0.3978087902069092
349  0.3978061378002167
1461  0.39780116081237793
29  0.39778292179107666
948  0.3977777361869812
721  0.3977753221988678
43  0.3977677822113037
1688  0.39775562286376953
1568  0.3977554440498352
880  0.3977479338645935
207  0.39774706959724426
793  0.397744357585907
288  0.3977283537387848
1229  0.397721529006958
1514  0.3977189362049103
1572  0.3977086544036865
960  0.39769840240478516
703  0.3976976275444031
1149  0.397687166929245
1159  0.3976743519306183
1666  0.39767178893089294
1204  0.3976602852344513
1154  0.39765286445617676
902  0.39764493703842163
1745  0.3976447880268097
1410  0.39764082431793213
743  0.39763039350509644
834  0.39762845635414124
1605  0.39761245250701904
40  0.39761072397232056
1209  0.39760977029800415
1174  0.39760375022888184
784  0.3975558876991272
616  0.39755138754844666
1652  0.3975483775138855
1561  0.3975409269332886
710  0.39753878116607666
949  0.39753541350364685
1309  0.39752787351608276
1705  0.39752528071403503
915  0.3975200355052948
470  0.3975159823894501
1030  0.39749690890312195
926  0.39748746156692505
737  0.39747902750968933
821  0.3974757492542267
1316  0.3974531888961792
1205  0.39745187759399414
1040  0.39743348956108093
739  0.3974125385284424
868  0.3974123001098633
863  0.39741218090057373
102  0.39741045236587524
716  0.397404283285141
1038  0.39740389585494995
1266  0.3973970115184784
271  0.397393137216568
482  0.3973924517631531
734  0.39738979935646057
1101  0.39737802743911743
906  0.39737197756767273
90  0.39737164974212646
806  0.3973580300807953
1219  0.3973578214645386
54  0.39735516905784607
664  0.39735084772109985
1188  0.39734238386154175
542  0.39734017848968506
78  0.39732807874679565
198  0.3973219096660614
1354  0.39730048179626465
1430  0.39729833602905273
1058  0.39729705452919006
503  0.39729049801826477
122  0.3972848057746887
337  0.3972814381122589
1008  0.39728131890296936
1004  0.39726123213768005
825  0.39725548028945923
878  0.39725205302238464
1262  0.397230863571167
1287  0.39723077416419983
1202  0.39722153544425964
224  0.39721202850341797
1102  0.39719727635383606
1112  0.3971824645996094
772  0.3971808850765228
33  0.39718034863471985
1026  0.3971695005893707
1249  0.3971574008464813
905  0.3971439599990845
1242  0.39714229106903076
796  0.39713627099990845
17  0.39711591601371765
1230  0.39710891246795654
713  0.39709243178367615
832  0.3970872461795807
306  0.39708244800567627
495  0.39708176255226135
1009  0.3970783054828644
724  0.3970639407634735
1214  0.3970574736595154
34  0.3970506489276886
112  0.3970435857772827
874  0.39704251289367676
1095  0.3970335125923157
940  0.3970285654067993
838  0.3970279395580292
1086  0.39702391624450684
1180  0.39702117443084717
804  0.3970194458961487
304  0.39699622988700867
732  0.3969949185848236
870  0.39699020981788635
331  0.39698341488838196
694  0.39698290824890137
1560  0.3969779908657074
444  0.39696136116981506
55  0.396955281496048
436  0.39695435762405396
397  0.39694780111312866
1006  0.3969469368457794
1103  0.396945059299469
1538  0.3969443738460541
751  0.39693647623062134
722  0.39692720770835876
1456  0.3969266414642334
865  0.39692288637161255
23  0.39692041277885437
1371  0.3969179391860962
748  0.39691463112831116
971  0.39689749479293823
401  0.39689743518829346
1033  0.39689168334007263
1607  0.39688464999198914
1305  0.3968796730041504
1511  0.39687463641166687
1208  0.3968658149242401
332  0.3968605399131775
928  0.39685630798339844
735  0.396852046251297
1536  0.3968510031700134
1239  0.39682936668395996
805  0.3968215584754944
1743  0.396819531917572
1292  0.3968049883842468
1447  0.39679664373397827
686  0.39678728580474854
201  0.3967859447002411
813  0.3967840373516083
1623  0.3967766761779785
1637  0.3967756927013397
472  0.396749883890152
1373  0.396749883890152
1335  0.3967403173446655
1723  0.39673733711242676
366  0.39673012495040894
64  0.3967290222644806
396  0.3967191278934479
1227  0.3967171013355255
1352  0.39671391248703003
39  0.3967074453830719
674  0.39669695496559143
768  0.39669477939605713
1212  0.3966924250125885
1278  0.3966820240020752
6  0.39666634798049927
124  0.39665496349334717
1137  0.396649032831192
346  0.3966488242149353
897  0.3966450095176697
7  0.3966377377510071
904  0.39663487672805786
974  0.3966307044029236
1216  0.3966257572174072
8  0.3966253101825714
701  0.3966251015663147
272  0.39661526679992676
488  0.39658796787261963
126  0.3965776562690735
402  0.39657115936279297
111  0.39656367897987366
1268  0.39655572175979614
210  0.3965538442134857
966  0.39655038714408875
1355  0.3965495824813843
166  0.39654454588890076
967  0.3965403735637665
1425  0.39652812480926514
617  0.3965267837047577
1158  0.3965238928794861
1029  0.39651528000831604
1563  0.39651310443878174
276  0.3965100646018982
177  0.3964973986148834
500  0.3964918851852417
301  0.39649128913879395
1273  0.3964841067790985
1293  0.39647385478019714
1021  0.3964717984199524
1100  0.3964542746543884
302  0.39644768834114075
188  0.39643269777297974
1449  0.3964208662509918
392  0.39641937613487244
769  0.3964179456233978
978  0.39640969038009644
395  0.3964010775089264
756  0.3963750898838043
876  0.3963501453399658
1690  0.396340012550354
667  0.3963358700275421
673  0.3963332176208496
216  0.396314412355423
474  0.3963097631931305
1032  0.396309494972229
785  0.39630576968193054
1537  0.3963015377521515
1621  0.3962964415550232
1595  0.39628928899765015
662  0.396285742521286
811  0.3962804079055786
1128  0.3962762951850891
792  0.3962728977203369
684  0.396271288394928
767  0.3962678015232086
493  0.39626428484916687
777  0.39626383781433105
1183  0.3962632715702057
1458  0.39625757932662964
203  0.3962497115135193
449  0.39624300599098206
1218  0.39624273777008057
986  0.396241694688797
1649  0.3962406814098358
185  0.39624059200286865
814  0.3962251543998718
671  0.3962235748767853
891  0.3962195813655853
1513  0.3962007462978363
1588  0.39620059728622437
1469  0.39619603753089905
1176  0.39619097113609314
1319  0.3961862325668335
857  0.3961842954158783
1136  0.39617934823036194
21  0.39616847038269043
1155  0.39616620540618896
512  0.39614126086235046
808  0.3961409628391266
988  0.3961384892463684
778  0.39613837003707886
77  0.3961367607116699
720  0.3961304724216461
666  0.39612922072410583
833  0.39608368277549744
1733  0.39606973528862
1274  0.39606785774230957
1002  0.39606624841690063
738  0.3960656225681305
226  0.3960539996623993
956  0.396030992269516
1494  0.3960299789905548
1620  0.3960283100605011
583  0.39602524042129517
957  0.39602190256118774
867  0.3960186243057251
1263  0.39601603150367737
417  0.39601197838783264
273  0.39599689841270447
1043  0.3959887623786926
1135  0.39598655700683594
1502  0.39598169922828674
1310  0.3959800601005554
260  0.39597415924072266
487  0.3959423005580902
747  0.3959397077560425
59  0.3959296643733978
1252  0.3959283232688904
52  0.39591532945632935
687  0.395913690328598
99  0.3959117531776428
1099  0.3959084153175354
1001  0.39590582251548767
1286  0.3959057927131653
1246  0.39589571952819824
1703  0.395894855260849
1524  0.39588797092437744
1044  0.3958728015422821
1053  0.39586666226387024
991  0.39586585760116577
559  0.39584141969680786
451  0.3958302140235901
1160  0.3958268463611603
42  0.39582329988479614
1351  0.39582255482673645
815  0.39581602811813354
475  0.3958102762699127
168  0.3958100378513336
873  0.3958081603050232
800  0.39580097794532776
109  0.39579716324806213
170  0.39578136801719666
1492  0.3957793712615967
615  0.3957720994949341
27  0.3957710564136505
491  0.3957630693912506
1259  0.3957619369029999
1503  0.39574524760246277
1609  0.3957451283931732
632  0.39574071764945984
139  0.3957369327545166
123  0.39573678374290466
1594  0.39573273062705994
1584  0.3957299590110779
860  0.3957260251045227
845  0.39572349190711975
1314  0.39571601152420044
965  0.39571115374565125
553  0.3957059383392334
1182  0.39570024609565735
977  0.3956979513168335
1150  0.395691454410553
1217  0.39568620920181274
712  0.39568114280700684
97  0.39567241072654724
1025  0.39567074179649353
927  0.3956678807735443
1122  0.3956557512283325
819  0.39565449953079224
1291  0.3956403434276581
1111  0.39563190937042236
920  0.39562711119651794
473  0.3956246078014374
862  0.39561283588409424
44  0.3956058919429779
282  0.39560121297836304
1387  0.39559948444366455
1385  0.3955939710140228
1548  0.39558762311935425
1624  0.3955874443054199
204  0.39558571577072144
536  0.395585298538208
587  0.3955836594104767
490  0.3955806791782379
1324  0.39556950330734253
238  0.39556509256362915
1003  0.3955632150173187
1334  0.3955594301223755
1635  0.39555472135543823
1669  0.39554306864738464
248  0.3955390453338623
339  0.395532488822937
262  0.39552247524261475
1108  0.39551985263824463
835  0.3955189883708954
1116  0.3955136835575104
663  0.3955114781856537
1604  0.39551129937171936
1207  0.3955109417438507
550  0.39549720287323
186  0.3954923450946808
782  0.3954896628856659
1501  0.3954724669456482
1651  0.39546287059783936
140  0.39545106887817383
471  0.3954474925994873
336  0.39544498920440674
89  0.3954448401927948
877  0.3954419791698456
755  0.3954327702522278
972  0.39542239904403687
399  0.3954150974750519
1523  0.3954054117202759
1647  0.3954036831855774
225  0.3953997790813446
1005  0.3953969180583954
28  0.3953912556171417
840  0.39538997411727905
275  0.39538535475730896
947  0.39538395404815674
741  0.3953810930252075
1213  0.39537960290908813
1685  0.39537185430526733
1000  0.39537179470062256
705  0.3953683376312256
1765  0.395365446805954
483  0.39536261558532715
280  0.39535248279571533
305  0.39534464478492737
588  0.39534324407577515
916  0.3953283429145813
113  0.3953280448913574
903  0.3953181207180023
1496  0.3953137695789337
1569  0.39531275629997253
1571  0.39531081914901733
492  0.3953067660331726
1687  0.3953053057193756
76  0.3953051269054413
489  0.39528512954711914
990  0.39528512954711914
1055  0.39528512954711914
93  0.3952811062335968
1023  0.39526551961898804
1585  0.39526525139808655
985  0.3952614665031433
1191  0.3952559232711792
1075  0.39524683356285095
1426  0.3952399790287018
648  0.39523229002952576
154  0.3952133059501648
438  0.39520663022994995
214  0.3952036201953888
1248  0.3951919376850128
41  0.395185649394989
1349  0.3951832950115204
973  0.3951743543148041
479  0.39516282081604004
961  0.39515745639801025
1327  0.3951568305492401
761  0.3951559364795685
919  0.39515194296836853
1089  0.3951457738876343
372  0.3951442837715149
156  0.39514240622520447
836  0.39514145255088806
930  0.39511939883232117
661  0.39511486887931824
409  0.39511144161224365
1747  0.3951025903224945
310  0.39509618282318115
354  0.39509111642837524
446  0.39508867263793945
187  0.3950864374637604
1308  0.3950846493244171
1228  0.3950551450252533
457  0.39505377411842346
997  0.3950529396533966
1689  0.39504966139793396
1381  0.39504119753837585
794  0.3950386941432953
1285  0.39503613114356995
1090  0.39500728249549866
1622  0.3950050175189972
1457  0.39500316977500916
1665  0.39500218629837036
1356  0.3949984908103943
1587  0.3949955403804779
1124  0.3949946463108063
430  0.39498651027679443
918  0.39497989416122437
704  0.39497944712638855
1636  0.39497727155685425
83  0.3949751853942871
480  0.3949628472328186
654  0.3949613571166992
369  0.3949580788612366
660  0.3949553668498993
96  0.3949289321899414
25  0.39489904046058655
1039  0.39489421248435974
605  0.3948921263217926
1499  0.39489051699638367
537  0.3948885500431061
348  0.3948865532875061
823  0.39488139748573303
1700  0.3948753774166107
221  0.39486801624298096
714  0.39486467838287354
1350  0.39485588669776917
1428  0.3948489725589752
548  0.39483851194381714
1684  0.3948343098163605
1031  0.394832968711853
1046  0.3948327898979187
365  0.3948327302932739
1505  0.3948305547237396
847  0.39482513070106506
197  0.39481377601623535
649  0.39481034874916077
1484  0.3947998583316803
71  0.39479169249534607
213  0.3947887122631073
1215  0.39477407932281494
731  0.3947606682777405
1758  0.39475497603416443
1448  0.39475491642951965
1508  0.39474064111709595
249  0.39473283290863037
1203  0.394726037979126
917  0.3947248160839081
388  0.3946993947029114
1541  0.39469805359840393
450  0.39469191431999207
1509  0.39468908309936523
1063  0.3946889042854309
726  0.3946886658668518
80  0.39468804001808167
24  0.3946714699268341
1320  0.3946666419506073
143  0.39466559886932373
1173  0.39466455578804016
345  0.39465874433517456
1347  0.3946557343006134
1564  0.39464831352233887
1299  0.3946479260921478
996  0.3946474492549896
824  0.39464637637138367
989  0.3946414589881897
1221  0.39463478326797485
1516  0.3946346342563629
129  0.394613116979599
79  0.39460858702659607
45  0.3946080207824707
1525  0.39459046721458435
1407  0.3945842683315277
872  0.3945786952972412
810  0.3945762515068054
418  0.394570529460907
340  0.39456889033317566
665  0.3945562243461609
645  0.39454710483551025
1028  0.3945470154285431
222  0.3945453464984894
1093  0.39454466104507446
1531  0.39453884959220886
51  0.39453428983688354
969  0.39453399181365967
202  0.3945312201976776
999  0.394525945186615
163  0.39451831579208374
1434  0.39451688528060913
1554  0.39450085163116455
1283  0.3944971561431885
1497  0.39449378848075867
164  0.3944929838180542
1042  0.3944806754589081
1119  0.39447489380836487
1098  0.39447325468063354
544  0.39447319507598877
1453  0.39447084069252014
1047  0.39446592330932617
481  0.3944507837295532
955  0.39444980025291443
1336  0.3944495618343353
1517  0.39444348216056824
268  0.3944357931613922
1704  0.39443260431289673
846  0.3944314122200012
1067  0.3944263756275177
445  0.3944108784198761
47  0.39440879225730896
839  0.3944048583507538
1764  0.39438971877098083
762  0.3943820893764496
1762  0.3943796753883362
1388  0.3943759799003601
501  0.3943741023540497
175  0.3943740129470825
549  0.3943692445755005
1057  0.39436784386634827
799  0.3943661153316498
1014  0.3943636119365692
1360  0.3943634033203125
963  0.3943629860877991
1510  0.3943629860877991
199  0.3943609595298767
980  0.39436066150665283
1526  0.39435070753097534
1094  0.3943502604961395
953  0.39434948563575745
75  0.3943440318107605
1104  0.3943372964859009
1547  0.3943336606025696
970  0.3943333625793457
74  0.3943328261375427
1610  0.3943292200565338
1504  0.394316166639328
1668  0.3943120837211609
393  0.3943102955818176
1290  0.3942933976650238
1258  0.39428821206092834
1542  0.39428770542144775
1642  0.39427450299263
556  0.39425939321517944
1626  0.39425915479660034
841  0.39425092935562134
923  0.3942409157752991
1725  0.39423078298568726
502  0.3942270576953888
922  0.3942265510559082
1303  0.39421403408050537
169  0.39421144127845764
1711  0.3942108154296875
400  0.3942050635814667
206  0.39420121908187866
1024  0.3941744565963745
795  0.3941735625267029
859  0.39417335391044617
1573  0.3941721022129059
759  0.3941441476345062
1427  0.39412930607795715
1125  0.39412766695022583
1493  0.3941271901130676
1562  0.39412519335746765
1185  0.3941195011138916
538  0.39411208033561707
931  0.3941081762313843
1459  0.3940998613834381
514  0.3940948247909546
764  0.3940936326980591
68  0.39409157633781433
1379  0.3940909504890442
954  0.39408859610557556
959  0.3940686881542206
521  0.39406150579452515
440  0.3940601646900177
670  0.39405372738838196
46  0.3940490782260895
1391  0.39404499530792236
50  0.3940364122390747
560  0.3940311372280121
437  0.39402684569358826
1539  0.3940255343914032
585  0.3940142095088959
110  0.39400747418403625
513  0.3940073251724243
314  0.3939960300922394
334  0.39399588108062744
435  0.3939830958843231
540  0.3939830958843231
1674  0.3939817547798157
1712  0.39397719502449036
1729  0.39397570490837097
1333  0.3939740061759949
641  0.39395180344581604
1267  0.3939450979232788
100  0.39394325017929077
1161  0.3939308524131775
1375  0.3939303159713745
634  0.3939298391342163
309  0.39392733573913574
592  0.39392220973968506
223  0.39391613006591797
658  0.3939015567302704
979  0.39388975501060486
1127  0.39387834072113037
1659  0.3938538432121277
982  0.3938487768173218
535  0.3938460946083069
1113  0.3938411474227905
600  0.3938329517841339
964  0.3937939405441284
439  0.3937876522541046
1395  0.3937849998474121
1406  0.39378291368484497
211  0.39377692341804504
1393  0.39377132058143616
1730  0.3937710225582123
653  0.3937537968158722
546  0.3937501609325409
389  0.3937497138977051
1506  0.39373502135276794
160  0.39373448491096497
539  0.3937329351902008
1474  0.39373162388801575
284  0.3937253952026367
1307  0.39372384548187256
269  0.3937174677848816
1596  0.39371687173843384
1392  0.3937157988548279
1726  0.3937104046344757
261  0.39370831847190857
993  0.3937046229839325
410  0.39370012283325195
1732  0.39369872212409973
1011  0.3936973214149475
1190  0.39368999004364014
950  0.393683522939682
595  0.3936786353588104
247  0.3936749994754791
459  0.3936658799648285
151  0.3936549723148346
586  0.3936522305011749
1590  0.39364105463027954
1485  0.39363184571266174
1240  0.39362865686416626
1179  0.393627405166626
1201  0.39362016320228577
1694  0.3936186730861664
1118  0.3936012387275696
315  0.39360085129737854
196  0.3935941755771637
1566  0.3935920298099518
760  0.393583744764328
896  0.3935805857181549
1298  0.3935677409172058
621  0.3935668170452118
476  0.3935641944408417
1366  0.3935496211051941
1156  0.3935481607913971
285  0.393537312746048
907  0.39353469014167786
81  0.39353302121162415
370  0.39352789521217346
1372  0.39352327585220337
1380  0.39351555705070496
92  0.3935094475746155
1056  0.39350563287734985
519  0.3935047388076782
137  0.39348819851875305
322  0.39348530769348145
311  0.3934829533100128
85  0.3934716284275055
1592  0.39346808195114136
270  0.39345109462738037
552  0.39342907071113586
598  0.39342862367630005
447  0.39342767000198364
287  0.3934103846549988
441  0.39340877532958984
575  0.3934076726436615
295  0.39340537786483765
1222  0.39339861273765564
130  0.39339813590049744
335  0.39339378476142883
1555  0.3933883309364319
1452  0.3933853507041931
245  0.3933798372745514
1383  0.3933583199977875
625  0.3933555781841278
895  0.39335381984710693
516  0.3933470845222473
20  0.393338143825531
1475  0.39333248138427734
517  0.3933292627334595
1257  0.3933229148387909
1756  0.39332252740859985
338  0.39331650733947754
1048  0.3933093845844269
1405  0.39330923557281494
167  0.39330628514289856
518  0.39330607652664185
1072  0.39330434799194336
602  0.39330393075942993
1386  0.39330118894577026
390  0.39329779148101807
1599  0.39329639077186584
1667  0.3932883143424988
1646  0.3932839632034302
1061  0.39327919483184814
215  0.39327719807624817
1618  0.39326897263526917
192  0.39325839281082153
520  0.3932536244392395
134  0.39325326681137085
98  0.39324554800987244
461  0.3932410180568695
736  0.3932396173477173
1117  0.393233060836792
1473  0.3932301700115204
312  0.3932299315929413
131  0.39322736859321594
647  0.3932258188724518
327  0.3932136595249176
1436  0.39319443702697754
1198  0.3931847810745239
1701  0.39317718148231506
790  0.3931763768196106
1608  0.3931741416454315
230  0.39317113161087036
1276  0.39316698908805847
1675  0.3931621313095093
259  0.39316028356552124
1300  0.3931487500667572
1491  0.3931475579738617
194  0.3931472897529602
572  0.3931471109390259
1528  0.39312925934791565
133  0.3931262493133545
1650  0.39310699701309204
1052  0.39310553669929504
1627  0.39310362935066223
1342  0.39309367537498474
1565  0.39309072494506836
1455  0.39308902621269226
429  0.39308810234069824
1617  0.39308226108551025
183  0.393065482378006
277  0.3930652439594269
1408  0.39305463433265686
1254  0.3930523693561554
38  0.39304065704345703
1050  0.3930281698703766
209  0.3930197060108185
1728  0.39301541447639465
650  0.39301395416259766
1412  0.3929887115955353
861  0.39298248291015625
1653  0.3929814100265503
630  0.39298081398010254
1178  0.39297109842300415
1157  0.3929642140865326
1121  0.3929489850997925
1746  0.39294761419296265
766  0.3929292857646942
1326  0.3929276764392853
1543  0.3929266929626465
515  0.3929232358932495
350  0.39292117953300476
1446  0.39290159940719604
729  0.3928968608379364
1591  0.39288952946662903
1049  0.392879456281662
371  0.39287069439888
95  0.3928642272949219
1325  0.39286157488822937
1619  0.392860472202301
655  0.39284560084342957
406  0.39281895756721497
727  0.39280614256858826
404  0.3927980661392212
452  0.39279305934906006
1691  0.3927824795246124
995  0.39277881383895874
1522  0.39277127385139465
135  0.3927589952945709
1394  0.39275163412094116
1409  0.39274781942367554
1460  0.3927409052848816
72  0.392735093832016
1738  0.39273348450660706
141  0.39273062348365784
240  0.39272135496139526
344  0.39271965622901917
373  0.39270973205566406
1429  0.39268186688423157
1253  0.39267757534980774
1518  0.3926752805709839
367  0.3926752507686615
1418  0.39267414808273315
49  0.39266544580459595
114  0.39266493916511536
1677  0.39266297221183777
443  0.3926424980163574
360  0.39263516664505005
1763  0.39262935519218445
415  0.3926176130771637
1708  0.39261457324028015
412  0.3926042914390564
157  0.3925943374633789
1527  0.3925900459289551
858  0.39258915185928345
88  0.3925818204879761
1321  0.39258113503456116
657  0.39257922768592834
1435  0.3925774395465851
1471  0.3925565183162689
1109  0.3925515413284302
1625  0.39255139231681824
1226  0.3925507962703705
702  0.39254698157310486
149  0.392546147108078
1284  0.3925357460975647
522  0.3925205171108246
1472  0.39251938462257385
1362  0.39250388741493225
1340  0.39249318838119507
1322  0.3924660086631775
1162  0.3924608826637268
557  0.3924387991428375
642  0.3924385905265808
618  0.3924381732940674
48  0.3924306333065033
1664  0.39242419600486755
1697  0.3924221098423004
462  0.392419695854187
434  0.39241740107536316
419  0.3924093246459961
1663  0.3924019932746887
1317  0.39240044355392456
1639  0.39239412546157837
1464  0.3923938274383545
341  0.39237305521965027
1655  0.39237064123153687
1331  0.39236754179000854
1613  0.39235690236091614
1713  0.3923565447330475
325  0.39233821630477905
1465  0.3923377990722656
555  0.39233604073524475
250  0.39233559370040894
620  0.39233455061912537
1413  0.3923328220844269
364  0.3923276364803314
1470  0.39230647683143616
478  0.39229661226272583
278  0.3922956585884094
1074  0.3922903537750244
1364  0.3922896087169647
425  0.3922877311706543
19  0.39228755235671997
925  0.3922834098339081
1736  0.39225080609321594
405  0.39224645495414734
1662  0.3922414779663086
1550  0.39223816990852356
1748  0.39222219586372375
229  0.39221855998039246
1277  0.3922182321548462
531  0.3922140300273895
1567  0.39220523834228516
1468  0.39220502972602844
307  0.39219844341278076
1670  0.39217522740364075
1480  0.3921726644039154
584  0.39215463399887085
1673  0.39215004444122314
1123  0.39214715361595154
1515  0.392145037651062
775  0.39214321970939636
118  0.3921399414539337
1126  0.39212968945503235
486  0.3921218514442444
1717  0.39210036396980286
797  0.3920985460281372
543  0.3920958340167999
1451  0.3920823335647583
1645  0.39208048582077026
921  0.39207977056503296
1279  0.3920726776123047
558  0.3920639455318451
1441  0.39206093549728394
1343  0.39205798506736755
289  0.392056405544281
763  0.3920425474643707
1443  0.3920232653617859
1530  0.392013818025589
313  0.3920097351074219
212  0.39199966192245483
1520  0.3919749855995178
968  0.3919740915298462
1676  0.39197394251823425
1062  0.39196911454200745
1396  0.3919556438922882
1346  0.39194270968437195
220  0.3919389545917511
36  0.3919377028942108
582  0.3919352889060974
659  0.39192667603492737
593  0.3919212222099304
1715  0.3919152319431305
283  0.39190393686294556
70  0.39189910888671875
1012  0.3918975591659546
228  0.3918887674808502
281  0.3918863534927368
69  0.3918851912021637
1702  0.3918810784816742
573  0.39187324047088623
121  0.3918725252151489
1450  0.3918588161468506
413  0.39185479283332825
524  0.39185217022895813
626  0.39185187220573425
239  0.3918460011482239
1558  0.3918377459049225
1614  0.39182475209236145
1243  0.3918240964412689
407  0.3918238878250122
73  0.39182353019714355
981  0.3918161690235138
1574  0.39180988073349
1282  0.3918059766292572
590  0.39180436730384827
1576  0.3918018937110901
1657  0.3917886018753052
1244  0.39178013801574707
158  0.3917792737483978
554  0.39177602529525757
1329  0.3917612135410309
246  0.391757071018219
191  0.39175528287887573
1612  0.39174190163612366
94  0.391741544008255
893  0.39173653721809387
1750  0.3917302191257477
1374  0.3917289078235626
1153  0.39171716570854187
1367  0.3917139768600464
477  0.3917050063610077
1265  0.3917045593261719
1489  0.39170002937316895
333  0.39169517159461975
1656  0.3916824460029602
1586  0.39167600870132446
1339  0.3916679322719574
195  0.3916536271572113
1337  0.3916493058204651
1598  0.39164382219314575
1519  0.3916340172290802
1439  0.3916303217411041
984  0.3916302025318146
1172  0.39162692427635193
629  0.3916151225566864
1359  0.39160865545272827
1709  0.39160263538360596
1463  0.39159539341926575
119  0.3915925621986389
633  0.39158159494400024
646  0.3915793299674988
1757  0.3915554881095886
1500  0.3915538787841797
1225  0.39154985547065735
1744  0.3915497064590454
1641  0.3915436565876007
1120  0.39154183864593506
147  0.39153948426246643
627  0.39152324199676514
1045  0.3915196657180786
561  0.39151766896247864
1696  0.39150819182395935
1727  0.39149755239486694
1534  0.3914881646633148
1603  0.39148756861686707
237  0.3914721608161926
232  0.39146849513053894
421  0.39146697521209717
242  0.3914640247821808
308  0.3914598822593689
1416  0.39145731925964355
351  0.3914441764354706
1643  0.391430526971817
208  0.39141765236854553
343  0.39140355587005615
179  0.39140063524246216
1658  0.3913995325565338
1601  0.39139220118522644
812  0.3913903832435608
547  0.3913845717906952
244  0.3913710117340088
619  0.39136338233947754
1575  0.3913531005382538
1384  0.39133790135383606
652  0.3913276791572571
1482  0.39132359623908997
523  0.39131781458854675
1402  0.39131543040275574
37  0.3912917375564575
227  0.39128702878952026
357  0.39128586649894714
1487  0.3912849724292755
324  0.391279399394989
1710  0.39127132296562195
606  0.39124757051467896
416  0.3912401795387268
1091  0.3912353217601776
178  0.39123526215553284
976  0.391234815120697
1281  0.3912338614463806
1718  0.39123061299324036
574  0.3912280201911926
316  0.3912273347377777
1092  0.3912273049354553
353  0.39122474193573
391  0.39121583104133606
363  0.3912154734134674
639  0.3912118971347809
541  0.39120203256607056
1544  0.3911997079849243
774  0.3911963403224945
286  0.39119550585746765
786  0.3911953270435333
1682  0.3911779522895813
1741  0.39117422699928284
1532  0.391170471906662
182  0.3911682665348053
589  0.39116400480270386
1370  0.3911433219909668
789  0.39112332463264465
676  0.39110881090164185
1557  0.3911030888557434
1369  0.391100138425827
1467  0.391100138425827
1200  0.3910928964614868
136  0.3910921812057495
624  0.3910805881023407
193  0.3910803198814392
871  0.3910537362098694
1695  0.39103150367736816
117  0.3910313546657562
460  0.3910212218761444
1692  0.3910091817378998
601  0.3910037577152252
1722  0.3909982442855835
359  0.39099112153053284
1440  0.39098966121673584
1051  0.3909873962402344
1332  0.3909849226474762
1404  0.3909803628921509
251  0.39097845554351807
1110  0.39094752073287964
1245  0.39093443751335144
162  0.3909342586994171
628  0.390920490026474
1495  0.39091968536376953
1580  0.3909120261669159
1417  0.39090707898139954
1671  0.39089512825012207
427  0.39085498452186584
1490  0.3908451497554779
358  0.3908313512802124
1507  0.3908252716064453
352  0.39082273840904236
1721  0.3908219337463379
411  0.39082029461860657
563  0.3908118009567261
1152  0.390803724527359
1660  0.3908021152019501
643  0.390791654586792
822  0.39079156517982483
1731  0.3907500207424164
962  0.39074522256851196
267  0.3907170593738556
1549  0.39071032404899597
1403  0.39070406556129456
1361  0.3906920254230499
1199  0.39068883657455444
1010  0.39067092537879944
596  0.39067041873931885
1481  0.3906681537628174
1578  0.39066264033317566
342  0.3906583786010742
656  0.3906501531600952
1611  0.39063528180122375
161  0.39058801531791687
1382  0.3905876874923706
562  0.3905864357948303
264  0.39057081937789917
1476  0.390560120344162
408  0.3905477225780487
504  0.3905474543571472
379  0.39054325222969055
613  0.39052295684814453
1597  0.39052027463912964
355  0.39051470160484314
1433  0.3905141055583954
569  0.3905124068260193
116  0.39049962162971497
218  0.3904762864112854
181  0.3904729187488556
1377  0.3904474973678589
1280  0.39043647050857544
330  0.39041873812675476
534  0.3904140889644623
383  0.3903932571411133
1693  0.3903922736644745
1654  0.3903757333755493
875  0.3903660774230957
290  0.39036399126052856
1529  0.39035558700561523
217  0.39034566283226013
231  0.39032816886901855
1559  0.39032453298568726
1438  0.3903195858001709
1432  0.3903099298477173
1556  0.39029431343078613
382  0.39029064774513245
765  0.390290230512619
128  0.3902648389339447
623  0.39024874567985535
127  0.39023417234420776
1363  0.39023199677467346
219  0.3902149796485901
1551  0.3902042508125305
403  0.3901914060115814
362  0.39019089937210083
233  0.39018720388412476
1466  0.39015287160873413
525  0.39012840390205383
614  0.39010894298553467
1683  0.39009374380111694
321  0.39009174704551697
994  0.39008471369743347
448  0.3900664448738098
234  0.39005887508392334
1740  0.39005643129348755
150  0.390042245388031
1577  0.39001819491386414
820  0.3900175988674164
1533  0.39001742005348206
526  0.3899914622306824
1634  0.3899883031845093
374  0.3899553120136261
381  0.38994646072387695
631  0.3899289667606354
1719  0.38991427421569824
279  0.38991019129753113
894  0.3899019658565521
1589  0.38989317417144775
1724  0.38986968994140625
1583  0.3898622691631317
1224  0.3898562788963318
1400  0.389851838350296
148  0.3898485600948334
1714  0.3898443281650543
1640  0.38981983065605164
485  0.38980230689048767
1483  0.38974905014038086
1151  0.3896874189376831
1264  0.3896632194519043
115  0.38965266942977905
511  0.3896506428718567
241  0.3896353840827942
1716  0.38962921500205994
528  0.3896278440952301
1679  0.3895857334136963
983  0.3895837068557739
1431  0.3895825445652008
1301  0.38956233859062195
599  0.38955387473106384
581  0.3895457088947296
456  0.3895433247089386
1445  0.3894898593425751
1390  0.38948482275009155
1398  0.38944998383522034
1706  0.389434814453125
608  0.3894229531288147
1348  0.3893981873989105
318  0.3893768787384033
609  0.3893747627735138
505  0.3893645703792572
637  0.3893561363220215
385  0.3893492817878723
291  0.38934576511383057
1223  0.3893408179283142
426  0.3893366754055023
580  0.3893023729324341
386  0.38929757475852966
730  0.3892836570739746
1478  0.389278382062912
243  0.38927099108695984
1275  0.3892570734024048
326  0.3892101049423218
1616  0.3891872763633728
317  0.38917621970176697
293  0.3891712427139282
1737  0.38916370272636414
1661  0.3891529142856598
1365  0.38914814591407776
258  0.38912200927734375
414  0.38908740878105164
1546  0.3890586793422699
1615  0.3890498876571655
424  0.3890417218208313
1753  0.3890346586704254
378  0.38901054859161377
1749  0.38901033997535706
787  0.3890080153942108
1368  0.3890009820461273
1581  0.38899171352386475
591  0.3889869451522827
636  0.3889790177345276
1752  0.3889724314212799
612  0.38896894454956055
597  0.38895606994628906
1338  0.38895106315612793
484  0.38894525170326233
576  0.3889162242412567
257  0.3889060318470001
1755  0.38888734579086304
1552  0.38886380195617676
1600  0.38886263966560364
1302  0.38885706663131714
571  0.3888355493545532
638  0.3888271450996399
377  0.3888016939163208
1442  0.38875314593315125
180  0.3887461721897125
422  0.3887343406677246
1644  0.38873395323753357
1357  0.3887217044830322
1437  0.3887211084365845
1013  0.38870367407798767
1648  0.3886900246143341
84  0.3886827528476715
375  0.38865336775779724
87  0.3886481821537018
235  0.38861289620399475
153  0.3885936439037323
159  0.3885881304740906
144  0.3885860741138458
1707  0.3885706961154938
361  0.3885672688484192
254  0.38855835795402527
165  0.3885561227798462
1735  0.38854989409446716
788  0.3885422945022583
564  0.38853132724761963
1628  0.3885214924812317
1678  0.3885191082954407
145  0.38848990201950073
579  0.388484925031662
622  0.38848334550857544
420  0.3884804844856262
1681  0.38847848773002625
607  0.3884677290916443
1411  0.3884640336036682
1328  0.3884621262550354
1672  0.38845914602279663
640  0.38841649889945984
146  0.3884122669696808
644  0.38840147852897644
329  0.3883821368217468
1479  0.38835543394088745
1397  0.38832876086235046
603  0.38827571272850037
1477  0.3882749378681183
728  0.3882223665714264
611  0.3882165849208832
651  0.3881981372833252
236  0.3881841003894806
1761  0.3881528973579407
1630  0.3881475031375885
1754  0.38814619183540344
428  0.3881065547466278
265  0.3880763053894043
256  0.3880009055137634
1734  0.38797324895858765
320  0.38796913623809814
1486  0.38793835043907166
1358  0.38791435956954956
568  0.3879108726978302
328  0.38790765404701233
1323  0.3878505229949951
152  0.3878246247768402
1488  0.3878106474876404
1414  0.38779187202453613
1602  0.3877559304237366
1680  0.38775306940078735
380  0.3877114951610565
529  0.38767099380493164
253  0.3876454830169678
1545  0.38763853907585144
384  0.3876013457775116
292  0.3875790238380432
1345  0.3875381052494049
252  0.3875338137149811
442  0.38753098249435425
530  0.3875092566013336
266  0.3874833881855011
1330  0.38748130202293396
387  0.38743922114372253
610  0.3874286413192749
1579  0.38740357756614685
577  0.38738805055618286
533  0.387376606464386
1415  0.3872658908367157
1720  0.38724255561828613
255  0.3871782720088959
1633  0.38717493414878845
453  0.38715019822120667
356  0.38712090253829956
1629  0.38708314299583435
1760  0.3870692551136017
635  0.387064665555954
1401  0.38706228137016296
1462  0.38706159591674805
294  0.38704878091812134
1535  0.38703009486198425
594  0.38698461651802063
578  0.38691964745521545
263  0.3869188725948334
86  0.38687244057655334
1553  0.38676396012306213
567  0.38668882846832275
527  0.386678010225296
565  0.38660377264022827
1344  0.38656288385391235
604  0.3861308693885803
509  0.3860817551612854
1759  0.3858659267425537
319  0.38586458563804626
455  0.38581499457359314
566  0.3857632875442505
423  0.3856826424598694
120  0.38555803894996643
506  0.38547050952911377
1341  0.3853011131286621
1751  0.38527825474739075
570  0.38495150208473206
376  0.3849129378795624
1739  0.38480404019355774
510  0.38475510478019714
1631  0.3847123384475708
454  0.38467684388160706
1632  0.38467636704444885
1444  0.3846195340156555
508  0.38422417640686035
1582  0.3841589391231537
532  0.38392579555511475
1399  0.38338494300842285
507  0.3824707269668579
