1  0.4200504720211029
977  0.41008657217025757
137  0.4027998149394989
442  0.40217962861061096
498  0.4013005197048187
562  0.40118497610092163
698  0.4007355272769928
736  0.40073341131210327
703  0.4003908932209015
704  0.40039077401161194
646  0.4002574384212494
635  0.39969950914382935
702  0.39912644028663635
480  0.3990460932254791
564  0.3988502025604248
494  0.398464173078537
825  0.3982717990875244
587  0.3982466161251068
138  0.3979760706424713
440  0.3978833556175232
669  0.3975965678691864
593  0.3974169194698334
699  0.3973676860332489
701  0.39734598994255066
136  0.39708250761032104
439  0.3970649242401123
441  0.3968231976032257
451  0.39676493406295776
777  0.3967040479183197
775  0.3967025578022003
657  0.3966367244720459
632  0.39663320779800415
139  0.396588534116745
2  0.3965538442134857
559  0.3965531289577484
722  0.3965204656124115
386  0.39651739597320557
495  0.3964134454727173
725  0.3963797688484192
633  0.39636361598968506
489  0.3962535262107849
563  0.3962039649486542
567  0.39606863260269165
774  0.39606067538261414
655  0.3959888815879822
726  0.3957843482494354
98  0.39576590061187744
645  0.3957282602787018
737  0.39538177847862244
446  0.39533790946006775
555  0.39526307582855225
521  0.3951267898082733
616  0.39506515860557556
724  0.39503851532936096
656  0.39495158195495605
826  0.39475029706954956
693  0.39474818110466003
778  0.3946737051010132
928  0.39452609419822693
772  0.3945002853870392
135  0.39447829127311707
426  0.39444589614868164
134  0.3944355845451355
539  0.3944053649902344
467  0.3943808674812317
824  0.3943714201450348
673  0.39434611797332764
599  0.3942575752735138
554  0.39423567056655884
481  0.3940633535385132
731  0.3940499722957611
598  0.3939395248889923
473  0.3938869535923004
522  0.39387959241867065
548  0.3937361240386963
450  0.39371809363365173
706  0.3937051594257355
578  0.39366230368614197
700  0.3936195373535156
611  0.39360812306404114
459  0.3935678005218506
594  0.39355015754699707
565  0.3935321271419525
549  0.39341458678245544
634  0.3933861553668976
676  0.3933117389678955
694  0.3933104872703552
497  0.39331045746803284
776  0.39330583810806274
760  0.39329707622528076
572  0.3932066559791565
648  0.39318543672561646
677  0.39315059781074524
526  0.39310353994369507
438  0.39305469393730164
541  0.3930351734161377
670  0.3930284380912781
927  0.39302217960357666
823  0.3930099606513977
607  0.39297136664390564
461  0.39296242594718933
610  0.3929510712623596
790  0.3928947448730469
757  0.3928930163383484
689  0.3928239941596985
531  0.39281225204467773
671  0.39277344942092896
690  0.3927188515663147
532  0.39269861578941345
465  0.39266616106033325
428  0.3926578164100647
355  0.39264538884162903
591  0.3926122486591339
828  0.3926028907299042
939  0.3925483822822571
339  0.3924952447414398
958  0.39241862297058105
861  0.39239928126335144
697  0.39237701892852783
468  0.39232534170150757
905  0.39230266213417053
588  0.39230018854141235
453  0.39222511649131775
624  0.3922243118286133
447  0.39218634366989136
738  0.39215371012687683
382  0.3921530842781067
608  0.3921233117580414
881  0.39210954308509827
460  0.39208418130874634
568  0.3920806646347046
630  0.3920271396636963
574  0.39202576875686646
651  0.39201492071151733
716  0.3919576108455658
786  0.39190348982810974
592  0.3918730318546295
448  0.3918694257736206
527  0.3918416202068329
605  0.3918091952800751
619  0.391758531332016
381  0.3917331397533417
97  0.39171555638313293
789  0.39171114563941956
464  0.3917052149772644
935  0.3916858732700348
606  0.3916771113872528
430  0.3916558027267456
496  0.39165449142456055
140  0.3916407525539398
493  0.39163878560066223
804  0.39162391424179077
357  0.3915785849094391
720  0.39155450463294983
641  0.39155247807502747
551  0.3915099799633026
470  0.3915060758590698
466  0.3914828300476074
827  0.3914629817008972
629  0.3914300799369812
179  0.3914262652397156
553  0.39141762256622314
596  0.39139658212661743
883  0.3913528025150299
499  0.3913455605506897
474  0.391311377286911
631  0.39128735661506653
536  0.3912851810455322
729  0.3912639617919922
566  0.39114972949028015
452  0.39114439487457275
356  0.39110633730888367
358  0.39110296964645386
491  0.3910852074623108
765  0.3910829722881317
230  0.39103198051452637
721  0.39101219177246094
385  0.3909948170185089
600  0.3909710943698883
383  0.39096274971961975
492  0.3909042477607727
482  0.39087629318237305
411  0.3908722698688507
668  0.39086398482322693
805  0.3908455967903137
884  0.39084115624427795
732  0.3908236026763916
739  0.3908231556415558
618  0.3908156454563141
636  0.3908117115497589
664  0.3908097743988037
449  0.3908096253871918
615  0.3907431364059448
922  0.3907330632209778
882  0.3907282054424286
475  0.3907257318496704
525  0.3907238841056824
612  0.3907019793987274
552  0.39068707823753357
672  0.39068111777305603
733  0.39067426323890686
579  0.39066174626350403
687  0.39066123962402344
96  0.39065679907798767
705  0.3906528055667877
162  0.39064210653305054
688  0.3905611038208008
340  0.3905070722103119
338  0.39050376415252686
321  0.39047810435295105
249  0.3904695212841034
898  0.39045387506484985
21  0.3904525935649872
582  0.39042234420776367
586  0.3904149830341339
834  0.39039674401283264
785  0.3903818130493164
761  0.3903513252735138
443  0.3903499245643616
746  0.3903432786464691
462  0.3903147876262665
575  0.39031341671943665
625  0.3902570605278015
714  0.3902363181114197
585  0.39020004868507385
643  0.39017876982688904
707  0.3901653587818146
561  0.39010149240493774
429  0.3901011645793915
626  0.3900292217731476
829  0.3899964988231659
679  0.38998761773109436
647  0.38995161652565
200  0.3899144232273102
773  0.3898945748806
715  0.38987454771995544
463  0.3898310661315918
637  0.3898251950740814
558  0.38979649543762207
231  0.3897700905799866
609  0.3897631764411926
570  0.3897596597671509
801  0.38975486159324646
835  0.3897378444671631
976  0.3897339999675751
622  0.3897186815738678
490  0.38971516489982605
659  0.3897022008895874
747  0.38970187306404114
341  0.389701247215271
649  0.38967466354370117
735  0.3896641135215759
163  0.38965460658073425
638  0.38963499665260315
316  0.38961389660835266
770  0.38960710167884827
730  0.38955408334732056
15  0.3895476460456848
112  0.3895476162433624
16  0.38950467109680176
809  0.38950440287590027
538  0.38950011134147644
3  0.3894757330417633
734  0.3894754946231842
76  0.38947346806526184
530  0.38946133852005005
303  0.38941580057144165
154  0.3894132673740387
597  0.3893616497516632
512  0.389344722032547
571  0.3893424868583679
183  0.389318585395813
277  0.3893111050128937
445  0.38930976390838623
695  0.38928741216659546
485  0.3892722427845001
240  0.38923487067222595
627  0.3892289698123932
802  0.38920244574546814
156  0.3891949951648712
488  0.38919371366500854
435  0.3891492187976837
658  0.38914039731025696
533  0.389126718044281
359  0.38910776376724243
86  0.38909876346588135
830  0.38907286524772644
907  0.38904866576194763
691  0.38903293013572693
849  0.38903042674064636
560  0.3889920711517334
644  0.38895735144615173
540  0.3889542818069458
178  0.38895341753959656
723  0.3889419436454773
500  0.38893818855285645
520  0.38892829418182373
486  0.38891950249671936
14  0.38891828060150146
524  0.38890835642814636
728  0.3889042139053345
360  0.3888976573944092
613  0.3888941705226898
654  0.38886240124702454
662  0.3888605237007141
155  0.3888550102710724
276  0.3888499140739441
469  0.38883495330810547
768  0.3888283669948578
542  0.38880103826522827
110  0.38876840472221375
457  0.3887413442134857
159  0.3887341022491455
793  0.3887324035167694
141  0.38871636986732483
971  0.38866326212882996
378  0.3886439800262451
864  0.3886394798755646
628  0.38863682746887207
376  0.3886317312717438
38  0.38863107562065125
257  0.38861677050590515
675  0.3885860741138458
152  0.38856446743011475
384  0.38852939009666443
397  0.3884950876235962
759  0.3884933590888977
685  0.38847362995147705
458  0.3884676992893219
454  0.38845399022102356
45  0.38842448592185974
604  0.38838839530944824
85  0.38837605714797974
857  0.38836222887039185
923  0.38830456137657166
779  0.3882918655872345
68  0.3882195055484772
762  0.38819822669029236
556  0.38819339871406555
754  0.38813263177871704
537  0.388131320476532
99  0.38812437653541565
69  0.38810741901397705
252  0.3880898058414459
125  0.38806819915771484
322  0.3880678713321686
960  0.38806626200675964
871  0.3880448043346405
100  0.38803884387016296
771  0.3880367577075958
484  0.388034462928772
803  0.3879966139793396
427  0.38798972964286804
569  0.38797882199287415
595  0.38797813653945923
890  0.38797760009765625
304  0.38797590136528015
53  0.38797080516815186
909  0.3879491686820984
180  0.38793519139289856
487  0.387925922870636
87  0.38788509368896484
878  0.3878822922706604
936  0.3878616392612457
557  0.3878587782382965
934  0.38785868883132935
968  0.38785481452941895
852  0.38783910870552063
589  0.3878386318683624
590  0.3878289461135864
444  0.38781988620758057
258  0.3878149092197418
576  0.38779208064079285
510  0.3877664804458618
792  0.38776084780693054
683  0.38772648572921753
409  0.38769087195396423
581  0.38768163323402405
365  0.38764819502830505
177  0.3876355290412903
528  0.3875948190689087
969  0.3875756859779358
962  0.3875555694103241
243  0.387549489736557
764  0.38754239678382874
665  0.3875422477722168
164  0.38754090666770935
472  0.38753876090049744
373  0.38753750920295715
791  0.38749802112579346
336  0.387494295835495
603  0.3874768912792206
518  0.38746264576911926
302  0.387436181306839
478  0.3874152600765228
891  0.38739994168281555
696  0.3873814642429352
13  0.3873785138130188
309  0.38737332820892334
921  0.38736140727996826
129  0.38731780648231506
788  0.3872832655906677
847  0.3872552216053009
743  0.3872487545013428
800  0.3872296214103699
906  0.387222021818161
396  0.3872154653072357
103  0.3872114419937134
957  0.3871934413909912
377  0.38718652725219727
161  0.38714978098869324
856  0.387148380279541
937  0.3871285915374756
361  0.3871024250984192
456  0.38709211349487305
727  0.3870905339717865
889  0.387085884809494
534  0.38707518577575684
862  0.38707223534584045
741  0.387056827545166
251  0.3870536684989929
269  0.38703811168670654
711  0.3870299458503723
431  0.3870139420032501
758  0.38700810074806213
184  0.3869912326335907
437  0.38696664571762085
956  0.38694411516189575
964  0.38694193959236145
253  0.386932909488678
425  0.38692185282707214
745  0.3868926763534546
157  0.38687023520469666
766  0.38686060905456543
848  0.38684314489364624
433  0.3868218660354614
680  0.3868193030357361
674  0.3868182897567749
822  0.3867766857147217
114  0.38668712973594666
708  0.38667529821395874
819  0.3866575360298157
160  0.3866523206233978
910  0.3866502046585083
479  0.3866497576236725
133  0.3866385817527771
682  0.3866303563117981
929  0.3866048753261566
623  0.38655832409858704
652  0.386553019285202
784  0.38654592633247375
60  0.38654541969299316
477  0.38652968406677246
667  0.3865252137184143
959  0.38650649785995483
661  0.3865026831626892
810  0.3864818215370178
755  0.38646578788757324
821  0.38646334409713745
307  0.38644689321517944
260  0.38641050457954407
367  0.3864103853702545
832  0.38636162877082825
19  0.38635799288749695
573  0.38633400201797485
769  0.3863197863101959
642  0.3863086700439453
846  0.38629579544067383
807  0.38629424571990967
663  0.3862918019294739
742  0.3862767815589905
4  0.3862750828266144
390  0.38618946075439453
455  0.3861819803714752
709  0.38617244362831116
933  0.3861599862575531
660  0.3861525356769562
535  0.38614940643310547
27  0.38612961769104004
763  0.38612645864486694
275  0.3860962688922882
808  0.38608047366142273
947  0.3860618472099304
380  0.3860565423965454
547  0.3860505521297455
95  0.38603490591049194
639  0.385997474193573
151  0.385979562997818
72  0.38597407937049866
394  0.3859671950340271
113  0.38595789670944214
127  0.3859501779079437
666  0.3859482407569885
523  0.3859297037124634
926  0.385928213596344
583  0.38592126965522766
501  0.38591137528419495
395  0.3859104514122009
617  0.3858966827392578
434  0.3858930468559265
5  0.3858568072319031
818  0.3858549892902374
681  0.3858382999897003
503  0.3858143091201782
875  0.3857913613319397
601  0.38578787446022034
885  0.3857867121696472
838  0.3857730031013489
845  0.3857414722442627
844  0.38571056723594666
744  0.3857071101665497
833  0.3856965899467468
144  0.38569608330726624
908  0.3856853246688843
22  0.38567209243774414
132  0.38566064834594727
508  0.3856406509876251
858  0.3856302499771118
529  0.38562554121017456
242  0.38557302951812744
972  0.38557273149490356
863  0.38556987047195435
131  0.3855372667312622
550  0.3855271339416504
58  0.38551104068756104
333  0.3855026960372925
375  0.3854999244213104
342  0.3854980766773224
931  0.38548150658607483
678  0.385466068983078
507  0.38546380400657654
519  0.3854629695415497
916  0.3854455053806305
203  0.3854275941848755
145  0.38542652130126953
62  0.3854215741157532
543  0.3853738009929657
879  0.3853664696216583
692  0.38533294200897217
387  0.3853163421154022
193  0.38529616594314575
101  0.38529521226882935
787  0.38528838753700256
860  0.3852837085723877
182  0.3852648138999939
374  0.3852314054965973
870  0.38520365953445435
756  0.3851943016052246
310  0.385193407535553
306  0.3851642608642578
713  0.385140985250473
853  0.38513845205307007
831  0.3851374089717865
580  0.38513052463531494
602  0.3850969970226288
653  0.38508838415145874
337  0.38507959246635437
57  0.38507047295570374
272  0.3850523829460144
261  0.38502442836761475
930  0.3850163221359253
324  0.385002076625824
417  0.38496848940849304
517  0.384967565536499
64  0.3849477171897888
841  0.3849332928657532
273  0.38490813970565796
783  0.38487911224365234
471  0.3848555088043213
851  0.3848361074924469
621  0.38480502367019653
241  0.38478603959083557
268  0.3847838342189789
938  0.3847824037075043
483  0.38477370142936707
181  0.38472989201545715
229  0.38471290469169617
944  0.3847077190876007
814  0.38470718264579773
207  0.3847005069255829
71  0.38469696044921875
925  0.38468682765960693
811  0.38468125462532043
46  0.3846721053123474
199  0.3846663236618042
514  0.384661465883255
217  0.3846553862094879
194  0.38465532660484314
945  0.3846256732940674
710  0.384613573551178
820  0.38461342453956604
718  0.3845631778240204
227  0.38454556465148926
63  0.38452526926994324
798  0.3845190405845642
244  0.38451799750328064
740  0.3845018446445465
75  0.3844811022281647
577  0.38447704911231995
544  0.3844735622406006
311  0.38442638516426086
393  0.38437432050704956
389  0.38437333703041077
850  0.3843420445919037
212  0.3843283951282501
292  0.3843165636062622
413  0.3843025267124176
37  0.38430190086364746
61  0.3842965364456177
364  0.3842896521091461
254  0.38428640365600586
423  0.3842852711677551
250  0.3842843174934387
170  0.3842807114124298
65  0.3842472732067108
109  0.38424408435821533
314  0.38421592116355896
436  0.3842041492462158
158  0.3841785192489624
121  0.3841707408428192
799  0.3841695487499237
149  0.38416871428489685
812  0.38411375880241394
842  0.38411247730255127
238  0.384092777967453
717  0.3840782940387726
204  0.384037047624588
226  0.38397887349128723
813  0.3839646577835083
880  0.3839636445045471
153  0.3839501738548279
914  0.3839474320411682
640  0.3839257061481476
855  0.3839241564273834
955  0.3839132785797119
505  0.38391080498695374
952  0.38389384746551514
198  0.38384926319122314
865  0.3838016986846924
416  0.38376617431640625
90  0.38376110792160034
354  0.3837524652481079
185  0.38373231887817383
767  0.3837040662765503
142  0.38367587327957153
896  0.3836531341075897
189  0.38364091515541077
297  0.3836396336555481
128  0.383598655462265
854  0.38359174132347107
684  0.3835802674293518
92  0.38354429602622986
291  0.3835054934024811
102  0.38349613547325134
584  0.3834904134273529
176  0.3834615647792816
372  0.38344311714172363
620  0.38341641426086426
49  0.3834149241447449
614  0.383402019739151
130  0.3833496868610382
391  0.38334688544273376
274  0.38334107398986816
150  0.38333216309547424
877  0.3833140730857849
843  0.38329336047172546
7  0.3832628130912781
940  0.38325780630111694
89  0.38323962688446045
166  0.3831894099712372
105  0.383156955242157
915  0.3831496834754944
54  0.38313615322113037
516  0.38311389088630676
753  0.3831138014793396
961  0.38310593366622925
73  0.3830951750278473
320  0.3830949068069458
77  0.3830944299697876
546  0.3830861449241638
432  0.3830772042274475
806  0.3830600082874298
51  0.38304221630096436
420  0.38303259015083313
296  0.38300928473472595
794  0.3829703629016876
8  0.38296639919281006
208  0.3829514682292938
9  0.38290876150131226
917  0.38285189867019653
111  0.3828379511833191
869  0.38282668590545654
388  0.38281694054603577
201  0.382800817489624
281  0.3827657997608185
222  0.3827429711818695
686  0.38271960616111755
873  0.3827163875102997
93  0.3827058970928192
263  0.3826865553855896
270  0.38267919421195984
218  0.38266637921333313
70  0.38266152143478394
859  0.3826403021812439
20  0.38263508677482605
712  0.3825894892215729
476  0.38258495926856995
942  0.3825746178627014
392  0.382571816444397
66  0.38254237174987793
327  0.38252198696136475
886  0.3825158476829529
419  0.38250160217285156
900  0.3824867308139801
402  0.38244059681892395
213  0.3824310302734375
17  0.3824237287044525
904  0.38241472840309143
173  0.38241031765937805
919  0.38238200545310974
143  0.3823816776275635
232  0.38231900334358215
235  0.3823072612285614
511  0.38229432702064514
895  0.38229167461395264
233  0.38227975368499756
328  0.3822711110115051
335  0.3822624087333679
650  0.38223156332969666
515  0.3822161555290222
305  0.38221505284309387
414  0.3822089433670044
118  0.382203608751297
782  0.382181853055954
23  0.38218042254447937
35  0.3821801543235779
334  0.3821781575679779
973  0.38216865062713623
943  0.3821139931678772
48  0.3821008503437042
965  0.3820910155773163
509  0.3820875287055969
748  0.38207927346229553
6  0.3820543885231018
408  0.38202428817749023
412  0.3820202946662903
221  0.38197025656700134
924  0.3819548189640045
353  0.3819350600242615
331  0.3818858861923218
424  0.3818463981151581
191  0.38183876872062683
918  0.3818081319332123
343  0.38180190324783325
932  0.3817974627017975
74  0.381775438785553
504  0.38175854086875916
719  0.3817385733127594
40  0.38173651695251465
228  0.38170310854911804
967  0.38168925046920776
283  0.38167503476142883
401  0.3816576600074768
239  0.38165655732154846
248  0.3816525936126709
279  0.381598562002182
18  0.38158899545669556
147  0.38155850768089294
10  0.3815530836582184
362  0.38155215978622437
34  0.381546288728714
920  0.3815353512763977
780  0.38152167201042175
56  0.38151755928993225
196  0.3815000057220459
278  0.3814963102340698
36  0.38148438930511475
366  0.38148412108421326
506  0.3814700245857239
124  0.3814588785171509
81  0.3814503848552704
404  0.3813979923725128
948  0.38137948513031006
837  0.38136887550354004
190  0.3813445270061493
188  0.381339967250824
42  0.3813090920448303
369  0.38128313422203064
379  0.3812500834465027
893  0.3812158703804016
315  0.38121551275253296
169  0.3811344802379608
796  0.3811296224594116
876  0.3810533583164215
79  0.3810320496559143
317  0.38101670145988464
410  0.3809921145439148
259  0.3809567987918854
107  0.38095155358314514
104  0.3809444010257721
187  0.38090160489082336
202  0.3808504045009613
867  0.3808382451534271
41  0.3808342218399048
123  0.380798876285553
751  0.38078442215919495
91  0.38077959418296814
795  0.3807237446308136
67  0.38071876764297485
332  0.38070687651634216
840  0.3807034492492676
946  0.3806982934474945
171  0.3806951940059662
167  0.3806765675544739
422  0.38058122992515564
415  0.38057830929756165
513  0.38054588437080383
59  0.3805249333381653
39  0.3804166316986084
206  0.38040944933891296
301  0.3803959786891937
897  0.3803652226924896
120  0.38032928109169006
26  0.38028982281684875
330  0.3802833557128906
126  0.380266010761261
319  0.3802502751350403
403  0.3802071213722229
216  0.3801955282688141
165  0.3801921308040619
197  0.38018855452537537
300  0.380188524723053
192  0.3801822066307068
752  0.3801739513874054
299  0.3801719546318054
502  0.3801577389240265
294  0.38014376163482666
363  0.38011956214904785
186  0.38011085987091064
215  0.38011056184768677
284  0.3801041543483734
941  0.38010159134864807
247  0.38008132576942444
325  0.3799000382423401
214  0.37989357113838196
308  0.3798489272594452
975  0.3798459768295288
344  0.3798201084136963
237  0.37979719042778015
421  0.3797653615474701
368  0.3797643780708313
44  0.37969762086868286
88  0.37968093156814575
868  0.37965843081474304
288  0.3796532452106476
326  0.37964752316474915
52  0.37963005900382996
797  0.3796255886554718
255  0.37959447503089905
108  0.3795175850391388
280  0.3794861435890198
12  0.3794634938240051
345  0.3794494867324829
264  0.3794477581977844
899  0.37942948937416077
262  0.3794257640838623
84  0.37941569089889526
329  0.3794153928756714
872  0.37939202785491943
225  0.3793841600418091
749  0.3793669044971466
313  0.37935739755630493
970  0.37929481267929077
236  0.37924924492836
122  0.3792390525341034
951  0.3792336881160736
224  0.37922677397727966
545  0.3792250454425812
209  0.37918907403945923
901  0.37913304567337036
323  0.37913262844085693
963  0.3791254162788391
290  0.37911465764045715
172  0.379082590341568
318  0.37902405858039856
267  0.3790082633495331
287  0.37900614738464355
405  0.37900489568710327
398  0.3789903521537781
271  0.37898722290992737
817  0.37894418835639954
894  0.37893545627593994
78  0.37885570526123047
293  0.3788505792617798
750  0.37866106629371643
11  0.37865060567855835
29  0.37855690717697144
266  0.37853556871414185
407  0.37851086258888245
246  0.3784983158111572
282  0.3784436285495758
82  0.3784131109714508
949  0.3783190846443176
174  0.3782521188259125
94  0.3782457113265991
312  0.3782404065132141
119  0.3782191276550293
887  0.378156840801239
80  0.3781490623950958
874  0.3781067430973053
836  0.37799736857414246
295  0.37795355916023254
954  0.37793779373168945
146  0.3779277503490448
43  0.3779212534427643
25  0.37789878249168396
83  0.37789493799209595
289  0.3778904974460602
205  0.3778609335422516
210  0.3778434991836548
223  0.3777335584163666
347  0.3776942193508148
953  0.3776831328868866
966  0.377642959356308
285  0.377527117729187
234  0.37752002477645874
839  0.3775046467781067
50  0.37749311327934265
371  0.3774382472038269
28  0.3774239122867584
55  0.3774060010910034
781  0.37737834453582764
418  0.3773696720600128
350  0.3773590326309204
24  0.37720969319343567
370  0.3772090971469879
148  0.377118855714798
106  0.37704628705978394
911  0.3769683837890625
888  0.3768697679042816
348  0.37682193517684937
913  0.37677183747291565
47  0.37676236033439636
256  0.3765748143196106
286  0.3765084445476532
866  0.3764658570289612
816  0.376426100730896
912  0.37641388177871704
220  0.37634754180908203
175  0.37629225850105286
903  0.37626808881759644
892  0.3762182593345642
30  0.3761947751045227
349  0.37618452310562134
298  0.37615808844566345
352  0.3759680688381195
406  0.3758943974971771
974  0.3757680356502533
195  0.37562552094459534
902  0.3756125867366791
168  0.37555402517318726
346  0.3754551410675049
32  0.3752211034297943
31  0.374941349029541
211  0.37482720613479614
219  0.3745119571685791
351  0.37440016865730286
117  0.3743743896484375
115  0.3743378520011902
33  0.37401196360588074
245  0.37389692664146423
950  0.37369534373283386
265  0.37351614236831665
815  0.37300461530685425
400  0.37139904499053955
399  0.3685716986656189
116  0.3684499263763428
