1  0.4060503840446472
985  0.4019255042076111
2  0.3903554677963257
558  0.3842180669307709
759  0.3834455609321594
3  0.38327765464782715
488  0.38278669118881226
672  0.3820858299732208
984  0.3818713426589966
699  0.3813891112804413
739  0.3812807500362396
560  0.38123250007629395
817  0.3811909854412079
492  0.38109615445137024
561  0.381015419960022
779  0.3805328607559204
778  0.3801702558994293
669  0.3800698220729828
764  0.37996307015419006
878  0.37948378920555115
4  0.3794480264186859
917  0.37942469120025635
733  0.3793809413909912
740  0.37927770614624023
983  0.3791636824607849
133  0.37894314527511597
86  0.3789421021938324
916  0.37894168496131897
810  0.3788856267929077
786  0.3788473308086395
595  0.37879377603530884
673  0.37875130772590637
132  0.378682017326355
922  0.37863045930862427
83  0.3786095380783081
915  0.3781445622444153
559  0.3781209886074066
766  0.3780861496925354
485  0.37804627418518066
700  0.37797120213508606
679  0.37795186042785645
765  0.37779566645622253
597  0.3777788579463959
750  0.37777286767959595
600  0.3777688443660736
758  0.3775118291378021
816  0.3774960935115814
735  0.37746015191078186
486  0.3774569034576416
761  0.37744343280792236
757  0.3774239420890808
935  0.37736549973487854
650  0.3773401379585266
698  0.3772955536842346
675  0.37723875045776367
811  0.37723609805107117
782  0.3772241473197937
655  0.3771647810935974
634  0.3771618604660034
799  0.37714168429374695
487  0.3770880699157715
493  0.3770526945590973
664  0.37705105543136597
660  0.37701940536499023
179  0.3769737184047699
183  0.3769633173942566
573  0.37685397267341614
85  0.3768104612827301
777  0.3767995238304138
530  0.3767912685871124
905  0.37678849697113037
460  0.3767356276512146
787  0.3767273426055908
491  0.37665659189224243
467  0.3766133785247803
807  0.3765029013156891
691  0.37650248408317566
693  0.3765009343624115
574  0.37643733620643616
297  0.3763046860694885
789  0.3762764036655426
332  0.3762489855289459
919  0.3762127459049225
686  0.3761957883834839
189  0.37618789076805115
570  0.37611526250839233
703  0.37610960006713867
704  0.37610867619514465
701  0.37610727548599243
654  0.37604987621307373
602  0.3760480582714081
435  0.3760468661785126
829  0.3759874999523163
721  0.3759689927101135
670  0.3759658932685852
678  0.37592342495918274
532  0.3759153187274933
918  0.3758810758590698
808  0.3758450746536255
436  0.37581372261047363
923  0.3757985234260559
578  0.3757566809654236
365  0.3757333755493164
76  0.3757288455963135
815  0.37568241357803345
690  0.37565508484840393
120  0.3756251931190491
557  0.3756234645843506
676  0.3755883574485779
938  0.37549951672554016
451  0.375453382730484
776  0.3754522204399109
879  0.3754427134990692
665  0.37539103627204895
556  0.3753235638141632
551  0.37531599402427673
135  0.3753049671649933
875  0.3752424418926239
529  0.37521934509277344
604  0.3752034902572632
790  0.37514424324035645
554  0.37512749433517456
760  0.3751201629638672
641  0.37506571412086487
788  0.37502846121788025
603  0.3750252425670624
805  0.37501344084739685
651  0.3750009536743164
596  0.3749854266643524
791  0.37497878074645996
503  0.3749740719795227
763  0.37496110796928406
774  0.3749469816684723
960  0.37491926550865173
210  0.37489813566207886
446  0.37485364079475403
575  0.37484312057495117
683  0.3748350739479065
727  0.3747830092906952
495  0.3747815489768982
663  0.37477928400039673
951  0.3747423589229584
921  0.37472477555274963
373  0.37472036480903625
674  0.37471356987953186
756  0.3747032582759857
351  0.3746907413005829
653  0.3746884763240814
599  0.37465935945510864
494  0.37464451789855957
642  0.37463417649269104
914  0.37461063265800476
662  0.3746010661125183
785  0.37459442019462585
577  0.3745853304862976
484  0.37456974387168884
633  0.3744983971118927
920  0.37447383999824524
343  0.37445902824401855
781  0.374431312084198
809  0.3743938207626343
806  0.3743482530117035
635  0.374341756105423
528  0.37431877851486206
638  0.3742939829826355
648  0.37421756982803345
854  0.3742022216320038
500  0.37418439984321594
853  0.37418052554130554
555  0.3741776943206787
871  0.3741720914840698
767  0.37416496872901917
616  0.3741641640663147
121  0.3741542100906372
531  0.3741416335105896
749  0.37413740158081055
576  0.37410977482795715
973  0.37410768866539
870  0.3741040527820587
734  0.37410056591033936
180  0.37407079339027405
429  0.374068021774292
249  0.37406253814697266
862  0.3740329146385193
572  0.37401342391967773
887  0.37399452924728394
333  0.3739898204803467
461  0.37392866611480713
784  0.3739151954650879
611  0.37390607595443726
72  0.3738989233970642
434  0.3738285303115845
796  0.3738274574279785
803  0.37382569909095764
425  0.37382036447525024
924  0.37377312779426575
619  0.3737567365169525
685  0.3737465739250183
741  0.3737356960773468
579  0.373727411031723
78  0.3737177550792694
860  0.37371429800987244
797  0.37371084094047546
617  0.3737085163593292
736  0.3737059533596039
534  0.3737034499645233
468  0.37366488575935364
533  0.3736512362957001
540  0.37363946437835693
725  0.37361499667167664
87  0.3735786974430084
505  0.3735422194004059
469  0.37353605031967163
292  0.37352991104125977
689  0.373519629240036
73  0.37348875403404236
191  0.3734346628189087
490  0.3734159469604492
802  0.3733833432197571
926  0.3733828067779541
609  0.37338095903396606
626  0.3733770251274109
449  0.3733721077442169
164  0.3733683228492737
130  0.37335628271102905
904  0.37332165241241455
606  0.3733088970184326
520  0.37329235672950745
632  0.3732752501964569
137  0.3732715845108032
752  0.3732641935348511
608  0.37325695157051086
702  0.373235821723938
581  0.3732277452945709
450  0.3731840252876282
605  0.37318098545074463
192  0.3731691837310791
804  0.37315547466278076
89  0.3731522262096405
542  0.3731120824813843
489  0.37310338020324707
497  0.3730809688568115
719  0.37306371331214905
84  0.3730502426624298
330  0.37304621934890747
738  0.3730291426181793
822  0.37302669882774353
388  0.3730156123638153
171  0.3729672431945801
620  0.3729653060436249
659  0.37295252084732056
863  0.37293532490730286
562  0.3729028105735779
849  0.37289881706237793
301  0.3728911876678467
519  0.3728204667568207
182  0.3728196918964386
329  0.37279924750328064
751  0.3727955222129822
607  0.37278375029563904
402  0.37276506423950195
755  0.37271419167518616
876  0.3727078437805176
694  0.37269583344459534
668  0.3726915717124939
364  0.37268880009651184
75  0.37268832325935364
294  0.3726785182952881
549  0.3726707398891449
518  0.37264883518218994
687  0.37262842059135437
813  0.372620552778244
640  0.3726145029067993
424  0.37256869673728943
652  0.37253934144973755
569  0.37252548336982727
88  0.3725056052207947
814  0.37246739864349365
859  0.3724597990512848
165  0.3724520206451416
971  0.37244677543640137
718  0.37244629859924316
657  0.3724459409713745
688  0.37241920828819275
762  0.3723253905773163
553  0.3722969889640808
502  0.3722866475582123
586  0.37227073311805725
547  0.3722487986087799
780  0.3722469210624695
952  0.37222838401794434
517  0.37222832441329956
291  0.3722071647644043
927  0.3721792697906494
134  0.3721745014190674
397  0.3721598982810974
856  0.37213706970214844
773  0.3721115291118622
610  0.3720751404762268
666  0.3720748722553253
74  0.37207189202308655
259  0.3720684051513672
695  0.3720618784427643
212  0.3720155358314514
613  0.3720146715641022
103  0.37199702858924866
82  0.3719777464866638
552  0.3719683289527893
474  0.3719625771045685
706  0.3719598948955536
775  0.37194275856018066
681  0.37193965911865234
353  0.37193718552589417
136  0.3719342052936554
454  0.3719295859336853
891  0.3719179630279541
590  0.3718973398208618
982  0.37187784910202026
482  0.3718523383140564
445  0.3718339502811432
211  0.37183329463005066
544  0.371826171875
884  0.3718227446079254
886  0.3717803657054901
275  0.3717772662639618
452  0.37177059054374695
501  0.3717557191848755
310  0.37174761295318604
748  0.37172389030456543
538  0.37171801924705505
591  0.37171176075935364
267  0.37169143557548523
731  0.3716718256473541
448  0.37164512276649475
5  0.37158364057540894
968  0.37157291173934937
716  0.37156587839126587
31  0.3715592920780182
270  0.371551513671875
723  0.3715473711490631
97  0.3715388774871826
867  0.371537446975708
444  0.3715180456638336
637  0.3715035319328308
90  0.37150052189826965
737  0.371477872133255
677  0.37147143483161926
819  0.3714693784713745
906  0.3714678883552551
571  0.3714677691459656
548  0.37146589159965515
722  0.37145721912384033
848  0.37143805623054504
504  0.3714253008365631
732  0.3714201748371124
156  0.3714175224304199
933  0.37140902876853943
820  0.37140700221061707
399  0.37139004468917847
861  0.3713555634021759
423  0.37133967876434326
185  0.371336430311203
649  0.3713102340698242
181  0.3712798058986664
830  0.3712761700153351
913  0.3712761104106903
893  0.3712673783302307
331  0.37125352025032043
462  0.37125205993652344
298  0.37124398350715637
295  0.3712305724620819
166  0.3712143301963806
227  0.37120091915130615
384  0.37117302417755127
96  0.371163547039032
747  0.3711060881614685
812  0.3710993826389313
77  0.37108945846557617
729  0.37106749415397644
280  0.3710632622241974
639  0.3710564374923706
936  0.3710525631904602
656  0.3710227608680725
851  0.37102067470550537
470  0.37101322412490845
946  0.37100058794021606
416  0.3709949254989624
899  0.3709920346736908
483  0.3709915280342102
363  0.3709893822669983
456  0.3709803521633148
196  0.3709646761417389
821  0.37096402049064636
293  0.37095746397972107
550  0.370932400226593
473  0.3709213435649872
598  0.3708980083465576
400  0.37087711691856384
618  0.3708750307559967
131  0.3708654046058655
680  0.37085825204849243
513  0.37085625529289246
541  0.37085238099098206
885  0.37084534764289856
682  0.3708449900150299
374  0.37080109119415283
527  0.37080031633377075
438  0.37076398730278015
746  0.3707357347011566
948  0.3707355856895447
146  0.37069761753082275
496  0.37069249153137207
154  0.3706793487071991
841  0.37067800760269165
949  0.3706739544868469
427  0.37064459919929504
453  0.37064114212989807
367  0.3706381022930145
800  0.37062859535217285
628  0.37062397599220276
389  0.3706028163433075
614  0.3705897927284241
730  0.37058284878730774
647  0.37057897448539734
302  0.37055251002311707
872  0.37054771184921265
281  0.3705281615257263
868  0.3705192506313324
566  0.37050873041152954
277  0.37049832940101624
309  0.3704943358898163
197  0.37049105763435364
589  0.37049058079719543
970  0.37048768997192383
303  0.3704870641231537
447  0.3704829216003418
184  0.3704598844051361
459  0.37044504284858704
585  0.3704428970813751
283  0.37044256925582886
187  0.3704356253147125
266  0.37042316794395447
925  0.3704037070274353
592  0.3703877031803131
525  0.3703736960887909
480  0.3703683018684387
771  0.37036433815956116
342  0.37036070227622986
783  0.3703387379646301
352  0.3703376352787018
661  0.3703201413154602
251  0.37031838297843933
801  0.37030017375946045
588  0.37029993534088135
172  0.37029433250427246
818  0.37029123306274414
347  0.37027236819267273
535  0.37025707960128784
612  0.3702453672885895
627  0.37024232745170593
644  0.37022772431373596
299  0.37021613121032715
567  0.3702038824558258
312  0.370173841714859
481  0.37014272809028625
526  0.3701291084289551
472  0.3701265752315521
900  0.3701249361038208
941  0.37010595202445984
772  0.3700673580169678
705  0.3700594902038574
907  0.37004122138023376
516  0.3700399696826935
795  0.3700169324874878
511  0.37000733613967896
671  0.3699600398540497
601  0.3699503540992737
313  0.369911253452301
794  0.3698970377445221
934  0.3698943555355072
119  0.3698675036430359
724  0.36986467242240906
344  0.3698514997959137
593  0.3698383867740631
508  0.36982131004333496
167  0.36981433629989624
827  0.36978963017463684
190  0.3697851896286011
715  0.3697819709777832
568  0.3697812855243683
201  0.3697799742221832
712  0.36976900696754456
880  0.3697492480278015
8  0.36972737312316895
334  0.3696877956390381
768  0.36966726183891296
869  0.36965206265449524
6  0.36963868141174316
286  0.36963599920272827
512  0.3696267306804657
645  0.36961865425109863
643  0.3696185350418091
463  0.36961182951927185
328  0.36956655979156494
371  0.36954227089881897
65  0.3695319592952728
321  0.36952659487724304
163  0.36952507495880127
824  0.36949148774147034
385  0.3694815933704376
368  0.3694801330566406
961  0.3694623112678528
621  0.36944276094436646
290  0.3694220781326294
892  0.3694188594818115
32  0.3694112300872803
524  0.36940476298332214
437  0.3693996071815491
213  0.36937180161476135
455  0.3693649172782898
248  0.3693568706512451
874  0.36932873725891113
972  0.36932697892189026
139  0.36931806802749634
720  0.36930519342422485
478  0.36929410696029663
959  0.3692706525325775
977  0.3692638576030731
798  0.3692575991153717
889  0.3692539632320404
276  0.3692479729652405
543  0.36924049258232117
696  0.36923256516456604
30  0.3692200481891632
980  0.3692151606082916
98  0.3692029118537903
792  0.3691987693309784
623  0.3691924512386322
587  0.3691442310810089
845  0.3691440522670746
391  0.3691328763961792
717  0.36911287903785706
273  0.36910974979400635
12  0.36908477544784546
101  0.3690841495990753
969  0.36907920241355896
728  0.3690697252750397
387  0.36904454231262207
636  0.3690316677093506
615  0.3690219223499298
622  0.36901384592056274
714  0.36896687746047974
104  0.36895909905433655
584  0.36895883083343506
793  0.3689514398574829
238  0.36895057559013367
744  0.36892643570899963
877  0.36892521381378174
646  0.3689091205596924
692  0.3688977062702179
475  0.36887645721435547
47  0.368856817483902
430  0.36883625388145447
908  0.3688178062438965
962  0.3688066601753235
846  0.36878910660743713
828  0.3687880039215088
390  0.36878520250320435
539  0.36876556277275085
370  0.36875614523887634
48  0.3687340021133423
264  0.3687331974506378
269  0.3687228858470917
521  0.3687187433242798
479  0.3687160313129425
359  0.3687121272087097
268  0.3687051832675934
457  0.368702232837677
308  0.36867207288742065
49  0.3686677813529968
279  0.3686676621437073
847  0.3686562180519104
70  0.3686458170413971
168  0.3686363101005554
155  0.36863604187965393
440  0.3685941994190216
288  0.36859220266342163
195  0.36859145760536194
658  0.3685908913612366
200  0.368547260761261
858  0.3685435354709625
866  0.3685305118560791
382  0.368516206741333
458  0.3685106337070465
346  0.3684953451156616
902  0.3684925138950348
937  0.3684879243373871
754  0.36848556995391846
536  0.3684818744659424
93  0.3684718608856201
17  0.3684425354003906
38  0.36843883991241455
743  0.368425577878952
95  0.3684135377407074
188  0.3684092164039612
422  0.3683633506298065
471  0.3683626651763916
940  0.3683600425720215
629  0.36835888028144836
304  0.36835426092147827
375  0.3683376610279083
13  0.3683358132839203
205  0.368330717086792
247  0.3682950437068939
401  0.36828500032424927
296  0.3682447075843811
415  0.3682034909725189
186  0.36819010972976685
14  0.36818957328796387
206  0.3681427538394928
631  0.36810797452926636
28  0.3681028187274933
355  0.36802321672439575
102  0.3680121898651123
865  0.3679999113082886
897  0.3679887354373932
507  0.36797401309013367
216  0.36796271800994873
855  0.36794811487197876
745  0.3679429292678833
71  0.3679370880126953
903  0.36793023347854614
947  0.3679195046424866
145  0.367882639169693
932  0.3678514361381531
198  0.3678499758243561
159  0.3678406774997711
523  0.3678211271762848
697  0.36781227588653564
713  0.3678109645843506
625  0.3677939772605896
506  0.367760568857193
950  0.367760568857193
386  0.3677559196949005
194  0.3677493929862976
311  0.36774304509162903
708  0.36772534251213074
580  0.36772212386131287
170  0.3676842451095581
58  0.3676697313785553
439  0.3676469624042511
138  0.3676280379295349
45  0.3675999939441681
377  0.3675713837146759
888  0.36755862832069397
942  0.367546945810318
546  0.36751094460487366
428  0.3674972951412201
327  0.3674854040145874
215  0.3674808144569397
162  0.3674454391002655
263  0.36744534969329834
258  0.36743637919425964
537  0.36743512749671936
624  0.3674321472644806
499  0.36739906668663025
123  0.3673512637615204
939  0.36733391880989075
431  0.3672977685928345
27  0.36729559302330017
890  0.3672838807106018
928  0.3672831356525421
37  0.36727991700172424
80  0.3672633469104767
140  0.36718425154685974
464  0.3671765923500061
976  0.3671758472919464
92  0.3671702444553375
770  0.3671577572822571
426  0.36715012788772583
354  0.3671305179595947
881  0.36709800362586975
981  0.3670923411846161
909  0.3670883774757385
285  0.36708253622055054
376  0.3670811057090759
357  0.36707237362861633
43  0.3670445680618286
509  0.3670443594455719
91  0.3670419156551361
224  0.3670356869697571
144  0.36703136563301086
835  0.3670308291912079
265  0.3670280873775482
141  0.3670012056827545
261  0.36696895956993103
466  0.3669632375240326
46  0.36695271730422974
742  0.36692607402801514
11  0.36688151955604553
825  0.36687415838241577
931  0.36686745285987854
498  0.3668324947357178
62  0.36681562662124634
563  0.3668069541454315
850  0.3667560815811157
39  0.3667534589767456
565  0.3667488396167755
289  0.36674660444259644
10  0.3666967749595642
150  0.3666716516017914
852  0.36663129925727844
63  0.36661797761917114
234  0.3666051924228668
178  0.3666025996208191
882  0.36659932136535645
895  0.36659735441207886
403  0.3665732443332672
122  0.36655646562576294
18  0.36655256152153015
158  0.3665386438369751
199  0.36650726199150085
378  0.3665032982826233
726  0.3664902150630951
545  0.36644381284713745
711  0.36643797159194946
412  0.3664173483848572
823  0.36641186475753784
912  0.3664044141769409
15  0.3664037883281708
372  0.36640307307243347
152  0.3664007782936096
274  0.3663925528526306
667  0.3663892447948456
514  0.36638492345809937
157  0.36635836958885193
29  0.36635705828666687
100  0.3663429021835327
246  0.366335928440094
226  0.3663278818130493
594  0.3663139343261719
894  0.36629441380500793
107  0.36628806591033936
81  0.3662729859352112
260  0.3662477731704712
361  0.3662390112876892
953  0.36623603105545044
753  0.3662296533584595
360  0.3661712408065796
383  0.3661559820175171
322  0.36609789729118347
169  0.3660920262336731
175  0.3660091161727905
564  0.36600103974342346
22  0.3660005033016205
358  0.3659818172454834
202  0.36597391963005066
153  0.3659464716911316
684  0.3659401834011078
432  0.36592739820480347
204  0.36591535806655884
910  0.36589863896369934
193  0.3658764064311981
979  0.36587584018707275
842  0.36586499214172363
975  0.3658556044101715
356  0.365849107503891
305  0.3657950460910797
929  0.36578866839408875
630  0.36577820777893066
237  0.3657582998275757
26  0.36573079228401184
831  0.36572110652923584
228  0.36568889021873474
954  0.36565127968788147
974  0.3656173646450043
965  0.36556535959243774
319  0.36556366086006165
99  0.36555519700050354
235  0.3655363619327545
709  0.365531861782074
326  0.3655240535736084
108  0.3655209541320801
278  0.3655065596103668
56  0.36548030376434326
477  0.3654792308807373
250  0.3654704988002777
369  0.36545056104660034
21  0.3654308319091797
896  0.3654284179210663
515  0.3654126226902008
398  0.3654087483882904
443  0.36539408564567566
94  0.365382581949234
314  0.36538198590278625
160  0.36537978053092957
857  0.3653758466243744
253  0.3653222918510437
41  0.3652610182762146
35  0.3652564287185669
710  0.36524519324302673
843  0.36522698402404785
252  0.3651808202266693
510  0.3651719391345978
341  0.36516615748405457
151  0.3651423156261444
769  0.36514177918434143
433  0.365109920501709
113  0.36507636308670044
262  0.36506131291389465
366  0.3650381863117218
883  0.36502039432525635
125  0.3650139570236206
282  0.3649795353412628
105  0.3649415671825409
420  0.36493682861328125
836  0.3649211823940277
271  0.3648688495159149
19  0.3648552894592285
127  0.3648412823677063
245  0.3647875487804413
955  0.364775687456131
476  0.3647698760032654
55  0.3647579848766327
50  0.3646940588951111
23  0.3646499216556549
943  0.3646484315395355
256  0.3646410405635834
241  0.3646068572998047
414  0.36460256576538086
106  0.36458930373191833
967  0.36457833647727966
419  0.36455392837524414
214  0.36451733112335205
826  0.3644943833351135
350  0.3644893169403076
64  0.36446043848991394
59  0.3644319772720337
348  0.36441001296043396
79  0.36436495184898376
24  0.36436355113983154
442  0.36434242129325867
707  0.36432525515556335
255  0.3643244802951813
945  0.36431360244750977
864  0.36431071162223816
174  0.36429595947265625
583  0.3642723262310028
381  0.36427000164985657
335  0.3642502725124359
236  0.36418843269348145
832  0.36418452858924866
957  0.36417001485824585
324  0.364161878824234
124  0.3641587793827057
36  0.36415553092956543
176  0.36414065957069397
221  0.3641211688518524
207  0.36409470438957214
838  0.3640666902065277
349  0.36404329538345337
272  0.36402732133865356
410  0.3639332354068756
20  0.3639065623283386
110  0.3639046549797058
242  0.3639034628868103
67  0.36387139558792114
161  0.3638697862625122
413  0.36383938789367676
69  0.3638196289539337
320  0.3638175427913666
232  0.36380070447921753
7  0.36377760767936707
223  0.36376282572746277
230  0.3637484312057495
582  0.36374735832214355
173  0.3637448251247406
898  0.36372512578964233
930  0.3636951148509979
839  0.3636896312236786
44  0.3636813759803772
318  0.3636365532875061
362  0.3636256456375122
129  0.3636041581630707
834  0.3635905086994171
840  0.3635631501674652
114  0.3635328710079193
944  0.3635222017765045
339  0.3634691536426544
966  0.36345550417900085
9  0.363424152135849
407  0.3634118437767029
404  0.3633665442466736
177  0.36334869265556335
323  0.36332112550735474
411  0.36331796646118164
112  0.3632986843585968
441  0.36328044533729553
315  0.3632667362689972
257  0.3632574677467346
901  0.36322304606437683
317  0.36322250962257385
844  0.3631785213947296
217  0.3631582260131836
61  0.3631403148174286
143  0.36311477422714233
345  0.36310797929763794
40  0.3630661368370056
963  0.3630372881889343
42  0.3630324900150299
338  0.3630167841911316
408  0.3629549741744995
833  0.3629363477230072
115  0.36292514204978943
978  0.36291879415512085
233  0.36291778087615967
203  0.3628576397895813
306  0.362821102142334
53  0.3627794086933136
254  0.36273205280303955
395  0.36272433400154114
958  0.362723171710968
219  0.3627150356769562
208  0.3626239001750946
394  0.362592488527298
340  0.36258384585380554
128  0.3625805974006653
406  0.3625793159008026
142  0.36257031559944153
16  0.36255890130996704
380  0.3625309467315674
25  0.3624964952468872
307  0.3624674081802368
465  0.36232948303222656
126  0.3622184097766876
522  0.36210817098617554
52  0.3620080053806305
911  0.3619961738586426
396  0.36196666955947876
33  0.361935555934906
873  0.36191555857658386
325  0.3618200421333313
34  0.361761212348938
393  0.3617555797100067
956  0.36172181367874146
116  0.36160096526145935
300  0.36132246255874634
392  0.3613113760948181
287  0.3613075315952301
417  0.36127278208732605
284  0.3611275851726532
244  0.3611008822917938
409  0.36109021306037903
231  0.36107248067855835
209  0.36094439029693604
239  0.36070263385772705
379  0.3606778681278229
225  0.36047080159187317
405  0.36046186089515686
421  0.36044687032699585
147  0.3604058027267456
336  0.36039260029792786
51  0.36033836007118225
111  0.36025485396385193
109  0.36018106341362
66  0.3601726293563843
60  0.3600015938282013
240  0.3599214255809784
54  0.3595336079597473
243  0.3594810366630554
218  0.3593372702598572
229  0.35929158329963684
118  0.3592725694179535
337  0.35921066999435425
418  0.3591756224632263
68  0.3591687083244324
316  0.3591022789478302
837  0.35908249020576477
148  0.35903674364089966
964  0.3587583899497986
57  0.3586367964744568
149  0.3581182658672333
117  0.35701581835746765
220  0.35582998394966125
222  0.3541545569896698
