1  0.4322494566440582
1069  0.42832833528518677
761  0.41813889145851135
594  0.41768306493759155
657  0.417617529630661
655  0.41723549365997314
763  0.41666921973228455
1068  0.4165557622909546
559  0.41602465510368347
760  0.41550084948539734
715  0.4154787063598633
2  0.41538652777671814
758  0.41535764932632446
656  0.4151075482368469
660  0.41491368412971497
654  0.4147889018058777
588  0.4146028459072113
533  0.41419583559036255
673  0.41409385204315186
612  0.41401562094688416
593  0.4136993885040283
676  0.4136497378349304
699  0.4134063720703125
659  0.4133836030960083
643  0.413350909948349
653  0.4133490324020386
3  0.41334545612335205
535  0.4133346378803253
765  0.4130899906158447
672  0.4130500257015228
691  0.4129660725593567
626  0.4127499461174011
642  0.41262784600257874
640  0.41261571645736694
839  0.412521094083786
605  0.412270188331604
560  0.41225680708885193
468  0.4121949076652527
671  0.4121585190296173
627  0.4120592772960663
829  0.41192924976348877
674  0.4117956757545471
433  0.41179159283638
880  0.4117527902126312
828  0.411721408367157
757  0.4116519093513489
221  0.41164615750312805
764  0.4116174876689911
759  0.41158032417297363
561  0.4115300476551056
579  0.41152653098106384
565  0.4114520251750946
177  0.41142433881759644
762  0.41135308146476746
748  0.4113336205482483
534  0.41129255294799805
846  0.4112190008163452
793  0.4111974835395813
589  0.4111555516719818
661  0.4110894799232483
668  0.41106978058815
658  0.41095390915870667
646  0.4109266400337219
788  0.41091451048851013
592  0.41089189052581787
822  0.41086339950561523
586  0.41082751750946045
776  0.41076821088790894
542  0.4107557237148285
566  0.41062915325164795
830  0.4106076657772064
58  0.4105929136276245
677  0.4105490446090698
32  0.4104229211807251
755  0.4103933870792389
83  0.4103645980358124
738  0.4103603661060333
617  0.410359650850296
578  0.4101501703262329
645  0.4101194143295288
666  0.41009989380836487
531  0.4100840985774994
613  0.41007086634635925
785  0.41006916761398315
625  0.41006287932395935
607  0.41004881262779236
917  0.4099979102611542
910  0.4099361300468445
815  0.4099220037460327
832  0.4098513424396515
792  0.40983572602272034
568  0.40983402729034424
837  0.4098142683506012
33  0.4097815155982971
994  0.4096963107585907
419  0.40967896580696106
554  0.40966033935546875
719  0.4095916450023651
292  0.4095412790775299
121  0.4095343053340912
817  0.40951502323150635
766  0.40951162576675415
678  0.40950605273246765
799  0.4094756841659546
826  0.40947508811950684
705  0.4094099998474121
814  0.40934884548187256
679  0.4092787206172943
616  0.40925949811935425
945  0.40923717617988586
791  0.40920984745025635
807  0.40920940041542053
749  0.4091721177101135
669  0.40917012095451355
569  0.40916505455970764
628  0.40904325246810913
879  0.4090350866317749
808  0.4090263545513153
220  0.40901559591293335
805  0.40896371006965637
909  0.40893086791038513
604  0.4089212417602539
908  0.4088727831840515
400  0.40884754061698914
827  0.4088421165943146
698  0.40883806347846985
838  0.4088142216205597
600  0.4088080823421478
912  0.40880322456359863
591  0.40876927971839905
663  0.40876179933547974
947  0.40875375270843506
601  0.4087459444999695
343  0.40870556235313416
717  0.40869954228401184
747  0.40867146849632263
558  0.40864524245262146
806  0.4086325168609619
916  0.4086274206638336
794  0.4086201786994934
623  0.40861040353775024
707  0.40859949588775635
401  0.40859177708625793
4  0.4084918200969696
143  0.40848058462142944
189  0.40847891569137573
206  0.4084409773349762
739  0.4084375202655792
775  0.4084242284297943
333  0.4084084630012512
716  0.4083878695964813
906  0.4083804488182068
773  0.4083758294582367
420  0.4083428978919983
735  0.4082995355129242
681  0.4082636535167694
34  0.4082396626472473
596  0.4082193076610565
700  0.40821588039398193
501  0.40821176767349243
881  0.4081771969795227
590  0.40817591547966003
813  0.40817299485206604
570  0.4081639349460602
378  0.4081296920776367
907  0.40812525153160095
665  0.40810272097587585
606  0.40809085965156555
644  0.40804368257522583
151  0.4079802632331848
532  0.40797722339630127
397  0.40797266364097595
692  0.4079309105873108
918  0.4079158306121826
768  0.4079113006591797
548  0.4078996479511261
31  0.40780070424079895
754  0.4077989161014557
795  0.4077889919281006
873  0.40778616070747375
769  0.40778255462646484
536  0.40777117013931274
641  0.4076634347438812
682  0.4076513648033142
1029  0.4076308608055115
675  0.4076087176799774
861  0.4075902998447418
502  0.4075823128223419
742  0.40755990147590637
840  0.4075518250465393
585  0.40754273533821106
552  0.40754207968711853
530  0.4075379967689514
971  0.4075280427932739
470  0.4074936509132385
972  0.407490611076355
541  0.40748295187950134
831  0.40745246410369873
670  0.4074518382549286
680  0.4074459373950958
289  0.407405823469162
649  0.407392293214798
737  0.4073769450187683
789  0.40737488865852356
551  0.40737396478652954
693  0.40736547112464905
577  0.40732696652412415
841  0.4072972536087036
667  0.40729662775993347
130  0.40727660059928894
500  0.4072710871696472
308  0.40726712346076965
1053  0.40720584988594055
944  0.4072052538394928
714  0.4072038233280182
567  0.4072017967700958
342  0.4072000980377197
816  0.40719351172447205
863  0.4071916341781616
943  0.4071395993232727
1066  0.4071386754512787
713  0.4071357250213623
704  0.4070923924446106
706  0.40704506635665894
204  0.40701979398727417
819  0.4070174992084503
218  0.4069864749908447
199  0.40696465969085693
1051  0.40695786476135254
615  0.4069269895553589
790  0.40686991810798645
432  0.40682661533355713
683  0.4068261981010437
84  0.40682145953178406
734  0.4068203866481781
595  0.40680938959121704
973  0.4067912995815277
581  0.40678977966308594
291  0.40678805112838745
368  0.4067181646823883
729  0.4066808819770813
804  0.40663015842437744
281  0.4066201448440552
399  0.40659627318382263
635  0.40657588839530945
82  0.4065589904785156
458  0.4065418839454651
636  0.40653732419013977
415  0.4065214991569519
823  0.4064701795578003
178  0.40645062923431396
475  0.4064311981201172
689  0.40642544627189636
239  0.40638867020606995
584  0.4063761234283447
196  0.40636146068573
287  0.40635251998901367
923  0.40634873509407043
402  0.40633806586265564
872  0.4063340127468109
915  0.4063330590724945
576  0.40632036328315735
396  0.40630653500556946
434  0.4062989056110382
740  0.40628552436828613
271  0.40626710653305054
101  0.40626260638237
911  0.40618786215782166
556  0.4061814248561859
341  0.40617337822914124
1048  0.4061567187309265
290  0.4061564803123474
1052  0.4061378240585327
803  0.4061207175254822
163  0.40611588954925537
624  0.4061140716075897
1064  0.4061044156551361
587  0.4060751497745514
459  0.406053364276886
708  0.406013160943985
553  0.4060109555721283
349  0.4060005247592926
238  0.4059767425060272
26  0.4059699773788452
771  0.40595945715904236
425  0.4059453010559082
5  0.4059407413005829
424  0.4059350788593292
913  0.405926376581192
461  0.40592318773269653
777  0.4059181809425354
925  0.40590912103652954
471  0.4058986306190491
440  0.4058837890625
122  0.40588364005088806
767  0.40586453676223755
288  0.4058545231819153
134  0.40580540895462036
843  0.4057922065258026
30  0.40578460693359375
844  0.405769944190979
634  0.405767560005188
282  0.40576374530792236
946  0.40575671195983887
269  0.405742347240448
490  0.4057408273220062
24  0.40574055910110474
466  0.40573975443840027
756  0.4057352840900421
824  0.4057171642780304
428  0.4056766629219055
608  0.40561169385910034
664  0.4056073725223541
529  0.40557804703712463
1007  0.40553468465805054
398  0.4055323898792267
690  0.4055270552635193
278  0.40551844239234924
1062  0.40551233291625977
555  0.40546634793281555
320  0.40546098351478577
746  0.4054545760154724
998  0.4054502248764038
800  0.4054442048072815
784  0.40543705224990845
701  0.4054263234138489
1049  0.40541884303092957
770  0.40541332960128784
489  0.4053936302661896
190  0.4053894281387329
721  0.4053642749786377
43  0.4053587317466736
240  0.40535199642181396
250  0.40534788370132446
809  0.4053458571434021
298  0.4053439795970917
149  0.40533825755119324
191  0.4053346514701843
853  0.40532296895980835
379  0.405318021774292
733  0.40530675649642944
363  0.4052976667881012
144  0.4052523970603943
718  0.4052357077598572
237  0.4052271842956543
736  0.40521466732025146
1018  0.40520137548446655
802  0.40518221259117126
783  0.4051794409751892
574  0.405177503824234
472  0.4051704704761505
618  0.4051676392555237
974  0.405155748128891
598  0.4051539897918701
235  0.4051256477832794
550  0.40511783957481384
571  0.40511128306388855
391  0.4051050841808319
648  0.405070960521698
854  0.40506985783576965
513  0.4050647020339966
926  0.40505194664001465
651  0.40504953265190125
455  0.4050486087799072
426  0.4050344228744507
818  0.40502166748046875
862  0.40501055121421814
234  0.4050043225288391
232  0.40497490763664246
842  0.40496864914894104
514  0.4049604833126068
545  0.40495169162750244
539  0.4049052298069
778  0.4048917889595032
870  0.4048837423324585
197  0.4048473834991455
1046  0.4048459827899933
557  0.4048444330692291
376  0.4048230051994324
377  0.40479549765586853
538  0.40479186177253723
421  0.40479135513305664
603  0.4047815203666687
465  0.4047510623931885
477  0.40474456548690796
968  0.40473660826683044
820  0.4047309458255768
381  0.40471816062927246
1014  0.40471699833869934
188  0.4047161340713501
796  0.40471237897872925
1003  0.40471094846725464
741  0.4047006666660309
562  0.404690682888031
438  0.40466296672821045
781  0.40465131402015686
29  0.4046458601951599
633  0.4046316146850586
752  0.4046155512332916
774  0.4046064019203186
1002  0.4046033024787903
429  0.40460243821144104
1050  0.40458425879478455
142  0.40458008646965027
852  0.4045635759830475
108  0.40456125140190125
128  0.4045517146587372
821  0.4045436680316925
1067  0.40452760457992554
995  0.40452244877815247
452  0.4044971764087677
280  0.4044921100139618
868  0.40444841980934143
294  0.404442697763443
720  0.40444156527519226
225  0.40443456172943115
703  0.4044113755226135
337  0.404397577047348
48  0.40439435839653015
350  0.4043318033218384
7  0.4043152332305908
662  0.4043096899986267
392  0.40430623292922974
528  0.40429386496543884
885  0.40428775548934937
967  0.4042873978614807
449  0.40425702929496765
602  0.40425652265548706
242  0.4042523503303528
481  0.4042383134365082
743  0.40423160791397095
812  0.4042145609855652
652  0.40420079231262207
930  0.4041835367679596
499  0.4041541516780853
599  0.40415090322494507
10  0.40412676334381104
1058  0.4041252136230469
464  0.40411967039108276
728  0.4041164815425873
811  0.4040957987308502
85  0.4040951430797577
299  0.40409019589424133
845  0.4040501117706299
411  0.4040323495864868
970  0.40399065613746643
583  0.40397340059280396
205  0.4039640724658966
208  0.4039604663848877
198  0.4039583206176758
153  0.4039423167705536
496  0.4039379954338074
258  0.40390557050704956
992  0.40390151739120483
202  0.40388408303260803
129  0.4038824737071991
25  0.40388116240501404
39  0.4038768708705902
920  0.40386533737182617
161  0.4038642644882202
710  0.40386083722114563
147  0.403850257396698
380  0.403849720954895
395  0.4038456380367279
102  0.4038437306880951
423  0.40381962060928345
251  0.40381237864494324
772  0.40380698442459106
1017  0.4037879705429077
390  0.4037840962409973
457  0.40378376841545105
448  0.40378275513648987
480  0.4037638008594513
65  0.4037635028362274
647  0.4037599265575409
321  0.40374621748924255
544  0.4037356674671173
442  0.40372633934020996
38  0.4037116467952728
37  0.4037046432495117
439  0.40369850397109985
919  0.4036906361579895
1055  0.40368926525115967
886  0.40367215871810913
639  0.403669148683548
1061  0.40365907549858093
1009  0.4036466181278229
750  0.4036213457584381
154  0.403620183467865
131  0.40359655022621155
834  0.4035942554473877
260  0.40358245372772217
929  0.4035729765892029
435  0.4035428762435913
50  0.40352529287338257
324  0.40352413058280945
614  0.4035089910030365
997  0.4034779667854309
580  0.40345969796180725
825  0.40344953536987305
241  0.403449147939682
120  0.40343570709228516
687  0.4034138321876526
1065  0.4034062623977661
993  0.4033964276313782
244  0.4033719301223755
222  0.4033677279949188
942  0.4033549427986145
160  0.4033237397670746
1054  0.4033231735229492
404  0.4033223092556
118  0.4033144414424896
175  0.40329721570014954
9  0.40329205989837646
864  0.40329036116600037
346  0.4032854437828064
45  0.403281569480896
905  0.4032799303531647
996  0.403274804353714
540  0.40325069427490234
194  0.4032454192638397
833  0.40322038531303406
486  0.40320801734924316
564  0.40320637822151184
437  0.40320199728012085
156  0.4031907320022583
172  0.40318194031715393
850  0.4031778872013092
431  0.4031698405742645
512  0.4031594395637512
279  0.4031376242637634
856  0.4031349718570709
984  0.4031202495098114
473  0.4031156897544861
869  0.40309396386146545
297  0.4030768573284149
148  0.40306562185287476
123  0.4030401408672333
537  0.40303540229797363
786  0.40303030610084534
505  0.40302765369415283
798  0.4030081331729889
867  0.40300408005714417
611  0.40300244092941284
453  0.4029865264892578
476  0.4029689431190491
203  0.4029574990272522
430  0.4029441475868225
969  0.40294045209884644
335  0.4029308259487152
57  0.40292367339134216
1001  0.4029140770435333
904  0.40291234850883484
451  0.40289339423179626
686  0.4028904438018799
223  0.4028903841972351
975  0.40288418531417847
192  0.4028424322605133
8  0.40284162759780884
520  0.40282291173934937
133  0.4028151333332062
1019  0.4028054177761078
547  0.40277424454689026
375  0.4027335047721863
878  0.4027293026447296
152  0.40272843837738037
650  0.4027248024940491
1045  0.40270817279815674
875  0.40270814299583435
336  0.40269696712493896
119  0.4026929438114166
51  0.4026872217655182
597  0.4026852250099182
150  0.4026831388473511
927  0.40267688035964966
1059  0.40266844630241394
296  0.40265363454818726
1034  0.402642160654068
474  0.40263527631759644
855  0.4026234447956085
329  0.40261831879615784
254  0.402588427066803
146  0.40258827805519104
187  0.4025861918926239
999  0.4025801122188568
243  0.4025609493255615
224  0.4025607407093048
427  0.40255507826805115
985  0.40254929661750793
509  0.40248697996139526
463  0.4024805426597595
467  0.4024779498577118
1008  0.40246742963790894
860  0.4024660587310791
697  0.4024636447429657
478  0.40245723724365234
730  0.4024414122104645
744  0.4024035632610321
1022  0.402400404214859
443  0.40239283442497253
871  0.40238675475120544
60  0.40237516164779663
319  0.40237411856651306
95  0.40236830711364746
351  0.4023526906967163
787  0.40233853459358215
418  0.40231263637542725
801  0.40230053663253784
924  0.40229862928390503
928  0.40228471159935
983  0.402263879776001
135  0.4022330343723297
1006  0.402228444814682
492  0.40221333503723145
369  0.40220770239830017
848  0.4022057056427002
575  0.40220385789871216
64  0.4021981358528137
948  0.4021793305873871
1047  0.4021337330341339
976  0.40211501717567444
52  0.4021022915840149
572  0.40209874510765076
145  0.40207135677337646
462  0.40205803513526917
245  0.40205636620521545
100  0.4020557105541229
1015  0.40203845500946045
849  0.4020305573940277
441  0.4020257294178009
261  0.40201881527900696
389  0.4020175635814667
213  0.40200933814048767
498  0.4020058214664459
454  0.4020048975944519
347  0.4019855260848999
933  0.40196433663368225
986  0.4019416868686676
259  0.4019133150577545
1056  0.4018717408180237
732  0.40186256170272827
516  0.40184348821640015
35  0.4018338620662689
348  0.4018333852291107
836  0.4018259644508362
980  0.4018251299858093
456  0.4018190801143646
469  0.4018169939517975
158  0.4018165171146393
695  0.40180566906929016
521  0.4018024504184723
491  0.4017985165119171
137  0.4017954468727112
712  0.4017791152000427
310  0.40177658200263977
331  0.4017724096775055
460  0.4017435610294342
22  0.4017200171947479
301  0.4017128646373749
277  0.401699423789978
236  0.40169817209243774
444  0.4016909897327423
629  0.4016873836517334
340  0.4016839265823364
447  0.4016770124435425
49  0.4016672670841217
115  0.40162062644958496
479  0.4016183912754059
126  0.40161439776420593
253  0.40161260962486267
15  0.40161222219467163
193  0.40161123871803284
219  0.40160632133483887
1021  0.40160396695137024
162  0.4016019105911255
966  0.40158677101135254
1027  0.40157777070999146
582  0.4015696942806244
722  0.4015481472015381
387  0.4015454053878784
914  0.4014776051044464
367  0.4014674723148346
215  0.4014632999897003
847  0.40145593881607056
403  0.4014208912849426
372  0.40141889452934265
176  0.4014025628566742
157  0.4013996124267578
620  0.40139323472976685
382  0.4013737142086029
339  0.4013582766056061
23  0.40134429931640625
394  0.40134158730506897
300  0.40134069323539734
27  0.40133967995643616
107  0.4013362228870392
180  0.4013355076313019
59  0.4012819528579712
214  0.40127915143966675
36  0.401274174451828
233  0.4012693464756012
256  0.40125080943107605
810  0.4012451767921448
935  0.40124237537384033
962  0.40123364329338074
753  0.4012328088283539
450  0.4012308120727539
201  0.401225745677948
619  0.4012223184108734
252  0.40119510889053345
47  0.40118852257728577
959  0.4011477828025818
1033  0.4011284410953522
416  0.40112775564193726
56  0.40109169483184814
835  0.401088148355484
422  0.40108487010002136
270  0.4010750353336334
410  0.40105965733528137
14  0.4010533392429352
709  0.40103891491889954
217  0.4010385274887085
361  0.4010376036167145
782  0.4010236859321594
519  0.40099719166755676
493  0.4009963572025299
267  0.4009844660758972
887  0.40097132325172424
543  0.4009648561477661
632  0.400961309671402
360  0.4009295403957367
358  0.4009256064891815
293  0.40092357993125916
630  0.40091127157211304
938  0.4008939564228058
11  0.4008886516094208
164  0.4008680582046509
883  0.4008669853210449
352  0.4008428454399109
797  0.40083974599838257
125  0.40083861351013184
631  0.40083861351013184
731  0.40082794427871704
332  0.40081509947776794
168  0.4008130729198456
515  0.4007967710494995
388  0.4007784128189087
727  0.40077778697013855
858  0.40077120065689087
851  0.4007655382156372
309  0.40073463320732117
511  0.4007255434989929
28  0.4007240831851959
436  0.4007176160812378
414  0.4007156193256378
1031  0.4006813168525696
688  0.40068063139915466
195  0.40066757798194885
940  0.4006333351135254
216  0.4006330966949463
495  0.4006327986717224
573  0.4006222188472748
304  0.4006209671497345
1042  0.40061333775520325
276  0.4006025493144989
1020  0.40059539675712585
338  0.4005841314792633
417  0.4005659818649292
344  0.4005141854286194
1037  0.4005064368247986
549  0.400490403175354
286  0.400463730096817
132  0.4004524350166321
322  0.40045034885406494
610  0.4004487991333008
255  0.40044617652893066
303  0.40043750405311584
116  0.4004008173942566
1028  0.40039965510368347
1000  0.4003974199295044
874  0.4003826379776001
228  0.400363028049469
96  0.40033861994743347
621  0.40033361315727234
446  0.4003314673900604
1060  0.4003283977508545
44  0.40030357241630554
987  0.4003029763698578
931  0.4002593457698822
622  0.40025606751441956
1057  0.40025392174720764
104  0.400253564119339
302  0.4002399444580078
888  0.40023887157440186
212  0.4002198576927185
932  0.4002039134502411
518  0.4001270830631256
745  0.40012386441230774
563  0.4001011252403259
362  0.400076687335968
1063  0.40005841851234436
18  0.40002936124801636
317  0.4000179171562195
484  0.39997702836990356
889  0.39997580647468567
1043  0.3999720811843872
169  0.39995038509368896
141  0.3999359905719757
76  0.39992836117744446
1024  0.39991632103919983
159  0.39991044998168945
779  0.39989206194877625
75  0.3998851776123047
265  0.39987996220588684
638  0.39986616373062134
210  0.39984479546546936
155  0.3998104929924011
248  0.399806410074234
359  0.39979788661003113
609  0.3997836410999298
113  0.39977988600730896
6  0.3997723460197449
207  0.3997693955898285
522  0.399768590927124
46  0.39974531531333923
684  0.399740993976593
53  0.3997137248516083
63  0.3997109532356262
81  0.39968371391296387
354  0.39965367317199707
200  0.399632066488266
981  0.39961591362953186
877  0.39959993958473206
136  0.39959195256233215
408  0.3995853066444397
74  0.39958420395851135
314  0.39958229660987854
1044  0.39952677488327026
211  0.39951518177986145
685  0.39951184391975403
186  0.39949145913124084
179  0.39947572350502014
227  0.39946407079696655
78  0.39944207668304443
859  0.39942020177841187
445  0.39941829442977905
62  0.3994106650352478
412  0.399402379989624
950  0.3993888199329376
951  0.39938658475875854
365  0.3993838131427765
902  0.3993597626686096
357  0.3993491232395172
857  0.39934298396110535
694  0.39931347966194153
97  0.3993063271045685
295  0.3992801010608673
174  0.39922383427619934
106  0.39921310544013977
866  0.3992050886154175
1010  0.39919641613960266
312  0.3991553485393524
934  0.3991164565086365
112  0.39910656213760376
965  0.3991016149520874
1023  0.39910024404525757
894  0.39906275272369385
334  0.3990580439567566
921  0.3990394175052643
326  0.3990076780319214
1026  0.3989526331424713
173  0.3989415168762207
13  0.3989107608795166
1012  0.3988167643547058
977  0.3988019824028015
72  0.3987654149532318
226  0.398753821849823
71  0.39874714612960815
507  0.39874669909477234
327  0.3987443447113037
167  0.39871537685394287
268  0.3986934721469879
487  0.3986746668815613
67  0.3986722230911255
353  0.3986494839191437
1025  0.398634672164917
21  0.3986232876777649
546  0.39861252903938293
272  0.39860475063323975
900  0.3985976576805115
171  0.39859700202941895
80  0.3985837399959564
109  0.3985789716243744
231  0.398560106754303
306  0.3985511362552643
506  0.3985360264778137
257  0.3985276222229004
19  0.39850908517837524
356  0.3985053598880768
504  0.3984684944152832
937  0.3984626531600952
117  0.39846232533454895
702  0.39845916628837585
328  0.398409903049469
413  0.39839354157447815
247  0.39833536744117737
963  0.3983289897441864
305  0.39831259846687317
374  0.3982835114002228
330  0.39822226762771606
726  0.3982178866863251
1011  0.3982142508029938
42  0.3981953263282776
1013  0.39814743399620056
1005  0.3981463611125946
508  0.39811503887176514
318  0.39809650182724
922  0.39808735251426697
961  0.3980547785758972
124  0.39801013469696045
979  0.3979918658733368
385  0.39798468351364136
246  0.39788907766342163
307  0.39788705110549927
882  0.3978273272514343
955  0.397815465927124
393  0.39778971672058105
68  0.39776381850242615
488  0.3977622985839844
884  0.3977583050727844
696  0.397735059261322
978  0.3977324366569519
55  0.39771926403045654
990  0.39769214391708374
209  0.397691011428833
323  0.3976820409297943
1016  0.3976571559906006
98  0.39765188097953796
939  0.39765089750289917
1041  0.39761385321617126
90  0.39759376645088196
185  0.39759284257888794
61  0.3975483775138855
711  0.3975340723991394
386  0.3975070118904114
751  0.39747679233551025
952  0.3974398076534271
12  0.39742717146873474
69  0.39738866686820984
325  0.3973855972290039
901  0.3973587453365326
165  0.3973519504070282
370  0.397350013256073
964  0.3973352313041687
958  0.39732056856155396
494  0.39730143547058105
510  0.3972935676574707
1036  0.3972924053668976
485  0.3972860276699066
127  0.39726367592811584
890  0.39722225069999695
73  0.3972179591655731
482  0.39720168709754944
230  0.39716750383377075
79  0.39716437458992004
497  0.39713603258132935
94  0.39712560176849365
40  0.3970990478992462
527  0.3970811665058136
364  0.39708057045936584
525  0.3970204293727875
1030  0.3970184624195099
723  0.3970073461532593
523  0.39700284600257874
89  0.397001713514328
41  0.39697474241256714
892  0.39694252610206604
409  0.39689210057258606
936  0.3968798816204071
86  0.3968598544597626
503  0.39681902527809143
181  0.3967863619327545
99  0.39678314328193665
780  0.39672473073005676
70  0.3967219591140747
941  0.3966923952102661
725  0.39666324853897095
166  0.3966529369354248
1039  0.3966444432735443
66  0.39662542939186096
284  0.3965718448162079
524  0.3965703547000885
182  0.3965507447719574
20  0.39650481939315796
345  0.396479994058609
895  0.3964347243309021
140  0.39641523361206055
285  0.39638736844062805
897  0.3963819146156311
956  0.39636120200157166
1032  0.3963607847690582
637  0.3963544964790344
383  0.39634954929351807
876  0.3963406980037689
1040  0.39629772305488586
1038  0.3962860405445099
957  0.3962695598602295
953  0.3962155878543854
407  0.3961741030216217
275  0.3961580991744995
384  0.39601314067840576
405  0.39599600434303284
989  0.3958560526371002
54  0.3958534598350525
114  0.3957882225513458
138  0.39577949047088623
891  0.39570310711860657
262  0.3956007659435272
960  0.3955945670604706
865  0.3955550193786621
229  0.39555174112319946
366  0.3955515921115875
982  0.39554840326309204
170  0.39547109603881836
283  0.3954054117202759
954  0.39533764123916626
893  0.39518263936042786
988  0.3951149582862854
249  0.39508190751075745
949  0.39503544569015503
316  0.3949877619743347
406  0.3949818015098572
371  0.39496687054634094
92  0.39496684074401855
311  0.3948768675327301
184  0.3948695957660675
1004  0.3948637843132019
139  0.3948034644126892
93  0.3946785032749176
991  0.3946094512939453
1035  0.39450234174728394
373  0.39428555965423584
103  0.3942211866378784
903  0.393892377614975
17  0.39388424158096313
264  0.393769234418869
526  0.3937579393386841
111  0.3934428095817566
355  0.393419474363327
483  0.39321649074554443
87  0.3931187689304352
105  0.3930991291999817
183  0.3929736018180847
263  0.3929632604122162
724  0.392922580242157
88  0.39291146397590637
77  0.3929033577442169
16  0.39282509684562683
91  0.3927111327648163
898  0.3926942050457001
315  0.39260178804397583
313  0.39250418543815613
899  0.3924882709980011
517  0.3924822509288788
896  0.3922566771507263
273  0.39201536774635315
274  0.39159151911735535
266  0.3907981812953949
110  0.3900894820690155
