1  0.4561805725097656
1451  0.45320138335227966
2  0.4507501423358917
967  0.44683077931404114
212  0.4465993046760559
703  0.4457645118236542
658  0.4456482529640198
765  0.4451485872268677
894  0.4450899362564087
342  0.4450264573097229
701  0.4447479546070099
702  0.44466760754585266
1450  0.4444216191768646
201  0.44441118836402893
940  0.444111168384552
3  0.444069504737854
764  0.4438791871070862
893  0.44363945722579956
1107  0.44363439083099365
207  0.4434764087200165
918  0.44346049427986145
763  0.4434323310852051
118  0.4428553283214569
861  0.44279733300209045
1220  0.44261351227760315
896  0.44258639216423035
700  0.44255346059799194
1108  0.442477285861969
69  0.44244423508644104
221  0.44237011671066284
94  0.44234856963157654
32  0.44231653213500977
640  0.4422820508480072
610  0.4421440362930298
206  0.44207918643951416
766  0.4420684278011322
854  0.44203686714172363
866  0.4419157803058624
648  0.4418763816356659
919  0.4417211413383484
613  0.4416528642177582
681  0.4414738416671753
92  0.44139084219932556
917  0.44136276841163635
67  0.44134512543678284
639  0.4412628412246704
860  0.4412520229816437
962  0.4412185549736023
647  0.44120168685913086
694  0.4411970376968384
200  0.44113650918006897
679  0.44103267788887024
850  0.44101136922836304
572  0.4410112798213959
397  0.44096657633781433
933  0.4409283399581909
863  0.44084709882736206
1346  0.4408329129219055
883  0.44081759452819824
153  0.44077521562576294
12  0.44076529145240784
178  0.4407648742198944
28  0.4407397210597992
95  0.4407200813293457
609  0.4406733214855194
1157  0.44065895676612854
216  0.4406239688396454
810  0.4405658543109894
916  0.44044679403305054
914  0.4404459595680237
589  0.4404214918613434
699  0.44039642810821533
805  0.4403926432132721
275  0.4403636157512665
968  0.4403444826602936
205  0.4403241276741028
1017  0.44022318720817566
711  0.44020673632621765
111  0.4402064383029938
177  0.4402044713497162
612  0.44019800424575806
24  0.44018834829330444
61  0.4401845633983612
852  0.44018444418907166
1275  0.44010835886001587
649  0.4400539696216583
151  0.4400452971458435
486  0.44002678990364075
1110  0.43999913334846497
953  0.43999534845352173
224  0.4399842619895935
750  0.4399760365486145
948  0.43995192646980286
782  0.4399339258670807
645  0.43990060687065125
657  0.4398591220378876
65  0.43983209133148193
902  0.4398205578327179
915  0.4398157596588135
969  0.43975332379341125
220  0.43974995613098145
781  0.43970727920532227
223  0.43969452381134033
599  0.43968087434768677
862  0.4396665692329407
887  0.439645379781723
709  0.4396365284919739
949  0.4396202564239502
708  0.43961894512176514
80  0.43961626291275024
964  0.43961045145988464
50  0.43959012627601624
659  0.4395724833011627
483  0.43951141834259033
686  0.43950212001800537
608  0.4394913911819458
615  0.43948203325271606
1244  0.43946075439453125
931  0.4394368529319763
176  0.4394340515136719
305  0.43941351771354675
129  0.4394013583660126
939  0.43938520550727844
719  0.43936973810195923
666  0.4393693208694458
101  0.4393535852432251
1443  0.4393446743488312
680  0.439336895942688
892  0.43930792808532715
81  0.43929532170295715
79  0.4392679035663605
622  0.4392627477645874
116  0.4392317235469818
945  0.4392175078392029
1339  0.43920499086380005
320  0.4392041563987732
1345  0.43916359543800354
1414  0.4391467869281769
762  0.43911978602409363
46  0.4390657842159271
314  0.43905675411224365
903  0.4390529990196228
1089  0.439043790102005
25  0.4390193521976471
1223  0.43901383876800537
284  0.43898627161979675
779  0.43897080421447754
575  0.4389539659023285
1005  0.43892329931259155
1145  0.4389025866985321
48  0.43884554505348206
399  0.43881693482398987
897  0.4388130307197571
642  0.4387996792793274
1105  0.43879762291908264
113  0.4387943148612976
1449  0.438793420791626
888  0.43878263235092163
710  0.4387819468975067
29  0.43876248598098755
148  0.4387516975402832
33  0.43873924016952515
204  0.438734233379364
990  0.4387177526950836
770  0.4386964440345764
960  0.4386936128139496
147  0.4386822283267975
851  0.4386581480503082
944  0.4386502206325531
222  0.4386475384235382
179  0.43863093852996826
203  0.4386253356933594
655  0.4386187493801117
783  0.43861621618270874
1261  0.43861597776412964
966  0.4385964572429657
45  0.4385569989681244
60  0.43851789832115173
47  0.4384981393814087
1214  0.43847984075546265
718  0.4384760856628418
995  0.43846771121025085
117  0.4384254515171051
1068  0.43842241168022156
59  0.43842053413391113
1371  0.43841174244880676
1156  0.43839922547340393
698  0.43839579820632935
848  0.4383939206600189
400  0.4383889138698578
668  0.43838584423065186
1037  0.43837979435920715
1090  0.43837663531303406
278  0.4383668899536133
31  0.43836158514022827
895  0.4383581876754761
202  0.43831732869148254
115  0.43827110528945923
183  0.43826374411582947
660  0.43819093704223633
1072  0.4381854236125946
208  0.43818241357803345
398  0.4381583034992218
518  0.43815165758132935
797  0.4381512999534607
102  0.43814003467559814
211  0.43813765048980713
776  0.4380940794944763
109  0.4380871653556824
341  0.43805354833602905
1442  0.4380031228065491
941  0.43800148367881775
677  0.4380001127719879
1447  0.4379889667034149
788  0.4379836618900299
68  0.43796470761299133
1045  0.4379640221595764
362  0.43793338537216187
110  0.4379262924194336
778  0.43790948390960693
836  0.43790119886398315
670  0.43788498640060425
1040  0.4378708004951477
58  0.4378650486469269
82  0.4378416836261749
955  0.43782514333724976
616  0.43780142068862915
614  0.43775779008865356
954  0.4377562701702118
1337  0.4377516210079193
899  0.437748521566391
723  0.43773677945137024
1311  0.4377342164516449
76  0.43772292137145996
855  0.43771517276763916
303  0.4376930594444275
128  0.4376855790615082
867  0.43767258524894714
1042  0.4376588463783264
687  0.4376567006111145
14  0.4376480281352997
801  0.4376380145549774
209  0.43762391805648804
155  0.43761733174324036
849  0.43760743737220764
921  0.43760257959365845
152  0.4375975728034973
1016  0.4375859200954437
707  0.4375835955142975
30  0.4375778138637543
22  0.43753352761268616
27  0.43752795457839966
963  0.4375121593475342
930  0.43750202655792236
1041  0.4374985694885254
646  0.43748605251312256
1344  0.43748509883880615
786  0.43745923042297363
146  0.43745723366737366
662  0.4374525249004364
920  0.43744683265686035
363  0.4374397099018097
673  0.4374220371246338
471  0.43741780519485474
717  0.43740037083625793
678  0.4373888075351715
539  0.43738797307014465
713  0.43737852573394775
904  0.4373649060726166
632  0.4373299181461334
704  0.4373168349266052
957  0.43731218576431274
696  0.43728747963905334
590  0.4372873306274414
643  0.4372870922088623
1104  0.43727466464042664
468  0.43727415800094604
1039  0.43726298213005066
641  0.43726062774658203
4  0.43723776936531067
10  0.43723222613334656
346  0.43722155690193176
1106  0.4372059106826782
104  0.43719807267189026
759  0.4371974468231201
217  0.43719449639320374
768  0.43718892335891724
66  0.437168151140213
57  0.43716296553611755
946  0.4371373951435089
487  0.4371204972267151
1219  0.4371173083782196
656  0.4370913803577423
607  0.4370737671852112
987  0.437073677778244
697  0.43705445528030396
277  0.4370504319667816
21  0.4370444118976593
1221  0.43704232573509216
325  0.43702003359794617
127  0.4370135962963104
467  0.43700745701789856
574  0.4370039403438568
693  0.4369872510433197
965  0.4369831383228302
1076  0.4369411766529083
819  0.43693897128105164
1340  0.436919242143631
638  0.43689656257629395
1304  0.4368908703327179
1127  0.43687525391578674
623  0.43685197830200195
1277  0.4368476867675781
885  0.4368470013141632
213  0.4368249475955963
910  0.43679800629615784
1131  0.4367869198322296
1336  0.4367769658565521
352  0.43677181005477905
934  0.43675917387008667
96  0.43673062324523926
738  0.43672001361846924
233  0.4367198646068573
353  0.43666672706604004
11  0.4366510808467865
396  0.4366440773010254
1308  0.43663766980171204
123  0.43663376569747925
280  0.43662694096565247
909  0.4366241693496704
343  0.43660423159599304
1035  0.4366033971309662
1109  0.436603307723999
162  0.43658360838890076
13  0.4365810453891754
150  0.4365728795528412
371  0.43657124042510986
912  0.4365553855895996
1147  0.43654105067253113
798  0.436535507440567
91  0.4365348517894745
597  0.43650808930397034
856  0.4365037679672241
868  0.436503142118454
935  0.4365023672580719
853  0.4365009069442749
1341  0.4364963471889496
1202  0.436487078666687
833  0.43645933270454407
1062  0.43645021319389343
1006  0.4364500343799591
832  0.43644702434539795
63  0.43644198775291443
228  0.43640026450157166
785  0.43639621138572693
777  0.43639490008354187
761  0.43639180064201355
181  0.4363885819911957
1259  0.43638283014297485
163  0.4363712966442108
387  0.4363701045513153
1154  0.43636026978492737
806  0.43635931611061096
461  0.43635106086730957
1069  0.43634840846061707
767  0.4363443851470947
1055  0.4363418221473694
624  0.4363230764865875
578  0.43631792068481445
199  0.4363117814064026
234  0.43627941608428955
1435  0.43627557158470154
950  0.4362686276435852
975  0.4362608790397644
973  0.4362439513206482
775  0.43623876571655273
1179  0.4362366795539856
958  0.4362204968929291
843  0.43619874119758606
197  0.43619322776794434
1164  0.4361904561519623
974  0.43618640303611755
125  0.4361708164215088
463  0.4361453056335449
807  0.4361410140991211
472  0.4361327886581421
1111  0.4361168444156647
1077  0.43611404299736023
1294  0.4361098110675812
331  0.4361092746257782
100  0.43610209226608276
889  0.43610143661499023
1120  0.43608200550079346
103  0.43608173727989197
635  0.43607452511787415
692  0.4360710084438324
1138  0.43606269359588623
37  0.43605971336364746
667  0.4360501766204834
870  0.4360380470752716
1188  0.4360024034976959
323  0.4359992444515228
1146  0.43599680066108704
1303  0.43598121404647827
1038  0.43597471714019775
746  0.4359695017337799
644  0.43596380949020386
932  0.4359551966190338
1222  0.43593689799308777
255  0.4359314441680908
847  0.435929536819458
1325  0.43592891097068787
154  0.43592557311058044
1411  0.43592315912246704
760  0.4359206557273865
126  0.43592020869255066
144  0.43591830134391785
182  0.4359109401702881
18  0.43591001629829407
210  0.435904860496521
743  0.4359026253223419
409  0.43590226769447327
1148  0.43589797616004944
114  0.4358943998813629
1276  0.4358883798122406
676  0.4358837902545929
724  0.4358658492565155
112  0.43585869669914246
42  0.4358508288860321
1007  0.43583470582962036
1260  0.4358333349227905
1209  0.43583306670188904
70  0.43582582473754883
333  0.4358040392398834
891  0.43579766154289246
961  0.43579331040382385
1158  0.4357798993587494
1128  0.4357754588127136
654  0.43576744198799133
496  0.4357661306858063
830  0.43576452136039734
588  0.4357620179653168
793  0.43576133251190186
1445  0.4357597231864929
133  0.4357585310935974
1019  0.43575483560562134
943  0.43574613332748413
672  0.4357333183288574
865  0.43571823835372925
621  0.4357116222381592
674  0.4357031583786011
294  0.4356982409954071
1415  0.43569281697273254
23  0.4356876611709595
603  0.4356754422187805
198  0.435666561126709
834  0.4356655180454254
1015  0.4356602132320404
1293  0.4356388747692108
1085  0.43562763929367065
1155  0.43562403321266174
462  0.4356212317943573
443  0.4356142580509186
1448  0.4356108605861664
1142  0.4356062114238739
174  0.4356059432029724
952  0.435603529214859
1149  0.43559977412223816
180  0.4355980455875397
886  0.435590535402298
844  0.43558230996131897
1024  0.43556803464889526
1224  0.4355619549751282
189  0.4355578124523163
1444  0.4355575144290924
898  0.4355509281158447
1061  0.4355453550815582
905  0.43554526567459106
122  0.43553993105888367
267  0.43553775548934937
890  0.4355276823043823
214  0.4355146586894989
876  0.4355122148990631
740  0.4355042576789856
1137  0.43550363183021545
956  0.43549367785453796
164  0.4354768395423889
1375  0.43546897172927856
598  0.43546029925346375
219  0.4354594945907593
149  0.43544402718544006
1301  0.43543651700019836
652  0.4354328215122223
1165  0.4354318678379059
286  0.43540459871292114
907  0.4353955388069153
108  0.4353940486907959
1350  0.43539032340049744
618  0.4353692829608917
175  0.4353542625904083
846  0.4353524446487427
242  0.43534138798713684
1010  0.4353390038013458
49  0.4353383183479309
120  0.4353320300579071
573  0.43531352281570435
326  0.43529850244522095
729  0.4352973401546478
882  0.4352971613407135
771  0.43528497219085693
428  0.43528252840042114
427  0.4352802634239197
282  0.43526363372802734
64  0.43525415658950806
77  0.43524160981178284
817  0.43523716926574707
997  0.43521490693092346
285  0.4352142810821533
841  0.43521252274513245
130  0.4352121949195862
947  0.4351774752140045
1429  0.43516916036605835
1043  0.4351661801338196
1054  0.43516188859939575
602  0.4351419508457184
1321  0.4351397156715393
592  0.4351346790790558
794  0.4351234436035156
235  0.4351164698600769
236  0.4351120889186859
859  0.4351043701171875
984  0.435094952583313
826  0.4350844919681549
411  0.43508440256118774
1254  0.4350831210613251
560  0.4350818693637848
809  0.43507662415504456
1178  0.4350739121437073
1218  0.4350612759590149
484  0.4350607097148895
938  0.4350582957267761
864  0.4350578486919403
330  0.4350537955760956
246  0.4350437819957733
714  0.4350377321243286
106  0.4350321292877197
747  0.4350184500217438
1351  0.4350167512893677
1056  0.4350108206272125
93  0.43499135971069336
256  0.4349910318851471
283  0.4349886476993561
193  0.43496814370155334
185  0.4349680542945862
695  0.4349392056465149
611  0.4349241256713867
881  0.4348994791507721
1210  0.4348849356174469
568  0.4348748028278351
192  0.4348659813404083
569  0.4348506033420563
789  0.43484726548194885
1201  0.4348418414592743
470  0.43484053015708923
135  0.4348386824131012
119  0.4348289966583252
1302  0.43481728434562683
1376  0.43481123447418213
869  0.434796005487442
244  0.43479225039482117
545  0.43479013442993164
722  0.4347820281982422
734  0.4347740411758423
663  0.4347696900367737
52  0.43476608395576477
773  0.4347565770149231
1278  0.4347531795501709
818  0.434712678194046
97  0.43470847606658936
345  0.43470701575279236
319  0.43470051884651184
281  0.4346906840801239
744  0.4346896708011627
6  0.4346799850463867
748  0.4346697926521301
354  0.43466028571128845
716  0.434658944606781
365  0.4346567690372467
15  0.43464091420173645
1091  0.4346390664577484
922  0.4346369504928589
651  0.43463289737701416
1268  0.43461984395980835
295  0.4345972239971161
184  0.4345921576023102
732  0.43458250164985657
858  0.4345783293247223
937  0.4345772862434387
757  0.4345681369304657
473  0.4345671534538269
1370  0.4345601201057434
787  0.4345512092113495
156  0.43454355001449585
808  0.4345228672027588
272  0.43452227115631104
577  0.4345175325870514
1338  0.43451619148254395
591  0.43451157212257385
1047  0.4345090687274933
276  0.4345082640647888
872  0.4345065653324127
562  0.4345063865184784
55  0.43450549244880676
991  0.43450286984443665
989  0.4345008134841919
390  0.43449729681015015
992  0.43449386954307556
1412  0.43447810411453247
357  0.43447253108024597
1205  0.4344637095928192
145  0.4344634413719177
913  0.4344506561756134
911  0.43445029854774475
358  0.4344418942928314
332  0.4344368875026703
231  0.43443599343299866
54  0.43443095684051514
675  0.43442869186401367
877  0.4344230890274048
1067  0.4344230890274048
408  0.4344049394130707
138  0.43440279364585876
395  0.43438974022865295
105  0.43438366055488586
190  0.434376060962677
1438  0.43437525629997253
758  0.43437355756759644
605  0.4343506991863251
1305  0.43434566259384155
988  0.43433818221092224
1152  0.43432843685150146
34  0.4343077838420868
218  0.4343017637729645
38  0.43429338932037354
1389  0.4342900812625885
519  0.4342772662639618
742  0.4342748820781708
1263  0.43426722288131714
516  0.43426597118377686
1025  0.43425750732421875
514  0.43425658345222473
1175  0.43424734473228455
688  0.4342450201511383
388  0.4342445731163025
35  0.4342431426048279
1064  0.4342401623725891
1143  0.4342228174209595
582  0.43420132994651794
630  0.4341992139816284
1050  0.43419328331947327
338  0.4341844618320465
650  0.43418341875076294
485  0.43417057394981384
1292  0.4341510832309723
366  0.4341355264186859
243  0.4341259002685547
26  0.43412014842033386
873  0.4341176450252533
751  0.43411117792129517
1406  0.43410399556159973
1413  0.43409985303878784
259  0.4340924918651581
1374  0.4340924024581909
40  0.4340902268886566
62  0.4340899586677551
306  0.4340524971485138
469  0.43405213952064514
245  0.43403443694114685
1070  0.43403342366218567
774  0.4340309798717499
811  0.434027761220932
1307  0.43402448296546936
543  0.4340224862098694
842  0.4340093731880188
1394  0.43400031328201294
993  0.43399348855018616
1200  0.43399152159690857
1417  0.4339887201786041
438  0.433987021446228
1134  0.4339863061904907
132  0.4339735805988312
351  0.43397265672683716
1078  0.43396133184432983
983  0.43395793437957764
570  0.4339562952518463
1088  0.4339442849159241
923  0.4339381754398346
1446  0.4339279234409332
1020  0.4339092969894409
579  0.43390440940856934
465  0.4339028298854828
924  0.43389901518821716
736  0.4338931739330292
604  0.43389227986335754
1267  0.4338917136192322
871  0.4338838458061218
41  0.4338834881782532
769  0.43385547399520874
268  0.43385258316993713
453  0.43384021520614624
17  0.4338172972202301
426  0.4337981343269348
1141  0.43378809094429016
488  0.43378522992134094
1274  0.43377628922462463
437  0.4337635934352875
321  0.43375957012176514
87  0.43375274538993835
576  0.4337492883205414
928  0.43374869227409363
1036  0.4337480366230011
474  0.43374761939048767
971  0.4337383806705475
790  0.43373408913612366
561  0.4337339997291565
382  0.433721125125885
1215  0.43371400237083435
75  0.4337013065814972
247  0.4336968958377838
1242  0.4336905777454376
134  0.43366798758506775
685  0.4336574971675873
1066  0.43365660309791565
634  0.43365615606307983
772  0.43364986777305603
262  0.43364429473876953
482  0.43364229798316956
229  0.43364179134368896
1167  0.4336346983909607
78  0.433631032705307
712  0.4336259365081787
857  0.4336247742176056
1295  0.4336138069629669
318  0.4336131811141968
1226  0.43361005187034607
691  0.4336099326610565
5  0.4336082637310028
745  0.4336063861846924
84  0.43360602855682373
85  0.43360477685928345
141  0.4336031973361969
735  0.43357765674591064
1247  0.4335764944553375
381  0.43357276916503906
840  0.43355420231819153
1048  0.4335329234600067
1093  0.4335300028324127
360  0.43352168798446655
1144  0.4335211515426636
142  0.43351244926452637
580  0.43350356817245483
900  0.43349581956863403
500  0.4334849417209625
296  0.43348386883735657
986  0.43347686529159546
279  0.4334530532360077
998  0.43344613909721375
1180  0.4334360957145691
721  0.433426171541214
620  0.4334218502044678
669  0.43342119455337524
627  0.4334184527397156
733  0.43341612815856934
970  0.43339526653289795
121  0.4333949387073517
51  0.4333910644054413
636  0.43338602781295776
225  0.43338504433631897
553  0.43337735533714294
829  0.43336009979248047
401  0.43335461616516113
384  0.4333479702472687
684  0.43334299325942993
625  0.4333427846431732
1186  0.43334072828292847
1256  0.4333339333534241
386  0.4333269000053406
1139  0.43332621455192566
633  0.4333181083202362
583  0.4332938492298126
1162  0.4332903027534485
139  0.43328502774238586
977  0.43326905369758606
1388  0.4332653284072876
1240  0.4332493245601654
1320  0.4332332909107208
901  0.43323320150375366
124  0.433232843875885
1129  0.4332291781902313
420  0.43322452902793884
1335  0.43321847915649414
814  0.43321552872657776
1083  0.4332128167152405
796  0.43321239948272705
1243  0.4332086741924286
1213  0.4332013428211212
784  0.43319785594940186
821  0.4331914186477661
976  0.43319132924079895
322  0.4331837594509125
191  0.4331822991371155
136  0.4331752359867096
1011  0.4331740736961365
671  0.4331715404987335
167  0.433167964220047
1342  0.43316444754600525
435  0.43315836787223816
606  0.433154433965683
1095  0.43313220143318176
1153  0.43312960863113403
232  0.4331255853176117
799  0.4331156313419342
1087  0.43310534954071045
827  0.433091938495636
978  0.43308043479919434
682  0.4330739676952362
816  0.4330652952194214
19  0.43305930495262146
626  0.4330441951751709
20  0.4330422580242157
513  0.4330381453037262
415  0.43303680419921875
1440  0.4330328702926636
350  0.4330303370952606
230  0.4330196976661682
1034  0.43301138281822205
297  0.4330078065395355
596  0.433004766702652
1079  0.43300193548202515
715  0.4329969882965088
1317  0.4329826831817627
1399  0.4329802989959717
450  0.4329719543457031
417  0.4329698085784912
951  0.4329689145088196
720  0.4329688251018524
1058  0.43296757340431213
1349  0.43296578526496887
385  0.43295782804489136
831  0.43295228481292725
529  0.43294960260391235
1044  0.43294745683670044
705  0.43294548988342285
996  0.43294012546539307
1163  0.43293672800064087
1022  0.4329133927822113
617  0.43290212750434875
1208  0.4329017400741577
99  0.43290141224861145
1289  0.4328964352607727
1237  0.4328952133655548
1408  0.4328910708427429
1309  0.4328872263431549
875  0.432880699634552
982  0.4328770339488983
1125  0.43285879492759705
414  0.43285441398620605
571  0.43284693360328674
86  0.432840496301651
1387  0.4328392446041107
328  0.4328356683254242
1018  0.43283531069755554
90  0.4328264594078064
1115  0.432818740606308
498  0.4328031539916992
972  0.4327980577945709
1416  0.4327891170978546
53  0.4327816665172577
1322  0.43275201320648193
1315  0.43274053931236267
754  0.4327351748943329
98  0.43273448944091797
1273  0.43271902203559875
158  0.4326842129230499
1151  0.4326835870742798
1161  0.43268170952796936
689  0.43268150091171265
540  0.4326784610748291
263  0.4326757788658142
1262  0.4326736629009247
339  0.4326690435409546
1100  0.4326658546924591
304  0.4326566159725189
71  0.4326460361480713
429  0.4326398968696594
159  0.4326384961605072
451  0.43263185024261475
1357  0.4325971305370331
1419  0.43257853388786316
706  0.4325770139694214
171  0.43257638812065125
1059  0.4325689971446991
690  0.43255722522735596
455  0.432547390460968
515  0.4325448274612427
56  0.43254464864730835
925  0.4325416088104248
1014  0.4325352609157562
800  0.4325349032878876
416  0.4325321316719055
43  0.4325244426727295
1008  0.43252161145210266
985  0.4324948489665985
359  0.4324812889099121
548  0.4324749708175659
595  0.43245580792427063
273  0.43244242668151855
274  0.43243280053138733
347  0.43243253231048584
402  0.4324265420436859
1298  0.4324248433113098
364  0.432417094707489
1003  0.43240711092948914
1310  0.4323923885822296
215  0.4323892891407013
447  0.4323781430721283
1130  0.43237143754959106
368  0.43235549330711365
1094  0.4323485493659973
264  0.4323345422744751
813  0.43231698870658875
196  0.43231555819511414
1348  0.43230879306793213
999  0.4323032796382904
253  0.4323010742664337
302  0.4322879910469055
44  0.4322669208049774
1046  0.4322519302368164
83  0.43223848938941956
1187  0.43222397565841675
499  0.432220458984375
1097  0.4322197735309601
566  0.4322148859500885
547  0.4322008192539215
165  0.43218550086021423
464  0.4321846067905426
1082  0.4321846067905426
370  0.4321788549423218
1271  0.4321557581424713
412  0.4321274161338806
16  0.4321235120296478
389  0.4321117699146271
683  0.43210965394973755
1347  0.432109534740448
1203  0.4321010410785675
845  0.43206048011779785
839  0.4320496618747711
908  0.43204766511917114
1372  0.4320356845855713
637  0.4320303797721863
1057  0.43201571702957153
258  0.4319964051246643
936  0.431995153427124
394  0.43198949098587036
1265  0.431988388299942
981  0.4319877624511719
501  0.4319872260093689
959  0.4319761097431183
1021  0.43196356296539307
495  0.43196141719818115
9  0.431961327791214
780  0.4319610297679901
497  0.43195870518684387
1360  0.43195590376853943
1199  0.431934654712677
170  0.43192583322525024
929  0.4319210350513458
753  0.43190431594848633
1297  0.43190208077430725
994  0.4319019019603729
491  0.4318983852863312
1239  0.43189454078674316
593  0.43187910318374634
1377  0.43187493085861206
1418  0.43187177181243896
1133  0.43186846375465393
812  0.43186283111572266
441  0.43185994029045105
1312  0.4318545162677765
143  0.4318538010120392
1238  0.4318508505821228
1073  0.4318476617336273
1204  0.4318416714668274
265  0.43183937668800354
237  0.4318332076072693
269  0.43181565403938293
1300  0.43181076645851135
1225  0.431810587644577
587  0.4318082630634308
107  0.43180257081985474
926  0.4317792057991028
1116  0.4317479133605957
340  0.4317430257797241
407  0.43173301219940186
1207  0.43173152208328247
665  0.43172889947891235
631  0.43171238899230957
825  0.4317080080509186
1398  0.4316997528076172
795  0.4316904842853546
559  0.4316646456718445
157  0.43165889382362366
1343  0.43165087699890137
1390  0.4316423535346985
552  0.43162599205970764
379  0.43162110447883606
1102  0.4316204786300659
344  0.43160632252693176
1391  0.43157851696014404
1359  0.4315747916698456
828  0.43156373500823975
1379  0.43154704570770264
1033  0.43148577213287354
166  0.4314822256565094
380  0.4314713478088379
432  0.4314705729484558
1257  0.43146005272865295
942  0.43144652247428894
581  0.4314444959163666
36  0.4314435124397278
837  0.43144112825393677
653  0.43143144249916077
1197  0.43142107129096985
563  0.43142053484916687
195  0.4314192831516266
586  0.4314124882221222
1117  0.43140533566474915
1026  0.4313952326774597
1407  0.43139034509658813
880  0.43137261271476746
131  0.43136265873908997
555  0.43136265873908997
524  0.4313594698905945
1211  0.43135911226272583
1316  0.43132346868515015
1182  0.43129780888557434
927  0.4312843382358551
311  0.43128034472465515
1236  0.4312695264816284
1212  0.4312482476234436
1319  0.43122270703315735
1004  0.43121907114982605
1393  0.4312039613723755
1299  0.4311937987804413
1198  0.43118980526924133
1150  0.4311869740486145
528  0.43118226528167725
1159  0.4311668574810028
433  0.43116605281829834
661  0.4311612546443939
1258  0.4311603009700775
312  0.4311492145061493
1281  0.43114516139030457
546  0.43114379048347473
884  0.4311339557170868
728  0.43112996220588684
227  0.4311264157295227
1373  0.4311169385910034
1286  0.43109092116355896
444  0.4310779571533203
240  0.431074857711792
423  0.43107059597969055
442  0.4310699701309204
517  0.4310636818408966
510  0.4310551881790161
980  0.4310474693775177
584  0.4310406446456909
1409  0.4310213327407837
334  0.4310210645198822
874  0.4310174286365509
1318  0.4310131072998047
289  0.4310075342655182
1392  0.4309847056865692
1053  0.4309759736061096
250  0.4309757351875305
446  0.4309691786766052
315  0.4309210777282715
336  0.4309207797050476
1009  0.4309120178222656
1113  0.4309071898460388
1122  0.4308943748474121
392  0.4308886229991913
317  0.4308803677558899
1382  0.430874764919281
410  0.4308566451072693
160  0.4308468997478485
1369  0.43082520365715027
527  0.43080052733421326
1269  0.4307941794395447
879  0.43078941106796265
1065  0.4307742714881897
1246  0.4307708740234375
878  0.4307641386985779
161  0.430759459733963
449  0.43075844645500183
1118  0.43073105812072754
310  0.43072056770324707
173  0.43071249127388
39  0.4307093024253845
538  0.4307090640068054
1124  0.4306943416595459
1174  0.43069425225257874
1329  0.4306759536266327
739  0.4306752383708954
172  0.4306690990924835
1176  0.43066561222076416
373  0.4306606650352478
1282  0.4306568503379822
324  0.430651992559433
466  0.4306465983390808
557  0.43063899874687195
367  0.4306107461452484
266  0.43059661984443665
804  0.43059512972831726
1439  0.43058687448501587
490  0.43057069182395935
72  0.4305696189403534
1132  0.43055906891822815
1395  0.4305589199066162
492  0.43055883049964905
188  0.4305311143398285
1177  0.4304995834827423
337  0.43048107624053955
756  0.4304696321487427
1112  0.4304604232311249
1080  0.43045997619628906
1086  0.4304564595222473
287  0.4304450452327728
7  0.4304441809654236
254  0.4304297864437103
290  0.4304063618183136
619  0.430400013923645
1101  0.4303714632987976
194  0.430315226316452
1323  0.43030285835266113
355  0.43030259013175964
1385  0.43029728531837463
8  0.43027201294898987
802  0.4302647113800049
1245  0.4302554428577423
1206  0.4302552342414856
226  0.4302506148815155
257  0.43024909496307373
1248  0.43023064732551575
1386  0.4302229881286621
169  0.4302160143852234
823  0.4302079677581787
391  0.4302051365375519
298  0.4301922917366028
1279  0.43018823862075806
1272  0.43018803000450134
1270  0.430170476436615
301  0.4301701486110687
372  0.4301690459251404
838  0.43014222383499146
1168  0.4301397502422333
1084  0.43013808131217957
1405  0.43013525009155273
88  0.4301348328590393
1184  0.4301320016384125
1098  0.43012872338294983
1251  0.4301241338253021
252  0.4301239848136902
1063  0.4301070272922516
1296  0.4301065504550934
494  0.4300956428050995
820  0.4300903081893921
565  0.430085688829422
741  0.43007585406303406
1160  0.4300747513771057
439  0.4300639033317566
260  0.4300621747970581
550  0.4300536811351776
1228  0.4300467371940613
526  0.4300384223461151
791  0.43003615736961365
535  0.43001794815063477
1032  0.4299863874912262
815  0.4299735724925995
249  0.4299560785293579
749  0.42994973063468933
1173  0.4299243688583374
534  0.42992040514945984
1189  0.42990484833717346
445  0.4299032688140869
480  0.42990151047706604
1099  0.42989614605903625
564  0.4298844635486603
1356  0.4298788607120514
413  0.42984530329704285
1433  0.4298451542854309
1363  0.42981424927711487
906  0.42981287837028503
730  0.4297794997692108
1285  0.42974743247032166
544  0.42972877621650696
600  0.42972418665885925
507  0.4297209680080414
824  0.42971035838127136
431  0.42970746755599976
73  0.4297066330909729
1103  0.42970040440559387
509  0.42969512939453125
1119  0.42969104647636414
1028  0.42966145277023315
288  0.4296587407588959
835  0.4296479821205139
1431  0.42964059114456177
1081  0.42963698506355286
421  0.4296315312385559
752  0.42958950996398926
419  0.429583877325058
628  0.42956817150115967
425  0.42956486344337463
1253  0.4295615553855896
1397  0.4295608103275299
1434  0.4295562505722046
1235  0.4295453727245331
508  0.4295269846916199
1023  0.42951875925064087
1383  0.4294961988925934
1217  0.4294828176498413
377  0.4294755756855011
140  0.4294733703136444
383  0.4294583797454834
1250  0.42943987250328064
1185  0.4294320344924927
520  0.4294143319129944
979  0.4294120967388153
1114  0.4294103682041168
1190  0.4294072389602661
601  0.4293847382068634
1031  0.42937326431274414
493  0.42936286330223083
542  0.42935115098953247
1071  0.4293460547924042
456  0.4293217062950134
731  0.42931994795799255
405  0.42931434512138367
430  0.42930731177330017
556  0.4292905032634735
1283  0.4292617440223694
369  0.4292435050010681
1287  0.4292309582233429
316  0.42922118306159973
1381  0.4292040765285492
1229  0.42919740080833435
1401  0.42917850613594055
1436  0.4291696846485138
504  0.4291588366031647
1400  0.4291471540927887
1181  0.4291174113750458
1437  0.4291008412837982
1334  0.4291000962257385
1378  0.42904943227767944
1396  0.42904531955718994
1135  0.4290303885936737
74  0.42900559306144714
349  0.42899298667907715
537  0.42898449301719666
376  0.4289814233779907
403  0.42896249890327454
434  0.4289570152759552
1075  0.4289438724517822
1264  0.4289397895336151
1195  0.4289376437664032
1306  0.4289354383945465
270  0.4289163649082184
271  0.4288935363292694
1049  0.42887115478515625
1352  0.42884859442710876
792  0.4288480877876282
241  0.42883777618408203
168  0.42883193492889404
737  0.4288243055343628
1241  0.4288182556629181
629  0.4288181662559509
489  0.4288105368614197
1136  0.42880651354789734
1313  0.42879965901374817
1052  0.4287927448749542
554  0.4287755489349365
1169  0.4287745952606201
1266  0.42874962091445923
1191  0.4287368953227997
585  0.4287273585796356
755  0.428721159696579
531  0.42871737480163574
1166  0.4286911189556122
1001  0.42868879437446594
1362  0.4286770522594452
1428  0.42867687344551086
89  0.4286722242832184
1410  0.4286653399467468
1284  0.4286591708660126
502  0.4286385774612427
1096  0.42863088846206665
475  0.4286123812198639
558  0.4286074936389923
309  0.42859137058258057
1192  0.4285622835159302
238  0.4285566806793213
1051  0.42855459451675415
313  0.4285520315170288
1403  0.4285368025302887
348  0.4285188615322113
530  0.4285142123699188
1441  0.42847490310668945
452  0.42846399545669556
436  0.4284132421016693
378  0.42840561270713806
418  0.4283865988254547
406  0.4283304214477539
137  0.4282853603363037
1424  0.4282388389110565
460  0.4282307028770447
374  0.4282197952270508
1432  0.42820435762405396
1364  0.4282033443450928
551  0.4281988739967346
1126  0.4281950294971466
521  0.4281940758228302
1280  0.42818179726600647
1121  0.42815765738487244
1216  0.4281415343284607
1012  0.4281410872936249
335  0.42813053727149963
503  0.42812439799308777
291  0.42812201380729675
454  0.42808714509010315
424  0.428048700094223
594  0.42804235219955444
329  0.42803266644477844
1326  0.4280097782611847
481  0.42796164751052856
187  0.42793866991996765
1234  0.42790091037750244
479  0.42789584398269653
1123  0.427892804145813
525  0.42789188027381897
459  0.4278569519519806
393  0.4278484880924225
300  0.4277924597263336
1140  0.42775335907936096
1194  0.4277483820915222
457  0.4277378022670746
1092  0.4277123510837555
505  0.4277077317237854
1425  0.4277007579803467
532  0.42764565348625183
1353  0.427616685628891
261  0.4276149570941925
1231  0.42761385440826416
567  0.427573025226593
308  0.427563339471817
1358  0.4275602400302887
1000  0.42755749821662903
248  0.42754948139190674
726  0.4275408387184143
1327  0.4275228977203369
440  0.42749178409576416
1333  0.4274853467941284
803  0.42745959758758545
1324  0.42743903398513794
664  0.42743411660194397
1427  0.42742979526519775
299  0.42742764949798584
1430  0.42741093039512634
1291  0.427387535572052
1330  0.4273752272129059
1060  0.4272887408733368
506  0.42723390460014343
727  0.42719390988349915
1170  0.42717909812927246
1232  0.4271742105484009
1074  0.4271649122238159
292  0.427147775888443
725  0.42712193727493286
361  0.4270714223384857
549  0.42702895402908325
822  0.4270191192626953
1172  0.42696601152420044
239  0.4269517660140991
1404  0.4269348382949829
1290  0.4268747568130493
1027  0.42686453461647034
356  0.42685043811798096
1384  0.42680594325065613
404  0.42680543661117554
1249  0.4267233908176422
1367  0.42668333649635315
1029  0.42662620544433594
1288  0.4266074001789093
1361  0.42658865451812744
512  0.4265483021736145
327  0.4265359342098236
422  0.42647475004196167
1355  0.4264442026615143
1171  0.42632293701171875
1227  0.4262951910495758
293  0.42621323466300964
1314  0.4262036383152008
1328  0.4261830151081085
1030  0.4261661171913147
186  0.4261009991168976
1196  0.4260871708393097
511  0.42598047852516174
1183  0.4259253740310669
541  0.4257856011390686
1423  0.42573079466819763
1013  0.4257139265537262
251  0.42556801438331604
1233  0.4255027174949646
1366  0.42532315850257874
448  0.4252937436103821
1255  0.4252886176109314
375  0.425259530544281
1252  0.4252401292324066
1230  0.42510393261909485
307  0.42507919669151306
458  0.4249517023563385
523  0.4249282777309418
1365  0.42486509680747986
1402  0.4248642325401306
1380  0.4248533248901367
1420  0.42466774582862854
1002  0.4244692623615265
1422  0.4242177903652191
536  0.4242088198661804
476  0.4240818917751312
1332  0.42373254895210266
533  0.42360612750053406
477  0.4233301877975464
522  0.42295289039611816
1354  0.42276373505592346
1426  0.4226911962032318
1368  0.42252272367477417
1421  0.42234891653060913
1331  0.4221235513687134
478  0.42163336277008057
1193  0.42097580432891846
