1449  0.4299744963645935
1  0.42907044291496277
2  0.4109055995941162
129  0.40985724329948425
130  0.4097207486629486
55  0.4095386564731598
1448  0.4093988239765167
435  0.40908703207969666
89  0.40893399715423584
717  0.4086637794971466
938  0.408399373292923
133  0.40794527530670166
131  0.40793678164482117
722  0.4076947569847107
111  0.4075739085674286
279  0.40750953555107117
723  0.40748506784439087
1252  0.4074397683143616
899  0.4073810577392578
44  0.4069885313510895
46  0.40694305300712585
891  0.4069138467311859
587  0.4067958891391754
43  0.4067525863647461
161  0.4067280888557434
895  0.40672117471694946
160  0.40665653347969055
792  0.406634658575058
58  0.40654873847961426
1296  0.40651389956474304
758  0.40644001960754395
850  0.4064277112483978
1317  0.40642425417900085
142  0.4063931107521057
715  0.4063173234462738
753  0.4063033163547516
995  0.4062109887599945
1136  0.4062054753303528
855  0.4061257243156433
1251  0.40610960125923157
92  0.4060631990432739
594  0.406017541885376
45  0.4060129225254059
50  0.40595385432243347
7  0.4059351682662964
1067  0.4059329330921173
897  0.40593022108078003
47  0.4058800935745239
724  0.40586522221565247
937  0.40582573413848877
95  0.40573230385780334
885  0.4056433141231537
637  0.40560847520828247
562  0.4056015908718109
928  0.40558820962905884
667  0.4055456817150116
1429  0.40554478764533997
48  0.40553686022758484
813  0.4055042862892151
674  0.405478835105896
716  0.405391126871109
641  0.40538349747657776
51  0.40536853671073914
776  0.4053667187690735
691  0.4053467810153961
94  0.405341237783432
112  0.40525633096694946
1148  0.4052211046218872
627  0.40516501665115356
1196  0.40515077114105225
431  0.40514397621154785
30  0.4051399528980255
1249  0.4051380157470703
115  0.405077189207077
1113  0.4050736129283905
193  0.4050677418708801
1288  0.4050457775592804
757  0.40499264001846313
811  0.4049815535545349
939  0.4049462378025055
132  0.4049376845359802
896  0.40492212772369385
1248  0.4049220383167267
159  0.4049212634563446
812  0.4049171209335327
942  0.404890239238739
113  0.4048534035682678
602  0.4048462212085724
624  0.40483325719833374
194  0.40478846430778503
1419  0.4047467112541199
400  0.4047182500362396
1420  0.4046920835971832
8  0.40463319420814514
678  0.40462273359298706
60  0.40460509061813354
767  0.404596209526062
1319  0.40455588698387146
662  0.40455320477485657
1333  0.40451979637145996
32  0.40450185537338257
875  0.40449947118759155
900  0.4044925272464752
884  0.4044366478919983
1412  0.40439555048942566
604  0.40439149737358093
205  0.4043438136577606
97  0.4043375253677368
134  0.4043358266353607
96  0.40427321195602417
1197  0.404263436794281
854  0.4042598307132721
1295  0.4042525887489319
918  0.4042513370513916
568  0.40424561500549316
507  0.4042337238788605
1363  0.4042092561721802
941  0.40420398116111755
810  0.40419986844062805
249  0.404196172952652
669  0.4041762948036194
110  0.4041701555252075
145  0.40416496992111206
6  0.4041631519794464
748  0.4041593074798584
586  0.4041489362716675
370  0.4041478633880615
31  0.4041333794593811
182  0.4041309356689453
996  0.40412256121635437
1150  0.4041069746017456
195  0.4040834605693817
1264  0.4040655791759491
656  0.40406081080436707
203  0.40405264496803284
72  0.40404054522514343
434  0.40404003858566284
857  0.4040374159812927
608  0.40402287244796753
828  0.40400949120521545
39  0.4039982259273529
665  0.40398430824279785
1198  0.4039396345615387
114  0.4039360284805298
1396  0.4039202928543091
816  0.4039192497730255
128  0.40389078855514526
849  0.4038778841495514
726  0.40386635065078735
1138  0.4038640260696411
26  0.403862327337265
677  0.4038577973842621
494  0.4038497507572174
184  0.4038424789905548
821  0.40381643176078796
1375  0.4037449359893799
299  0.4037439823150635
493  0.4037409722805023
1034  0.4037260115146637
914  0.40372470021247864
54  0.4037094712257385
692  0.40366867184638977
1421  0.40363579988479614
623  0.4036327004432678
146  0.40361878275871277
3  0.4036118686199188
967  0.40360963344573975
694  0.4036085307598114
1035  0.4036007821559906
1194  0.40357261896133423
611  0.40357154607772827
1406  0.4035568833351135
622  0.4035210907459259
756  0.4035135507583618
856  0.4035015404224396
1045  0.4034876227378845
1106  0.40346193313598633
1417  0.4034312963485718
204  0.4034290313720703
1437  0.40340209007263184
666  0.4033993184566498
593  0.40339797735214233
1026  0.40339699387550354
105  0.40331313014030457
1364  0.4032900929450989
853  0.403283953666687
476  0.4032728672027588
163  0.40325480699539185
430  0.4032016098499298
1122  0.40319550037384033
775  0.403194785118103
1331  0.4031868875026703
711  0.40317898988723755
176  0.40315836668014526
167  0.4031577706336975
1226  0.40315619111061096
858  0.4031561017036438
628  0.4031541049480438
4  0.4031473696231842
931  0.40314239263534546
620  0.40312105417251587
901  0.4030952751636505
56  0.4030918478965759
87  0.40308964252471924
605  0.4030835032463074
655  0.4030638337135315
33  0.4030625522136688
277  0.4030546545982361
5  0.40305352210998535
1036  0.4030499756336212
898  0.40303835272789
162  0.4030371904373169
651  0.40303167700767517
661  0.4030292332172394
212  0.40302759408950806
158  0.4030147194862366
841  0.4029785692691803
144  0.4029715061187744
34  0.4029698073863983
276  0.40296322107315063
1005  0.4029603600502014
1120  0.40293753147125244
903  0.402925044298172
893  0.4029117524623871
915  0.4029103219509125
866  0.40290960669517517
595  0.40288886427879333
551  0.402883917093277
837  0.4028695523738861
284  0.40285393595695496
81  0.4028289318084717
99  0.40282338857650757
778  0.40281856060028076
127  0.4028111398220062
597  0.40280988812446594
846  0.4028046429157257
679  0.40279167890548706
1127  0.4027847945690155
331  0.4027838408946991
275  0.4027804136276245
531  0.4027771055698395
800  0.4027628004550934
659  0.40273934602737427
943  0.4027389585971832
1316  0.40273767709732056
902  0.4027365744113922
1105  0.4027329981327057
280  0.40272852778434753
141  0.4027199447154999
42  0.40271878242492676
1357  0.40270864963531494
330  0.40269798040390015
91  0.4026965796947479
883  0.40268832445144653
1244  0.40267136693000793
183  0.4026605486869812
1147  0.4026433229446411
40  0.40262511372566223
606  0.4026152491569519
285  0.40260326862335205
908  0.4025948643684387
852  0.40259066224098206
1438  0.4025737941265106
1121  0.40256378054618835
949  0.4025551974773407
690  0.4025532305240631
190  0.40255025029182434
1409  0.4025496542453766
433  0.402549147605896
1151  0.40253520011901855
489  0.4025292694568634
336  0.4025239944458008
746  0.4025208353996277
1447  0.4025176167488098
848  0.4024999737739563
668  0.402482807636261
1032  0.4024708569049835
217  0.4024672508239746
1318  0.4024614989757538
1411  0.402458518743515
1149  0.40245795249938965
1397  0.402450293302536
1068  0.40244194865226746
530  0.40242746472358704
887  0.40241894125938416
1254  0.4023924469947815
1268  0.4023756980895996
319  0.4023739993572235
102  0.40237030386924744
867  0.40236595273017883
1265  0.40232837200164795
74  0.4023170471191406
140  0.4023110866546631
240  0.4022953510284424
248  0.4022952616214752
1228  0.4022890329360962
754  0.40228718519210815
93  0.4022866189479828
323  0.4022727310657501
719  0.40227073431015015
35  0.40225839614868164
777  0.40225517749786377
231  0.4022397994995117
53  0.40222957730293274
1395  0.40222468972206116
906  0.4022141098976135
1146  0.4021998345851898
242  0.4021964371204376
57  0.4021855592727661
747  0.40218228101730347
1125  0.40217068791389465
488  0.40215864777565
218  0.40213871002197266
695  0.4021371006965637
599  0.4021303057670593
835  0.40212446451187134
220  0.4021005928516388
168  0.4020979702472687
1394  0.40209126472473145
889  0.4020780920982361
1004  0.4020724892616272
699  0.402069091796875
560  0.40206483006477356
614  0.40205419063568115
216  0.4020534157752991
909  0.4020470380783081
1387  0.4019925892353058
296  0.401989221572876
1109  0.40196672081947327
283  0.40196532011032104
1305  0.4019573926925659
905  0.4019569158554077
607  0.4019554555416107
24  0.4019489884376526
66  0.40194037556648254
1408  0.40193358063697815
786  0.4019123315811157
975  0.40190646052360535
1260  0.401892751455307
940  0.4018879532814026
643  0.401886910200119
153  0.4018835723400116
839  0.40188291668891907
1061  0.40187835693359375
851  0.40187084674835205
508  0.40186819434165955
890  0.40186795592308044
328  0.4018676280975342
636  0.4018654227256775
517  0.4018499553203583
1139  0.40184903144836426
73  0.4018268585205078
1250  0.401819109916687
663  0.40180498361587524
760  0.4018036723136902
427  0.4018023610115051
1297  0.40180084109306335
997  0.4017795920372009
136  0.4017668068408966
353  0.4017559587955475
274  0.4017496705055237
333  0.401742547750473
638  0.40174147486686707
714  0.40172290802001953
840  0.4017111659049988
759  0.40171003341674805
1227  0.4016973078250885
104  0.40169572830200195
642  0.4016856253147125
1070  0.40167728066444397
945  0.4016687273979187
727  0.4016542136669159
782  0.401653915643692
139  0.40164148807525635
927  0.4016365706920624
452  0.40163493156433105
1214  0.40163466334342957
815  0.40163230895996094
1339  0.401624470949173
658  0.40161970257759094
750  0.4016195833683014
907  0.4016161262989044
713  0.4016132950782776
322  0.4016082286834717
653  0.4016048014163971
698  0.4016017019748688
779  0.40158578753471375
725  0.401582270860672
378  0.4015822410583496
1129  0.40156370401382446
226  0.40156063437461853
1011  0.401540070772171
1273  0.40153640508651733
337  0.401536226272583
625  0.40153196454048157
571  0.4015301465988159
702  0.40152984857559204
569  0.40152978897094727
251  0.40152910351753235
645  0.40151384472846985
1112  0.40150636434555054
629  0.4015028476715088
1418  0.4014873206615448
639  0.40148329734802246
751  0.4014790654182434
490  0.4014769494533539
1436  0.40147438645362854
41  0.4014725983142853
944  0.40145277976989746
1025  0.4014427065849304
1044  0.40143564343452454
671  0.4014253616333008
76  0.40138277411460876
1413  0.4013795554637909
1415  0.4013783037662506
1033  0.40137356519699097
282  0.40134385228157043
38  0.4013362228870392
1428  0.40133607387542725
1277  0.4013354778289795
70  0.4013260304927826
910  0.4013047516345978
660  0.40129175782203674
149  0.40129053592681885
281  0.4012880027294159
1185  0.40128394961357117
394  0.4012802541255951
1293  0.40127864480018616
1116  0.4012662172317505
917  0.4012654423713684
768  0.401265025138855
843  0.401250422000885
1253  0.4012339115142822
372  0.4012317955493927
682  0.4012026786804199
1362  0.4011993110179901
787  0.40119481086730957
1294  0.4011906683444977
630  0.40118852257728577
601  0.4011881351470947
98  0.40118423104286194
820  0.40118229389190674
831  0.4011726975440979
241  0.40114524960517883
436  0.40114063024520874
1046  0.4011218845844269
894  0.4011101722717285
215  0.4011084735393524
970  0.4011067748069763
842  0.4010933041572571
650  0.401081383228302
28  0.40107420086860657
838  0.4010551869869232
225  0.4010513424873352
213  0.4010504186153412
25  0.4010489881038666
1304  0.40104788541793823
626  0.40104225277900696
701  0.4010365307331085
135  0.4010181427001953
613  0.40101009607315063
303  0.4010065495967865
519  0.4010034203529358
289  0.40099143981933594
1359  0.4009855389595032
675  0.4009839594364166
52  0.4009709358215332
634  0.40095993876457214
19  0.40095579624176025
302  0.40094900131225586
785  0.40094292163848877
75  0.40092313289642334
29  0.4009226858615875
929  0.40092018246650696
567  0.40090590715408325
888  0.4008871018886566
734  0.4008852243423462
1289  0.40086987614631653
155  0.4008691906929016
592  0.4008685052394867
297  0.4008580148220062
801  0.4008539319038391
826  0.4008270502090454
14  0.4008255898952484
429  0.4008142650127411
83  0.4007739722728729
610  0.400771826505661
1300  0.4007650911808014
177  0.40076035261154175
254  0.4007568955421448
673  0.4007496237754822
965  0.40073704719543457
224  0.4007304608821869
1378  0.40072810649871826
486  0.4007244110107422
1427  0.40072059631347656
379  0.4007171392440796
1027  0.40071699023246765
124  0.4007134437561035
1107  0.40070927143096924
27  0.40070176124572754
108  0.40070146322250366
243  0.40069273114204407
49  0.40069225430488586
1059  0.4006899297237396
359  0.4006880521774292
301  0.4006716310977936
311  0.40067145228385925
986  0.40066954493522644
876  0.4006635546684265
859  0.40066248178482056
200  0.40065792202949524
21  0.40065115690231323
685  0.40065011382102966
126  0.40064021944999695
320  0.40063831210136414
771  0.40063539147377014
1356  0.4006332457065582
1213  0.40062472224235535
1290  0.40061748027801514
1069  0.40061479806900024
845  0.40061405301094055
1031  0.4005814492702484
64  0.40057823061943054
1414  0.40057799220085144
189  0.4005718529224396
934  0.40055951476097107
264  0.40054088830947876
774  0.40053966641426086
1040  0.400537371635437
924  0.4005354344844818
192  0.4005347192287445
175  0.4005330801010132
572  0.4005284309387207
827  0.40052512288093567
80  0.400521844625473
1407  0.40051892399787903
382  0.4005100727081299
59  0.40050050616264343
1060  0.4004925489425659
710  0.40048161149024963
1145  0.40047913789749146
460  0.400461345911026
603  0.4004587233066559
640  0.4004566967487335
371  0.40045493841171265
321  0.4004378020763397
278  0.400434285402298
1063  0.4004330635070801
718  0.4004221260547638
1334  0.400412380695343
423  0.4004119038581848
1431  0.4004077911376953
260  0.40039658546447754
654  0.4003898501396179
863  0.4003646671772003
862  0.40036311745643616
761  0.40035906434059143
1366  0.4003544747829437
88  0.40035107731819153
300  0.40034812688827515
791  0.40034598112106323
892  0.40034422278404236
700  0.4003296196460724
1410  0.40032297372817993
1062  0.4003184735774994
745  0.400299608707428
1086  0.40029898285865784
20  0.4002911150455475
618  0.4002908766269684
326  0.40028446912765503
566  0.40027859807014465
925  0.40026408433914185
1229  0.4002630114555359
324  0.4002581238746643
239  0.4002518653869629
621  0.40024489164352417
1358  0.40024229884147644
802  0.40023472905158997
561  0.4002145826816559
1174  0.400213360786438
600  0.40021228790283203
1114  0.40021228790283203
1327  0.4002012014389038
137  0.4001973569393158
968  0.4001893699169159
186  0.4001878499984741
1152  0.4001803696155548
570  0.40017467737197876
514  0.40016838908195496
516  0.40016302466392517
880  0.40014714002609253
933  0.40014004707336426
1195  0.40013429522514343
830  0.4001321792602539
1003  0.4001169204711914
886  0.4001156985759735
219  0.40011247992515564
257  0.40007179975509644
255  0.4000711143016815
1308  0.4000704288482666
712  0.4000568389892578
1332  0.4000518023967743
445  0.40005069971084595
373  0.400043249130249
166  0.40004247426986694
766  0.40003105998039246
644  0.4000253975391388
1365  0.40001675486564636
1100  0.4000106155872345
1442  0.39998894929885864
1103  0.39998459815979004
432  0.39998432993888855
552  0.39997920393943787
191  0.39997726678848267
950  0.3999526798725128
174  0.39994287490844727
211  0.3999333381652832
635  0.3999308943748474
703  0.39992955327033997
214  0.399924635887146
574  0.399909108877182
157  0.3999031186103821
1217  0.39990076422691345
553  0.39989665150642395
1205  0.3998796343803406
13  0.399869441986084
185  0.3998677432537079
154  0.3998510539531708
706  0.3998461663722992
563  0.3998391628265381
71  0.3998333811759949
1245  0.3998308479785919
1314  0.39982399344444275
874  0.39981570839881897
921  0.39981234073638916
793  0.39980804920196533
408  0.3998039960861206
797  0.399795800447464
253  0.3997933566570282
1188  0.39978930354118347
836  0.3997736871242523
61  0.39977243542671204
1015  0.3997686505317688
823  0.3997604548931122
1424  0.3997555375099182
588  0.3997531831264496
1386  0.3997529149055481
23  0.39974626898765564
619  0.3997383415699005
90  0.3997349441051483
487  0.3997294306755066
780  0.3997230529785156
612  0.3997158110141754
1190  0.3997061848640442
920  0.3996945917606354
652  0.39969420433044434
1388  0.3996831774711609
805  0.3996799886226654
453  0.3996788263320923
120  0.39967870712280273
1124  0.3996681272983551
664  0.3996601998806
954  0.3996589779853821
735  0.39965373277664185
657  0.3996501863002777
1043  0.3996492922306061
696  0.39963820576667786
923  0.3996310830116272
864  0.39962756633758545
585  0.3996248245239258
1224  0.3996226489543915
686  0.39960888028144836
762  0.39960625767707825
1422  0.39960169792175293
196  0.3995944559574127
693  0.399574339389801
707  0.3995712399482727
708  0.39955639839172363
1110  0.3995543420314789
1425  0.3995476961135864
318  0.39954501390457153
1210  0.3995431363582611
187  0.39954274892807007
733  0.39954134821891785
1282  0.3995404839515686
720  0.3995390236377716
1041  0.39952632784843445
803  0.3995254337787628
966  0.3995152711868286
491  0.39951232075691223
443  0.39951106905937195
847  0.3994983732700348
633  0.39949366450309753
518  0.3994918465614319
684  0.39948660135269165
834  0.3994865119457245
809  0.3994770050048828
1012  0.399461030960083
533  0.3994455933570862
334  0.3994438946247101
833  0.39942875504493713
1374  0.39941975474357605
1336  0.39941340684890747
1439  0.39940449595451355
384  0.399399995803833
1340  0.3993988633155823
1390  0.3993982970714569
527  0.3993965983390808
1262  0.3993924856185913
369  0.39938199520111084
459  0.39936867356300354
683  0.39936670660972595
1170  0.39936357736587524
150  0.3993583023548126
164  0.39935415983200073
399  0.3993540108203888
784  0.3993397653102875
16  0.39933955669403076
169  0.39933890104293823
351  0.39933645725250244
1153  0.39933520555496216
352  0.39932799339294434
156  0.3992985785007477
1200  0.399289608001709
1057  0.39928844571113586
732  0.39927682280540466
1216  0.39927172660827637
1134  0.3992640972137451
728  0.3992551863193512
947  0.39925462007522583
1225  0.39925310015678406
819  0.39925289154052734
1285  0.39924299716949463
477  0.3992326557636261
1126  0.3992283344268799
1215  0.399221807718277
202  0.399219810962677
1281  0.3992076516151428
953  0.39920082688331604
505  0.39919164776802063
749  0.39918333292007446
1328  0.39917832612991333
1298  0.3991747200489044
520  0.39917126297950745
1423  0.39915987849235535
1123  0.39915788173675537
1002  0.3991568982601166
1267  0.3991520404815674
770  0.3991498053073883
457  0.3991365432739258
481  0.3991353213787079
1212  0.3991301357746124
1093  0.3991272747516632
290  0.399124413728714
304  0.39911869168281555
1384  0.3991113603115082
173  0.39910709857940674
545  0.399103581905365
295  0.39908313751220703
1010  0.39906319975852966
1189  0.39906227588653564
576  0.3990592658519745
926  0.39905840158462524
521  0.3990575075149536
550  0.39904966950416565
1330  0.3990418314933777
781  0.3990418016910553
463  0.39904025197029114
832  0.39902937412261963
742  0.3990281820297241
252  0.3990201950073242
578  0.3990103304386139
609  0.3989860713481903
258  0.3989820182323456
170  0.39896485209465027
1309  0.3989631235599518
649  0.398962140083313
676  0.3989570736885071
265  0.3989465534687042
1398  0.3989464044570923
143  0.39894625544548035
721  0.39893606305122375
1115  0.3989304006099701
1140  0.39892876148223877
329  0.39892229437828064
22  0.39892083406448364
1135  0.3989034593105316
37  0.39889994263648987
1024  0.39888107776641846
123  0.39887985587120056
1199  0.39887961745262146
672  0.39887601137161255
229  0.3988713324069977
325  0.39886316657066345
978  0.39886030554771423
1206  0.3988478481769562
1186  0.3988346457481384
147  0.3988337516784668
1379  0.3988282084465027
515  0.3988264799118042
1430  0.39882373809814453
936  0.3988233506679535
462  0.3988191783428192
796  0.3988175094127655
1326  0.39881181716918945
958  0.3988117277622223
492  0.39880773425102234
1276  0.39880645275115967
670  0.3988034427165985
739  0.3988008201122284
475  0.3987981081008911
286  0.39878198504447937
979  0.3987741470336914
480  0.3987700045108795
737  0.39876270294189453
1013  0.39876124262809753
1038  0.39875540137290955
138  0.3987466096878052
1085  0.39874592423439026
980  0.3987407684326172
259  0.398739755153656
1347  0.3987395167350769
1338  0.3987354040145874
973  0.3987310826778412
577  0.3987281918525696
172  0.39872124791145325
354  0.3987211287021637
485  0.39870527386665344
77  0.39869803190231323
1381  0.39869225025177
306  0.39868810772895813
584  0.39868196845054626
442  0.3986568748950958
1006  0.3986567258834839
506  0.3986469507217407
1385  0.398632287979126
1261  0.3986267149448395
916  0.39862534403800964
1075  0.39862027764320374
524  0.3986179828643799
1341  0.3986109495162964
103  0.39861077070236206
230  0.39860647916793823
964  0.398602694272995
870  0.398602157831192
380  0.3985954225063324
107  0.39859363436698914
772  0.3985934555530548
534  0.3985888361930847
36  0.39858490228652954
1435  0.3985796868801117
1292  0.3985680341720581
1402  0.39853745698928833
428  0.39853590726852417
1307  0.39853331446647644
392  0.3985332250595093
913  0.3985300362110138
100  0.3985208570957184
441  0.3985164165496826
1209  0.3985128104686737
1443  0.3985116481781006
424  0.3984987437725067
1383  0.39849111437797546
65  0.39848870038986206
1291  0.39846712350845337
523  0.3984662592411041
1184  0.3984609842300415
222  0.3984575867652893
1219  0.398457407951355
752  0.39845144748687744
881  0.3984508812427521
1360  0.3984469175338745
617  0.39844587445259094
911  0.398435115814209
227  0.39842674136161804
1354  0.3984241187572479
1119  0.3984209895133972
294  0.39841359853744507
1143  0.3984028697013855
865  0.3983815014362335
1377  0.3983592689037323
377  0.39835238456726074
1173  0.39834973216056824
181  0.3983478546142578
736  0.3983476161956787
109  0.3983466923236847
596  0.3983323276042938
308  0.39832136034965515
180  0.3983181416988373
984  0.3982960879802704
1071  0.39829275012016296
532  0.3982502222061157
503  0.3982361853122711
165  0.39823490381240845
504  0.3982284665107727
85  0.39822620153427124
814  0.3982205390930176
525  0.3982156217098236
1218  0.3982112407684326
484  0.39821115136146545
1302  0.39820361137390137
1353  0.39820224046707153
201  0.3981993794441223
535  0.39819368720054626
1246  0.39819127321243286
9  0.39817947149276733
12  0.39815381169319153
1446  0.3981516659259796
1367  0.3981514275074005
822  0.39814579486846924
1133  0.39813899993896484
1283  0.39813753962516785
1315  0.39812803268432617
1161  0.39811357855796814
871  0.3981119692325592
1266  0.3981107473373413
117  0.3981078565120697
555  0.39808544516563416
844  0.39806172251701355
344  0.39805999398231506
985  0.3980589210987091
992  0.39804840087890625
316  0.3980353772640228
1111  0.3980334401130676
401  0.39801958203315735
1154  0.39801761507987976
773  0.3980069160461426
575  0.39798852801322937
755  0.3979853689670563
729  0.39798176288604736
1348  0.39797425270080566
1023  0.3979659974575043
632  0.3979499042034149
1231  0.3979472815990448
305  0.3979420065879822
1221  0.39793771505355835
1342  0.39792340993881226
1380  0.39791950583457947
393  0.3979189097881317
1403  0.3979182541370392
15  0.39791572093963623
743  0.3979130983352661
1028  0.3979119062423706
407  0.39791059494018555
223  0.39791038632392883
741  0.3979017734527588
1361  0.39789098501205444
824  0.3978813588619232
444  0.39787834882736206
266  0.39786583185195923
981  0.39786455035209656
1029  0.3978576362133026
210  0.3978536128997803
554  0.3978486955165863
63  0.39784765243530273
912  0.3978320062160492
807  0.3978317081928253
383  0.3978171646595001
451  0.3978034257888794
1236  0.3977982997894287
689  0.39779162406921387
987  0.39779072999954224
1220  0.39778754115104675
1042  0.3977729380130768
1335  0.3977649509906769
616  0.39776334166526794
1392  0.39776158332824707
1108  0.39775437116622925
1376  0.3977372646331787
1131  0.39773470163345337
930  0.397728830575943
343  0.39772287011146545
1444  0.39771461486816406
474  0.39771372079849243
197  0.3977104723453522
68  0.3977019488811493
704  0.39769530296325684
116  0.3976828455924988
198  0.39768221974372864
509  0.3976820409297943
121  0.39767730236053467
1007  0.39765504002571106
860  0.39765220880508423
1076  0.3976503014564514
861  0.3976316750049591
544  0.3976200520992279
590  0.3976171910762787
118  0.397616446018219
948  0.3976145088672638
448  0.39761418104171753
1130  0.39761003851890564
1128  0.39759793877601624
151  0.39759692549705505
1255  0.3975917100906372
882  0.39758750796318054
646  0.39757591485977173
1102  0.3975692689418793
974  0.39756858348846436
1311  0.39756834506988525
972  0.3975636959075928
1089  0.3975602090358734
1416  0.3975513279438019
10  0.39754119515419006
829  0.39753472805023193
270  0.39752450585365295
919  0.39751964807510376
472  0.3975183069705963
1235  0.3975142538547516
1169  0.39750203490257263
1368  0.3975014388561249
740  0.3974977731704712
461  0.3974974453449249
790  0.39748620986938477
1094  0.3974740207195282
1016  0.39746931195259094
1096  0.39745092391967773
591  0.39744824171066284
1391  0.3974410891532898
250  0.39743417501449585
350  0.397418737411499
946  0.3974166810512543
271  0.39740607142448425
395  0.3974052369594574
557  0.39740321040153503
1211  0.3973950743675232
549  0.39739492535591125
963  0.3973821699619293
904  0.3973621129989624
84  0.39734965562820435
206  0.39732685685157776
437  0.39732009172439575
335  0.3973167836666107
1187  0.3973160982131958
1312  0.3973071575164795
1066  0.3973041772842407
397  0.39729970693588257
994  0.3972928822040558
1020  0.3972911834716797
261  0.3972894251346588
1279  0.3972821533679962
1247  0.39725661277770996
1373  0.39725151658058167
298  0.3972398042678833
1137  0.3972318768501282
1306  0.3972308337688446
1064  0.3971911370754242
1180  0.3971809148788452
1142  0.39715951681137085
688  0.39715275168418884
869  0.39714518189430237
82  0.3971090614795685
1426  0.3970976173877716
528  0.397096186876297
1223  0.3970879912376404
1325  0.39705735445022583
969  0.3970568776130676
1037  0.3970484733581543
1014  0.3970471918582916
221  0.3970370292663574
808  0.39703673124313354
1178  0.397035151720047
1022  0.3970157504081726
106  0.3970060646533966
18  0.39699599146842957
1441  0.39698708057403564
589  0.3969782292842865
1372  0.3969772458076477
799  0.3969566524028778
1193  0.3969457745552063
362  0.39694511890411377
526  0.396945059299469
817  0.3969423472881317
510  0.3969360291957855
1172  0.3969334065914154
955  0.3969323933124542
338  0.39692577719688416
959  0.3969062864780426
744  0.39689937233924866
579  0.3968777656555176
878  0.39687708020210266
1350  0.3968755602836609
171  0.3968672752380371
1242  0.3968646824359894
1303  0.3968483805656433
1001  0.39683353900909424
479  0.3968043327331543
349  0.39679622650146484
368  0.3967956304550171
148  0.39678019285202026
1232  0.39677000045776367
497  0.39675411581993103
705  0.39674732089042664
1157  0.3967282474040985
1144  0.39671504497528076
152  0.39670801162719727
1081  0.39667806029319763
288  0.39667797088623047
263  0.3966769278049469
1039  0.39666852355003357
546  0.39665645360946655
877  0.39664265513420105
1405  0.3966328203678131
1132  0.3966273069381714
268  0.396625816822052
1104  0.3966139853000641
1401  0.39659398794174194
935  0.39658236503601074
1098  0.3965815007686615
1058  0.3965801000595093
1056  0.39656710624694824
1434  0.3965366780757904
788  0.39653047919273376
411  0.396522581577301
1284  0.3965131342411041
687  0.39650484919548035
1263  0.39650264382362366
1141  0.39650118350982666
1165  0.3964923620223999
78  0.3964897096157074
1286  0.3964885175228119
473  0.39648696780204773
1078  0.3964862525463104
1084  0.396477609872818
1382  0.3964748978614807
396  0.39647242426872253
615  0.3964569866657257
482  0.3964431881904602
262  0.39644181728363037
312  0.39643773436546326
101  0.39642420411109924
697  0.3964207172393799
547  0.396411657333374
738  0.39639905095100403
502  0.3963950276374817
256  0.396376371383667
993  0.39636099338531494
1299  0.3963605463504791
1155  0.3963562846183777
1287  0.39629971981048584
769  0.3962930738925934
1280  0.3962797522544861
1323  0.39627596735954285
478  0.39626094698905945
390  0.39625266194343567
795  0.39624834060668945
548  0.39624589681625366
291  0.39624401926994324
1030  0.39623722434043884
794  0.39622411131858826
317  0.39621812105178833
188  0.3961893320083618
598  0.39618271589279175
450  0.3961643874645233
406  0.3961542844772339
1158  0.3961399793624878
977  0.3961387872695923
374  0.3961385488510132
238  0.3961191773414612
1230  0.39611589908599854
1301  0.3961099088191986
932  0.39610204100608826
1313  0.39610183238983154
879  0.39609023928642273
1087  0.39608636498451233
232  0.39608505368232727
499  0.39608311653137207
1329  0.3960795998573303
1183  0.3960772752761841
582  0.39606547355651855
1352  0.39606449007987976
951  0.39605993032455444
631  0.39605259895324707
1272  0.3960447609424591
17  0.39601588249206543
1259  0.39600691199302673
680  0.3959870934486389
273  0.39598575234413147
982  0.3959616422653198
1222  0.39595767855644226
765  0.39595186710357666
455  0.3959183990955353
731  0.39591485261917114
237  0.3959142565727234
1099  0.39590296149253845
922  0.39590030908584595
119  0.3958991765975952
1182  0.3958984315395355
868  0.39589351415634155
456  0.3958772122859955
228  0.3958595097064972
991  0.39584866166114807
409  0.3958452045917511
446  0.39583566784858704
405  0.39580512046813965
1160  0.395803838968277
1072  0.39575597643852234
79  0.39574670791625977
1440  0.3957361578941345
976  0.395730197429657
420  0.39572492241859436
1241  0.3957226574420929
804  0.3957216143608093
307  0.3957119286060333
1208  0.39571085572242737
873  0.3956606984138489
1243  0.3956475853919983
314  0.3956417143344879
62  0.3956262767314911
1074  0.395614892244339
391  0.3956148326396942
1274  0.39559754729270935
332  0.3955782949924469
86  0.39557188749313354
988  0.39556819200515747
122  0.39556723833084106
235  0.395546555519104
1337  0.39553824067115784
956  0.3955375850200653
1192  0.39551547169685364
125  0.39548251032829285
1207  0.395479291677475
1181  0.39547380805015564
783  0.3954474627971649
342  0.39544716477394104
1118  0.3954108655452728
647  0.3953835964202881
402  0.3953750729560852
952  0.3953484296798706
1346  0.3953472077846527
1278  0.3953421711921692
990  0.3953128457069397
440  0.39529499411582947
287  0.3952673375606537
513  0.3952653110027313
989  0.3952533006668091
348  0.3952398896217346
327  0.3952370285987854
315  0.3952363133430481
1083  0.395217627286911
361  0.3952016830444336
998  0.39519378542900085
467  0.39519304037094116
648  0.39518502354621887
1156  0.39518269896507263
1017  0.3951604664325714
412  0.39515361189842224
471  0.3951350748538971
398  0.3951202929019928
199  0.3951176702976227
11  0.39510831236839294
1117  0.39507386088371277
1349  0.3950542211532593
464  0.39504769444465637
267  0.3950459063053131
583  0.39504000544548035
1257  0.39503633975982666
1320  0.3950280249118805
1095  0.39502111077308655
426  0.39500123262405396
798  0.3949860632419586
468  0.39497795701026917
367  0.3949631452560425
403  0.3949565887451172
1191  0.394938588142395
709  0.3949371874332428
1073  0.3949131667613983
1270  0.3948824405670166
247  0.39487746357917786
1053  0.3948652446269989
1166  0.39485710859298706
404  0.3948485553264618
522  0.3948347270488739
246  0.39483028650283813
376  0.39482200145721436
178  0.39480891823768616
1164  0.3947921097278595
269  0.39473438262939453
818  0.3947308361530304
364  0.3947203755378723
960  0.39471811056137085
806  0.39471063017845154
421  0.3946338891983032
1101  0.39462777972221375
1324  0.3946116268634796
957  0.3945985436439514
438  0.3945981562137604
1088  0.3945930600166321
1371  0.3945929706096649
1082  0.39457693696022034
1400  0.39453956484794617
355  0.39452239871025085
580  0.3945036232471466
1052  0.3944897949695587
961  0.3944794237613678
825  0.39447644352912903
573  0.3944741487503052
313  0.3944478929042816
971  0.39440783858299255
1175  0.3943979740142822
1404  0.3943657875061035
365  0.39435678720474243
529  0.3942900002002716
1269  0.394286185503006
1176  0.3942830562591553
469  0.39427849650382996
681  0.3942643404006958
375  0.394258052110672
1077  0.3942517340183258
763  0.39424604177474976
1162  0.3942459225654602
363  0.3942387104034424
496  0.39422425627708435
386  0.39421409368515015
1432  0.394185870885849
179  0.3941364288330078
341  0.39410606026649475
1399  0.39408689737319946
495  0.39408671855926514
1370  0.39407268166542053
449  0.3940659463405609
385  0.394054114818573
1310  0.3940448462963104
559  0.3940417468547821
309  0.39403998851776123
360  0.3940240740776062
1355  0.394021600484848
347  0.39401930570602417
764  0.3940129280090332
1393  0.394005686044693
236  0.39391738176345825
310  0.3939152956008911
1179  0.39387375116348267
207  0.3938673138618469
439  0.3938622772693634
1008  0.3938579261302948
1021  0.39380282163619995
1203  0.39378076791763306
1445  0.39372938871383667
67  0.3937147557735443
1433  0.39370226860046387
1049  0.3936486840248108
1234  0.39363789558410645
447  0.3935971260070801
1167  0.3935704529285431
564  0.3935571610927582
556  0.39355596899986267
345  0.39353814721107483
346  0.39351388812065125
1047  0.393437922000885
339  0.39343202114105225
558  0.3933582603931427
366  0.3933214545249939
292  0.3933153748512268
208  0.3933104872703552
1389  0.3932974338531494
536  0.39328572154045105
962  0.39325687289237976
1065  0.3931865096092224
1092  0.3931727111339569
1091  0.3931674361228943
1080  0.39313530921936035
1233  0.39313480257987976
1097  0.3931160867214203
1055  0.3930785655975342
234  0.39306575059890747
999  0.3930630385875702
1271  0.3930002450942993
1322  0.39299821853637695
1018  0.3929726481437683
425  0.3929659426212311
543  0.39289432764053345
414  0.3928733468055725
422  0.39285367727279663
1009  0.39282137155532837
419  0.39281100034713745
1275  0.3927854001522064
581  0.3927672803401947
244  0.3927610516548157
387  0.3927185535430908
358  0.39270898699760437
357  0.3926835358142853
209  0.3926791250705719
1000  0.39266732335090637
540  0.3926421105861664
1171  0.3925941586494446
498  0.392587810754776
454  0.39258405566215515
1256  0.3925784230232239
340  0.39257338643074036
69  0.392530232667923
356  0.3925255835056305
730  0.39252281188964844
1163  0.39247357845306396
1079  0.39247000217437744
1321  0.3924582004547119
1201  0.392301082611084
1019  0.3922356367111206
293  0.39222657680511475
538  0.3922008275985718
511  0.392192006111145
1369  0.3921673595905304
381  0.3920944333076477
1345  0.3919532001018524
417  0.3919145166873932
565  0.3919055461883545
245  0.39190220832824707
1258  0.39187613129615784
1051  0.3918578624725342
1204  0.39185670018196106
1048  0.3918483555316925
1344  0.39184707403182983
537  0.39184102416038513
465  0.39183664321899414
789  0.39182212948799133
983  0.3917233347892761
1343  0.39172038435935974
470  0.3917138874530792
1351  0.39169198274612427
1202  0.39163556694984436
415  0.39159712195396423
542  0.3914433419704437
1177  0.3914394676685333
272  0.3914296329021454
1240  0.3913964033126831
410  0.3913763761520386
458  0.39120373129844666
233  0.3911195695400238
1090  0.39089471101760864
1238  0.390858918428421
413  0.39080244302749634
388  0.3907867968082428
389  0.39078083634376526
483  0.3905002772808075
1168  0.39042457938194275
1159  0.39039114117622375
872  0.3903297185897827
541  0.3903018534183502
512  0.3902243673801422
501  0.3902016878128052
1050  0.39019903540611267
1054  0.38977864384651184
500  0.3897155225276947
539  0.3895336091518402
1239  0.38953182101249695
1237  0.3894912302494049
416  0.38826075196266174
418  0.3871099650859833
466  0.3869185149669647
