1  0.43295273184776306
1732  0.43055087327957153
2  0.42856308817863464
763  0.4258691966533661
805  0.4255257248878479
131  0.42539697885513306
833  0.42504361271858215
1241  0.4249134957790375
938  0.42479801177978516
671  0.42465531826019287
1080  0.4242878258228302
1244  0.42425456643104553
987  0.42412126064300537
796  0.4238632321357727
764  0.42382967472076416
1240  0.42374250292778015
1256  0.4237203896045685
831  0.4234223961830139
1264  0.42313358187675476
713  0.4230770766735077
974  0.42306384444236755
723  0.42305219173431396
1255  0.4230223298072815
834  0.42301711440086365
325  0.42299437522888184
705  0.42285066843032837
988  0.4227272570133209
806  0.4227246642112732
1206  0.422711580991745
1257  0.42269840836524963
712  0.4226630926132202
807  0.42265233397483826
680  0.4225763976573944
61  0.4225175976753235
1027  0.4224790036678314
1024  0.4224618673324585
920  0.42245131731033325
76  0.42243021726608276
1082  0.42240190505981445
1245  0.4223639667034149
668  0.4222082793712616
479  0.4222058057785034
1243  0.4221581220626831
706  0.42212244868278503
50  0.4221166670322418
326  0.42203426361083984
197  0.42201218008995056
858  0.42190325260162354
1579  0.4218801259994507
753  0.42185676097869873
196  0.42183637619018555
849  0.42180126905441284
859  0.4217703938484192
1093  0.4217478930950165
708  0.4217336177825928
924  0.42170995473861694
120  0.4217003285884857
1247  0.4216896891593933
777  0.4216814935207367
1079  0.4216781258583069
888  0.4216729402542114
666  0.42167261242866516
130  0.42162978649139404
714  0.4215759336948395
681  0.4215535819530487
711  0.42154377698898315
22  0.4215334355831146
722  0.42150571942329407
132  0.42149683833122253
165  0.42146846652030945
854  0.4214431345462799
49  0.42138487100601196
52  0.4213566780090332
39  0.4213297665119171
1321  0.4213089346885681
827  0.4213034212589264
1254  0.42128774523735046
1193  0.4212583601474762
756  0.42122194170951843
1023  0.4212035834789276
11  0.4211827218532562
1085  0.42114385962486267
1056  0.4210900068283081
669  0.42106959223747253
26  0.42100799083709717
721  0.4210059642791748
883  0.42097336053848267
730  0.4209703505039215
1003  0.4209582209587097
1259  0.42094528675079346
718  0.4209083318710327
1025  0.42089366912841797
1081  0.42087846994400024
539  0.42085787653923035
1189  0.4208526611328125
3  0.42085000872612
60  0.4208489954471588
882  0.4208454489707947
1203  0.42082247138023376
973  0.42081326246261597
1204  0.4208071827888489
990  0.4207551181316376
789  0.42075061798095703
48  0.42072808742523193
1007  0.42072170972824097
1160  0.4206961989402771
832  0.420686811208725
51  0.4206676781177521
860  0.4206249713897705
407  0.4206099510192871
597  0.4206044375896454
4  0.42056307196617126
762  0.42054829001426697
939  0.42050597071647644
36  0.42050260305404663
670  0.4204738438129425
149  0.420468270778656
1409  0.42042621970176697
1089  0.4203808009624481
1209  0.42036235332489014
67  0.4203607439994812
1231  0.4203574061393738
1083  0.42029663920402527
135  0.42027685046195984
1075  0.42026379704475403
912  0.42025384306907654
664  0.4202421307563782
1039  0.42024046182632446
531  0.42022833228111267
53  0.42020824551582336
797  0.42020535469055176
300  0.4202013909816742
194  0.42018377780914307
982  0.42014914751052856
1009  0.4201262891292572
755  0.4200456738471985
1202  0.42004022002220154
1598  0.42002347111701965
327  0.4200088679790497
804  0.41998010873794556
97  0.41994789242744446
185  0.41993629932403564
77  0.4199346601963043
716  0.4199032187461853
134  0.41989779472351074
75  0.4198918640613556
1355  0.4198901653289795
709  0.4198826849460602
850  0.4198744595050812
667  0.41986268758773804
195  0.41983717679977417
975  0.41983115673065186
302  0.4198256731033325
147  0.41980889439582825
745  0.419807106256485
1006  0.419803261756897
823  0.41979968547821045
65  0.41976797580718994
1144  0.4197663366794586
678  0.4197658896446228
760  0.4197509288787842
1154  0.41974303126335144
1098  0.41973933577537537
856  0.4197166860103607
914  0.41970232129096985
1176  0.41968846321105957
992  0.4196717441082001
999  0.4196704626083374
1731  0.4196365177631378
436  0.41958993673324585
156  0.4195884168148041
1401  0.4195854663848877
1359  0.4195709526538849
986  0.4195663332939148
957  0.4195551872253418
663  0.4195154011249542
151  0.41951078176498413
936  0.419486403465271
1237  0.419450044631958
766  0.41943657398223877
1262  0.4194297194480896
86  0.41942837834358215
956  0.41942259669303894
1065  0.4194222688674927
892  0.4194003641605377
1190  0.41939735412597656
728  0.41939347982406616
923  0.41938838362693787
1099  0.419382244348526
726  0.4193741977214813
1092  0.4193395674228668
112  0.4193314015865326
1250  0.4193304181098938
324  0.4193274974822998
119  0.4193229377269745
665  0.4193195700645447
1246  0.419283390045166
1578  0.4192752540111542
1038  0.419270783662796
78  0.4192633628845215
946  0.4192531704902649
1690  0.4192522168159485
838  0.4192497432231903
1693  0.41924479603767395
1229  0.4192291796207428
1717  0.4192166030406952
1119  0.4191945195198059
24  0.41919320821762085
1084  0.41918709874153137
1195  0.41917988657951355
1253  0.41917771100997925
863  0.4191419184207916
1694  0.41912978887557983
96  0.4191296398639679
765  0.4191220998764038
81  0.4191048741340637
1196  0.419104665517807
991  0.41910091042518616
1095  0.41908401250839233
599  0.419074684381485
1183  0.4190666973590851
828  0.41906607151031494
155  0.4190652370452881
720  0.41906002163887024
106  0.4190056622028351
971  0.41900062561035156
1192  0.41899871826171875
1305  0.41896945238113403
575  0.41896852850914
1074  0.4189543128013611
1207  0.4189339280128479
662  0.4189329147338867
8  0.41890743374824524
1068  0.4189046025276184
1230  0.41889914870262146
298  0.41888269782066345
17  0.4188820719718933
821  0.418876588344574
584  0.41886091232299805
707  0.4188559353351593
62  0.4188481271266937
1055  0.41884398460388184
1356  0.41884058713912964
862  0.41882118582725525
819  0.4188203811645508
1242  0.4188050329685211
1175  0.4188041687011719
1011  0.4188021421432495
1695  0.41877293586730957
1015  0.4187701642513275
1265  0.41876164078712463
1076  0.418753057718277
1367  0.4187372326850891
1008  0.418719619512558
56  0.41871771216392517
1069  0.41871121525764465
1406  0.41869083046913147
905  0.41868847608566284
699  0.4186755418777466
729  0.4186450242996216
82  0.4186415672302246
889  0.41862714290618896
1078  0.41860926151275635
1188  0.4186062812805176
741  0.41860565543174744
1633  0.41860565543174744
1109  0.4185939133167267
684  0.41857749223709106
1026  0.41854679584503174
736  0.41854220628738403
816  0.4185311794281006
184  0.41852879524230957
1002  0.4185231626033783
129  0.4185135066509247
655  0.4185129702091217
915  0.41851288080215454
984  0.4185127317905426
997  0.41851067543029785
815  0.41848891973495483
683  0.41848838329315186
1125  0.41848254203796387
1049  0.41848069429397583
152  0.41847091913223267
848  0.41846248507499695
1688  0.41846174001693726
98  0.4184606075286865
1067  0.41844817996025085
1201  0.41844257712364197
788  0.41844096779823303
1164  0.4184395670890808
1073  0.418437123298645
538  0.4184361398220062
1094  0.41843244433403015
811  0.4184190034866333
921  0.4184015393257141
890  0.4183935225009918
218  0.4183899760246277
724  0.4183766841888428
985  0.4183700680732727
593  0.41836583614349365
1238  0.4183533787727356
1258  0.41835322976112366
989  0.4183500111103058
1162  0.4183392822742462
1722  0.41833236813545227
835  0.4183298647403717
1576  0.41829732060432434
1184  0.4182923436164856
38  0.4182822108268738
480  0.4182813763618469
937  0.41825100779533386
964  0.4182474613189697
781  0.4182336628437042
1691  0.41821256279945374
1249  0.41820797324180603
1097  0.41820281744003296
1141  0.4181961417198181
23  0.4181704521179199
846  0.41814151406288147
1306  0.4181390106678009
153  0.41813692450523376
478  0.41813018918037415
148  0.4181215167045593
596  0.4181182086467743
979  0.41810372471809387
1108  0.41809341311454773
775  0.4180870056152344
1617  0.41808533668518066
80  0.41808000206947327
700  0.4180752635002136
778  0.4180605113506317
569  0.41805538535118103
1191  0.4180270731449127
1051  0.4180231988430023
1064  0.4180145859718323
1217  0.418009877204895
782  0.4180079996585846
822  0.4179987609386444
37  0.41798484325408936
701  0.41797009110450745
34  0.41796576976776123
776  0.41796019673347473
925  0.41795626282691956
1185  0.4179559350013733
1062  0.41795334219932556
1057  0.41795143485069275
787  0.41794076561927795
679  0.41793110966682434
481  0.41792812943458557
1575  0.4178948998451233
1625  0.4178880453109741
1128  0.41788381338119507
301  0.4178837239742279
1345  0.41787996888160706
1163  0.417877733707428
808  0.41787540912628174
304  0.4178667366504669
504  0.41786181926727295
631  0.4178520441055298
955  0.41782572865486145
439  0.4178190529346466
772  0.4177899956703186
1017  0.4177709221839905
1352  0.4177573621273041
1716  0.4177509546279907
672  0.4177464544773102
710  0.4177355170249939
445  0.41773056983947754
1221  0.4177287518978119
1360  0.4177243709564209
1228  0.4177127778530121
1577  0.4177081882953644
114  0.4176889657974243
875  0.4176887273788452
433  0.4176826477050781
836  0.4176810383796692
95  0.4176771640777588
814  0.41767433285713196
85  0.41767412424087524
482  0.4176665246486664
1323  0.4176609516143799
1326  0.417657732963562
1216  0.4176524877548218
795  0.41764014959335327
676  0.417614609003067
952  0.4176071286201477
887  0.41760408878326416
1710  0.4176017940044403
1052  0.4175799489021301
471  0.4175790250301361
738  0.4175771474838257
1234  0.41757115721702576
1181  0.41756337881088257
1653  0.41755831241607666
1223  0.4175553321838379
958  0.41755038499832153
1681  0.4175296425819397
652  0.41752365231513977
970  0.4175039529800415
824  0.41749197244644165
1686  0.417481929063797
150  0.4174753725528717
1177  0.41747328639030457
1118  0.417470782995224
1574  0.41745802760124207
117  0.41744735836982727
978  0.41744503378868103
1016  0.41744187474250793
25  0.41742849349975586
1046  0.4174080491065979
111  0.41740715503692627
610  0.4174041450023651
265  0.41739407181739807
136  0.4173848330974579
1400  0.4173615276813507
571  0.4173525273799896
1182  0.4173504114151001
1218  0.417346328496933
532  0.4173460006713867
855  0.4173435866832733
895  0.41733619570732117
1001  0.41731685400009155
1684  0.41731610894203186
447  0.4173154830932617
600  0.4173116683959961
116  0.4173040986061096
537  0.41729509830474854
688  0.41728487610816956
1124  0.41728365421295166
682  0.41727733612060547
1692  0.4172747731208801
357  0.41726845502853394
145  0.41726040840148926
1096  0.41725751757621765
1319  0.4172513484954834
1324  0.41724520921707153
408  0.4172286093235016
1713  0.4172095060348511
904  0.4172069728374481
1560  0.41717082262039185
1599  0.41716933250427246
959  0.41716718673706055
752  0.4171665906906128
747  0.41716453433036804
876  0.4171608090400696
692  0.417130708694458
154  0.4171270728111267
1561  0.41710811853408813
761  0.4170997440814972
1050  0.41709598898887634
1186  0.41708990931510925
83  0.41708773374557495
1215  0.4170774221420288
105  0.4170631468296051
598  0.4170537292957306
1072  0.4170488715171814
774  0.41704198718070984
122  0.4170404374599457
1318  0.41703933477401733
1405  0.4170179069042206
1088  0.41701704263687134
961  0.416994571685791
10  0.41697993874549866
84  0.4169759154319763
1396  0.41697126626968384
798  0.41697075963020325
650  0.4169635474681854
1721  0.41695675253868103
9  0.41694846749305725
1328  0.416947603225708
1210  0.4169442355632782
913  0.41693687438964844
505  0.4169326424598694
1028  0.4169299900531769
659  0.41692402958869934
107  0.4169211983680725
190  0.41690748929977417
754  0.4168871343135834
1121  0.41684645414352417
1077  0.41684040427207947
586  0.41683676838874817
877  0.416831910610199
980  0.416827529668808
533  0.4168226420879364
440  0.4168205261230469
820  0.41681885719299316
891  0.41681766510009766
817  0.4168164134025574
634  0.4167962372303009
1322  0.4167940616607666
1233  0.4167814552783966
953  0.4167749583721161
547  0.41676369309425354
1004  0.4167591333389282
735  0.41675829887390137
1354  0.41675466299057007
1676  0.4167475402355194
110  0.4167449474334717
746  0.4167444407939911
893  0.41672584414482117
1031  0.416707307100296
121  0.41669148206710815
1212  0.4166908264160156
66  0.4166839122772217
1010  0.41667744517326355
791  0.41667085886001587
926  0.41667047142982483
826  0.41666942834854126
275  0.4166593551635742
1045  0.41665634512901306
1224  0.4166434705257416
1087  0.4166374206542969
962  0.41663411259651184
484  0.4166335463523865
473  0.4166317880153656
792  0.416626513004303
438  0.41661933064460754
1260  0.4166080951690674
1538  0.416604608297348
1200  0.41660335659980774
73  0.4165986180305481
448  0.4165875315666199
193  0.41658082604408264
1153  0.4165697395801544
1651  0.4165613651275635
922  0.4165574014186859
548  0.4165566563606262
74  0.4165556728839874
59  0.41655293107032776
1714  0.41655242443084717
1546  0.41652122139930725
1000  0.41651612520217896
208  0.41649511456489563
1392  0.41648533940315247
1366  0.4164665639400482
540  0.41646507382392883
79  0.41646096110343933
1272  0.4164601266384125
1675  0.4164504408836365
1112  0.4164502024650574
803  0.41643932461738586
1021  0.41643065214157104
1165  0.41642484068870544
981  0.41642001271247864
1171  0.4164183735847473
727  0.41641655564308167
1325  0.4164152145385742
993  0.41640931367874146
1619  0.41640380024909973
1222  0.41638925671577454
1268  0.41636982560157776
379  0.4163687527179718
41  0.4163680970668793
1266  0.41636544466018677
503  0.41636529564857483
717  0.41635626554489136
851  0.4163435399532318
1037  0.416342556476593
861  0.4163394868373871
146  0.416339248418808
40  0.416337788105011
687  0.4163281321525574
757  0.41632428765296936
1236  0.41632387042045593
740  0.4163234531879425
7  0.4163215160369873
1683  0.4163137972354889
715  0.41631099581718445
852  0.41630250215530396
677  0.41629284620285034
57  0.41628405451774597
1013  0.4162839949131012
947  0.41627824306488037
884  0.41627582907676697
1047  0.41627037525177
1205  0.4162582755088806
941  0.41625338792800903
897  0.4162379503250122
737  0.4162359833717346
1407  0.41622650623321533
857  0.41622382402420044
506  0.4162188470363617
221  0.41621124744415283
1155  0.41621100902557373
181  0.4161977171897888
1066  0.41619738936424255
734  0.4161968529224396
21  0.41619664430618286
1220  0.4161960482597351
847  0.41619497537612915
1251  0.41618984937667847
1043  0.41618433594703674
1358  0.41618284583091736
771  0.4161768853664398
1556  0.41616708040237427
1170  0.41616591811180115
1329  0.41615885496139526
203  0.4161577820777893
878  0.41615501046180725
725  0.416154146194458
1132  0.416137158870697
87  0.4161370098590851
1351  0.41612446308135986
1648  0.41611719131469727
431  0.41611555218696594
773  0.41611191630363464
507  0.416106253862381
466  0.41610580682754517
446  0.41609910130500793
1638  0.4160792827606201
1130  0.4160717725753784
966  0.4160687327384949
18  0.4160679578781128
1014  0.4160514771938324
595  0.41602885723114014
950  0.41601625084877014
853  0.41601598262786865
686  0.41599494218826294
157  0.41599324345588684
829  0.4159865379333496
1071  0.41597649455070496
133  0.4159720540046692
1044  0.41597145795822144
1555  0.41597068309783936
779  0.415970116853714
733  0.4159673750400543
948  0.4159649908542633
574  0.4159572422504425
818  0.41595593094825745
1343  0.4159521162509918
1616  0.4159477651119232
207  0.41594475507736206
790  0.41593965888023376
742  0.4159379303455353
68  0.4159359633922577
33  0.41592633724212646
55  0.4159187972545624
94  0.41591590642929077
262  0.4159111976623535
951  0.41590675711631775
864  0.41588830947875977
1580  0.41588518023490906
1117  0.4158796966075897
450  0.4158746004104614
758  0.4158407747745514
563  0.4158371090888977
570  0.4158370792865753
404  0.41583549976348877
1273  0.4158304035663605
1277  0.4158289134502411
651  0.4158262610435486
272  0.41582369804382324
314  0.41582250595092773
418  0.4158221483230591
377  0.41582176089286804
1058  0.4158215820789337
1063  0.4158158004283905
104  0.41580259799957275
785  0.4158021807670593
541  0.4157976508140564
118  0.41579344868659973
1711  0.4157916307449341
1689  0.41578173637390137
1235  0.41577771306037903
830  0.41577672958374023
1227  0.4157724380493164
367  0.4157709777355194
1499  0.41574737429618835
115  0.41574162244796753
31  0.41573625802993774
649  0.4157310724258423
477  0.41572538018226624
1444  0.4157150387763977
911  0.41570740938186646
360  0.4157066345214844
217  0.4156999886035919
568  0.41569983959198
1122  0.415697306394577
28  0.4156959652900696
1102  0.41568005084991455
171  0.41566967964172363
1225  0.4156670868396759
470  0.4156632721424103
695  0.4156533479690552
513  0.41563671827316284
1053  0.4156309962272644
813  0.41562625765800476
972  0.415619820356369
908  0.41559454798698425
786  0.4155864417552948
109  0.41558578610420227
5  0.41557255387306213
843  0.4155712425708771
1123  0.41556963324546814
1712  0.4155694246292114
1453  0.41556572914123535
1276  0.4155651330947876
1113  0.4155644178390503
572  0.4155627191066742
585  0.41556110978126526
422  0.4155491590499878
1090  0.4155465364456177
963  0.4155409038066864
192  0.41554078459739685
998  0.41553694009780884
909  0.41553637385368347
949  0.4155333638191223
1211  0.41552361845970154
1086  0.4155208468437195
170  0.41551584005355835
1036  0.41550543904304504
1639  0.4155016243457794
1156  0.4154992401599884
719  0.41549625992774963
1129  0.4154846966266632
485  0.415479838848114
1136  0.4154694080352783
1252  0.41544556617736816
1412  0.4154435396194458
1107  0.41544049978256226
1705  0.4154338538646698
391  0.4154270887374878
1389  0.4154198467731476
405  0.4154118597507477
916  0.4154057800769806
1194  0.4154016673564911
487  0.41540098190307617
1410  0.41539648175239563
1059  0.4153928756713867
977  0.4153880774974823
209  0.4153801202774048
1145  0.41536596417427063
1239  0.4153653383255005
27  0.41535675525665283
158  0.4153478741645813
1309  0.4153456687927246
511  0.4153400957584381
1022  0.41533857583999634
660  0.41532886028289795
1105  0.41532379388809204
1402  0.41531285643577576
1475  0.41530993580818176
1709  0.41529467701911926
1208  0.41529160737991333
1680  0.41528889536857605
253  0.41528576612472534
1142  0.41528576612472534
472  0.41528546810150146
182  0.41527777910232544
1032  0.41527384519577026
591  0.41527190804481506
435  0.4152698814868927
592  0.41526320576667786
310  0.4152590334415436
1263  0.4152551293373108
611  0.4152519702911377
967  0.41523855924606323
837  0.41523677110671997
32  0.4152355194091797
1594  0.41522398591041565
558  0.4152224659919739
1161  0.41522106528282166
704  0.415216863155365
389  0.41519343852996826
582  0.41519081592559814
252  0.415190726518631
842  0.41518694162368774
656  0.41517624258995056
1674  0.4151443541049957
1347  0.41514402627944946
223  0.41513821482658386
1320  0.4151124060153961
1214  0.4151045083999634
1706  0.41510146856307983
434  0.4150988459587097
273  0.41509881615638733
769  0.41509005427360535
394  0.4150792062282562
1232  0.415077805519104
1537  0.41507312655448914
502  0.41506582498550415
1138  0.41505759954452515
99  0.41505151987075806
274  0.4150448739528656
1248  0.41502606868743896
1030  0.41501325368881226
1018  0.41500595211982727
793  0.415005624294281
1600  0.415000855922699
693  0.4149990379810333
1539  0.41498860716819763
1005  0.4149775803089142
276  0.4149753153324127
64  0.4149731397628784
200  0.4149722158908844
63  0.41495534777641296
29  0.41495421528816223
1408  0.41495001316070557
376  0.414935827255249
1730  0.41493064165115356
918  0.4149254858493805
483  0.41491973400115967
1540  0.41491952538490295
1567  0.41491881012916565
1261  0.4149170219898224
768  0.414913147687912
703  0.41490456461906433
1654  0.4149044454097748
696  0.41490256786346436
284  0.4148877263069153
368  0.41488316655158997
236  0.4148825407028198
825  0.4148772954940796
784  0.4148741662502289
940  0.41486406326293945
1120  0.41485899686813354
1679  0.41485485434532166
1512  0.4148447811603546
1383  0.4148290455341339
199  0.4148275554180145
1198  0.41482603549957275
421  0.4148239493370056
93  0.41482114791870117
225  0.4148116409778595
1137  0.41479936242103577
54  0.4147982597351074
103  0.4147796332836151
919  0.41476893424987793
1346  0.4147668480873108
873  0.41475456953048706
910  0.4147391617298126
69  0.41472920775413513
602  0.41472169756889343
6  0.41471943259239197
845  0.4147193431854248
432  0.414702832698822
177  0.41469451785087585
1624  0.41468098759651184
1091  0.4146707355976105
732  0.4146680533885956
312  0.4146677851676941
90  0.41466614603996277
1390  0.4146656394004822
1060  0.41465920209884644
1553  0.41465669870376587
691  0.41465458273887634
874  0.41465288400650024
1158  0.4146421253681183
1462  0.41463571786880493
30  0.414632648229599
867  0.4146066904067993
886  0.4146042466163635
1042  0.414603054523468
1582  0.41460177302360535
237  0.4146016240119934
694  0.41459760069847107
1126  0.4145858883857727
216  0.414583683013916
1169  0.41457080841064453
1040  0.4145704209804535
206  0.4145634174346924
607  0.41455671191215515
739  0.4145466387271881
612  0.41454654932022095
392  0.4145413935184479
840  0.4145408868789673
266  0.41454067826271057
178  0.41453051567077637
1298  0.4145303964614868
1199  0.414529949426651
557  0.4145253300666809
474  0.4145238399505615
1110  0.41451558470726013
1391  0.4145146310329437
1048  0.4145109951496124
1413  0.41450417041778564
1380  0.41449952125549316
214  0.4144919216632843
35  0.4144916534423828
629  0.4144895076751709
198  0.414471834897995
234  0.41447019577026367
299  0.4144696891307831
552  0.4144638776779175
423  0.4144536554813385
413  0.4144534766674042
267  0.41444939374923706
685  0.41444844007492065
476  0.41444131731987
393  0.4144403040409088
1134  0.41443127393722534
219  0.414429634809494
169  0.4144294261932373
1571  0.4144255220890045
1596  0.4144236743450165
783  0.41442281007766724
1384  0.4144199788570404
935  0.41441988945007324
124  0.4144063889980316
770  0.41440367698669434
1303  0.41440311074256897
1179  0.41439810395240784
917  0.4143979847431183
1642  0.41439688205718994
1327  0.41439467668533325
1439  0.4143761694431305
654  0.414374440908432
1498  0.4143662750720978
1682  0.4143461287021637
486  0.41434571146965027
1663  0.41433241963386536
1033  0.4143269658088684
894  0.4143260717391968
1411  0.4143247604370117
201  0.41432446241378784
810  0.4143226444721222
841  0.41432181000709534
1687  0.4143202602863312
1645  0.4143091142177582
1178  0.4142923355102539
907  0.4142853021621704
546  0.41428497433662415
366  0.4142661988735199
928  0.414265900850296
429  0.4142545461654663
1652  0.41425126791000366
697  0.4142504930496216
1104  0.4142443835735321
1685  0.4142424166202545
1139  0.41423481702804565
995  0.41423097252845764
363  0.4142289161682129
159  0.4142237603664398
1423  0.4142177999019623
1397  0.41421619057655334
637  0.41421183943748474
1640  0.4142105281352997
1508  0.41419845819473267
44  0.41419586539268494
1029  0.4141923487186432
1111  0.4141823649406433
1213  0.41418004035949707
1607  0.414175420999527
226  0.41416049003601074
1135  0.4141596257686615
969  0.4141470491886139
812  0.41414597630500793
698  0.4141175150871277
630  0.4141010046005249
1357  0.4140998125076294
731  0.4140975773334503
1454  0.4140905439853668
1620  0.4140899181365967
1316  0.4140797555446625
748  0.41407957673072815
1456  0.4140789210796356
839  0.41407161951065063
1197  0.4140641689300537
1729  0.4140481948852539
1267  0.4140414297580719
881  0.41402480006217957
179  0.4140242338180542
412  0.4140188694000244
983  0.41401875019073486
415  0.4140133559703827
1166  0.41401100158691406
1317  0.41401082277297974
45  0.4140031039714813
1274  0.4140026271343231
406  0.4140010178089142
501  0.41399767994880676
1174  0.41399016976356506
794  0.41398656368255615
609  0.41398316621780396
403  0.4139809310436249
437  0.41397520899772644
1457  0.41397273540496826
1704  0.4139675498008728
996  0.41395944356918335
186  0.413955420255661
233  0.4139414429664612
1386  0.4139319062232971
113  0.41392412781715393
759  0.413920134305954
1669  0.4139065742492676
42  0.4139057397842407
1476  0.4138930141925812
1288  0.41388386487960815
587  0.4138644337654114
1116  0.4138634502887726
142  0.4138573110103607
954  0.41384899616241455
143  0.41384661197662354
1151  0.41383886337280273
1388  0.4138358235359192
123  0.4138288199901581
1041  0.41382816433906555
1507  0.4138191342353821
1552  0.41379499435424805
1385  0.4137788712978363
901  0.41377320885658264
844  0.41375860571861267
15  0.413739413022995
311  0.41372883319854736
371  0.4137161672115326
1452  0.4137021005153656
378  0.41367870569229126
180  0.41367313265800476
1061  0.41365569829940796
137  0.41364777088165283
1436  0.41363590955734253
328  0.41363316774368286
334  0.41360846161842346
16  0.4136076271533966
128  0.4136071503162384
1114  0.41360706090927124
1542  0.41360706090927124
138  0.413606196641922
58  0.4135976731777191
271  0.4135951101779938
400  0.41359132528305054
616  0.4135647416114807
1219  0.4135517477989197
927  0.4135507047176361
799  0.41354283690452576
1054  0.4135415554046631
1725  0.41354018449783325
866  0.4135400056838989
1700  0.4135339856147766
896  0.41353169083595276
1670  0.41352948546409607
1447  0.4135211110115051
488  0.41351839900016785
535  0.4135102927684784
880  0.4135093092918396
1610  0.4135093092918396
744  0.4135085344314575
451  0.4135071635246277
1313  0.41350704431533813
601  0.41350284218788147
526  0.41348010301589966
1667  0.4134504199028015
965  0.4134501814842224
315  0.4134494364261627
1399  0.41344624757766724
1149  0.4134458005428314
13  0.4134426712989807
1728  0.4134407937526703
127  0.4134405851364136
464  0.4134192168712616
1187  0.41341596841812134
14  0.41341349482536316
452  0.4134109616279602
581  0.4134056866168976
619  0.41339874267578125
1180  0.4133976399898529
295  0.413391649723053
1621  0.4133787453174591
1489  0.4133606255054474
425  0.4133588969707489
1593  0.4133560359477997
263  0.41334962844848633
1445  0.41334807872772217
1070  0.41334521770477295
751  0.41333144903182983
347  0.41332998871803284
1474  0.4133204519748688
635  0.41331565380096436
519  0.41330766677856445
1495  0.41330569982528687
386  0.4133031666278839
1699  0.41329291462898254
1655  0.41329270601272583
241  0.4132872521877289
453  0.4132825434207916
617  0.41327744722366333
89  0.4132641553878784
1632  0.41326242685317993
1455  0.4132574200630188
1605  0.4132508933544159
1297  0.41324445605278015
976  0.4132435619831085
1159  0.41324129700660706
1524  0.41324055194854736
1473  0.41323596239089966
346  0.4132349193096161
1414  0.4132312834262848
1727  0.4132283329963684
906  0.4132070541381836
1581  0.4132038354873657
101  0.4132015109062195
297  0.4131997525691986
442  0.41318923234939575
1615  0.41318872570991516
518  0.4131835699081421
12  0.41315922141075134
183  0.41315123438835144
800  0.4131324887275696
359  0.4131200611591339
933  0.41311249136924744
1377  0.4130997359752655
606  0.4130946695804596
1226  0.4130888283252716
1511  0.41307368874549866
1536  0.4130672514438629
564  0.4130644202232361
1338  0.4130590558052063
1133  0.4130587577819824
1426  0.4130563735961914
645  0.41305503249168396
1564  0.41303908824920654
1548  0.4130306541919708
303  0.41302719712257385
903  0.41302672028541565
424  0.41301795840263367
1544  0.4130156338214874
1631  0.41301488876342773
900  0.4130142629146576
872  0.41300708055496216
1035  0.413002073764801
1531  0.412996768951416
1535  0.4129885137081146
397  0.4129754602909088
224  0.4129711985588074
210  0.412966251373291
1497  0.41296571493148804
1100  0.4129604399204254
160  0.4129599332809448
212  0.41295185685157776
1287  0.4129462242126465
605  0.41294240951538086
633  0.41294118762016296
1140  0.4129362404346466
475  0.41292282938957214
879  0.41291680932044983
316  0.4129151403903961
1572  0.41290923953056335
1394  0.4129011929035187
628  0.41289299726486206
1348  0.41288867592811584
202  0.4128879904747009
1723  0.4128815233707428
292  0.41287821531295776
358  0.4128628671169281
1101  0.4128560721874237
269  0.41285470128059387
1463  0.41285401582717896
215  0.41284072399139404
166  0.41283276677131653
1549  0.4128091037273407
1368  0.41280603408813477
658  0.41279667615890503
189  0.412783682346344
313  0.41277506947517395
339  0.4127616286277771
293  0.4127572774887085
871  0.41274887323379517
994  0.4127469062805176
1467  0.4127461314201355
1618  0.41274428367614746
125  0.41273483633995056
344  0.41273078322410583
621  0.41272562742233276
1601  0.412723571062088
1404  0.4127205014228821
1034  0.4127165675163269
1291  0.4127144515514374
1353  0.412714421749115
1304  0.41271039843559265
1665  0.41270527243614197
1127  0.412695050239563
1403  0.41269391775131226
1458  0.4126848876476288
1551  0.41268259286880493
1493  0.41268011927604675
1517  0.4126794636249542
1312  0.4126397669315338
580  0.41262710094451904
899  0.41260603070259094
1106  0.41259193420410156
1167  0.412585973739624
1468  0.4125831723213196
559  0.4125785529613495
1461  0.41257116198539734
1611  0.4125685691833496
1559  0.41256827116012573
1557  0.41255703568458557
968  0.4125555753707886
809  0.4125552475452423
603  0.4125521779060364
517  0.41252318024635315
251  0.4125230312347412
1395  0.41251200437545776
545  0.4124925136566162
1726  0.41248977184295654
689  0.4124853014945984
355  0.41247618198394775
767  0.41246533393859863
100  0.41245797276496887
140  0.4124491214752197
1020  0.41244158148765564
270  0.4124204218387604
588  0.4124155342578888
1446  0.41240036487579346
395  0.4123961329460144
1369  0.4123915433883667
1344  0.41239047050476074
512  0.4123840034008026
594  0.4123789370059967
636  0.4123782515525818
211  0.4123781621456146
1332  0.412369042634964
329  0.4123510718345642
1509  0.4123493731021881
365  0.41234856843948364
220  0.4123463034629822
1503  0.41234564781188965
567  0.4123433828353882
467  0.4123291075229645
92  0.41231492161750793
642  0.41231468319892883
428  0.41230806708335876
573  0.41229793429374695
254  0.41227880120277405
1622  0.41227594017982483
390  0.4122718870639801
419  0.41226765513420105
1604  0.4122662842273712
514  0.41226255893707275
380  0.4122619926929474
108  0.41225558519363403
1342  0.4122494161128998
661  0.41224902868270874
1646  0.4122403860092163
463  0.41223713755607605
246  0.41223111748695374
562  0.4122198522090912
1547  0.41221386194229126
1514  0.41220903396606445
528  0.4122031629085541
749  0.41219034790992737
1641  0.4121900796890259
337  0.41218051314353943
554  0.4121718406677246
1666  0.41216960549354553
283  0.4121605157852173
615  0.4121541976928711
942  0.4121507406234741
163  0.412145733833313
427  0.41214078664779663
1419  0.41213172674179077
565  0.4121309816837311
1115  0.41212740540504456
560  0.4121260344982147
164  0.41212475299835205
1131  0.4121233820915222
213  0.41212308406829834
1634  0.41211599111557007
167  0.41211560368537903
20  0.4121127724647522
1330  0.4121100604534149
168  0.4121071696281433
72  0.41209539771080017
255  0.41207370162010193
1532  0.41206681728363037
1573  0.41206324100494385
1585  0.41206198930740356
430  0.41204941272735596
1417  0.41203948855400085
674  0.4120347797870636
235  0.41203445196151733
1301  0.41200020909309387
1012  0.41199934482574463
1659  0.4119916558265686
604  0.41197672486305237
1720  0.41197577118873596
1465  0.4119754433631897
1637  0.41196638345718384
1173  0.41195887327194214
1464  0.4119478762149811
1543  0.4119347929954529
801  0.41192203760147095
1541  0.41191405057907104
640  0.4119122326374054
222  0.41190826892852783
323  0.41190671920776367
1565  0.41189438104629517
1504  0.4118900001049042
277  0.4118833839893341
885  0.41187912225723267
1668  0.4118789732456207
309  0.4118683338165283
88  0.41186705231666565
690  0.41186535358428955
620  0.41186225414276123
1103  0.4118425250053406
1459  0.41181236505508423
566  0.4118116497993469
632  0.41180741786956787
345  0.4118007719516754
1545  0.41179317235946655
353  0.4117884337902069
1172  0.41178447008132935
1378  0.4117814898490906
102  0.4117594361305237
644  0.41175806522369385
1603  0.41175535321235657
1554  0.4117453694343567
1425  0.4117443561553955
1671  0.4117433428764343
1583  0.41173890233039856
144  0.4117315113544464
1427  0.4117282032966614
1421  0.4117189049720764
1340  0.41171810030937195
1152  0.41169679164886475
1275  0.4116937816143036
1296  0.4116780161857605
362  0.41166338324546814
420  0.41165852546691895
508  0.4116353988647461
1647  0.41161131858825684
414  0.4116106331348419
1449  0.41159895062446594
282  0.41157588362693787
673  0.41157063841819763
469  0.41155925393104553
1703  0.41155093908309937
578  0.4115463197231293
780  0.4115363657474518
1289  0.4115360677242279
550  0.4115353524684906
865  0.4115278422832489
1350  0.4115244448184967
530  0.4115220904350281
1566  0.4115181267261505
383  0.41150376200675964
1650  0.4115017354488373
536  0.41149985790252686
1608  0.4114881753921509
1592  0.4114643931388855
613  0.41146233677864075
1490  0.4114468991756439
1337  0.4114394187927246
385  0.4114294946193695
583  0.41141754388809204
444  0.4114135801792145
1428  0.4114087224006653
1502  0.41139212250709534
1290  0.41138318181037903
641  0.4113685190677643
643  0.4113587737083435
288  0.4113577902317047
1627  0.4113418459892273
1293  0.4113319218158722
1451  0.41132307052612305
257  0.4113142788410187
317  0.4113139510154724
1370  0.4113132059574127
561  0.4113115668296814
1479  0.411307156085968
258  0.4113045930862427
449  0.41129887104034424
338  0.41129857301712036
549  0.41129571199417114
191  0.4112936556339264
534  0.41128429770469666
1588  0.41128167510032654
356  0.411274254322052
351  0.4112716615200043
294  0.4112693667411804
1440  0.41126376390457153
373  0.41125544905662537
335  0.41124844551086426
1590  0.4112466275691986
870  0.411241352558136
521  0.4112275540828705
19  0.4112222492694855
244  0.4112207889556885
459  0.4112129807472229
960  0.4112078845500946
1597  0.41120555996894836
1331  0.41120269894599915
399  0.4111931324005127
285  0.41118818521499634
1307  0.4111798405647278
1562  0.41117048263549805
1488  0.4111649990081787
1157  0.4111629128456116
372  0.4111616909503937
457  0.41116100549697876
456  0.4111597537994385
1285  0.4111485183238983
1510  0.4111451804637909
1602  0.4111415445804596
43  0.41113483905792236
1724  0.4111299216747284
553  0.4111195504665375
1146  0.41111695766448975
945  0.4110895097255707
1558  0.4110803008079529
1448  0.4110734462738037
1696  0.4110621511936188
139  0.411055326461792
341  0.41105321049690247
1441  0.4110460579395294
1143  0.411024808883667
1422  0.4110233783721924
71  0.41101616621017456
750  0.41101381182670593
590  0.41101035475730896
1416  0.4110056757926941
465  0.4109957814216614
1568  0.410990834236145
1314  0.41097894310951233
1379  0.4109780490398407
1513  0.4109733998775482
639  0.4109545350074768
409  0.41094473004341125
1418  0.41092613339424133
188  0.4109150767326355
245  0.4109051823616028
646  0.4109048545360565
1494  0.41089919209480286
1623  0.4108893573284149
1460  0.4108867049217224
240  0.4108775854110718
1516  0.4108754098415375
308  0.41086164116859436
361  0.4108503758907318
1376  0.4108411967754364
172  0.41083934903144836
675  0.41083523631095886
205  0.4108298718929291
1527  0.41080811619758606
1435  0.41078388690948486
1415  0.41077837347984314
1525  0.410756379365921
1595  0.4107537567615509
1148  0.41074979305267334
1308  0.4107455015182495
47  0.4107433557510376
242  0.410738468170166
70  0.4107207655906677
336  0.4107173681259155
1302  0.4107060730457306
161  0.4107060134410858
1472  0.41070160269737244
510  0.41070055961608887
374  0.4106946289539337
1333  0.41066592931747437
1295  0.41066309809684753
174  0.410646915435791
1361  0.41064339876174927
648  0.41063034534454346
1660  0.4106282591819763
1707  0.41062331199645996
286  0.4106168746948242
1381  0.4106029272079468
498  0.4105934500694275
1635  0.41058507561683655
608  0.41057848930358887
1364  0.410567969083786
141  0.410556823015213
1501  0.4105447232723236
381  0.4105374217033386
1387  0.41052761673927307
402  0.41050663590431213
1281  0.41050365567207336
1644  0.41050174832344055
443  0.41049787402153015
340  0.41049715876579285
1315  0.4104934632778168
638  0.4104933738708496
516  0.41048702597618103
523  0.4104856848716736
1661  0.41043907403945923
1496  0.4104321599006653
256  0.410430371761322
527  0.41042783856391907
1636  0.4104255139827728
499  0.41042447090148926
1530  0.4104181230068207
1168  0.4104127585887909
944  0.410402774810791
411  0.41038981080055237
743  0.41038089990615845
281  0.41036728024482727
500  0.4103664457798004
1505  0.4103514552116394
354  0.4103454351425171
289  0.41033637523651123
126  0.410330206155777
343  0.410304456949234
1662  0.4102975130081177
614  0.41029420495033264
227  0.4102914035320282
382  0.41028881072998047
1570  0.41028526425361633
1286  0.41027650237083435
932  0.41027596592903137
543  0.4102465510368347
1563  0.41023266315460205
1708  0.41023173928260803
287  0.4102257490158081
333  0.41021960973739624
248  0.4102080166339874
930  0.41020768880844116
929  0.4102068543434143
249  0.4102064073085785
943  0.41020530462265015
589  0.4101959764957428
1442  0.41018715500831604
1362  0.41016626358032227
307  0.41016077995300293
352  0.41015323996543884
175  0.410150945186615
1701  0.4101467728614807
46  0.4101443886756897
1715  0.41013509035110474
653  0.4101322889328003
291  0.4101252853870392
1589  0.410122811794281
264  0.41011571884155273
401  0.41011303663253784
1609  0.4101095199584961
387  0.4101025462150574
1526  0.4100992977619171
1339  0.4100903570652008
1612  0.41008260846138
1471  0.41007959842681885
494  0.4100724756717682
1371  0.4100719690322876
1626  0.41006237268447876
1550  0.4100489616394043
1606  0.41004055738449097
1697  0.41004031896591187
577  0.41003549098968506
350  0.4100323021411896
468  0.41001442074775696
441  0.40999799966812134
1430  0.4099949896335602
396  0.40999290347099304
1341  0.4099918007850647
1718  0.4099774658679962
902  0.40997281670570374
626  0.40997061133384705
259  0.4099677801132202
455  0.4099586009979248
1628  0.40993794798851013
544  0.40992221236228943
173  0.409918874502182
1300  0.4099094271659851
497  0.4098988473415375
462  0.4098898470401764
238  0.4098799228668213
384  0.4098784327507019
1382  0.4098592698574066
898  0.40985214710235596
1529  0.40985018014907837
375  0.4098498225212097
1336  0.4098498225212097
398  0.409839928150177
868  0.40983718633651733
247  0.409824937582016
410  0.4098186492919922
1534  0.4097975790500641
1310  0.4097939729690552
1584  0.40978625416755676
622  0.4097607731819153
1424  0.40973472595214844
1420  0.409732848405838
1528  0.40972933173179626
529  0.409701943397522
1299  0.40969929099082947
91  0.4096980094909668
1433  0.40967708826065063
306  0.40965524315834045
330  0.40964001417160034
1432  0.40961891412734985
1393  0.40960898995399475
229  0.40958261489868164
1429  0.409563273191452
1443  0.40953072905540466
279  0.40951472520828247
1643  0.4094964265823364
162  0.40945422649383545
1450  0.40944597125053406
555  0.40943607687950134
1591  0.409434974193573
1284  0.4094160497188568
1469  0.40940186381340027
1649  0.40933656692504883
1518  0.40930452942848206
1283  0.4092956781387329
187  0.40929120779037476
461  0.40928980708122253
320  0.40926891565322876
1656  0.40926751494407654
1349  0.40924176573753357
1375  0.40924015641212463
348  0.4091843366622925
1586  0.40918123722076416
1294  0.40914323925971985
490  0.4091326892375946
1587  0.40912970900535583
1658  0.40910986065864563
1613  0.4090971052646637
1491  0.4090753197669983
417  0.40906092524528503
1438  0.40905117988586426
243  0.4090469777584076
230  0.40904131531715393
520  0.409037321805954
426  0.4090214669704437
1334  0.4090171456336975
1398  0.40899720788002014
176  0.408995121717453
1522  0.4089757204055786
657  0.40897488594055176
618  0.4089380204677582
388  0.4089359641075134
364  0.4089258313179016
1678  0.4088972210884094
1147  0.40889355540275574
1477  0.40885087847709656
1434  0.4088459610939026
268  0.40883344411849976
542  0.40882840752601624
1271  0.4088067412376404
702  0.4087914526462555
1437  0.40875598788261414
1506  0.40874916315078735
1677  0.4087396562099457
331  0.4087234139442444
1282  0.40868428349494934
416  0.4086453914642334
1431  0.4086276590824127
515  0.40862640738487244
1630  0.40862372517585754
1523  0.40859949588775635
1335  0.40856653451919556
454  0.4085494875907898
1520  0.40853530168533325
1019  0.40851616859436035
1372  0.4085152745246887
1487  0.4085097014904022
1292  0.4084780812263489
232  0.40847471356391907
1278  0.40845927596092224
1614  0.4084528982639313
1533  0.40840259194374084
576  0.40838557481765747
1470  0.4083484709262848
458  0.4082953631877899
204  0.4082879424095154
934  0.4082723557949066
1270  0.4082666039466858
228  0.40824204683303833
1311  0.40818363428115845
624  0.408175528049469
1664  0.40809205174446106
349  0.4080817401409149
1150  0.40807244181632996
1569  0.40805837512016296
1657  0.40804898738861084
1481  0.4080357551574707
802  0.4080042839050293
369  0.4080010950565338
296  0.4079837203025818
522  0.407980740070343
623  0.40795618295669556
1515  0.4079422652721405
1363  0.40791454911231995
321  0.40790730714797974
496  0.4079035222530365
1478  0.4078971743583679
1480  0.4078485071659088
524  0.4078424870967865
278  0.40780287981033325
1492  0.40772566199302673
1672  0.40766796469688416
1673  0.4076494574546814
1374  0.40763115882873535
1279  0.4076246917247772
305  0.40760567784309387
460  0.40756550431251526
1365  0.40753111243247986
290  0.4075111746788025
579  0.4074980914592743
495  0.4074614644050598
1698  0.4074283838272095
1500  0.4074030816555023
1629  0.40739795565605164
1466  0.4073861539363861
551  0.40724506974220276
525  0.40723881125450134
1719  0.40722450613975525
625  0.407196581363678
319  0.4071946144104004
509  0.40714409947395325
322  0.40703386068344116
318  0.40697500109672546
1485  0.4069153070449829
647  0.40691468119621277
261  0.40674322843551636
1702  0.4066781997680664
370  0.4066780209541321
493  0.4066738486289978
1280  0.40663522481918335
1484  0.4064057469367981
239  0.40637171268463135
250  0.40636610984802246
556  0.4061662554740906
1373  0.4060834050178528
489  0.40606752038002014
332  0.40605342388153076
931  0.40598827600479126
1519  0.40586984157562256
1521  0.4058561325073242
492  0.405701607465744
280  0.4056909382343292
231  0.4056888520717621
1486  0.40568262338638306
1482  0.40552714467048645
1269  0.40541988611221313
627  0.4045780897140503
342  0.40388622879981995
1483  0.40365803241729736
260  0.40362313389778137
491  0.4036027491092682
869  0.4034517705440521
