1  0.4177376329898834
1768  0.417062908411026
2  0.4089905023574829
852  0.4012037515640259
1767  0.4011360704898834
1118  0.400517076253891
848  0.40046989917755127
1196  0.4000801146030426
854  0.39998093247413635
843  0.39971789717674255
1189  0.3994387984275818
1003  0.3990699052810669
742  0.3989613652229309
1197  0.39885446429252625
946  0.39856386184692383
724  0.39855095744132996
699  0.39853936433792114
3  0.39837607741355896
167  0.3982433080673218
944  0.3982278108596802
691  0.39810699224472046
690  0.39801934361457825
835  0.3979910910129547
725  0.3979886770248413
958  0.3978930115699768
1050  0.39788538217544556
850  0.39772507548332214
32  0.39766359329223633
10  0.39765527844429016
1119  0.39761826395988464
1110  0.39760488271713257
72  0.3975486755371094
834  0.3974515199661255
154  0.3973698616027832
232  0.3973577320575714
1116  0.39733025431632996
826  0.39718157052993774
844  0.39710479974746704
1329  0.39709800481796265
855  0.3970905542373657
751  0.3970800042152405
823  0.39705944061279297
849  0.3970472514629364
959  0.39704689383506775
1111  0.39704012870788574
857  0.3970247209072113
60  0.39699724316596985
1184  0.3969636857509613
1100  0.3969533145427704
940  0.3969104290008545
708  0.3969098925590515
1166  0.3968842029571533
1017  0.39685407280921936
832  0.3967677354812622
631  0.3967140018939972
1168  0.39671286940574646
847  0.3966692090034485
818  0.39665231108665466
1170  0.3966224789619446
1114  0.3966147303581238
1198  0.39658525586128235
116  0.3965848982334137
1182  0.39657431840896606
692  0.3965646028518677
741  0.39656123518943787
968  0.3965601325035095
737  0.3965426981449127
693  0.39652976393699646
1054  0.39651140570640564
1174  0.39647507667541504
867  0.3964639902114868
916  0.39641448855400085
1270  0.3964064121246338
1107  0.3963572680950165
865  0.396329402923584
551  0.39631837606430054
15  0.3963063359260559
1122  0.396259069442749
108  0.396251916885376
812  0.3962487280368805
1233  0.39623117446899414
1082  0.3962042033672333
1316  0.3962040841579437
1538  0.3961920440196991
780  0.3961854875087738
1287  0.3961665630340576
107  0.3961098790168762
168  0.3960891366004944
938  0.39608484506607056
55  0.39607110619544983
11  0.39607009291648865
18  0.39606067538261414
1095  0.39601558446884155
917  0.39599815011024475
1117  0.3959939479827881
853  0.39598873257637024
1055  0.3959861099720001
801  0.39597153663635254
833  0.3959685266017914
27  0.3959634602069855
815  0.39593902230262756
689  0.39589664340019226
856  0.3958924114704132
1064  0.39589086174964905
1004  0.3958888053894043
695  0.39587533473968506
886  0.3958590626716614
56  0.39584994316101074
726  0.39584335684776306
937  0.39584192633628845
632  0.3958359658718109
31  0.39583224058151245
721  0.3958248198032379
879  0.39582177996635437
802  0.3958132266998291
1225  0.3957829177379608
948  0.39577507972717285
918  0.3957677483558655
1460  0.39575469493865967
89  0.3957304358482361
1015  0.3957177996635437
549  0.3957133889198303
443  0.3957013785839081
92  0.39570093154907227
744  0.39569294452667236
811  0.39567893743515015
1019  0.39566269516944885
114  0.3956540524959564
74  0.39564934372901917
920  0.3956453204154968
1303  0.3956443667411804
552  0.3956417739391327
1272  0.3956092596054077
88  0.39557889103889465
1167  0.3955642282962799
1582  0.3955538868904114
866  0.39551666378974915
1755  0.395501047372818
996  0.39550042152404785
722  0.3954794108867645
873  0.3954583704471588
931  0.3953942358493805
900  0.3953693211078644
1020  0.39535459876060486
1560  0.39533162117004395
449  0.39532968401908875
700  0.3953229784965515
1062  0.3953131437301636
1173  0.39530882239341736
941  0.39530396461486816
743  0.3952871263027191
698  0.3952803611755371
61  0.3952520489692688
1232  0.3952401876449585
1021  0.39523959159851074
1231  0.3952392041683197
710  0.3952171206474304
550  0.3952014744281769
96  0.39519965648651123
1140  0.39519616961479187
1115  0.3951822817325592
104  0.39516910910606384
40  0.3951520323753357
738  0.3951462209224701
999  0.3951462209224701
696  0.3951450288295746
166  0.39514249563217163
1754  0.39514032006263733
448  0.39513224363327026
1018  0.39513054490089417
1555  0.3951279819011688
779  0.3950428366661072
63  0.3950235843658447
189  0.3950156271457672
1195  0.39500629901885986
897  0.3949919044971466
1135  0.3949902355670929
1461  0.3949831426143646
711  0.3949630558490753
976  0.3949427604675293
1274  0.3949369192123413
819  0.3948993980884552
641  0.39489322900772095
718  0.394884318113327
424  0.3948811888694763
825  0.3948797285556793
1163  0.39483189582824707
1224  0.39482975006103516
1143  0.3948275148868561
851  0.3948220908641815
831  0.39480921626091003
967  0.3948025405406952
806  0.39479491114616394
1142  0.39479145407676697
1414  0.39478662610054016
765  0.39478421211242676
54  0.394780695438385
919  0.39478030800819397
553  0.3947511613368988
740  0.39474719762802124
444  0.39474108815193176
1139  0.394731342792511
975  0.3947203457355499
894  0.3947124481201172
810  0.39470037817955017
1145  0.39467552304267883
909  0.39467301964759827
672  0.39466360211372375
192  0.39466017484664917
808  0.39465275406837463
942  0.39461639523506165
442  0.3946092426776886
33  0.39458751678466797
868  0.39458027482032776
694  0.39457616209983826
14  0.3945683240890503
945  0.39456459879875183
734  0.3945564925670624
688  0.39454421401023865
1002  0.3945252001285553
939  0.3945222496986389
1000  0.3945218622684479
645  0.394491583108902
1416  0.39445778727531433
753  0.39445531368255615
1237  0.39445197582244873
555  0.39444640278816223
1581  0.3944348990917206
222  0.3944165110588074
898  0.3944077491760254
1158  0.3944056034088135
4  0.3943972885608673
447  0.39439478516578674
880  0.39437058568000793
1559  0.3943464159965515
1332  0.394340842962265
533  0.39433345198631287
220  0.39432811737060547
745  0.39432477951049805
914  0.394309937953949
1585  0.3942478895187378
1276  0.39421960711479187
94  0.394214004278183
872  0.394198477268219
1259  0.3941974937915802
954  0.3941744565963745
66  0.39415431022644043
1183  0.3941483795642853
34  0.39414504170417786
1065  0.39414075016975403
902  0.39413902163505554
1156  0.3941236436367035
1001  0.3941092789173126
24  0.39410778880119324
673  0.3941059410572052
989  0.39410534501075745
822  0.394096314907074
57  0.39409226179122925
1171  0.39408180117607117
839  0.3940724730491638
1277  0.39406919479370117
992  0.3940611481666565
115  0.39403456449508667
957  0.3940334916114807
586  0.39402467012405396
25  0.39402079582214355
1421  0.39401745796203613
966  0.3940142095088959
90  0.3939990997314453
796  0.393988698720932
1032  0.3939809203147888
1410  0.3939761519432068
1191  0.3939686119556427
697  0.39395269751548767
95  0.393942266702652
470  0.39393383264541626
1404  0.39392849802970886
130  0.3939279317855835
803  0.39392754435539246
9  0.3939254581928253
161  0.3939162790775299
943  0.39391008019447327
194  0.3939085602760315
929  0.3938957452774048
912  0.39389342069625854
581  0.39389047026634216
472  0.39387255907058716
1016  0.3938669264316559
1120  0.3938506543636322
1006  0.39383336901664734
1288  0.39383336901664734
191  0.39383187890052795
752  0.39382898807525635
791  0.39380213618278503
117  0.39376893639564514
657  0.3937673270702362
1401  0.393756240606308
1144  0.393751323223114
773  0.39374175667762756
275  0.3937353789806366
461  0.39370831847190857
915  0.3937074542045593
1279  0.39369481801986694
749  0.3936910331249237
820  0.39367663860321045
701  0.3936711549758911
1222  0.3936687111854553
735  0.39366769790649414
1083  0.3936512768268585
677  0.3936372697353363
1188  0.39363524317741394
131  0.39362385869026184
1652  0.39362284541130066
1185  0.39360547065734863
709  0.3936002552509308
1741  0.3935958445072174
1051  0.3935953378677368
682  0.39357733726501465
901  0.3935720920562744
185  0.3935607373714447
1337  0.3935472071170807
198  0.3935379683971405
1331  0.39353394508361816
858  0.39353248476982117
450  0.3935222327709198
836  0.39350444078445435
103  0.3935021460056305
1128  0.39348459243774414
932  0.39347919821739197
421  0.3934718668460846
889  0.3934485614299774
1751  0.393426775932312
1069  0.39342522621154785
58  0.3934047222137451
1190  0.393402636051178
105  0.3933989405632019
824  0.39339759945869446
1491  0.3933921158313751
969  0.3933720886707306
610  0.39337024092674255
979  0.3933514952659607
830  0.3933502435684204
756  0.393349826335907
1271  0.3933470845222473
1193  0.3933301270008087
30  0.3933224380016327
994  0.3933039605617523
1229  0.39330384135246277
173  0.3933029770851135
1352  0.39329177141189575
148  0.3932851254940033
892  0.39328089356422424
971  0.39327239990234375
827  0.39326155185699463
169  0.39325544238090515
736  0.3932534158229828
1210  0.3932499289512634
1213  0.3932478129863739
837  0.3932473659515381
947  0.39323553442955017
128  0.39323166012763977
707  0.39322811365127563
68  0.3932265639305115
1340  0.3932238519191742
727  0.3932205140590668
778  0.3932200074195862
582  0.393212229013443
1609  0.3931865990161896
1101  0.39317578077316284
1053  0.39317092299461365
723  0.3931686282157898
139  0.3931678235530853
1618  0.39315757155418396
140  0.393154114484787
1309  0.3931460678577423
149  0.3931311368942261
1066  0.39313095808029175
899  0.39312615990638733
5  0.3931182026863098
309  0.3931082785129547
1492  0.39309588074684143
1234  0.39308562874794006
719  0.3930836617946625
1216  0.393075168132782
1296  0.39306750893592834
1409  0.39306211471557617
792  0.3930540382862091
829  0.3930527865886688
1049  0.3930526375770569
1513  0.3930518925189972
358  0.393039733171463
757  0.39303892850875854
73  0.39302119612693787
1058  0.39301109313964844
28  0.39300909638404846
990  0.3930055797100067
870  0.3930004835128784
1610  0.39299947023391724
1034  0.3929993212223053
960  0.39299464225769043
535  0.3929930627346039
106  0.392985463142395
1169  0.3929807245731354
1405  0.39296481013298035
1159  0.39296337962150574
1155  0.3929629325866699
680  0.3929579257965088
200  0.3929504454135895
1186  0.3929470181465149
1278  0.3929469883441925
1187  0.3929392695426941
432  0.3929377496242523
145  0.39293745160102844
125  0.3929327428340912
963  0.3929314911365509
17  0.3929294943809509
1567  0.39292553067207336
754  0.3929218351840973
1025  0.3929218351840973
1153  0.39292171597480774
219  0.3928826153278351
1130  0.39287427067756653
1260  0.3928702473640442
1239  0.3928651809692383
153  0.392845094203949
536  0.3928346335887909
1554  0.3928302824497223
887  0.3928285241127014
814  0.39282065629959106
928  0.3928045332431793
508  0.3927938640117645
425  0.3927902579307556
720  0.3927806317806244
862  0.39275267720222473
804  0.39274343848228455
19  0.3927292823791504
554  0.3927192986011505
190  0.3926968276500702
1108  0.3926885724067688
186  0.3926682472229004
956  0.39266297221183777
676  0.3926558494567871
1175  0.3926510214805603
659  0.39261874556541443
1290  0.39261704683303833
1422  0.3926169276237488
1419  0.39261436462402344
813  0.3926124572753906
1280  0.392595112323761
972  0.3925827145576477
142  0.39256858825683594
1540  0.3925679326057434
41  0.3925662934780121
70  0.39256247878074646
1218  0.3925609290599823
807  0.39256030321121216
196  0.39255455136299133
44  0.3925544023513794
1756  0.3925471603870392
712  0.3925460875034332
758  0.3925401568412781
683  0.39253801107406616
869  0.3925327956676483
1539  0.39252492785453796
1132  0.3925185203552246
1160  0.39251208305358887
998  0.3925018608570099
1584  0.39249759912490845
423  0.39248162508010864
193  0.39246806502342224
687  0.39245933294296265
118  0.3924512565135956
274  0.3924269378185272
1753  0.3924253284931183
534  0.3924212157726288
805  0.3924131393432617
908  0.39241132140159607
1147  0.3923912048339844
1157  0.3923899233341217
1459  0.3923663794994354
809  0.3923516869544983
1304  0.39231404662132263
1766  0.3923127353191376
965  0.3922996520996094
630  0.3922976851463318
138  0.3922864496707916
500  0.3922804296016693
188  0.39228004217147827
924  0.3922753632068634
1052  0.3922719955444336
98  0.39226073026657104
133  0.3922569453716278
8  0.39225056767463684
935  0.39224550127983093
881  0.39223286509513855
1026  0.39222148060798645
729  0.39222097396850586
1758  0.3922145962715149
430  0.39221271872520447
1238  0.3921964466571808
1403  0.3921944499015808
1532  0.39217838644981384
126  0.3921619653701782
1023  0.3921598494052887
1113  0.39215734601020813
1294  0.3921465277671814
913  0.39213827252388
930  0.39211276173591614
1463  0.3921085000038147
310  0.39209723472595215
13  0.3920958340167999
841  0.39208629727363586
846  0.39208489656448364
1314  0.39207687973976135
1202  0.3920753002166748
845  0.3920741677284241
29  0.392073392868042
678  0.3920724391937256
224  0.3920687735080719
109  0.39206796884536743
717  0.39206796884536743
1655  0.39206570386886597
569  0.39203009009361267
739  0.39202889800071716
211  0.39202457666397095
1521  0.39202457666397095
1659  0.392018586397171
1086  0.3920132517814636
1740  0.3920128643512726
312  0.39200541377067566
1105  0.39200037717819214
1653  0.3919854164123535
1262  0.39197665452957153
91  0.39197373390197754
1201  0.3919494152069092
1534  0.39194735884666443
160  0.3919416069984436
1350  0.39193612337112427
1219  0.3919348418712616
1127  0.39191490411758423
1136  0.39190590381622314
800  0.39190369844436646
1150  0.3919028043746948
650  0.39189207553863525
212  0.39187368750572205
864  0.3918643891811371
1081  0.39186349511146545
936  0.3918629288673401
548  0.39186233282089233
1593  0.3918532133102417
1729  0.39185217022895813
1005  0.391849160194397
59  0.39184755086898804
369  0.39184537529945374
1059  0.39184078574180603
308  0.39183518290519714
201  0.3918345272541046
1742  0.3918296694755554
42  0.3918267786502838
218  0.39182132482528687
816  0.39181724190711975
445  0.3918164074420929
860  0.3918132185935974
1651  0.39181289076805115
1275  0.39181020855903625
566  0.39180877804756165
746  0.3918025493621826
895  0.3918023407459259
93  0.3918011784553528
639  0.3917941153049469
132  0.3917925953865051
137  0.3917861878871918
817  0.39175838232040405
635  0.39175471663475037
1374  0.39175379276275635
1148  0.3917519748210907
949  0.39175090193748474
1112  0.39175084233283997
1520  0.39174774289131165
755  0.39174118638038635
1044  0.3917370140552521
1293  0.39173251390457153
1208  0.39173102378845215
255  0.39173051714897156
1177  0.3917268216609955
1131  0.39172112941741943
987  0.391717791557312
934  0.3917035758495331
1031  0.3917028605937958
184  0.3916958272457123
733  0.39168858528137207
46  0.3916758596897125
1060  0.3916689157485962
891  0.39166197180747986
1076  0.39165395498275757
1256  0.391648530960083
890  0.39164119958877563
165  0.39163658022880554
1413  0.3916359841823578
1663  0.39163339138031006
1458  0.3916281759738922
1266  0.39162594079971313
1433  0.39162465929985046
1165  0.3916119635105133
1072  0.3916095793247223
129  0.39160603284835815
662  0.3916057050228119
1172  0.39159417152404785
674  0.39157426357269287
1587  0.39156943559646606
195  0.39156341552734375
261  0.3915616273880005
888  0.39155906438827515
926  0.39155423641204834
1014  0.39154985547065735
1007  0.39154648780822754
1154  0.3915461599826813
26  0.39153754711151123
1595  0.39153680205345154
1378  0.39152947068214417
656  0.391501247882843
221  0.39149823784828186
1129  0.39149659872055054
766  0.39148977398872375
933  0.3914889097213745
798  0.3914853632450104
1268  0.3914810121059418
782  0.391480416059494
412  0.391478955745697
951  0.3914758861064911
359  0.3914750814437866
1578  0.3914700746536255
1348  0.391469269990921
903  0.3914686441421509
679  0.3914652168750763
1121  0.3914641737937927
1313  0.391463041305542
1527  0.3914619982242584
267  0.3914527893066406
643  0.39144113659858704
1523  0.3914409577846527
704  0.3914399743080139
1273  0.3914336860179901
429  0.391433447599411
1415  0.39142948389053345
703  0.3914199471473694
1123  0.39140743017196655
1530  0.39140385389328003
991  0.3914014399051666
828  0.39139866828918457
273  0.391385942697525
925  0.3913768231868744
647  0.3913745582103729
1192  0.39137357473373413
1162  0.39137330651283264
494  0.39136791229248047
767  0.3913596570491791
1217  0.39134809374809265
884  0.3913474977016449
1424  0.3913413882255554
1254  0.3913385570049286
1207  0.39133551716804504
799  0.3913326859474182
158  0.3913254141807556
1423  0.3913194239139557
986  0.3913153409957886
1214  0.3913147449493408
119  0.3913072347640991
1686  0.3912983536720276
842  0.3912956416606903
342  0.39128926396369934
1406  0.3912874162197113
1739  0.39128577709198
413  0.3912774622440338
1315  0.3912588357925415
242  0.3912510275840759
1379  0.3912507891654968
619  0.39125022292137146
978  0.3912467956542969
1761  0.3912447988986969
1097  0.39123472571372986
995  0.39123451709747314
658  0.3912282884120941
276  0.39122486114501953
1623  0.39122408628463745
1080  0.391221821308136
611  0.3912203311920166
97  0.39121970534324646
183  0.3912193477153778
911  0.3912048935890198
1125  0.3912022113800049
127  0.39120203256607056
1098  0.39119645953178406
207  0.39119595289230347
1535  0.39118972420692444
1583  0.3911857604980469
1301  0.39116987586021423
305  0.39115744829177856
493  0.39115577936172485
1330  0.3911469578742981
39  0.39114534854888916
197  0.39113473892211914
264  0.3911174535751343
1400  0.3911125361919403
1104  0.3911076486110687
367  0.39110705256462097
1519  0.39109909534454346
1047  0.3910920321941376
1604  0.3910917341709137
62  0.3910914957523346
260  0.39108482003211975
759  0.3910788297653198
977  0.39107033610343933
122  0.3910676836967468
171  0.3910668194293976
113  0.39104849100112915
1063  0.3910409212112427
1402  0.39104077219963074
272  0.3910287022590637
1654  0.39102378487586975
961  0.391018807888031
336  0.3909902274608612
1462  0.3909902274608612
570  0.3909890055656433
172  0.390983521938324
1361  0.39097657799720764
277  0.3909693956375122
1726  0.3909587562084198
199  0.3909556269645691
1586  0.39095261693000793
1215  0.3909492790699005
970  0.39093804359436035
910  0.3909379839897156
877  0.39093512296676636
1764  0.3909338116645813
1039  0.3909062147140503
1362  0.39090391993522644
821  0.39088958501815796
1106  0.3908784091472626
71  0.39087316393852234
1248  0.39087146520614624
1752  0.39087146520614624
187  0.3908653259277344
1412  0.3908529281616211
1164  0.3908461630344391
1146  0.3908431828022003
519  0.3908367156982422
1085  0.3908292353153229
1297  0.3908199667930603
368  0.3908185064792633
1750  0.3908165693283081
1141  0.39081332087516785
686  0.39081236720085144
863  0.3908115029335022
164  0.3908080756664276
1203  0.39080050587654114
1073  0.39079928398132324
231  0.39079734683036804
428  0.39079296588897705
471  0.39076241850852966
953  0.3907574713230133
838  0.3907549977302551
1285  0.3907538950443268
760  0.3907527029514313
254  0.3907511532306671
1281  0.3907490074634552
280  0.3907329738140106
587  0.39073264598846436
65  0.3907228112220764
1333  0.3907148838043213
532  0.39070361852645874
1056  0.39070266485214233
1094  0.39070266485214233
1292  0.3906974196434021
1151  0.3906932771205902
1099  0.3906928300857544
77  0.3906916379928589
85  0.39068883657455444
156  0.39068832993507385
531  0.39068570733070374
1161  0.39067965745925903
1308  0.39067456126213074
1511  0.39066487550735474
1662  0.390663206577301
1035  0.39066269993782043
1295  0.39065951108932495
1286  0.39065828919410706
67  0.3906534016132355
234  0.390651136636734
1564  0.3906460404396057
1430  0.390638142824173
1078  0.3906337320804596
878  0.3906191289424896
431  0.39061105251312256
45  0.39060989022254944
474  0.3906089961528778
469  0.3905951678752899
1180  0.3905862271785736
1223  0.3905768394470215
1338  0.39057597517967224
1181  0.39057472348213196
980  0.390566885471344
64  0.39056670665740967
1194  0.3905623257160187
304  0.39056193828582764
155  0.3905608355998993
170  0.39055949449539185
606  0.39055392146110535
730  0.3905450403690338
1518  0.3905397951602936
640  0.39053860306739807
1249  0.39053815603256226
111  0.390536904335022
1351  0.3905283212661743
492  0.39052441716194153
1648  0.390520840883255
568  0.3905187249183655
923  0.3905176818370819
12  0.39051488041877747
1617  0.39051154255867004
768  0.3904972970485687
649  0.3904898762702942
259  0.3904881477355957
1258  0.3904745280742645
1537  0.39046987891197205
893  0.3904668688774109
1512  0.39045751094818115
433  0.3904499411582947
1328  0.390437513589859
1498  0.39043518900871277
1507  0.3904305398464203
1745  0.39042988419532776
1695  0.3904285728931427
1389  0.39041993021965027
1522  0.3904144763946533
671  0.3904118537902832
1607  0.390407919883728
99  0.390403151512146
411  0.3904026746749878
1696  0.3903979957103729
1299  0.39039522409439087
950  0.3903944194316864
637  0.39039087295532227
728  0.3903900980949402
1126  0.39038315415382385
16  0.3903793394565582
1289  0.39037036895751953
1481  0.3903554677963257
23  0.3903549909591675
1743  0.39035001397132874
1200  0.39033326506614685
415  0.390317440032959
634  0.39031580090522766
1027  0.3903070092201233
1022  0.39029502868652344
1087  0.39028897881507874
1765  0.39028897881507874
622  0.39028000831604004
629  0.3902769684791565
1546  0.3902566134929657
982  0.39025357365608215
478  0.3902296721935272
1553  0.3902190029621124
875  0.39021435379981995
1477  0.39021360874176025
567  0.3902086913585663
1608  0.3902067244052887
35  0.3902066946029663
302  0.39019811153411865
922  0.39019089937210083
1255  0.39018696546554565
732  0.3901849091053009
750  0.3901847004890442
609  0.3901842534542084
1134  0.3901703655719757
1588  0.3901681900024414
652  0.3901641368865967
1109  0.39014285802841187
340  0.3901314437389374
1490  0.39012768864631653
475  0.3901251256465912
571  0.39012324810028076
1300  0.39011311531066895
1152  0.39011257886886597
157  0.3900814652442932
557  0.39007124304771423
644  0.3900699019432068
600  0.3900638818740845
1705  0.3900638222694397
1138  0.3900579810142517
1515  0.39005547761917114
883  0.39005526900291443
1457  0.39005047082901
575  0.3900469243526459
616  0.3900459110736847
597  0.39004161953926086
1744  0.39004045724868774
1533  0.3900337815284729
1209  0.3900170624256134
1689  0.39001354575157166
1531  0.3900073170661926
1269  0.3899964988231659
1644  0.3899863660335541
962  0.38998207449913025
436  0.38997459411621094
112  0.38994574546813965
147  0.3899448812007904
1592  0.389929860830307
78  0.3899269700050354
262  0.3899226188659668
521  0.3899204134941101
463  0.38991573452949524
477  0.3899068534374237
1558  0.38990581035614014
713  0.3899015486240387
76  0.3898923099040985
283  0.3898905813694
1746  0.38989007472991943
1305  0.3898851275444031
476  0.3898846209049225
1077  0.38987767696380615
1706  0.38987478613853455
764  0.3898622989654541
1717  0.38983869552612305
1375  0.3898245096206665
462  0.3898226320743561
446  0.38980916142463684
1061  0.3898048400878906
769  0.3897962272167206
303  0.3897959291934967
1009  0.3897913992404938
1382  0.3897905647754669
1149  0.38978227972984314
380  0.38977259397506714
1133  0.38976848125457764
1307  0.3897624611854553
1327  0.38976091146469116
1478  0.38975971937179565
896  0.3897368907928467
1251  0.38973334431648254
636  0.389726847410202
681  0.3897167146205902
441  0.3897126019001007
1291  0.38970932364463806
1626  0.38970711827278137
1253  0.3897044360637665
781  0.3897038698196411
1033  0.389702707529068
1359  0.38969680666923523
1373  0.389696329832077
1707  0.38968873023986816
1084  0.3896801173686981
1417  0.389676034450531
152  0.3896646797657013
143  0.38966062664985657
579  0.3896600008010864
1674  0.38963714241981506
882  0.3896350860595703
583  0.3896349370479584
498  0.3896341025829315
1261  0.38963204622268677
51  0.3896268308162689
1211  0.3896229565143585
537  0.38961735367774963
245  0.38961532711982727
1577  0.38960331678390503
1425  0.3896009922027588
1759  0.3895937502384186
241  0.3895936906337738
233  0.38958314061164856
202  0.38956567645072937
1760  0.3895629644393921
1075  0.38955584168434143
1508  0.38955214619636536
1008  0.3895491361618042
69  0.3895435929298401
499  0.3895408511161804
1220  0.3895339071750641
627  0.3895294964313507
135  0.38951820135116577
646  0.3895142674446106
479  0.3895080089569092
621  0.3894995450973511
410  0.38949817419052124
1283  0.38949552178382874
684  0.3894928991794586
49  0.3894840478897095
298  0.3894825279712677
790  0.38947629928588867
1673  0.3894716203212738
1321  0.38946762681007385
1628  0.38946619629859924
307  0.3894592523574829
179  0.3894520103931427
605  0.38945046067237854
422  0.3894461691379547
777  0.3894321322441101
1666  0.38942402601242065
1178  0.38942378759384155
1499  0.3894173204898834
907  0.38941630721092224
1730  0.3894069790840149
1738  0.3894045054912567
6  0.3894021511077881
208  0.3893997371196747
37  0.3893992006778717
1716  0.3893980085849762
482  0.3893890976905823
134  0.389387309551239
1030  0.3893832862377167
1079  0.3893774747848511
1048  0.3893697261810303
783  0.3893676996231079
988  0.38936543464660645
604  0.3893585205078125
1252  0.3893491327762604
120  0.3893389403820038
1482  0.38933810591697693
973  0.3893378674983978
705  0.3893260657787323
1611  0.3893255889415741
1284  0.3893226385116577
490  0.38932231068611145
1230  0.3893200159072876
731  0.3893016576766968
150  0.389297753572464
618  0.38929641246795654
507  0.38927289843559265
612  0.38927289843559265
1418  0.38926661014556885
1456  0.3892630636692047
1012  0.3892624080181122
1704  0.3892574608325958
1544  0.38925647735595703
1176  0.3892495334148407
416  0.3892465829849243
1693  0.3892460763454437
1241  0.38921594619750977
306  0.3892124891281128
1206  0.38920411467552185
624  0.3892013728618622
102  0.38919350504875183
389  0.38918930292129517
595  0.3891861140727997
1339  0.3891778290271759
1497  0.38917768001556396
1246  0.3891759514808655
921  0.38917529582977295
497  0.38917434215545654
563  0.38914692401885986
1565  0.38913702964782715
974  0.38913601636886597
1420  0.38913455605506897
789  0.3891264796257019
1302  0.389125257730484
281  0.3891250789165497
1199  0.38911962509155273
48  0.3891189992427826
1383  0.38911715149879456
1436  0.38911405205726624
1057  0.3891046643257141
1631  0.3890988826751709
1411  0.3890925347805023
702  0.3890831172466278
1719  0.38908064365386963
243  0.3890640437602997
392  0.3890354633331299
1675  0.38903191685676575
625  0.3890293836593628
1748  0.38901251554489136
1102  0.3890019357204437
1024  0.3889929950237274
244  0.3889922499656677
885  0.3889654576778412
1528  0.38896048069000244
341  0.38895413279533386
748  0.3889526128768921
859  0.3889501392841339
1698  0.38894957304000854
491  0.3889385461807251
1043  0.3889337182044983
159  0.38892701268196106
1733  0.38892650604248047
1576  0.3889228403568268
1691  0.3889186382293701
984  0.3888985812664032
388  0.3888982832431793
1551  0.388896107673645
293  0.38889387249946594
1429  0.38888055086135864
983  0.388875275850296
558  0.38886985182762146
556  0.3888668715953827
538  0.3888545632362366
258  0.38885045051574707
997  0.3888455927371979
414  0.3888360857963562
1573  0.3888283371925354
1448  0.3888264298439026
80  0.38882604241371155
613  0.38881346583366394
1503  0.3888125717639923
1629  0.3887993097305298
952  0.3887970745563507
465  0.38879650831222534
1545  0.38879090547561646
1562  0.38878482580184937
1690  0.3887627124786377
1568  0.38875943422317505
75  0.38875412940979004
993  0.3887511193752289
1037  0.38874852657318115
544  0.38874369859695435
1067  0.38874346017837524
1566  0.38874316215515137
602  0.388742595911026
615  0.3887389898300171
110  0.3887362778186798
1221  0.3887321352958679
294  0.38871946930885315
871  0.3887147307395935
1656  0.3887116014957428
795  0.38871052861213684
209  0.38869380950927734
1088  0.388691782951355
43  0.38868826627731323
964  0.38868364691734314
1068  0.3886825144290924
451  0.38868242502212524
1028  0.38868120312690735
1676  0.3886798620223999
151  0.388674795627594
1479  0.38867276906967163
1688  0.38866984844207764
1591  0.38865166902542114
124  0.38864952325820923
1029  0.3886410892009735
642  0.3886317312717438
520  0.38863101601600647
660  0.38862860202789307
225  0.3886265456676483
290  0.38861989974975586
1605  0.3886191248893738
585  0.3886180818080902
1597  0.3886120021343231
439  0.38861164450645447
1267  0.3885861039161682
1665  0.38857194781303406
1428  0.38856416940689087
381  0.3885578215122223
228  0.38855716586112976
210  0.3885559141635895
1445  0.3885524570941925
1318  0.3885364532470703
141  0.3885349929332733
861  0.3885250985622406
1298  0.3885144293308258
227  0.3885118365287781
495  0.3885071575641632
1250  0.3885001838207245
985  0.38849639892578125
1712  0.38848572969436646
344  0.3884853720664978
265  0.38847973942756653
545  0.3884720206260681
426  0.38846808671951294
774  0.38846665620803833
663  0.388462632894516
706  0.3884545564651489
365  0.38845109939575195
1645  0.3884463608264923
580  0.3884403705596924
747  0.3884316086769104
1517  0.3884294331073761
100  0.3884253203868866
1480  0.3884240984916687
876  0.3884217441082001
1647  0.388420045375824
1692  0.3884159326553345
1632  0.38841089606285095
596  0.38840317726135254
144  0.3883841633796692
1627  0.38837844133377075
473  0.38837218284606934
509  0.3883719742298126
578  0.38837161660194397
337  0.38836869597435
561  0.3883613348007202
1443  0.38835176825523376
664  0.38835039734840393
7  0.3883470296859741
496  0.3883468210697174
1257  0.388336718082428
1388  0.38832882046699524
338  0.3883284628391266
1574  0.3883271813392639
301  0.3883252739906311
1282  0.38832521438598633
1723  0.3883209526538849
1376  0.3883199095726013
793  0.38831180334091187
614  0.38831087946891785
329  0.38830995559692383
321  0.38829725980758667
547  0.38829535245895386
121  0.3882879316806793
1070  0.3882863521575928
1658  0.38827547430992126
840  0.3882700204849243
1710  0.3882666826248169
1407  0.3882593512535095
434  0.3882565200328827
284  0.38825520873069763
1046  0.38823848962783813
1240  0.38821542263031006
174  0.3882085084915161
1236  0.3882085084915161
1242  0.3881959915161133
1336  0.3881867229938507
22  0.3881840705871582
366  0.3881809413433075
771  0.3881806433200836
1679  0.388165682554245
1074  0.38815855979919434
1630  0.3881557583808899
1324  0.38810795545578003
223  0.3881012499332428
1071  0.3880893886089325
1096  0.3880842924118042
927  0.3880840837955475
481  0.3880728781223297
620  0.38806432485580444
311  0.38806411623954773
1353  0.3880590796470642
395  0.3880586624145508
1349  0.38805025815963745
256  0.3880454897880554
1510  0.38804522156715393
123  0.3880442976951599
1614  0.38804396986961365
87  0.38804036378860474
1757  0.38804036378860474
955  0.3880378305912018
1622  0.38803690671920776
182  0.3880339562892914
633  0.3880254924297333
661  0.38802245259284973
356  0.38802066445350647
623  0.38799408078193665
1381  0.3879932463169098
1620  0.38798317313194275
50  0.3879825472831726
1638  0.38797518610954285
1697  0.38797280192375183
1580  0.38796958327293396
236  0.3879680633544922
1636  0.38796266913414
1536  0.3879561722278595
594  0.38795509934425354
675  0.3879472315311432
1377  0.3879452347755432
1664  0.3879208564758301
794  0.38791581988334656
357  0.3878970742225647
1247  0.3878805935382843
1526  0.38787972927093506
1557  0.3878673017024994
162  0.387863427400589
1437  0.387858510017395
489  0.38784903287887573
1212  0.3878467082977295
1725  0.3878428041934967
1646  0.3878343105316162
1637  0.38783007860183716
299  0.38782134652137756
1495  0.38781648874282837
1387  0.3878139555454254
904  0.3878115713596344
1514  0.3878104090690613
1013  0.3878049850463867
518  0.38780340552330017
1179  0.38780122995376587
1137  0.3877970278263092
38  0.3877921402454376
427  0.38778606057167053
1634  0.3877828121185303
626  0.3877789378166199
332  0.3877720534801483
238  0.38776904344558716
1442  0.38776883482933044
146  0.3877687454223633
1038  0.3877559304237366
163  0.38774311542510986
1320  0.3877401649951935
651  0.3877399265766144
588  0.387738436460495
1041  0.38773420453071594
1441  0.38772839307785034
1672  0.3877243101596832
1399  0.38771525025367737
1363  0.3877143859863281
480  0.38770776987075806
86  0.38769981265068054
322  0.3876953721046448
785  0.38768985867500305
1516  0.38768476247787476
1446  0.3876846134662628
271  0.38767537474632263
266  0.3876710534095764
83  0.38765421509742737
1541  0.3876444697380066
373  0.38763418793678284
1306  0.3876287341117859
1334  0.3876185417175293
1669  0.3876185417175293
1265  0.38760900497436523
464  0.38760077953338623
53  0.38758841156959534
330  0.3875626027584076
763  0.38755327463150024
229  0.3875483572483063
371  0.387544721364975
1045  0.3875434398651123
252  0.38753774762153625
592  0.3875372111797333
1504  0.38753563165664673
226  0.3875320255756378
235  0.3875318169593811
1496  0.3875316381454468
874  0.387508749961853
1728  0.3875056803226471
1204  0.3875007629394531
1103  0.38749420642852783
230  0.38748905062675476
460  0.38747474551200867
136  0.38747331500053406
1677  0.3874678313732147
435  0.38746723532676697
240  0.38746219873428345
215  0.3874511122703552
1263  0.3874436020851135
377  0.3874308466911316
300  0.38741618394851685
655  0.38741424679756165
591  0.3874097466468811
505  0.3874090909957886
1763  0.38740405440330505
1561  0.3873973786830902
1464  0.3873922824859619
1342  0.38739192485809326
1455  0.38738542795181274
1724  0.38738542795181274
84  0.38738441467285156
268  0.38738250732421875
1596  0.3873739540576935
1036  0.38735759258270264
1364  0.3873496949672699
315  0.38734734058380127
36  0.3873409926891327
1657  0.3873262405395508
406  0.3872981369495392
1624  0.387285977602005
1090  0.3872804641723633
716  0.38726258277893066
593  0.38725802302360535
1384  0.38725027441978455
1660  0.3872494399547577
1603  0.38724812865257263
1718  0.38724228739738464
1702  0.38721853494644165
1633  0.3872126042842865
1621  0.3872091770172119
1226  0.38719215989112854
1264  0.38718464970588684
1468  0.38717973232269287
1613  0.3871716558933258
405  0.38717058300971985
1505  0.3871668577194214
328  0.3871656060218811
1594  0.3870988190174103
772  0.3870875835418701
1488  0.3870818316936493
387  0.3870619535446167
468  0.38705646991729736
1661  0.3870498239994049
270  0.38703739643096924
540  0.3870270252227783
82  0.38700994849205017
1635  0.3870018720626831
178  0.3870016634464264
1398  0.3869969844818115
1372  0.38699600100517273
263  0.38699352741241455
603  0.38698795437812805
1747  0.3869836628437042
628  0.3869813084602356
364  0.386976957321167
1708  0.38697588443756104
599  0.38697350025177
1380  0.3869718909263611
101  0.38697025179862976
1360  0.3869623839855194
331  0.3869609832763672
313  0.38695719838142395
1444  0.3869551122188568
617  0.3869381844997406
517  0.38693690299987793
797  0.3869185745716095
1326  0.3869037628173828
1550  0.3869001567363739
1749  0.38689449429512024
339  0.3868851661682129
1494  0.3868820071220398
216  0.38687822222709656
1357  0.3868744373321533
1590  0.3868617117404938
1731  0.38685521483421326
601  0.38683968782424927
1310  0.38683968782424927
285  0.3868309557437897
1393  0.3868255019187927
418  0.38682428002357483
350  0.3868236541748047
522  0.3868200480937958
47  0.3868119418621063
559  0.38679882884025574
323  0.3867877125740051
282  0.386785089969635
1619  0.38677847385406494
510  0.38677141070365906
180  0.3867587149143219
524  0.386753648519516
1699  0.3867338299751282
1649  0.38673147559165955
181  0.3867083489894867
343  0.3866967558860779
1640  0.3866744339466095
784  0.3866541385650635
1454  0.386643648147583
1319  0.3866256773471832
419  0.3866240680217743
383  0.38661929965019226
654  0.38660505414009094
1721  0.38659432530403137
1467  0.386590838432312
440  0.3865854740142822
214  0.3865853250026703
314  0.38658520579338074
360  0.3865635097026825
213  0.38655734062194824
374  0.3865453600883484
543  0.38653817772865295
1335  0.3865313231945038
1639  0.38652533292770386
574  0.38652241230010986
1487  0.3865220546722412
1642  0.38652125000953674
455  0.38652077317237854
584  0.3865179419517517
1524  0.3865165710449219
295  0.3865152895450592
1762  0.3864886462688446
1449  0.38647255301475525
1358  0.3864687979221344
1432  0.3864501416683197
372  0.38642820715904236
1556  0.3864264190196991
653  0.38642463088035583
1598  0.38642027974128723
565  0.3864189386367798
1616  0.38641268014907837
1727  0.3864004611968994
685  0.38639429211616516
407  0.38638803362846375
1397  0.3863864839076996
1668  0.38638225197792053
289  0.38638171553611755
253  0.38637202978134155
346  0.3863566517829895
1579  0.38634708523750305
485  0.38633111119270325
542  0.3863180875778198
454  0.38630855083465576
1347  0.38629207015037537
453  0.38628891110420227
20  0.3862854838371277
291  0.38627496361732483
370  0.38627153635025024
1650  0.38626542687416077
1569  0.3862646222114563
394  0.386257529258728
349  0.38624703884124756
81  0.38623419404029846
1365  0.38623112440109253
776  0.38622182607650757
1228  0.3862195312976837
648  0.3861999809741974
326  0.3861847519874573
1703  0.3861815333366394
177  0.3861808478832245
420  0.38617846369743347
506  0.386166512966156
546  0.386153906583786
1529  0.386153906583786
607  0.38612523674964905
775  0.38612332940101624
1311  0.3861231803894043
503  0.3861222565174103
467  0.38611966371536255
1235  0.38610023260116577
1694  0.38609886169433594
1483  0.38609611988067627
391  0.386087566614151
1575  0.38607439398765564
1245  0.38606706261634827
1317  0.38605815172195435
1563  0.386044442653656
1343  0.3860282897949219
1369  0.38598722219467163
376  0.38597944378852844
292  0.38597771525382996
598  0.385951966047287
1227  0.3859494626522064
589  0.3859461843967438
397  0.38594019412994385
1431  0.38594019412994385
21  0.3859245777130127
203  0.3859236538410187
1720  0.385921448469162
296  0.3859145939350128
1493  0.385879784822464
1722  0.3858638107776642
1711  0.38585594296455383
386  0.3858400881290436
502  0.38583582639694214
1394  0.3858213424682617
355  0.3858199417591095
762  0.3858194053173065
327  0.3858138918876648
459  0.3858101963996887
1093  0.3858060836791992
714  0.38580599427223206
511  0.3858024775981903
1667  0.38579878211021423
1341  0.3857901990413666
1124  0.3857698142528534
523  0.38573774695396423
1325  0.38572436571121216
1570  0.38571271300315857
1089  0.3857051730155945
456  0.3856981694698334
905  0.38569191098213196
906  0.38568320870399475
269  0.38568052649497986
1625  0.3856610655784607
1010  0.38566064834594727
378  0.3856399655342102
1687  0.38563352823257446
761  0.38559937477111816
1438  0.38559114933013916
529  0.38559073209762573
1589  0.3855893909931183
390  0.3855797350406647
1453  0.3855311870574951
562  0.3855236768722534
1500  0.38550475239753723
788  0.385494202375412
1042  0.3854883015155792
1670  0.38548675179481506
257  0.38548484444618225
1040  0.3854823708534241
246  0.38547641038894653
1011  0.385469913482666
1506  0.38544636964797974
409  0.3854341208934784
981  0.3854207992553711
1552  0.38539913296699524
1602  0.38539770245552063
669  0.385387659072876
1323  0.38536790013313293
1734  0.3853589594364166
403  0.38534626364707947
352  0.3853454291820526
1571  0.3853408992290497
1700  0.3853355944156647
279  0.38532552123069763
79  0.38532400131225586
320  0.38530233502388
1435  0.38528504967689514
217  0.3852614462375641
770  0.38523969054222107
1525  0.38522398471832275
1680  0.38522106409072876
486  0.38520780205726624
514  0.38517099618911743
1408  0.38515332341194153
541  0.3851512372493744
176  0.3851511776447296
1434  0.3851293623447418
1713  0.3851220905780792
1682  0.3851182162761688
251  0.3851171135902405
638  0.38510605692863464
382  0.3850919008255005
1452  0.38509121537208557
1681  0.38508766889572144
1440  0.38507720828056335
1643  0.38507312536239624
452  0.38504722714424133
1671  0.3850434720516205
1427  0.38499730825424194
787  0.3849951922893524
1735  0.3849838674068451
1715  0.3849819004535675
1486  0.3849817216396332
1474  0.3849535584449768
786  0.38492196798324585
333  0.3849070966243744
1572  0.3849022388458252
670  0.38487333059310913
715  0.3848719000816345
458  0.3848665952682495
1346  0.3848518431186676
564  0.38483163714408875
527  0.38481467962265015
287  0.3848084807395935
1732  0.38480207324028015
1509  0.38479146361351013
237  0.3847793936729431
576  0.38475582003593445
1601  0.38475391268730164
1385  0.3847496211528778
319  0.3847409188747406
560  0.3847091794013977
1091  0.3846653401851654
404  0.3846498131752014
1466  0.3846299350261688
1426  0.38460785150527954
573  0.3845905065536499
52  0.3845694959163666
205  0.38455283641815186
1371  0.3845497667789459
393  0.38454198837280273
457  0.3845055401325226
1312  0.38450348377227783
324  0.3844999670982361
417  0.3844909369945526
297  0.38447582721710205
513  0.38447272777557373
483  0.3844570219516754
528  0.38445016741752625
286  0.3844467103481293
1678  0.3844393491744995
1612  0.38443899154663086
334  0.38443461060523987
1386  0.38438141345977783
239  0.38435128331184387
316  0.38434866070747375
1489  0.3843485414981842
1615  0.3843482732772827
1542  0.3843402862548828
512  0.38433870673179626
572  0.38433703780174255
487  0.38432320952415466
1447  0.3843064308166504
501  0.3843042552471161
385  0.3842960000038147
335  0.3842768371105194
1395  0.3842744529247284
408  0.38421714305877686
530  0.3841676115989685
1484  0.3841589391231537
206  0.3841366171836853
1599  0.38411158323287964
516  0.38406914472579956
248  0.3840491771697998
396  0.3840048611164093
1205  0.38399946689605713
1737  0.38399478793144226
1390  0.3839739263057709
354  0.3839612901210785
1502  0.3839181363582611
437  0.3839120864868164
438  0.3838570713996887
1354  0.38383591175079346
539  0.3838269114494324
375  0.3838186264038086
247  0.3838135898113251
1475  0.38380759954452515
250  0.38374972343444824
325  0.38373738527297974
348  0.3837212920188904
379  0.3837106227874756
577  0.3836706578731537
1451  0.3836556673049927
668  0.383628785610199
400  0.38358211517333984
318  0.3835705518722534
1322  0.3835351765155792
504  0.3835303485393524
1549  0.3835231363773346
175  0.3834880590438843
288  0.3834512531757355
249  0.38343358039855957
1736  0.3833961486816406
1391  0.38334226608276367
515  0.38332661986351013
1450  0.3833218514919281
1485  0.3832889497280121
278  0.3832606077194214
1368  0.3832476735115051
401  0.38319072127342224
398  0.3831336200237274
1714  0.3831334412097931
1244  0.3831089735031128
1243  0.3830784857273102
317  0.38292258977890015
361  0.38280045986175537
363  0.38280025124549866
526  0.3827926516532898
1465  0.38274240493774414
1439  0.38271382451057434
466  0.38270092010498047
525  0.3826363980770111
1471  0.3826272487640381
666  0.3826109766960144
1641  0.38260456919670105
1701  0.38257524371147156
1547  0.38254693150520325
1685  0.3825315535068512
484  0.3825015723705292
1396  0.3824569582939148
667  0.3824566900730133
608  0.3824521005153656
1501  0.3823167085647583
1709  0.38219836354255676
1370  0.38212141394615173
384  0.3821044862270355
1344  0.38210445642471313
353  0.38208168745040894
1683  0.3820056915283203
1606  0.38195037841796875
1543  0.3818783760070801
351  0.38180965185165405
1600  0.3816673159599304
1356  0.381523996591568
1473  0.3815004229545593
204  0.381388396024704
1548  0.3812945485115051
1469  0.38124871253967285
1476  0.38111528754234314
1472  0.38095444440841675
345  0.38094303011894226
399  0.3809058964252472
488  0.38065865635871887
1092  0.3805367648601532
665  0.380441814661026
402  0.38003167510032654
1355  0.37998533248901367
590  0.379741907119751
1367  0.3797077238559723
1345  0.3794463276863098
1392  0.37927570939064026
1684  0.37908217310905457
362  0.3790355920791626
1366  0.3789333999156952
347  0.37834835052490234
1470  0.37721163034439087
