871  0.16229064762592316
1316  0.16207760572433472
1326  0.16205501556396484
1569  0.16204491257667542
157  0.16202014684677124
859  0.16201256215572357
1206  0.16200712323188782
1030  0.16199535131454468
704  0.161955326795578
835  0.16195011138916016
228  0.1619470715522766
39  0.16193722188472748
1076  0.16192969679832458
1141  0.1619248390197754
1608  0.16192202270030975
1567  0.16192106902599335
1175  0.1619136482477188
1008  0.16188862919807434
1056  0.16187933087348938
795  0.1618693321943283
341  0.1618489921092987
1775  0.1618259847164154
566  0.1618061661720276
1278  0.16180011630058289
1036  0.16178223490715027
98  0.16177025437355042
1454  0.16176466643810272
1430  0.1617605984210968
1510  0.16174925863742828
586  0.16174909472465515
16  0.1617433726787567
73  0.16173210740089417
1302  0.1617288589477539
1577  0.16172444820404053
288  0.1617240607738495
591  0.16172391176223755
1001  0.16172100603580475
1055  0.16171322762966156
762  0.1617089956998825
696  0.1617080420255661
1019  0.1617031842470169
846  0.16169817745685577
1338  0.16169476509094238
1722  0.16169212758541107
161  0.16167189180850983
1437  0.16166670620441437
691  0.16166560351848602
1679  0.16166530549526215
1233  0.16166119277477264
672  0.16165609657764435
841  0.16165608167648315
936  0.16165167093276978
1187  0.1616465300321579
1070  0.16164274513721466
180  0.1616414189338684
994  0.16163301467895508
140  0.161624014377594
49  0.16162380576133728
466  0.16162101924419403
120  0.16161586344242096
1573  0.1616089940071106
671  0.16160328686237335
1386  0.16160057485103607
1431  0.1615779995918274
1667  0.16157294809818268
897  0.16157229244709015
1201  0.1615503430366516
441  0.1615501344203949
1596  0.1615273356437683
1087  0.16151976585388184
1584  0.16151683032512665
277  0.16150900721549988
407  0.16150718927383423
1102  0.16150391101837158
19  0.16150234639644623
258  0.16149520874023438
1426  0.1614941507577896
707  0.16149304807186127
667  0.16149133443832397
487  0.16148878633975983
845  0.16148608922958374
1248  0.16148556768894196
1103  0.16148509085178375
1263  0.16148407757282257
1219  0.16148288547992706
393  0.16147838532924652
1566  0.1614697277545929
945  0.161466583609581
682  0.16146251559257507
531  0.1614581197500229
953  0.1614551991224289
761  0.16145378351211548
1018  0.16144856810569763
1254  0.16144634783267975
399  0.16144055128097534
890  0.16143955290317535
403  0.16143296658992767
780  0.16142688691616058
633  0.1614222675561905
1005  0.16141919791698456
321  0.161417618393898
326  0.1614169329404831
144  0.16141657531261444
1126  0.16141119599342346
830  0.16141003370285034
1095  0.16140881180763245
926  0.16140568256378174
1235  0.16140440106391907
1234  0.16140341758728027
1238  0.16139857470989227
932  0.16139593720436096
843  0.16139432787895203
1143  0.1613936871290207
80  0.16139337420463562
71  0.1613892912864685
969  0.16138499975204468
1611  0.16138355433940887
137  0.1613818258047104
1212  0.16138145327568054
1129  0.16138096153736115
337  0.1613772064447403
1627  0.16137650609016418
1164  0.16137486696243286
728  0.1613742709159851
1548  0.16136813163757324
929  0.16136352717876434
1287  0.16136227548122406
325  0.16135907173156738
468  0.16135722398757935
1304  0.16135670244693756
1046  0.16135603189468384
644  0.16135291755199432
257  0.16134420037269592
184  0.16134239733219147
894  0.16133694350719452
1204  0.16133469343185425
976  0.1613335907459259
645  0.16133049130439758
1178  0.16132807731628418
424  0.16132701933383942
1549  0.1613268405199051
32  0.16132476925849915
219  0.1613236665725708
15  0.1613231748342514
214  0.16132059693336487
968  0.1613178849220276
1463  0.16131630539894104
721  0.16131478548049927
781  0.16131150722503662
1523  0.16131043434143066
1147  0.1613079011440277
1743  0.16129930317401886
154  0.1612977683544159
1592  0.16129642724990845
1064  0.16129615902900696
1306  0.1612928956747055
83  0.16128946840763092
692  0.1612883359193802
661  0.1612870842218399
627  0.16128644347190857
226  0.16128559410572052
1416  0.16128508746623993
1144  0.16128475964069366
256  0.16128163039684296
545  0.16127943992614746
1122  0.16127943992614746
20  0.16127820312976837
590  0.1612776815891266
367  0.16127696633338928
583  0.16127517819404602
461  0.1612745225429535
1582  0.16127322614192963
109  0.1612725704908371
513  0.1612720638513565
1176  0.16127172112464905
439  0.16126753389835358
1265  0.16126634180545807
912  0.1612630933523178
24  0.1612628996372223
1653  0.16125747561454773
376  0.1612558811903
579  0.16125521063804626
1443  0.16125211119651794
75  0.16125106811523438
1073  0.16124990582466125
1512  0.16124951839447021
1681  0.1612493097782135
1031  0.16124850511550903
1257  0.16124357283115387
1689  0.16124297678470612
1289  0.16124244034290314
1181  0.16124115884304047
306  0.1612408310174942
464  0.16124051809310913
650  0.16124039888381958
571  0.1612403243780136
552  0.16123850643634796
386  0.1612383872270584
1413  0.1612366884946823
415  0.1612362116575241
1675  0.1612347811460495
458  0.16123466193675995
79  0.16123411059379578
38  0.1612311452627182
254  0.16122694313526154
1015  0.16122658550739288
111  0.16122636198997498
792  0.1612250953912735
1260  0.16121995449066162
1300  0.16121956706047058
931  0.16121943295001984
1533  0.16121791303157806
988  0.16121719777584076
853  0.16121622920036316
787  0.16121582686901093
1492  0.16121573746204376
1579  0.16121487319469452
1688  0.16121472418308258
275  0.16121159493923187
1432  0.16121073067188263
1344  0.1612091362476349
1194  0.16120891273021698
1221  0.16120849549770355
1274  0.16120849549770355
773  0.16120825707912445
1237  0.16120781004428864
1734  0.1612074077129364
1408  0.1612064689397812
498  0.1612052321434021
1114  0.1612052321434021
895  0.16120482981204987
798  0.16120435297489166
668  0.16120369732379913
1185  0.16120369732379913
1744  0.1611979603767395
702  0.1611955314874649
1389  0.16119493544101715
1459  0.1611945778131485
797  0.16119353473186493
791  0.16119305789470673
991  0.1611911952495575
470  0.16119053959846497
908  0.1611897200345993
1017  0.16118939220905304
828  0.16118715703487396
1460  0.16118480265140533
1090  0.16118472814559937
986  0.16118362545967102
985  0.16118265688419342
11  0.16118253767490387
145  0.1611812859773636
1026  0.16118080914020538
864  0.1611776500940323
126  0.1611734926700592
949  0.16117170453071594
742  0.1611708402633667
621  0.16117066144943237
858  0.16117018461227417
1384  0.16116856038570404
405  0.1611679047346115
1217  0.16116611659526825
943  0.16116538643836975
919  0.1611650288105011
705  0.1611645519733429
713  0.16116417944431305
653  0.16116301715373993
1203  0.16116143763065338
788  0.16115714609622955
725  0.16115634143352509
267  0.16115611791610718
1268  0.16115322709083557
286  0.16115301847457886
889  0.16115109622478485
688  0.1611497402191162
477  0.16114915907382965
689  0.16114893555641174
635  0.1611478328704834
724  0.16114653646945953
250  0.16114257276058197
996  0.16114144027233124
1547  0.161140576004982
736  0.1611400991678238
1245  0.16113770008087158
1570  0.16113482415676117
907  0.1611345261335373
928  0.1611333042383194
1606  0.16113285720348358
738  0.16112950444221497
1764  0.16112935543060303
1280  0.16112612187862396
1305  0.16112495958805084
786  0.16112379729747772
1458  0.1611211597919464
232  0.1611182987689972
1607  0.1611175239086151
1538  0.16111640632152557
665  0.1611151397228241
59  0.1611144244670868
1320  0.16111290454864502
323  0.16111187636852264
1461  0.16110697388648987
44  0.16110514104366302
746  0.16110152006149292
1687  0.16110149025917053
1170  0.1610994040966034
429  0.16109798848628998
680  0.16109350323677063
981  0.16109305620193481
1182  0.1610926240682602
1192  0.16109216213226318
1376  0.16109144687652588
17  0.16108885407447815
510  0.16108828783035278
769  0.1610874980688095
892  0.16108714044094086
427  0.16108626127243042
997  0.16108521819114685
916  0.16108325123786926
1334  0.16108235716819763
356  0.1610804945230484
1269  0.16107942163944244
942  0.1610783189535141
815  0.16107787191867828
1016  0.16107717156410217
961  0.16107575595378876
1565  0.16107574105262756
222  0.16107513010501862
1068  0.16107425093650818
816  0.16107381880283356
1319  0.16107282042503357
737  0.16107171773910522
447  0.16107133030891418
1080  0.16107109189033508
327  0.1610705703496933
1543  0.16106949746608734
1746  0.16106949746608734
1283  0.1610681712627411
43  0.1610674262046814
956  0.16106708347797394
1258  0.16106657683849335
1199  0.1610657274723053
1719  0.16106513142585754
1142  0.16106490790843964
1632  0.16106434166431427
349  0.16106349229812622
1325  0.16106347739696503
1010  0.16106276214122772
1651  0.1610618531703949
541  0.161061629652977
1083  0.16106151044368744
899  0.16106142103672028
84  0.16106058657169342
374  0.16105835139751434
886  0.16105784475803375
1768  0.16105718910694122
686  0.1610567569732666
299  0.1610565334558487
372  0.16105538606643677
1042  0.16105319559574127
1112  0.16105058789253235
331  0.16104431450366974
1669  0.1610436886548996
1244  0.16104339063167572
1513  0.16104118525981903
770  0.16103921830654144
759  0.16103634238243103
914  0.16103383898735046
146  0.1610332876443863
789  0.1610332578420639
1063  0.16103124618530273
555  0.1610299050807953
328  0.16102604568004608
204  0.1610223799943924
115  0.16102121770381927
1442  0.161020889878273
1078  0.16102060675621033
1552  0.16102060675621033
880  0.1610204428434372
1088  0.1610201895236969
1292  0.16101767122745514
873  0.16101758182048798
1593  0.1610165685415268
322  0.1610165536403656
465  0.1610160619020462
1769  0.16101597249507904
1581  0.161014124751091
1670  0.16101039946079254
557  0.1610090732574463
554  0.1610078513622284
478  0.1610075682401657
618  0.16100749373435974
352  0.16100643575191498
23  0.16100621223449707
1271  0.16100388765335083
1383  0.161002054810524
246  0.16100198030471802
1545  0.16099955141544342
1424  0.16099825501441956
136  0.1609974503517151
1052  0.16099713742733002
687  0.16099606454372406
726  0.16099470853805542
1751  0.1609940081834793
1296  0.16099311411380768
1125  0.16099287569522858
1291  0.1609925925731659
186  0.16099239885807037
27  0.16099168360233307
103  0.16099047660827637
344  0.16099043190479279
1136  0.16098962724208832
1037  0.1609894186258316
199  0.16098907589912415
1  0.16098707914352417
1174  0.160984069108963
755  0.1609836369752884
1738  0.16098250448703766
1145  0.1609819233417511
1253  0.16098088026046753
674  0.16098037362098694
1197  0.16097931563854218
839  0.1609790325164795
107  0.16097837686538696
731  0.16097676753997803
948  0.16097500920295715
751  0.16097480058670044
765  0.1609737128019333
5  0.16097164154052734
1674  0.16097120940685272
1555  0.1609708070755005
179  0.16097058355808258
1071  0.16097036004066467
921  0.16097013652324677
1594  0.16096924245357513
502  0.16096888482570648
396  0.16096869111061096
974  0.16096581518650055
1605  0.16096514463424683
1232  0.16096344590187073
938  0.16096240282058716
1098  0.16096225380897522
1261  0.16096144914627075
25  0.16096116602420807
130  0.16095897555351257
1574  0.16095855832099915
1089  0.16095766425132751
659  0.1609574556350708
449  0.16095703840255737
102  0.16095378994941711
1127  0.16095378994941711
76  0.16095338761806488
1524  0.16095282137393951
900  0.16095221042633057
593  0.1609499603509903
533  0.16094933450222015
1011  0.16094869375228882
1066  0.16094838082790375
902  0.16094756126403809
1228  0.16094636917114258
40  0.16094478964805603
265  0.16094359755516052
362  0.16094353795051575
903  0.16094273328781128
1484  0.16094166040420532
311  0.16094094514846802
1033  0.16093726456165314
1380  0.1609353870153427
524  0.1609351933002472
568  0.1609351933002472
730  0.16093415021896362
570  0.16093358397483826
1188  0.16093285381793976
279  0.16093076765537262
1417  0.1609306037425995
866  0.16093048453330994
821  0.16092629730701447
96  0.1609242558479309
867  0.1609237790107727
1172  0.16092297434806824
848  0.1609221249818802
850  0.16092178225517273
1559  0.160920649766922
550  0.1609196811914444
128  0.1609189808368683
849  0.16091804206371307
1282  0.1609179526567459
3  0.16091780364513397
822  0.1609175056219101
520  0.1609174609184265
869  0.16091744601726532
990  0.16091729700565338
1414  0.16091479361057281
896  0.16091413795948029
29  0.16091369092464447
1536  0.16091273725032806
192  0.1609126329421997
377  0.16091203689575195
259  0.16091181337833405
282  0.1609092801809311
749  0.1609046906232834
901  0.1609044224023819
847  0.1609039157629013
865  0.16090120375156403
1093  0.16090115904808044
35  0.16090050339698792
768  0.1609000861644745
1022  0.16089804470539093
820  0.16089683771133423
549  0.16089679300785065
729  0.1608966439962387
655  0.16089656949043274
385  0.160896435379982
416  0.16089561581611633
1657  0.16089552640914917
255  0.16089537739753723
1012  0.16089490056037903
225  0.16089487075805664
1729  0.16089396178722382
142  0.16089332103729248
750  0.16089178621768951
1024  0.16088886559009552
966  0.16088400781154633
446  0.16088318824768066
1707  0.1608831137418747
1612  0.1608816385269165
1455  0.1608809530735016
266  0.1608794927597046
544  0.16087931394577026
28  0.16087764501571655
1343  0.16087698936462402
534  0.16087642312049866
1418  0.16087549924850464
1479  0.16087542474269867
654  0.16087426245212555
518  0.1608741134405136
1601  0.16087397933006287
808  0.1608739197254181
1724  0.16087369620800018
1035  0.16087356209754944
1630  0.16087184846401215
171  0.16087162494659424
944  0.16087080538272858
117  0.16086968779563904
1065  0.1608695089817047
739  0.16086885333061218
1275  0.16086837649345398
1104  0.16086836159229279
940  0.1608683168888092
47  0.16086746752262115
1704  0.16086436808109283
785  0.16086390614509583
910  0.16086357831954956
414  0.1608627736568451
284  0.1608617752790451
340  0.1608610302209854
1572  0.16086044907569885
1715  0.16085736453533173
1167  0.16085349023342133
1558  0.1608530730009079
77  0.16085271537303925
268  0.16085189580917358
124  0.16085116565227509
1050  0.16085055470466614
293  0.16085022687911987
1531  0.16084837913513184
608  0.16084729135036469
1230  0.16084660589694977
1173  0.16084639728069305
1706  0.16084492206573486
1100  0.1608448028564453
1678  0.16084328293800354
1137  0.16084299981594086
1028  0.16084256768226624
339  0.16084232926368713
93  0.16083969175815582
139  0.16083918511867523
378  0.16083842515945435
1061  0.16083838045597076
1216  0.1608378291130066
1003  0.1608363538980484
1583  0.16083446145057678
999  0.16083434224128723
1121  0.16083429753780365
1580  0.1608339250087738
1501  0.16083377599716187
1054  0.1608329713344574
1374  0.1608322113752365
354  0.16083002090454102
162  0.16082994639873505
735  0.1608295887708664
826  0.160829558968544
398  0.16082951426506042
1327  0.16082926094532013
1550  0.16082905232906342
1138  0.1608285754919052
1132  0.16082653403282166
200  0.16082628071308136
4  0.16082510352134705
963  0.1608203649520874
241  0.16081902384757996
521  0.16081862151622772
1021  0.16081860661506653
410  0.16081857681274414
906  0.1608184576034546
1404  0.1608184427022934
264  0.16081780195236206
308  0.160817489027977
923  0.16081692278385162
320  0.16081582009792328
292  0.16081556677818298
649  0.16081438958644867
1290  0.16081437468528748
1396  0.16081412136554718
1303  0.16081400215625763
379  0.16081330180168152
125  0.1608128696680069
253  0.16081109642982483
581  0.16080963611602783
473  0.16080637276172638
588  0.16080565750598907
833  0.1608041375875473
481  0.16080342233181
868  0.16080331802368164
1700  0.1608031690120697
1259  0.16080190241336823
418  0.1607997864484787
1109  0.1607997715473175
1476  0.16079945862293243
629  0.16079935431480408
1020  0.1607973575592041
1551  0.16079705953598022
501  0.16079680621623993
420  0.16079626977443695
187  0.16079625487327576
732  0.1607956737279892
191  0.1607953906059265
41  0.16079527139663696
1226  0.16079513728618622
1277  0.16079266369342804
1500  0.16079027950763702
957  0.16079024970531464
1506  0.1607901006937027
48  0.16078756749629974
862  0.16078747808933258
628  0.16078703105449677
314  0.16078510880470276
13  0.1607844978570938
1091  0.16078172624111176
61  0.16078132390975952
368  0.160781130194664
119  0.16078081727027893
710  0.16078068315982819
1249  0.16077972948551178
463  0.16077955067157745
316  0.1607794165611267
176  0.16077850759029388
1686  0.1607784628868103
1433  0.1607779562473297
905  0.1607777178287506
810  0.16077639162540436
160  0.1607757806777954
827  0.16077403724193573
1130  0.16077400743961334
178  0.16077207028865814
380  0.16077148914337158
346  0.16077041625976562
1183  0.16076992452144623
99  0.16076794266700745
1189  0.1607644110918045
1534  0.16076387465000153
1243  0.16076357662677765
1039  0.16076287627220154
1318  0.16075997054576874
878  0.16075994074344635
1468  0.16075989603996277
1168  0.16075986623764038
939  0.16075961291790009
1240  0.16075924038887024
229  0.16075889766216278
1631  0.1607578992843628
766  0.16075706481933594
310  0.16075563430786133
476  0.1607552021741867
714  0.1607549637556076
683  0.16075438261032104
782  0.16075338423252106
1618  0.1607532799243927
89  0.16075313091278076
898  0.16075289249420166
312  0.1607523262500763
409  0.1607523262500763
622  0.16075226664543152
941  0.16075001657009125
875  0.16074971854686737
1043  0.1607491374015808
522  0.16074900329113007
298  0.16074872016906738
1745  0.16074691712856293
1502  0.16074605286121368
1475  0.16074565052986145
475  0.16074521839618683
1391  0.16074517369270325
1202  0.16074463725090027
338  0.16074366867542267
1448  0.16074267029762268
605  0.16074247658252716
511  0.16074147820472717
363  0.16073954105377197
1301  0.16073772311210632
740  0.1607368439435959
883  0.1607367992401123
1648  0.16073648631572723
684  0.16073641180992126
1693  0.16073520481586456
1641  0.16073498129844666
300  0.1607348471879959
1664  0.16073477268218994
594  0.16073450446128845
1755  0.16073273122310638
1169  0.16073130071163177
1642  0.1607310175895691
823  0.1607302874326706
1708  0.1607298105955124
1208  0.1607290655374527
271  0.1607268899679184
1634  0.16072684526443481
1049  0.16072462499141693
1622  0.16072410345077515
1180  0.16072367131710052
197  0.16072361171245575
1330  0.16072197258472443
1149  0.16072115302085876
569  0.16071884334087372
1299  0.16071857511997223
1308  0.1607157588005066
302  0.16071553528308868
165  0.1607152372598648
1004  0.160714790225029
1717  0.16071441769599915
1372  0.16071376204490662
529  0.16071313619613647
1640  0.1607131063938141
1006  0.16071291267871857
670  0.16071242094039917
371  0.1607109010219574
1272  0.16070973873138428
175  0.1607089787721634
562  0.1607084572315216
610  0.16070795059204102
634  0.16070623695850372
972  0.16070468723773956
1516  0.16070404648780823
1029  0.16070227324962616
639  0.16070084273815155
1405  0.1606994867324829
269  0.16069860756397247
946  0.16069860756397247
1526  0.1606982797384262
206  0.1606975644826889
1725  0.16069726645946503
1146  0.16069704294204712
1759  0.16069473326206207
1295  0.1606944501399994
1773  0.16069436073303223
370  0.1606941819190979
148  0.16069269180297852
62  0.16069239377975464
91  0.16069185733795166
391  0.16069169342517853
1107  0.1606915295124054
690  0.16069084405899048
1495  0.16069075465202332
844  0.16068938374519348
837  0.16068816184997559
1752  0.16068711876869202
381  0.16068555414676666
601  0.16068288683891296
1684  0.16068238019943237
1421  0.16068202257156372
1617  0.16068150103092194
1040  0.16068068146705627
1077  0.1606803834438324
132  0.1606796681880951
924  0.16067944467067719
1284  0.16067861020565033
364  0.1606779843568802
1324  0.16067777574062347
105  0.1606748253107071
453  0.16067424416542053
1310  0.16067424416542053
260  0.16067418456077576
744  0.1606728434562683
1105  0.16067232191562653
1434  0.1606721431016922
181  0.16067171096801758
454  0.1606716364622116
825  0.16067014634609222
1116  0.16066986322402954
202  0.16066980361938477
22  0.16066889464855194
1346  0.16066822409629822
548  0.1606667935848236
664  0.16066546738147736
1060  0.1606641262769699
699  0.16066408157348633
174  0.16066314280033112
1241  0.16066236793994904
1148  0.16066116094589233
1388  0.1606602966785431
1067  0.160660058259964
1714  0.16065900027751923
243  0.16065892577171326
450  0.16065816581249237
357  0.1606578677892685
110  0.1606551706790924
741  0.16065511107444763
1489  0.16065391898155212
1544  0.16065308451652527
169  0.16065265238285065
223  0.16065016388893127
451  0.16065002977848053
1293  0.16064879298210144
436  0.16064627468585968
784  0.16064609587192535
417  0.16064561903476715
1365  0.1606435626745224
278  0.16064247488975525
1377  0.1606420874595642
1469  0.16064207255840302
467  0.1606418639421463
1198  0.1606411635875702
962  0.1606408953666687
133  0.16064052283763885
984  0.16063906252384186
1357  0.16063901782035828
188  0.16063833236694336
1220  0.16063794493675232
1193  0.1606370359659195
1429  0.16063638031482697
1115  0.16063636541366577
909  0.16063593327999115
1721  0.16063499450683594
771  0.16063296794891357
92  0.1606309711933136
801  0.16063082218170166
1401  0.16063031554222107
1367  0.16062819957733154
1520  0.16062700748443604
1621  0.16062620282173157
1400  0.16062438488006592
1123  0.1606236696243286
925  0.16062191128730774
343  0.16062167286872864
462  0.16062010824680328
138  0.16061988472938538
619  0.16061970591545105
1677  0.1606193482875824
97  0.16061848402023315
1638  0.1606181412935257
1191  0.16061802208423615
716  0.16061414778232574
917  0.16061408817768097
778  0.1606137454509735
647  0.1606135368347168
1256  0.16061276197433472
1451  0.1606125831604004
230  0.1606111377477646
700  0.16061046719551086
832  0.1606098711490631
1626  0.16060927510261536
397  0.1606091558933258
800  0.16060875356197357
290  0.16060850024223328
913  0.16060850024223328
455  0.16060848534107208
114  0.16060814261436462
794  0.16060791909694672
1445  0.16060759127140045
887  0.16060589253902435
296  0.1606050431728363
1082  0.1606048345565796
108  0.16060444712638855
1119  0.16060392558574677
1218  0.16060294210910797
438  0.16060200333595276
636  0.16060157120227814
150  0.1606011986732483
9  0.16060103476047516
10  0.16060005128383636
141  0.16059966385364532
472  0.16059920191764832
7  0.16059772670269012
757  0.16059757769107819
301  0.16059742867946625
1540  0.16059723496437073
1252  0.16059711575508118
1315  0.16059553623199463
1124  0.16059479117393494
1497  0.1605946272611618
159  0.16059356927871704
494  0.1605934351682663
556  0.16059286892414093
675  0.1605914980173111
1537  0.1605907529592514
760  0.1605885773897171
1481  0.16058753430843353
831  0.16058628261089325
506  0.1605851650238037
78  0.16058318316936493
698  0.16058124601840973
973  0.16058020293712616
1007  0.1605796217918396
676  0.1605788767337799
1255  0.16057859361171722
488  0.16057808697223663
134  0.1605778932571411
838  0.1605774164199829
1709  0.1605764776468277
1161  0.16057462990283966
106  0.16057422757148743
1364  0.16057418286800385
660  0.16057218611240387
861  0.16057157516479492
1511  0.16057127714157104
101  0.16056855022907257
1053  0.16056735813617706
874  0.16056685149669647
68  0.16056515276432037
240  0.16056501865386963
189  0.16056495904922485
1092  0.1605640947818756
425  0.16056077182292938
315  0.1605604737997055
1307  0.1605604588985443
395  0.16056017577648163
1264  0.16055996716022491
1186  0.16055923700332642
1184  0.1605590134859085
1099  0.1605582982301712
1294  0.16055800020694733
1000  0.16055607795715332
774  0.16055315732955933
1023  0.16055312752723694
252  0.16055245697498322
1153  0.16055241227149963
201  0.16055190563201904
772  0.16055187582969666
350  0.16055183112621307
811  0.1605515480041504
445  0.1605502963066101
1647  0.16055026650428772
490  0.16054993867874146
413  0.160548597574234
172  0.16054823994636536
1222  0.1605481207370758
1154  0.16054776310920715
812  0.16054682433605194
1133  0.16054652631282806
57  0.160546213388443
980  0.16054615378379822
1359  0.16054615378379822
1160  0.16054534912109375
1273  0.1605428010225296
1425  0.1605425775051117
1732  0.16054245829582214
384  0.16054145991802216
382  0.16054095327854156
1336  0.16054078936576843
712  0.16054055094718933
720  0.16054043173789978
443  0.1605401486158371
1527  0.1605391651391983
829  0.16053912043571472
1615  0.16053812205791473
1382  0.1605369597673416
1355  0.16053692996501923
657  0.1605345904827118
620  0.16053368151187897
31  0.160533607006073
333  0.16053295135498047
56  0.1605326384305954
1602  0.16053201258182526
706  0.16053171455860138
499  0.16052915155887604
1081  0.160525381565094
809  0.1605246514081955
431  0.16052109003067017
12  0.16051903367042542
790  0.16051900386810303
734  0.16051848232746124
345  0.16051845252513885
1694  0.16051845252513885
1163  0.16051822900772095
584  0.16051803529262543
783  0.16051702201366425
1760  0.1605159491300583
70  0.16051562130451202
993  0.16051515936851501
1620  0.16051360964775085
715  0.16051147878170013
283  0.16051097214221954
261  0.1605106145143509
408  0.1605106145143509
805  0.1605106145143509
383  0.16051024198532104
1507  0.16050921380519867
164  0.1605089008808136
1494  0.160508394241333
21  0.16050760447978973
432  0.16050711274147034
1695  0.16050681471824646
295  0.16050654649734497
1072  0.16050642728805542
1214  0.16050583124160767
198  0.16050437092781067
663  0.1605023592710495
975  0.1605013608932495
669  0.16050085425376892
51  0.1604994684457779
244  0.16049908101558685
369  0.16049902141094208
1474  0.16049838066101074
722  0.16049668192863464
1358  0.1604965180158615
1032  0.16049645841121674
1335  0.16049614548683167
1051  0.16049562394618988
353  0.16049343347549438
743  0.16049262881278992
611  0.16048823297023773
1690  0.1604880839586258
842  0.1604880690574646
930  0.16048796474933624
400  0.16048768162727356
1762  0.1604873090982437
72  0.160487100481987
1331  0.16048632562160492
1379  0.16048598289489746
1509  0.1604849249124527
297  0.16048334538936615
598  0.16048331558704376
1150  0.16048331558704376
245  0.16048194468021393
485  0.1604810655117035
1190  0.1604808121919632
90  0.1604800969362259
85  0.1604796200990677
745  0.1604788899421692
1171  0.1604788452386856
1297  0.16047832369804382
37  0.16047827899456024
227  0.16047817468643188
1041  0.16047777235507965
1247  0.1604771912097931
918  0.1604771614074707
423  0.16047628223896027
1624  0.160475954413414
309  0.16047526895999908
469  0.16047413647174835
1435  0.16047337651252747
855  0.16047316789627075
777  0.16047248244285583
603  0.16047218441963196
348  0.16047203540802002
496  0.16047190129756927
573  0.16046960651874542
1225  0.16046912968158722
992  0.16046902537345886
1101  0.1604682207107544
1262  0.16046515107154846
1200  0.1604633927345276
1353  0.1604626327753067
564  0.16046234965324402
249  0.16046202182769775
733  0.16046127676963806
1166  0.1604611575603485
74  0.16046105325222015
1013  0.16046075522899628
213  0.1604604423046112
1505  0.1604592204093933
643  0.1604575216770172
1660  0.16045673191547394
748  0.1604566127061844
701  0.16045647859573364
492  0.16045613586902618
1085  0.16045574843883514
638  0.1604544073343277
519  0.1604526937007904
807  0.16045212745666504
104  0.1604517698287964
1633  0.1604509800672531
224  0.16045095026493073
525  0.16045047342777252
143  0.16044987738132477
1276  0.16044968366622925
1757  0.16044943034648895
1720  0.16044871509075165
656  0.1604483425617218
1134  0.1604483425617218
927  0.16044831275939941
238  0.16044555604457855
167  0.160444974899292
814  0.1604447066783905
1117  0.1604432612657547
1157  0.16044139862060547
1393  0.16044093668460846
422  0.16043874621391296
1084  0.16043858230113983
1279  0.16043852269649506
951  0.16043803095817566
1515  0.16043801605701447
1589  0.1604379117488861
1753  0.16043786704540253
1210  0.16043713688850403
112  0.1604364514350891
135  0.16043482720851898
1025  0.1604338437318802
1348  0.16043329238891602
995  0.16043221950531006
539  0.16043050587177277
121  0.1604299247264862
516  0.16042955219745636
394  0.16042886674404144
1546  0.16042695939540863
817  0.16042564809322357
578  0.16042473912239075
263  0.16042457520961761
1229  0.1604209989309311
205  0.16042062640190125
934  0.16042056679725647
195  0.16042016446590424
1772  0.16041994094848633
535  0.1604197919368744
1047  0.16041937470436096
1713  0.16041918098926544
402  0.16041859984397888
1604  0.16041813790798187
390  0.16041779518127441
1747  0.16041487455368042
491  0.1604141741991043
1671  0.16041339933872223
388  0.16041237115859985
685  0.16040736436843872
459  0.16040602326393127
796  0.16040562093257904
1351  0.16040541231632233
1696  0.1604045331478119
1044  0.1604035645723343
1223  0.1604030877351761
444  0.1604025661945343
625  0.16040247678756714
1628  0.16039985418319702
1360  0.16039903461933136
305  0.1603976935148239
218  0.16039736568927765
122  0.16039611399173737
1038  0.16039608418941498
870  0.16039572656154633
127  0.1603950411081314
648  0.16039367020130157
1086  0.1603931039571762
1339  0.16039247810840607
989  0.16039207577705383
651  0.16039124131202698
234  0.16038952767848969
1598  0.1603887677192688
1419  0.16038841009140015
26  0.16038778424263
1491  0.1603875756263733
483  0.16038645803928375
666  0.16038638353347778
1692  0.160386323928833
177  0.16038161516189575
1155  0.16038110852241516
81  0.1603802889585495
251  0.1603802889585495
1094  0.16038022935390472
565  0.16037921607494354
1236  0.16037915647029877
1482  0.16037748754024506
592  0.16037647426128387
882  0.16037577390670776
1703  0.1603720784187317
1736  0.1603708118200302
824  0.16036856174468994
428  0.16036726534366608
1652  0.16036663949489594
1765  0.16036562621593475
313  0.1603652685880661
1427  0.1603640466928482
1342  0.16036388278007507
693  0.16036339104175568
642  0.16036288440227509
1403  0.1603626310825348
1213  0.1603623777627945
1195  0.16036169230937958
247  0.16036160290241241
641  0.16036145389080048
262  0.16036099195480347
597  0.16036096215248108
1590  0.16035978496074677
1313  0.16035836935043335
504  0.16035762429237366
1415  0.16035699844360352
158  0.16035692393779755
355  0.1603553295135498
1354  0.16035307943820953
1656  0.16034790873527527
711  0.16034668684005737
998  0.16034579277038574
153  0.16034568846225739
1625  0.16034521162509918
515  0.16034449636936188
170  0.1603425294160843
1444  0.1603422462940216
1177  0.16034166514873505
1639  0.16034159064292908
987  0.16034118831157684
220  0.16034077107906342
888  0.1603401005268097
1646  0.1603400707244873
708  0.16033609211444855
1369  0.16033537685871124
1439  0.16033336520195007
88  0.16033093631267548
1728  0.16033044457435608
979  0.16032852232456207
606  0.16032841801643372
775  0.16032640635967255
1519  0.16032607853412628
559  0.16032569110393524
239  0.16032516956329346
1118  0.16032488644123077
45  0.16032332181930542
1337  0.1603231430053711
1705  0.16032293438911438
527  0.1603226214647293
1045  0.16032162308692932
433  0.16031959652900696
221  0.16031736135482788
1710  0.1603163778781891
1058  0.1603158414363861
307  0.16031531989574432
1541  0.16031520068645477
118  0.1603151261806488
560  0.16031448543071747
530  0.16031226515769958
876  0.16030998528003693
959  0.16030968725681305
33  0.16030915081501007
1378  0.16030627489089966
596  0.16030490398406982
1619  0.1603032499551773
1207  0.16030295193195343
1332  0.1603005826473236
1323  0.16030046343803406
1179  0.1603000909090042
1486  0.16029877960681915
1498  0.16029801964759827
1422  0.16029776632785797
1609  0.16029690206050873
361  0.16029664874076843
1311  0.16029562056064606
482  0.16029472649097443
1312  0.1602943241596222
1727  0.1602942943572998
802  0.1602940708398819
1057  0.16029265522956848
512  0.16029250621795654
623  0.16029119491577148
1120  0.16028867661952972
1571  0.16028816998004913
1457  0.1602870523929596
673  0.16028688848018646
575  0.16028685867786407
248  0.1602863073348999
1285  0.16028589010238647
1528  0.1602853238582611
318  0.1602843701839447
960  0.160283625125885
1447  0.16028356552124023
1441  0.16028326749801636
359  0.16028285026550293
317  0.1602817177772522
86  0.1602802574634552
1672  0.1602800488471985
1563  0.1602797657251358
718  0.16027848422527313
1111  0.16027843952178955
1347  0.16027745604515076
1027  0.16027648746967316
1530  0.16027645766735077
484  0.16027463972568512
1108  0.16027413308620453
1406  0.16027405858039856
1748  0.16027235984802246
274  0.16027233004570007
964  0.16027165949344635
881  0.16027145087718964
950  0.16027101874351501
1629  0.1602700650691986
933  0.1602693647146225
1487  0.1602686047554016
1702  0.16026848554611206
42  0.16026617586612701
563  0.16026435792446136
1096  0.1602628380060196
1062  0.1602628231048584
967  0.16025865077972412
1496  0.16025789082050323
576  0.1602555513381958
231  0.1602553278207779
528  0.16025492548942566
1666  0.1602538675069809
460  0.16025163233280182
36  0.16025130450725555
652  0.16025130450725555
857  0.16025027632713318
580  0.1602492481470108
1370  0.16024717688560486
486  0.16024696826934814
523  0.16024674475193024
1578  0.16024641692638397
430  0.16024579107761383
632  0.16024532914161682
1286  0.16024282574653625
1556  0.16023913025856018
270  0.16023600101470947
480  0.16023580729961395
1741  0.16023476421833038
1288  0.16022926568984985
561  0.16022807359695435
1518  0.16022774577140808
116  0.16022765636444092
756  0.16022753715515137
360  0.16022726893424988
233  0.16022546589374542
719  0.16022484004497528
1691  0.16022419929504395
87  0.160223126411438
1668  0.1602226048707962
1009  0.16022227704524994
387  0.1602170616388321
1763  0.16021627187728882
1446  0.1602153182029724
236  0.1602136790752411
1499  0.16021351516246796
1723  0.16021281480789185
1385  0.1602093130350113
419  0.16020920872688293
1350  0.16020800173282623
1196  0.16020722687244415
585  0.16020701825618744
471  0.16020677983760834
1676  0.16020675003528595
8  0.16020579636096954
863  0.16020499169826508
1135  0.16020435094833374
977  0.16020424664020538
1478  0.1601988822221756
540  0.16019879281520844
1774  0.16019687056541443
147  0.1601964384317398
324  0.16019617021083832
6  0.16019615530967712
965  0.16019600629806519
287  0.16019295156002045
1399  0.16019076108932495
1034  0.1601906269788742
456  0.16018995642662048
982  0.16018551588058472
954  0.1601838767528534
69  0.160183846950531
624  0.1601831614971161
152  0.16018223762512207
1140  0.1601804792881012
185  0.1601799577474594
1314  0.16017769277095795
1557  0.16017763316631317
1059  0.16017746925354004
66  0.1601773202419281
1048  0.16017691791057587
1349  0.16017656028270721
1514  0.16017615795135498
616  0.16017448902130127
435  0.1601739227771759
1453  0.16017098724842072
955  0.16016922891139984
1270  0.1601683497428894
723  0.1601683348417282
567  0.1601674109697342
50  0.1601666510105133
1767  0.16016623377799988
1701  0.16016556322574615
304  0.16016554832458496
58  0.16016452014446259
1564  0.16016331315040588
1329  0.1601632833480835
509  0.1601620465517044
600  0.1601615846157074
500  0.1601615697145462
891  0.16016048192977905
67  0.1601601392030716
854  0.16015899181365967
203  0.1601576954126358
695  0.16015523672103882
474  0.16015248000621796
1322  0.1601516157388687
658  0.1601513922214508
1761  0.16015119850635529
334  0.16014674305915833
1650  0.16014648973941803
495  0.16014613211154938
1267  0.16013866662979126
626  0.1601375937461853
1483  0.16013431549072266
507  0.16013143956661224
1644  0.16013124585151672
1069  0.1601276993751526
440  0.1601254940032959
373  0.1601213663816452
1504  0.1601208597421646
758  0.1601206511259079
1740  0.16011913120746613
1683  0.16011753678321838
1554  0.16011719405651093
194  0.16011713445186615
332  0.16011537611484528
1488  0.16011448204517365
1395  0.16011400520801544
434  0.1601131707429886
1298  0.16011154651641846
637  0.16011099517345428
1735  0.16011057794094086
572  0.160109743475914
1366  0.1601087749004364
1156  0.1601070612668991
1766  0.1601068675518036
493  0.16010329127311707
163  0.16010265052318573
1591  0.16010262072086334
216  0.1601022481918335
1281  0.1601022183895111
753  0.16010156273841858
149  0.16010059416294098
1758  0.16010037064552307
614  0.1600995808839798
54  0.1600985825061798
819  0.16009700298309326
412  0.16009581089019775
852  0.16009421646595
442  0.16009390354156494
237  0.16009269654750824
915  0.16009080410003662
1637  0.16008371114730835
860  0.16008181869983673
1392  0.16007937490940094
1770  0.16007764637470245
1423  0.16007690131664276
1655  0.1600758135318756
1110  0.16007104516029358
1075  0.16007056832313538
607  0.16006846725940704
190  0.16006462275981903
547  0.16006290912628174
1585  0.16006049513816833
1251  0.16005972027778625
1636  0.16005532443523407
1623  0.16005492210388184
1603  0.16005484759807587
1595  0.16005165874958038
1493  0.16005104780197144
703  0.16004963219165802
18  0.16004957258701324
574  0.1600492149591446
1588  0.16004537045955658
884  0.16004492342472076
53  0.16004370152950287
375  0.16004356741905212
617  0.16003815829753876
55  0.16003701090812683
1363  0.1600366085767746
389  0.16003566980361938
646  0.16003558039665222
508  0.16003555059432983
1371  0.16003476083278656
401  0.1600342094898224
1477  0.16003118455410004
34  0.1600307673215866
1680  0.16002610325813293
763  0.1600257307291031
1535  0.16002483665943146
155  0.1600199192762375
1139  0.16001948714256287
1462  0.16001857817173004
1662  0.16001826524734497
1412  0.16001562774181366
920  0.16001349687576294
813  0.16001318395137787
1411  0.1600130796432495
1456  0.16001242399215698
937  0.16001001000404358
30  0.16000975668430328
1321  0.16000761091709137
1242  0.1600072681903839
526  0.16000492870807648
294  0.1600048542022705
1508  0.1600034087896347
1440  0.16000337898731232
1699  0.16000302135944366
747  0.16000233590602875
65  0.16000090539455414
1737  0.16000033915042877
1428  0.1600000411272049
514  0.15999963879585266
1128  0.15999363362789154
1340  0.1599898338317871
151  0.15998810529708862
303  0.1599869579076767
551  0.15998496115207672
497  0.15998369455337524
1485  0.1599828451871872
208  0.1599828153848648
542  0.15997934341430664
1410  0.15997934341430664
538  0.15997779369354248
806  0.15997673571109772
168  0.1599757820367813
505  0.15997439622879028
452  0.15997351706027985
1470  0.15997259318828583
856  0.15997236967086792
1522  0.15997181832790375
752  0.15997135639190674
615  0.15997034311294556
1517  0.15996834635734558
1542  0.1599673479795456
911  0.15996553003787994
1742  0.15996505320072174
879  0.15996390581130981
1480  0.15995997190475464
1158  0.15995948016643524
630  0.15995605289936066
95  0.1599556803703308
457  0.15995502471923828
1113  0.15995313227176666
60  0.15995311737060547
1718  0.15995311737060547
46  0.15995043516159058
280  0.15994779765605927
1224  0.15994657576084137
727  0.15994156897068024
448  0.1599397361278534
272  0.15993843972682953
156  0.1599382758140564
366  0.15993815660476685
952  0.15993575751781464
1750  0.1599329262971878
1733  0.15993155539035797
1716  0.15993072092533112
1341  0.15992942452430725
1576  0.15992940962314606
1097  0.15992769598960876
1438  0.1599271148443222
1402  0.15992631018161774
437  0.1599254012107849
1394  0.15992167592048645
411  0.15991833806037903
1409  0.1599130779504776
336  0.15991093218326569
479  0.1599075198173523
131  0.15990705788135529
209  0.1599031537771225
291  0.15990301966667175
922  0.1599016636610031
872  0.1599014848470688
558  0.15990090370178223
63  0.1598985195159912
1159  0.15989772975444794
877  0.15989753603935242
342  0.1598958969116211
503  0.1598954200744629
935  0.15988914668560028
599  0.1598890721797943
537  0.1598871946334839
1521  0.1598871946334839
82  0.15988405048847198
1317  0.1598796397447586
1568  0.15987543761730194
1328  0.15987512469291687
1398  0.15987390279769897
1658  0.15987178683280945
1587  0.15987125039100647
681  0.15986774861812592
818  0.15986445546150208
640  0.15985709428787231
1562  0.15985623002052307
217  0.15985241532325745
1239  0.15985143184661865
1654  0.1598512977361679
489  0.1598494052886963
1014  0.15984854102134705
329  0.15984605252742767
1397  0.15984152257442474
1756  0.1598394513130188
1613  0.15983739495277405
207  0.15983426570892334
1205  0.15983259677886963
1600  0.15983039140701294
273  0.15982596576213837
1471  0.15982575714588165
1525  0.15982471406459808
546  0.15982434153556824
1266  0.15982337296009064
532  0.1598224639892578
406  0.15982069075107574
851  0.15981435775756836
1466  0.15981364250183105
1390  0.15981312096118927
1465  0.15980510413646698
210  0.15980294346809387
1597  0.15980111062526703
885  0.15980075299739838
970  0.15980058908462524
1673  0.15979959070682526
1532  0.15979954600334167
52  0.15979860723018646
123  0.15979662537574768
1659  0.1597902923822403
754  0.15978725254535675
1449  0.1597854346036911
1616  0.15978489816188812
767  0.159783735871315
64  0.15978360176086426
1643  0.15978112816810608
215  0.1597798466682434
113  0.1597793996334076
717  0.1597793698310852
697  0.15977738797664642
1661  0.15977521240711212
319  0.15977387130260468
1726  0.15977337956428528
1682  0.15976889431476593
1473  0.15976794064044952
779  0.15976746380329132
1246  0.1597660481929779
694  0.15976570546627045
1309  0.15976375341415405
129  0.1597612202167511
1074  0.15976114571094513
1685  0.1597587913274765
285  0.15975497663021088
196  0.15974873304367065
1599  0.1597478836774826
347  0.15974527597427368
1079  0.15974479913711548
392  0.15974459052085876
983  0.15974342823028564
1106  0.15974126756191254
14  0.15973983705043793
1151  0.15973708033561707
978  0.15973637998104095
173  0.15973512828350067
1131  0.15973196923732758
1561  0.1597304344177246
764  0.15972843766212463
1333  0.1597280353307724
1712  0.1597266048192978
1227  0.15971557796001434
631  0.15971529483795166
1711  0.1597106009721756
242  0.15970392525196075
517  0.15969660878181458
582  0.15969549119472504
1373  0.15969538688659668
94  0.15969401597976685
602  0.1596931517124176
679  0.1596912145614624
958  0.15968695282936096
1211  0.15968500077724457
677  0.15967994928359985
662  0.15966856479644775
1467  0.1596669852733612
212  0.15966656804084778
1472  0.159666508436203
595  0.15966589748859406
1231  0.1596631556749344
183  0.15965886414051056
281  0.15965668857097626
166  0.15965603291988373
803  0.1596554070711136
1503  0.15965181589126587
587  0.15964758396148682
276  0.15963837504386902
335  0.15963837504386902
776  0.15963295102119446
1381  0.15963232517242432
709  0.15962818264961243
182  0.1596270203590393
426  0.15962643921375275
1450  0.1596163511276245
1387  0.15961281955242157
1749  0.15961125493049622
1649  0.15961028635501862
1771  0.1596052646636963
609  0.15960325300693512
1739  0.15959690511226654
799  0.1595931053161621
840  0.1595928817987442
893  0.15958786010742188
553  0.15958745777606964
421  0.159586101770401
543  0.1595812439918518
1209  0.1595786213874817
1663  0.159568652510643
358  0.15956854820251465
1362  0.1595664769411087
1345  0.15955878794193268
947  0.15955208241939545
1352  0.1595471203327179
1645  0.15954487025737762
1730  0.15954098105430603
613  0.1595386415719986
1165  0.15952149033546448
404  0.15951643884181976
577  0.1595114916563034
1436  0.15949863195419312
330  0.15949773788452148
1490  0.15949483215808868
1586  0.1594935804605484
1407  0.15949034690856934
678  0.15948797762393951
971  0.1594720035791397
1614  0.15947146713733673
1539  0.15947046875953674
1002  0.15946979820728302
193  0.15946337580680847
1697  0.1594621241092682
834  0.15945138037204742
235  0.15945038199424744
289  0.15944452583789825
1215  0.15944404900074005
793  0.1594412475824356
2  0.15943643450737
1464  0.15942449867725372
1452  0.15940116345882416
836  0.1593935638666153
1698  0.15938842296600342
1361  0.15937954187393188
1754  0.15936140716075897
1368  0.15935960412025452
904  0.15934039652347565
351  0.15932722389698029
1529  0.15929855406284332
1375  0.1592893898487091
604  0.15924964845180511
1250  0.15924322605133057
804  0.15923674404621124
1553  0.1592339724302292
1610  0.15922237932682037
536  0.15919679403305054
1635  0.15913783013820648
1152  0.15909279882907867
1560  0.15904740989208221
589  0.15904401242733002
612  0.1590348482131958
1575  0.15902958810329437
365  0.15902283787727356
1162  0.15901465713977814
1731  0.15896841883659363
1356  0.15896761417388916
211  0.1589038223028183
1420  0.15883484482765198
100  0.15880034863948822
1665  0.15874427556991577
