15  0.23707042634487152
112  0.23691324889659882
1160  0.23664270341396332
517  0.23662878572940826
1209  0.23659777641296387
45  0.23655162751674652
1261  0.23649902641773224
1152  0.23648269474506378
687  0.23643751442432404
125  0.2363969385623932
135  0.23639193177223206
874  0.23637931048870087
915  0.23633146286010742
98  0.23630273342132568
882  0.2362915277481079
283  0.23627880215644836
57  0.2362280637025833
1174  0.23622392117977142
802  0.2362115979194641
692  0.2362055629491806
823  0.23620273172855377
402  0.2361922264099121
143  0.23616328835487366
121  0.23613667488098145
452  0.23611779510974884
164  0.2361173778772354
249  0.2361147701740265
59  0.2361108809709549
1284  0.2360968440771103
122  0.23607976734638214
1268  0.2360745221376419
40  0.236073300242424
883  0.23607179522514343
1285  0.23606275022029877
1271  0.2360386848449707
652  0.2360374927520752
1210  0.23603244125843048
629  0.2360050231218338
845  0.23598049581050873
804  0.23597358167171478
102  0.235963836312294
948  0.23596015572547913
1254  0.23595930635929108
1168  0.2359589785337448
423  0.23595479130744934
152  0.23595350980758667
1232  0.23595251142978668
22  0.23595017194747925
144  0.23592662811279297
741  0.23591895401477814
100  0.23590685427188873
456  0.23590202629566193
20  0.23587633669376373
1231  0.23587507009506226
537  0.23586158454418182
155  0.23585782945156097
705  0.23585432767868042
2  0.23584997653961182
1233  0.23584747314453125
1287  0.2358359694480896
36  0.23583382368087769
1010  0.23583246767520905
1255  0.23582276701927185
1213  0.23581676185131073
72  0.23581472039222717
464  0.2357998490333557
813  0.235799640417099
34  0.23579640686511993
744  0.2357891947031021
29  0.2357863336801529
639  0.23577864468097687
570  0.23577752709388733
145  0.2357766032218933
1071  0.23577482998371124
58  0.235774427652359
564  0.2357645481824875
316  0.2357621043920517
706  0.23576131463050842
33  0.2357604056596756
445  0.23575176298618317
350  0.23574835062026978
807  0.23574599623680115
379  0.23574505746364594
138  0.23574334383010864
598  0.23574039340019226
1240  0.23573099076747894
9  0.23571696877479553
472  0.23571397364139557
538  0.2357136607170105
242  0.23571249842643738
675  0.23571233451366425
747  0.23571212589740753
1091  0.23570984601974487
313  0.23570507764816284
1008  0.23570466041564941
142  0.23570160567760468
1244  0.23569956421852112
913  0.23569312691688538
266  0.23569002747535706
522  0.23568834364414215
867  0.23568817973136902
116  0.23568719625473022
108  0.23568330705165863
118  0.23567914962768555
1155  0.23567526042461395
209  0.23566943407058716
765  0.23566916584968567
1088  0.23566508293151855
541  0.23565956950187683
186  0.23565901815891266
592  0.23565714061260223
167  0.23565618693828583
678  0.23565557599067688
599  0.23565274477005005
527  0.2356502264738083
80  0.23564040660858154
511  0.23563368618488312
610  0.23563145101070404
470  0.23562350869178772
581  0.23562036454677582
444  0.23561958968639374
93  0.23561811447143555
547  0.23561763763427734
457  0.23561504483222961
1164  0.23560737073421478
446  0.23560699820518494
38  0.2356060892343521
425  0.2355951964855194
1151  0.23559428751468658
552  0.23559227585792542
684  0.23559212684631348
480  0.2355896383523941
308  0.23558539152145386
137  0.23558050394058228
1263  0.23557259142398834
96  0.23557057976722717
88  0.23556317389011383
1188  0.2355557680130005
215  0.23555110394954681
195  0.2355480045080185
140  0.23554708063602448
885  0.2355433851480484
672  0.23554131388664246
1186  0.235539510846138
540  0.23553681373596191
73  0.23553666472434998
967  0.23553137481212616
644  0.23553118109703064
37  0.23553062975406647
77  0.23552975058555603
1277  0.23552973568439484
222  0.2355288863182068
42  0.23552803695201874
749  0.23551687598228455
1217  0.23551291227340698
724  0.2355082482099533
458  0.23550455272197723
235  0.2354992926120758
821  0.2354954481124878
520  0.2354934960603714
621  0.23548878729343414
917  0.23548264801502228
1283  0.23547673225402832
862  0.23547498881816864
503  0.2354724258184433
224  0.2354685366153717
47  0.23546504974365234
528  0.23546014726161957
159  0.2354537546634674
75  0.2354515641927719
1033  0.23545126616954803
735  0.2354474663734436
1136  0.23544739186763763
172  0.23544681072235107
1245  0.2354462444782257
328  0.23544511198997498
1133  0.23544199764728546
682  0.2354419082403183
1181  0.23544003069400787
651  0.23543663322925568
133  0.23543208837509155
258  0.2354298084974289
18  0.2354251891374588
1212  0.23542512953281403
110  0.23542341589927673
819  0.23542174696922302
495  0.23541259765625
434  0.23541244864463806
230  0.23541133105754852
565  0.23540937900543213
196  0.23540663719177246
63  0.23540513217449188
680  0.23540441691875458
1262  0.23540151119232178
831  0.23539453744888306
843  0.2353944182395935
1239  0.2353939712047577
940  0.2353937327861786
13  0.23539221286773682
859  0.23539020121097565
525  0.2353898286819458
498  0.23538559675216675
1288  0.23538357019424438
636  0.23538275063037872
157  0.23538197576999664
737  0.23538115620613098
10  0.23537835478782654
245  0.23537752032279968
190  0.2353747934103012
1081  0.23536986112594604
934  0.23536816239356995
1118  0.23536668717861176
924  0.235366553068161
475  0.23536604642868042
3  0.23536404967308044
637  0.2353614866733551
1067  0.23535817861557007
576  0.23535475134849548
27  0.23535451292991638
953  0.23535315692424774
1177  0.23534908890724182
8  0.23534651100635529
473  0.23534610867500305
536  0.23534327745437622
585  0.23534326255321503
354  0.2353382110595703
78  0.23533578217029572
719  0.2353340983390808
139  0.2353338599205017
128  0.23532241582870483
584  0.23532168567180634
14  0.23531977832317352
1166  0.2353188842535019
738  0.23531727492809296
286  0.2353166937828064
808  0.23531478643417358
711  0.23530863225460052
826  0.23530805110931396
468  0.2353074699640274
68  0.2353057861328125
273  0.23530352115631104
1259  0.23530301451683044
173  0.23530267179012299
311  0.235296830534935
918  0.23529498279094696
486  0.23528677225112915
728  0.2352844774723053
902  0.23528213798999786
569  0.23528149724006653
784  0.23527833819389343
1047  0.23527608811855316
429  0.23527273535728455
1086  0.23526518046855927
240  0.23526452481746674
976  0.2352575659751892
533  0.23525726795196533
1096  0.23525600135326385
297  0.2352524697780609
338  0.23524881899356842
507  0.23524394631385803
989  0.23524264991283417
1172  0.23524238169193268
380  0.23524144291877747
685  0.23524001240730286
596  0.2352379858493805
487  0.23523689806461334
1269  0.23523381352424622
90  0.23523272573947906
501  0.23523035645484924
1221  0.2352285534143448
274  0.2352210432291031
589  0.23521806299686432
83  0.23521700501441956
50  0.23521673679351807
208  0.23520991206169128
700  0.23520416021347046
476  0.2352023422718048
123  0.23519974946975708
353  0.2351962924003601
1187  0.23519590497016907
465  0.23519191145896912
1117  0.23519189655780792
785  0.23519156873226166
1144  0.23518984019756317
829  0.23518940806388855
370  0.23518814146518707
930  0.23517195880413055
94  0.23516963422298431
733  0.2351662516593933
611  0.23516467213630676
1028  0.23516245186328888
857  0.2351609319448471
505  0.2351563423871994
1149  0.23515285551548004
1215  0.2351527065038681
305  0.23515227437019348
613  0.2351503223180771
1005  0.23514996469020844
32  0.23514975607395172
764  0.23514942824840546
154  0.2351483851671219
722  0.23514465987682343
148  0.2351393848657608
633  0.2351365089416504
124  0.23513366281986237
1016  0.23513348400592804
828  0.23513266444206238
113  0.23513197898864746
383  0.2351309210062027
436  0.23512008786201477
104  0.23511891067028046
1031  0.23511658608913422
1247  0.23511584103107452
28  0.23511353135108948
433  0.23511254787445068
398  0.2351115196943283
497  0.23510651290416718
232  0.23510482907295227
792  0.23510339856147766
69  0.23510240018367767
1113  0.2351006716489792
1201  0.23510026931762695
202  0.23510010540485382
1273  0.2350989580154419
579  0.235098734498024
670  0.23509518802165985
136  0.23509328067302704
834  0.23508843779563904
635  0.2350839525461197
608  0.23508287966251373
968  0.2350826859474182
512  0.23508234322071075
12  0.23508000373840332
778  0.23507623374462128
891  0.2350749969482422
1029  0.23507238924503326
1019  0.23507095873355865
702  0.23506809771060944
663  0.23506759107112885
1143  0.23506635427474976
707  0.2350636124610901
534  0.23506289720535278
306  0.23506245017051697
712  0.23506124317646027
1199  0.23506049811840057
396  0.23505596816539764
1220  0.23505571484565735
448  0.2350551337003708
616  0.23505423963069916
1257  0.23505397140979767
1267  0.23505312204360962
466  0.23505175113677979
654  0.23504319787025452
748  0.235042542219162
658  0.2350398451089859
1276  0.23503939807415009
85  0.23503784835338593
1192  0.23503626883029938
850  0.23503610491752625
491  0.23503495752811432
348  0.2350347638130188
285  0.23502446711063385
420  0.23502419888973236
643  0.23502419888973236
1112  0.23502294719219208
642  0.23502004146575928
1235  0.23502004146575928
61  0.2350199967622757
816  0.2350197583436966
1204  0.23501962423324585
469  0.23501314222812653
535  0.23500750958919525
1123  0.23500674962997437
417  0.23500429093837738
900  0.23500271141529083
174  0.23500047624111176
899  0.23499931395053864
912  0.2349979281425476
1125  0.23499532043933868
937  0.23499460518360138
265  0.23499418795108795
183  0.23499365150928497
945  0.2349928617477417
55  0.23499158024787903
107  0.23499059677124023
244  0.2349872887134552
690  0.23497778177261353
1226  0.2349741905927658
873  0.2349713295698166
234  0.23496900498867035
56  0.2349688559770584
1180  0.23496785759925842
442  0.2349664568901062
766  0.234964057803154
86  0.2349635809659958
617  0.23496322333812714
1021  0.23496253788471222
267  0.23495906591415405
315  0.23495832085609436
92  0.2349555641412735
649  0.23495526611804962
1022  0.23495279252529144
499  0.2349516898393631
1035  0.23495127260684967
524  0.23494966328144073
1182  0.23494945466518402
1055  0.23494890332221985
210  0.2349465787410736
430  0.23494499921798706
964  0.23494310677051544
95  0.23494237661361694
360  0.2349417358636856
1184  0.23494137823581696
1183  0.2349410057067871
1249  0.23494036495685577
295  0.23494011163711548
646  0.23493842780590057
11  0.23493468761444092
840  0.23493421077728271
1219  0.23493269085884094
26  0.23493242263793945
523  0.23493126034736633
277  0.23492279648780823
716  0.23492057621479034
97  0.23491734266281128
477  0.23491516709327698
1004  0.23491105437278748
494  0.2349100261926651
627  0.2349097728729248
418  0.23490889370441437
165  0.2349088191986084
239  0.2349085807800293
1073  0.23490796983242035
130  0.23490531742572784
841  0.23490211367607117
1241  0.23489981889724731
301  0.23489943146705627
5  0.23489932715892792
994  0.23489902913570404
17  0.23489665985107422
955  0.23489658534526825
1286  0.23489631712436676
575  0.23489494621753693
1205  0.2348896861076355
279  0.23488813638687134
960  0.23488658666610718
1289  0.23488637804985046
467  0.2348850816488266
742  0.23488473892211914
606  0.23488345742225647
508  0.23488259315490723
996  0.2348819524049759
1207  0.2348819077014923
615  0.23488126695156097
1014  0.2348802387714386
593  0.23487837612628937
296  0.23487743735313416
223  0.2348749339580536
1191  0.23487325012683868
1023  0.23487116396427155
946  0.23487043380737305
24  0.23486937582492828
1017  0.2348666489124298
1157  0.23486466705799103
66  0.23486074805259705
260  0.23486049473285675
604  0.23485960066318512
391  0.23485764861106873
437  0.234857439994812
390  0.23485685884952545
888  0.2348557859659195
892  0.2348552793264389
571  0.23485355079174042
1064  0.23485134541988373
761  0.2348508983850479
769  0.2348504215478897
126  0.23484565317630768
544  0.23484082520008087
206  0.23483581840991974
416  0.2348354607820511
607  0.23483482003211975
428  0.23483309149742126
1270  0.23483124375343323
925  0.2348305881023407
939  0.23482917249202728
926  0.23482745885849
132  0.23482583463191986
291  0.23482249677181244
192  0.23482204973697662
307  0.23482181131839752
117  0.23481889069080353
349  0.23481789231300354
463  0.234815314412117
421  0.23481445014476776
860  0.23480874300003052
1129  0.23480600118637085
250  0.23480437695980072
1246  0.2348020076751709
412  0.2347995936870575
327  0.23479901254177094
1198  0.2347979098558426
1038  0.23479774594306946
645  0.23479504883289337
149  0.23479460179805756
557  0.23479247093200684
771  0.2347901314496994
1065  0.23478923738002777
973  0.23478762805461884
1108  0.23478755354881287
1003  0.23478655517101288
740  0.23478350043296814
1122  0.2347823530435562
299  0.23478102684020996
271  0.2347804605960846
212  0.23477678000926971
941  0.23477678000926971
198  0.23477530479431152
321  0.23477289080619812
1272  0.2347719967365265
558  0.23477144539356232
62  0.23477034270763397
583  0.23476915061473846
163  0.23476767539978027
1200  0.23476667702198029
341  0.23476642370224
1218  0.23476625978946686
1282  0.23476557433605194
479  0.23476473987102509
178  0.23476463556289673
1281  0.2347642332315445
493  0.23476187884807587
177  0.23475679755210876
895  0.23475506901741028
1087  0.2347545474767685
435  0.23475077748298645
31  0.2347501516342163
588  0.2347472608089447
504  0.23474711179733276
907  0.23474708199501038
514  0.23474518954753876
638  0.2347446084022522
875  0.2347445785999298
384  0.23473575711250305
1109  0.2347342073917389
1025  0.23473121225833893
455  0.23472970724105835
981  0.23472873866558075
231  0.2347281575202942
720  0.2347274273633957
970  0.23472701013088226
578  0.2347206026315689
825  0.2347203642129898
861  0.23471541702747345
46  0.23471403121948242
634  0.23471318185329437
1196  0.23471155762672424
972  0.2347094565629959
1176  0.23470932245254517
1027  0.23470783233642578
1082  0.2347068339586258
443  0.2347022145986557
1189  0.23470081388950348
510  0.2346947193145752
185  0.23469403386116028
729  0.23469288647174835
264  0.2346917986869812
275  0.23468954861164093
1114  0.23468738794326782
530  0.23468156158924103
956  0.23468104004859924
376  0.23467780649662018
676  0.2346770167350769
582  0.23467615246772766
221  0.23467546701431274
1116  0.2346753627061844
1034  0.23467352986335754
203  0.2346726655960083
216  0.2346726357936859
459  0.23467247188091278
614  0.23467200994491577
944  0.23467080295085907
180  0.23466701805591583
74  0.2346666008234024
1260  0.2346651703119278
786  0.23466481268405914
904  0.23466429114341736
717  0.23466406762599945
400  0.23466381430625916
1059  0.2346634417772293
1093  0.23466219007968903
342  0.2346596121788025
1140  0.23465855419635773
526  0.23465806245803833
877  0.23465502262115479
344  0.23465389013290405
358  0.23465293645858765
79  0.23465092480182648
1080  0.23465079069137573
191  0.2346506267786026
863  0.23465026915073395
76  0.23464950919151306
205  0.23464800417423248
1131  0.23464630544185638
909  0.23464564979076385
356  0.23464210331439972
188  0.23464134335517883
319  0.23464080691337585
175  0.23463834822177887
715  0.23463577032089233
1193  0.23463504016399384
67  0.23462866246700287
539  0.23462863266468048
35  0.23462821543216705
1119  0.23462805151939392
7  0.23462501168251038
872  0.23462367057800293
551  0.23462022840976715
568  0.2346193641424179
1190  0.23461498320102692
726  0.23461125791072845
147  0.23461051285266876
1154  0.23460820317268372
559  0.23460794985294342
641  0.23460474610328674
869  0.23460425436496735
70  0.234603151679039
796  0.2346026450395584
667  0.2346009612083435
292  0.23460085690021515
656  0.2346004992723465
21  0.23459912836551666
542  0.23459823429584503
500  0.2345966398715973
992  0.23459577560424805
932  0.23459495604038239
115  0.23459064960479736
1026  0.2345903068780899
281  0.23458874225616455
323  0.23458829522132874
363  0.23458679020404816
605  0.2345864325761795
669  0.23458532989025116
518  0.2345838099718094
395  0.23458151519298553
787  0.23458030819892883
488  0.23457902669906616
710  0.2345789223909378
101  0.234578475356102
853  0.23457808792591095
880  0.23457767069339752
252  0.23457609117031097
602  0.23457230627536774
519  0.2345712035894394
1258  0.23457060754299164
432  0.23456688225269318
858  0.2345627099275589
987  0.23456178605556488
1134  0.23456166684627533
1079  0.23455888032913208
171  0.23455363512039185
993  0.2345513552427292
817  0.23454633355140686
1195  0.23454345762729645
109  0.2345420867204666
961  0.23454052209854126
837  0.23453757166862488
320  0.23453707993030548
213  0.2345351129770279
668  0.23453238606452942
556  0.23453065752983093
997  0.23453055322170258
298  0.2345292866230011
812  0.23452876508235931
752  0.23452872037887573
800  0.2345280796289444
1105  0.23452459275722504
1251  0.23452433943748474
1253  0.2345234453678131
481  0.23452210426330566
1256  0.2345215529203415
746  0.23451995849609375
762  0.2345162332057953
1106  0.23451407253742218
219  0.23451265692710876
161  0.23451192677021027
1146  0.2345074713230133
1126  0.2345043569803238
661  0.23450390994548798
509  0.23450054228305817
1208  0.23449929058551788
158  0.23449739813804626
263  0.23449639976024628
251  0.23449566960334778
134  0.2344954013824463
255  0.2344927340745926
49  0.23449252545833588
689  0.23449215292930603
1238  0.23448973894119263
513  0.23448717594146729
949  0.23448461294174194
1170  0.2344832420349121
111  0.23448175191879272
774  0.23448041081428528
1161  0.23447716236114502
923  0.23447495698928833
1202  0.23447299003601074
454  0.23447249829769135
1070  0.23447144031524658
697  0.23447000980377197
105  0.2344697117805481
44  0.23446887731552124
166  0.23446358740329742
366  0.23446179926395416
119  0.23445828258991241
1206  0.23445820808410645
447  0.23445802927017212
1203  0.23445799946784973
103  0.23445789515972137
371  0.23445723950862885
386  0.234456866979599
335  0.2344515174627304
1098  0.23444902896881104
394  0.2344473898410797
451  0.23444491624832153
928  0.23444287478923798
1234  0.23444172739982605
827  0.23444052040576935
836  0.23444035649299622
730  0.2344374805688858
439  0.23443695902824402
1237  0.23443689942359924
300  0.23443648219108582
1107  0.23443634808063507
781  0.2344343364238739
1142  0.2344333380460739
772  0.2344331294298172
1252  0.2344323843717575
998  0.23443032801151276
162  0.23443008959293365
1224  0.23442329466342926
377  0.23442091047763824
868  0.2344202846288681
628  0.23441945016384125
1150  0.23441213369369507
947  0.2344117909669876
41  0.2344108521938324
1075  0.23440995812416077
414  0.2344098538160324
339  0.23440545797348022
595  0.23440034687519073
1068  0.23440027236938477
1171  0.23439885675907135
440  0.23439782857894897
887  0.23439675569534302
901  0.2343963384628296
767  0.23439602553844452
453  0.23439575731754303
403  0.23439565300941467
1214  0.23439303040504456
1223  0.23439164459705353
120  0.2343914955854416
329  0.2343902885913849
847  0.2343897670507431
750  0.23438739776611328
686  0.2343868613243103
1243  0.23438580334186554
963  0.2343851774930954
1227  0.23438476026058197
168  0.23438328504562378
1032  0.23438303172588348
53  0.2343810647726059
1100  0.2343776822090149
908  0.23437747359275818
91  0.2343769073486328
612  0.23437553644180298
655  0.2343686819076538
846  0.23436862230300903
898  0.23436716198921204
1265  0.23436498641967773
795  0.23436039686203003
619  0.234360009431839
743  0.23435960710048676
849  0.2343595027923584
449  0.234358012676239
1141  0.23435735702514648
714  0.23435673117637634
282  0.23435573279857635
723  0.23435185849666595
25  0.23435181379318237
318  0.23434984683990479
1085  0.2343495637178421
1052  0.23434725403785706
409  0.2343454658985138
1043  0.23434531688690186
1036  0.2343432754278183
865  0.2343423068523407
156  0.2343415468931198
791  0.23433567583560944
16  0.23433075845241547
352  0.23432955145835876
246  0.23432886600494385
272  0.234327033162117
489  0.23432578146457672
1266  0.23432447016239166
141  0.23432405292987823
1102  0.23432312905788422
531  0.23432211577892303
1242  0.23432187736034393
1197  0.2343199998140335
975  0.2343185544013977
896  0.23431247472763062
1178  0.23431216180324554
82  0.23431164026260376
609  0.23431122303009033
630  0.23430797457695007
228  0.2343064546585083
502  0.2343052625656128
87  0.23430347442626953
438  0.23430222272872925
106  0.23429860174655914
852  0.23429761826992035
1139  0.234297513961792
1158  0.23429381847381592
590  0.2342919111251831
894  0.23429174721240997
745  0.23429112136363983
217  0.23428986966609955
293  0.23428510129451752
884  0.2342831939458847
855  0.23428106307983398
1274  0.2342808097600937
650  0.234280526638031
921  0.23428042232990265
1163  0.23427537083625793
65  0.23427468538284302
835  0.23427419364452362
713  0.23427067697048187
253  0.23426777124404907
52  0.2342672049999237
870  0.23426666855812073
424  0.23426206409931183
1279  0.2342614382505417
810  0.2342611849308014
1076  0.23426033556461334
938  0.23425984382629395
6  0.2342565506696701
980  0.23425637185573578
982  0.23425492644309998
48  0.23425118625164032
1006  0.2342492938041687
314  0.23424747586250305
532  0.23424673080444336
169  0.23424464464187622
974  0.2342420220375061
790  0.23424029350280762
43  0.2342398762702942
574  0.2342393547296524
1042  0.23423899710178375
201  0.2342381328344345
1225  0.23423491418361664
1128  0.2342289388179779
673  0.23422889411449432
931  0.2342280000448227
331  0.23422685265541077
647  0.23422497510910034
864  0.2342211753129959
392  0.23421716690063477
679  0.23421141505241394
671  0.2342105358839035
1248  0.23420676589012146
562  0.2342037856578827
788  0.23420116305351257
207  0.2341999113559723
546  0.23419907689094543
703  0.2341969758272171
193  0.2341955155134201
914  0.23419195413589478
1057  0.2341916710138321
289  0.23419111967086792
262  0.23418724536895752
832  0.23418553173542023
1236  0.23418542742729187
346  0.23418419063091278
233  0.23418380320072174
965  0.23418265581130981
1012  0.2341776341199875
979  0.234177365899086
211  0.2341766357421875
779  0.23417629301548004
1104  0.23417600989341736
1007  0.23417584598064423
227  0.23417113721370697
278  0.23417061567306519
935  0.2341686338186264
601  0.23416832089424133
330  0.23416703939437866
936  0.23416630923748016
567  0.23416142165660858
71  0.2341592162847519
382  0.23415310680866241
415  0.23415175080299377
866  0.23415164649486542
597  0.2341468781232834
1077  0.23414656519889832
23  0.2341458946466446
674  0.2341451495885849
189  0.23414354026317596
760  0.23414292931556702
60  0.23414191603660583
820  0.23413962125778198
662  0.23413589596748352
407  0.23413312435150146
854  0.23413287103176117
1002  0.23413266241550446
261  0.2341224104166031
39  0.23411951959133148
990  0.23411546647548676
1083  0.23411400616168976
170  0.23411259055137634
4  0.23411017656326294
988  0.23410636186599731
694  0.2341022938489914
632  0.2341003566980362
19  0.234099879860878
1020  0.23409873247146606
270  0.23409821093082428
586  0.23409810662269592
910  0.23409512639045715
179  0.23409445583820343
302  0.2340935915708542
334  0.23409037292003632
146  0.23409013450145721
625  0.23408891260623932
1147  0.2340884953737259
751  0.23408786952495575
560  0.23408715426921844
664  0.2340831607580185
666  0.2340831607580185
362  0.23408253490924835
573  0.23408068716526031
1039  0.23407909274101257
1001  0.23407819867134094
431  0.23407015204429626
659  0.2340695708990097
1090  0.23406487703323364
1051  0.23406200110912323
1228  0.23405985534191132
725  0.2340594381093979
1103  0.23405635356903076
81  0.23405349254608154
640  0.23405061662197113
1132  0.23404794931411743
333  0.23404601216316223
176  0.2340458780527115
284  0.23404520750045776
197  0.2340448647737503
916  0.23404167592525482
490  0.2340395599603653
280  0.23403823375701904
241  0.2340380698442459
739  0.23403781652450562
1040  0.23403587937355042
933  0.23403507471084595
54  0.2340344488620758
799  0.23403237760066986
1084  0.23402971029281616
543  0.23402921855449677
84  0.23402859270572662
553  0.23402778804302216
441  0.23402678966522217
322  0.23402412235736847
757  0.23402410745620728
971  0.2340235859155655
699  0.23402126133441925
732  0.2340208888053894
969  0.23402033746242523
797  0.23401641845703125
603  0.23401367664337158
485  0.23401321470737457
999  0.23401294648647308
814  0.23401112854480743
1094  0.2340107262134552
623  0.23399943113327026
911  0.23399895429611206
471  0.2339981496334076
357  0.2339954376220703
879  0.23399384319782257
693  0.2339918613433838
618  0.23399090766906738
1049  0.23399069905281067
890  0.2339894026517868
325  0.23398642241954803
1000  0.23398344218730927
753  0.23398169875144958
943  0.23397710919380188
698  0.23397250473499298
410  0.23396846652030945
1061  0.23396773636341095
229  0.2339654415845871
580  0.2339598536491394
1278  0.23395635187625885
833  0.23395408689975739
1222  0.23395389318466187
957  0.2339513897895813
368  0.23395097255706787
1089  0.23394864797592163
226  0.233948215842247
387  0.23394763469696045
506  0.2339417189359665
905  0.23394006490707397
756  0.23393672704696655
794  0.23393119871616364
254  0.23392874002456665
199  0.23392613232135773
153  0.23392441868782043
336  0.23392431437969208
1058  0.2339240163564682
1179  0.2339220941066742
114  0.23392195999622345
184  0.2339196652173996
798  0.23391792178153992
276  0.2339114248752594
950  0.23390914499759674
952  0.23390737175941467
1092  0.23390726745128632
64  0.23390410840511322
243  0.233896866440773
793  0.23389200866222382
1148  0.2338913232088089
450  0.23389104008674622
1156  0.23388978838920593
1046  0.23388662934303284
1175  0.23388394713401794
324  0.23388126492500305
389  0.2338784784078598
631  0.23387563228607178
397  0.23387129604816437
906  0.2338712215423584
393  0.2338709831237793
838  0.2338709831237793
1  0.233863964676857
1097  0.2338608354330063
1120  0.2338602989912033
151  0.23385964334011078
959  0.23385946452617645
482  0.23385843634605408
411  0.2338552325963974
1264  0.2338511347770691
782  0.23385080695152283
830  0.23384998738765717
1013  0.23384827375411987
768  0.2338469922542572
413  0.23384448885917664
549  0.2338421493768692
290  0.2338378131389618
704  0.23383767902851105
1009  0.23383672535419464
1167  0.233832448720932
1030  0.23382821679115295
288  0.23382775485515594
294  0.23382686078548431
419  0.2338256686925888
776  0.2338254302740097
824  0.23382139205932617
708  0.23381862044334412
129  0.23381809890270233
1045  0.23381802439689636
622  0.2338157296180725
818  0.23381362855434418
731  0.2338094562292099
548  0.23380738496780396
248  0.23380345106124878
1041  0.23380146920681
1099  0.2338012158870697
839  0.2338004857301712
1275  0.23379933834075928
775  0.23379644751548767
478  0.23379461467266083
1072  0.23379305005073547
1185  0.23379245400428772
1216  0.2337919920682907
484  0.2337867170572281
422  0.2337811440229416
1011  0.23378078639507294
340  0.23377984762191772
1115  0.23377856612205505
127  0.23377478122711182
1194  0.2337712198495865
1162  0.23377098143100739
665  0.23376837372779846
374  0.23375318944454193
777  0.2337529957294464
954  0.2337528020143509
361  0.2337518036365509
681  0.23374386131763458
1230  0.23374243080615997
809  0.23373690247535706
801  0.23373529314994812
247  0.23373429477214813
1229  0.23373380303382874
259  0.23372966051101685
1056  0.2337268441915512
426  0.23372617363929749
620  0.23372335731983185
150  0.2337149679660797
1153  0.23371346294879913
1137  0.23371095955371857
815  0.2337108999490738
256  0.2337096780538559
99  0.23370110988616943
257  0.23369748890399933
131  0.2336963266134262
695  0.23369424045085907
1159  0.23369371891021729
983  0.23369207978248596
919  0.23369142413139343
461  0.23369117081165314
268  0.23368898034095764
563  0.2336866855621338
355  0.23368200659751892
1110  0.23368002474308014
811  0.23367679119110107
566  0.23367592692375183
789  0.23367539048194885
160  0.23366984724998474
89  0.23366974294185638
269  0.23366744816303253
181  0.2336670607328415
1062  0.23366554081439972
624  0.23366376757621765
182  0.23365841805934906
978  0.2336529940366745
1024  0.23365089297294617
364  0.23363852500915527
554  0.23363691568374634
922  0.2336345613002777
577  0.2336331158876419
310  0.23362870514392853
657  0.23362727463245392
1145  0.23362520337104797
51  0.23362264037132263
237  0.2336188405752182
1280  0.233618825674057
550  0.23361873626708984
783  0.23360607028007507
897  0.23360589146614075
951  0.23359797894954681
780  0.2335786670446396
696  0.23357799649238586
648  0.23357321321964264
408  0.23356707394123077
886  0.2335667610168457
365  0.23356519639492035
806  0.23355668783187866
326  0.23355546593666077
736  0.23354527354240417
332  0.2335410863161087
304  0.23353882133960724
369  0.23353850841522217
688  0.23353804647922516
995  0.23353731632232666
359  0.23353637754917145
986  0.23353637754917145
460  0.2335246205329895
555  0.23352384567260742
929  0.2335229068994522
406  0.2335130274295807
496  0.23351214826107025
345  0.23350758850574493
483  0.2335037738084793
803  0.2335001826286316
1074  0.23350007832050323
984  0.23349784314632416
401  0.2334943562746048
759  0.23346878588199615
889  0.23346857726573944
187  0.2334670126438141
848  0.2334655076265335
388  0.23346512019634247
871  0.23346421122550964
236  0.23345965147018433
878  0.2334527224302292
287  0.2334510087966919
373  0.23344868421554565
1130  0.23344461619853973
927  0.2334284484386444
1173  0.23342743515968323
1018  0.23342715203762054
1066  0.2334195077419281
1069  0.23341156542301178
1054  0.23341143131256104
903  0.23340044915676117
399  0.23338823020458221
404  0.23338639736175537
701  0.23338569700717926
204  0.2333773821592331
572  0.23336347937583923
1037  0.23336029052734375
1135  0.2333582192659378
842  0.2333502471446991
1250  0.2333475947380066
893  0.23334622383117676
462  0.23334315419197083
372  0.23334169387817383
755  0.23330144584178925
1044  0.23330029845237732
1015  0.23329778015613556
591  0.2332938015460968
214  0.23327551782131195
758  0.2332722395658493
405  0.2332707643508911
822  0.23326866328716278
773  0.2332594245672226
561  0.23325763642787933
805  0.2332535684108734
1063  0.2332477569580078
754  0.2332456260919571
920  0.23324497044086456
378  0.23324093222618103
709  0.23323985934257507
427  0.23323802649974823
1127  0.2332310527563095
545  0.23322752118110657
677  0.23322339355945587
200  0.23322325944900513
1138  0.23321299254894257
1165  0.2332128882408142
683  0.23320983350276947
238  0.23320822417736053
1124  0.2332051694393158
218  0.2332010120153427
337  0.23319733142852783
381  0.23319660127162933
856  0.23318573832511902
1101  0.23318162560462952
876  0.2331809401512146
660  0.23317256569862366
312  0.23315320909023285
600  0.23315271735191345
1169  0.23314858973026276
1060  0.23314496874809265
385  0.2331434041261673
734  0.2331404834985733
881  0.23311734199523926
516  0.2331123650074005
594  0.23308992385864258
1078  0.23308907449245453
1111  0.23308640718460083
220  0.23308630287647247
194  0.23308469355106354
351  0.23306375741958618
309  0.23304150998592377
303  0.23302094638347626
962  0.23301994800567627
1121  0.23301935195922852
492  0.23301057517528534
727  0.232988178730011
367  0.23297841846942902
474  0.2329672873020172
958  0.23295508325099945
343  0.23293833434581757
1053  0.2329324185848236
851  0.23290139436721802
225  0.23289257287979126
521  0.23288729786872864
375  0.23288124799728394
529  0.2328668236732483
942  0.2328513115644455
515  0.2328508347272873
721  0.2328266203403473
1048  0.23282524943351746
317  0.232824444770813
30  0.23279041051864624
626  0.23277728259563446
1211  0.23276203870773315
1050  0.23275193572044373
991  0.23271304368972778
966  0.2326868325471878
977  0.23268188536167145
691  0.23265835642814636
985  0.2326117753982544
1095  0.23257291316986084
844  0.2324884682893753
718  0.2324722856283188
770  0.23240643739700317
587  0.232390359044075
763  0.23234201967716217
653  0.23203065991401672
347  0.23154859244823456
