658  0.24267727136611938
736  0.2426418960094452
373  0.24259430170059204
99  0.24253949522972107
978  0.2425122708082199
108  0.24250811338424683
665  0.2424841672182083
803  0.24247615039348602
756  0.24246864020824432
1437  0.24243825674057007
836  0.24243679642677307
4  0.2424311339855194
868  0.24242407083511353
167  0.24237635731697083
676  0.2423492968082428
308  0.24229277670383453
606  0.24226483702659607
147  0.24225683510303497
1380  0.24224883317947388
1009  0.24224090576171875
793  0.24223105609416962
47  0.24221985042095184
162  0.24220971763134003
752  0.24220792949199677
1343  0.24218325316905975
597  0.24218297004699707
851  0.24216462671756744
747  0.24215951561927795
374  0.24214918911457062
794  0.24214628338813782
717  0.24214471876621246
895  0.24213360249996185
933  0.24212048947811127
151  0.2421180009841919
801  0.2421112358570099
612  0.2421080768108368
1051  0.2421077936887741
97  0.24205997586250305
201  0.2420589178800583
286  0.24202561378479004
1103  0.24201254546642303
253  0.24201218783855438
93  0.2420107126235962
779  0.24201031029224396
1221  0.24200618267059326
1335  0.24200394749641418
1001  0.241996631026268
633  0.24198107421398163
1050  0.24196892976760864
808  0.2419632375240326
655  0.2419578731060028
204  0.24195243418216705
282  0.241951122879982
578  0.241940438747406
1267  0.24193648993968964
627  0.2419312447309494
36  0.24192555248737335
76  0.24192242324352264
260  0.24191537499427795
20  0.24190445244312286
1151  0.24190303683280945
185  0.24188391864299774
200  0.24187415838241577
1076  0.24186712503433228
81  0.24186626076698303
730  0.24186570942401886
534  0.241862952709198
1321  0.2418602705001831
675  0.24185898900032043
1319  0.24185848236083984
1035  0.24185313284397125
599  0.2418491691350937
712  0.24184642732143402
318  0.24184447526931763
5  0.24183979630470276
983  0.2418341040611267
814  0.24182385206222534
771  0.24181921780109406
138  0.2418186068534851
351  0.241798534989357
1120  0.2417941838502884
504  0.24179208278656006
1320  0.24178938567638397
699  0.24178871512413025
588  0.24178731441497803
166  0.2417866289615631
332  0.24178189039230347
646  0.24177996814250946
28  0.24177756905555725
1363  0.24177142977714539
15  0.24177059531211853
1013  0.241764634847641
1043  0.241764634847641
1288  0.2417631596326828
538  0.24176204204559326
230  0.24175867438316345
924  0.24175743758678436
1393  0.24174746870994568
761  0.24174439907073975
728  0.24173907935619354
526  0.24172712862491608
813  0.2417198270559311
1217  0.24171775579452515
722  0.24171213805675507
436  0.24170807003974915
1194  0.241705060005188
407  0.24170471727848053
557  0.2417030781507492
1157  0.24170294404029846
130  0.24169965088367462
1314  0.24169065058231354
1140  0.24169060587882996
1403  0.2416822761297226
1277  0.24167419970035553
602  0.2416704148054123
1081  0.24166575074195862
94  0.2416621893644333
762  0.24166077375411987
921  0.241659015417099
1116  0.24165542423725128
1052  0.2416542023420334
262  0.24165157973766327
691  0.2416432797908783
424  0.2416430115699768
842  0.24164195358753204
337  0.24163275957107544
1171  0.2416325956583023
442  0.24163208901882172
828  0.2416299283504486
1348  0.2416299283504486
913  0.24162913858890533
845  0.241627499461174
934  0.24162323772907257
1399  0.24161683022975922
864  0.24161098897457123
1032  0.24161037802696228
922  0.2416086494922638
364  0.24160771071910858
24  0.24160094559192657
1261  0.24159985780715942
807  0.24159952998161316
603  0.2415979653596878
647  0.24159763753414154
1417  0.24159446358680725
206  0.2415940910577774
1255  0.24159301817417145
800  0.24159251153469086
533  0.24158750474452972
367  0.2415863573551178
1300  0.24157965183258057
1177  0.24157769978046417
289  0.24157439172267914
111  0.24157008528709412
323  0.24156790971755981
724  0.24156735837459564
1200  0.24156434834003448
1178  0.24156370759010315
1386  0.24156245589256287
154  0.24156156182289124
815  0.24155837297439575
302  0.2415572851896286
844  0.24155527353286743
122  0.2415509968996048
849  0.24154189229011536
1031  0.24154061079025269
610  0.24153415858745575
896  0.24153101444244385
229  0.24152927100658417
139  0.24152907729148865
171  0.24152818322181702
1172  0.24152512848377228
1068  0.24152301251888275
133  0.24152250587940216
909  0.24151594936847687
678  0.24151387810707092
886  0.241511270403862
288  0.2415095418691635
694  0.2415095418691635
947  0.24150864779949188
1326  0.24150677025318146
874  0.24150437116622925
579  0.24150219559669495
285  0.24150186777114868
843  0.24148643016815186
890  0.24148516356945038
1302  0.2414824515581131
891  0.24147987365722656
156  0.24147920310497284
235  0.24147528409957886
1133  0.24147456884384155
821  0.24146808683872223
1186  0.241463303565979
677  0.24145549535751343
1286  0.24145421385765076
1059  0.24145326018333435
23  0.24145321547985077
802  0.24145035445690155
1087  0.24144859611988068
834  0.24144811928272247
479  0.2414434850215912
935  0.24144281446933746
607  0.2414359748363495
641  0.2414356917142868
1402  0.24142903089523315
908  0.24142412841320038
701  0.24142144620418549
1220  0.2414187490940094
1414  0.24141685664653778
777  0.24141660332679749
863  0.24140991270542145
1378  0.24140827357769012
615  0.2414078712463379
1423  0.24140596389770508
1358  0.24139828979969025
287  0.2413952350616455
703  0.24139417707920074
837  0.24139323830604553
145  0.24139079451560974
1367  0.24138928949832916
471  0.2413865029811859
901  0.24138446152210236
1018  0.2413826733827591
624  0.24138131737709045
263  0.24137984216213226
885  0.2413797825574875
727  0.24137762188911438
1374  0.24137656390666962
188  0.24137543141841888
251  0.2413719743490219
227  0.24136975407600403
604  0.24136725068092346
1263  0.24136683344841003
202  0.2413652539253235
1420  0.241363063454628
243  0.24136300384998322
784  0.2413613647222519
1273  0.241359680891037
1092  0.24135923385620117
1244  0.24135901033878326
862  0.2413543462753296
72  0.24135251343250275
187  0.24135065078735352
56  0.2413501739501953
812  0.24134862422943115
1000  0.24134251475334167
1401  0.24134159088134766
257  0.24134011566638947
484  0.24133940041065216
342  0.24133673310279846
503  0.24133579432964325
1216  0.24133528769016266
623  0.24133509397506714
161  0.24133451282978058
1210  0.24133284389972687
501  0.24132834374904633
196  0.24132776260375977
434  0.24132731556892395
55  0.24132612347602844
397  0.24132461845874786
1119  0.24132439494132996
827  0.24132312834262848
125  0.24132274091243744
360  0.24132190644741058
514  0.2413206845521927
995  0.2413194626569748
945  0.2413175404071808
129  0.2413157969713211
301  0.24131329357624054
707  0.24131296575069427
208  0.24131029844284058
1099  0.24130968749523163
128  0.24130724370479584
563  0.2413049042224884
1250  0.24130474030971527
838  0.24130184948444366
74  0.2413012981414795
378  0.24130043387413025
695  0.24129898846149445
856  0.24129846692085266
1259  0.24129718542099
653  0.2412971407175064
271  0.24129611253738403
1022  0.24129608273506165
958  0.24129287898540497
1089  0.24129042029380798
927  0.24128936231136322
344  0.24128586053848267
42  0.24128541350364685
398  0.24128358066082
680  0.24128325283527374
954  0.24128219485282898
114  0.2412790060043335
1040  0.24127653241157532
1397  0.24127526581287384
1350  0.24127160012722015
1308  0.24126362800598145
668  0.24126257002353668
320  0.24126198887825012
907  0.24126043915748596
1123  0.24125976860523224
1446  0.2412579357624054
1285  0.24125713109970093
29  0.24125605821609497
58  0.24125583469867706
1426  0.24125465750694275
370  0.24125449359416962
875  0.24125194549560547
654  0.2412514090538025
774  0.2412489503622055
112  0.24124859273433685
1030  0.24124795198440552
1187  0.24124634265899658
1264  0.24124544858932495
673  0.24124519526958466
720  0.24124489724636078
26  0.24124470353126526
1158  0.24123898148536682
878  0.2412382960319519
338  0.2412373423576355
1006  0.2412368506193161
115  0.24123570322990417
33  0.2412348985671997
1439  0.24123412370681763
163  0.24123144149780273
68  0.24123038351535797
620  0.24122963845729828
766  0.2412293255329132
1026  0.2412281334400177
168  0.24122419953346252
857  0.24122300744056702
957  0.24122078716754913
1075  0.24121980369091034
541  0.24121764302253723
79  0.24121734499931335
207  0.24121686816215515
523  0.24121664464473724
70  0.241215318441391
841  0.24121354520320892
742  0.24121348559856415
1127  0.24121326208114624
352  0.24121303856372833
1275  0.2412128448486328
1034  0.2412107139825821
274  0.24121032655239105
1150  0.2412099838256836
897  0.24120914936065674
1366  0.24120299518108368
706  0.24120277166366577
530  0.24120254814624786
467  0.2412019968032837
141  0.24119961261749268
119  0.24119368195533752
1148  0.2411920726299286
1293  0.24119068682193756
819  0.24118904769420624
832  0.24118848145008087
632  0.2411830574274063
355  0.24118296802043915
311  0.2411806434392929
529  0.24117720127105713
943  0.24117359519004822
265  0.24117273092269897
430  0.24117273092269897
937  0.2411690503358841
931  0.24116885662078857
986  0.24116747081279755
511  0.24116632342338562
822  0.2411660999059677
846  0.2411651611328125
1232  0.24116435647010803
75  0.2411622852087021
333  0.24115948379039764
948  0.24115830659866333
408  0.24115562438964844
953  0.24115295708179474
1369  0.24115166068077087
552  0.24115124344825745
159  0.24115031957626343
613  0.24115021526813507
782  0.24114899337291718
1072  0.24114635586738586
236  0.24114586412906647
51  0.24114473164081573
1169  0.24114397168159485
423  0.24114131927490234
400  0.24114058911800385
826  0.24113965034484863
1307  0.24113936722278595
478  0.24113716185092926
778  0.24113678932189941
380  0.24113349616527557
1428  0.2411319464445114
425  0.24113188683986664
157  0.2411300092935562
1245  0.24112950265407562
110  0.2411293387413025
73  0.24112917482852936
491  0.24112340807914734
85  0.24112063646316528
39  0.2411186397075653
1354  0.2411179393529892
524  0.2411148101091385
165  0.2411147505044937
293  0.2411118745803833
608  0.24111148715019226
250  0.24110937118530273
811  0.24110737442970276
1203  0.2411041110754013
195  0.24110405147075653
281  0.24110178649425507
790  0.24110089242458344
197  0.24109995365142822
704  0.24109624326229095
231  0.24109476804733276
1027  0.24109363555908203
626  0.24109111726284027
852  0.2410895824432373
19  0.24108931422233582
550  0.2410890907049179
496  0.2410878688097
809  0.24108581244945526
226  0.24108313024044037
148  0.24107983708381653
1425  0.24107925593852997
8  0.24107661843299866
714  0.24107658863067627
1409  0.24107395112514496
938  0.24107329547405243
521  0.24106936156749725
203  0.24106836318969727
540  0.24106758832931519
690  0.24106740951538086
1405  0.24106714129447937
847  0.24106620252132416
1359  0.24106620252132416
222  0.241066113114357
1198  0.24106253683567047
635  0.24105937778949738
824  0.2410583794116974
792  0.24105766415596008
944  0.24105624854564667
175  0.24105611443519592
117  0.24105530977249146
211  0.24105499684810638
662  0.24105402827262878
594  0.24105383455753326
309  0.24105095863342285
1396  0.24105089902877808
1135  0.24104957282543182
1376  0.24104824662208557
127  0.24104787409305573
455  0.24104735255241394
1094  0.24104590713977814
1041  0.24104508757591248
1440  0.24104280769824982
1325  0.24104247987270355
445  0.24104076623916626
1375  0.2410401552915573
850  0.24103981256484985
1353  0.24103644490242004
754  0.24103626608848572
1143  0.24103499948978424
1427  0.24103406071662903
52  0.2410302311182022
91  0.2410280704498291
65  0.24102796614170074
444  0.2410261332988739
718  0.24102552235126495
92  0.24102471768856049
284  0.24102436006069183
1292  0.24102336168289185
63  0.24102133512496948
661  0.24102042615413666
977  0.24101857841014862
962  0.24101555347442627
1416  0.2410144954919815
493  0.24101394414901733
669  0.24100984632968903
9  0.2410086840391159
898  0.24100816249847412
1241  0.2410070151090622
539  0.24100685119628906
1333  0.2410067468881607
1011  0.24100574851036072
248  0.24100562930107117
572  0.24100364744663239
88  0.24100054800510406
1109  0.24099965393543243
1445  0.2409973293542862
764  0.24099594354629517
537  0.2409948855638504
1147  0.24099349975585938
919  0.24099242687225342
489  0.2409907877445221
644  0.24098865687847137
225  0.24098823964595795
84  0.24098820984363556
967  0.24098807573318481
1025  0.24098746478557587
1201  0.2409854680299759
1222  0.2409839779138565
746  0.24098148941993713
773  0.24097971618175507
1372  0.2409755140542984
1130  0.2409704178571701
618  0.240968257188797
134  0.24096791446208954
95  0.2409660667181015
575  0.24096497893333435
1044  0.24096481502056122
1033  0.24096135795116425
1329  0.24096135795116425
438  0.24096083641052246
884  0.24095970392227173
1336  0.24095790088176727
729  0.24095651507377625
192  0.24095496535301208
1180  0.24095451831817627
193  0.24095407128334045
871  0.2409537434577942
132  0.24095216393470764
82  0.2409517467021942
216  0.24095135927200317
429  0.24095113575458527
104  0.240949809551239
464  0.2409462183713913
143  0.24094577133655548
556  0.24094566702842712
748  0.24094535410404205
562  0.24094422161579132
369  0.24094156920909882
715  0.24094067513942719
759  0.24094067513942719
41  0.24093680083751678
1164  0.24093547463417053
702  0.24093428254127502
600  0.24093425273895264
688  0.24093154072761536
765  0.24092860519886017
577  0.24092772603034973
853  0.2409268617630005
118  0.24092240631580353
106  0.2409212440252304
810  0.24091839790344238
244  0.2409144937992096
650  0.24091371893882751
786  0.24091123044490814
705  0.24091055989265442
1084  0.24090978503227234
1193  0.24090780317783356
385  0.2409060299396515
449  0.24090464413166046
304  0.2409040331840515
941  0.24089932441711426
659  0.24089889228343964
306  0.24089279770851135
155  0.24089156091213226
867  0.24089060723781586
920  0.2408902496099472
1096  0.24088898301124573
481  0.24087998270988464
1395  0.24087952077388763
1305  0.24087807536125183
1211  0.2408776432275772
999  0.24087686836719513
991  0.2408764809370041
1029  0.24087581038475037
735  0.240875706076622
781  0.2408750355243683
783  0.24087393283843994
522  0.24087361991405487
1341  0.24086657166481018
44  0.24086567759513855
1280  0.24086502194404602
194  0.2408628612756729
1016  0.24086131155490875
968  0.24086004495620728
1344  0.24085940420627594
1162  0.24085833132266998
1114  0.2408580482006073
711  0.24085688591003418
1252  0.2408548891544342
731  0.24085426330566406
700  0.24085284769535065
189  0.24085204303264618
1389  0.24085180461406708
417  0.24084986746311188
980  0.24084964394569397
1410  0.2408490926027298
422  0.24084894359111786
873  0.24084793031215668
1441  0.24084781110286713
1021  0.24084632098674774
520  0.24084363877773285
266  0.24084115028381348
292  0.24084053933620453
1226  0.24083973467350006
1268  0.2408394068479538
391  0.24083682894706726
969  0.2408359795808792
170  0.24083565175533295
936  0.24083536863327026
1323  0.24083414673805237
1290  0.24083392322063446
303  0.24083320796489716
1230  0.24083100259304047
532  0.24083055555820465
470  0.24083049595355988
418  0.24082742631435394
453  0.2408270686864853
57  0.24082563817501068
823  0.2408253252506256
750  0.240823894739151
1355  0.24082350730895996
61  0.24082031846046448
1070  0.24082009494304657
238  0.2408199906349182
585  0.24081982672214508
477  0.24081972241401672
38  0.24081766605377197
630  0.2408168911933899
107  0.24081626534461975
1207  0.2408156841993332
1258  0.24081553518772125
558  0.2408113330602646
256  0.24081042408943176
490  0.24080857634544373
384  0.24080821871757507
1262  0.24080705642700195
131  0.2408067137002945
833  0.24080616235733032
855  0.24080555140972137
183  0.24080534279346466
30  0.2408047765493393
1279  0.24080312252044678
1104  0.24080218374729156
1282  0.24080179631710052
1176  0.2407989799976349
209  0.24079781770706177
1008  0.24079778790473938
160  0.2407969832420349
1309  0.24079449474811554
1071  0.2407943308353424
270  0.24079342186450958
548  0.24079106748104095
1132  0.24078841507434845
268  0.24078719317913055
1039  0.2407860904932022
611  0.2407854050397873
1276  0.24078521132469177
839  0.24078509211540222
452  0.24078501760959625
911  0.24078470468521118
21  0.2407846599817276
264  0.2407846599817276
988  0.24078388512134552
1182  0.24078288674354553
595  0.24078269302845
214  0.24078169465065002
1294  0.24078166484832764
482  0.24077746272087097
894  0.2407761961221695
314  0.24077406525611877
1251  0.24077342450618744
213  0.2407720983028412
696  0.24077177047729492
89  0.24077102541923523
386  0.24077022075653076
1202  0.2407701164484024
325  0.2407679557800293
80  0.24076730012893677
1394  0.24076461791992188
848  0.2407625913619995
317  0.2407606542110443
181  0.24075961112976074
62  0.24075892567634583
547  0.24075576663017273
955  0.2407550811767578
101  0.2407548874616623
31  0.240753635764122
1381  0.24075324833393097
90  0.24075020849704742
1413  0.24075010418891907
140  0.2407485842704773
725  0.24074667692184448
1049  0.24074451625347137
1163  0.24074405431747437
245  0.240742027759552
389  0.24074089527130127
910  0.24073968827724457
14  0.24073877930641174
40  0.24073396623134613
799  0.24073345959186554
254  0.2407308667898178
527  0.2407306730747223
83  0.24073001742362976
375  0.24072611331939697
428  0.2407250702381134
760  0.24072371423244476
780  0.24072174727916718
591  0.24072080850601196
929  0.24072077870368958
889  0.2407202273607254
1223  0.24072003364562988
96  0.2407182902097702
142  0.24071809649467468
708  0.24071766436100006
1091  0.24071763455867767
593  0.24071601033210754
543  0.2407153695821762
939  0.24071340262889862
328  0.24071313440799713
745  0.24070975184440613
1332  0.24070857465267181
634  0.24070365726947784
273  0.2407006472349167
1424  0.2407005876302719
64  0.24070049822330475
904  0.24070030450820923
22  0.24069881439208984
48  0.2406979352235794
35  0.24069787561893463
310  0.2406967133283615
474  0.2406957745552063
322  0.24069207906723022
1328  0.2406909465789795
1295  0.24069026112556458
372  0.24068838357925415
368  0.2406875193119049
1242  0.2406846135854721
1024  0.24068285524845123
651  0.24068252742290497
190  0.24068240821361542
126  0.24068230390548706
109  0.24068163335323334
741  0.24068047106266022
1111  0.2406802624464035
767  0.24067942798137665
697  0.24067749083042145
1122  0.2406759411096573
387  0.24067461490631104
1138  0.24067285656929016
100  0.24067246913909912
382  0.2406720221042633
12  0.24066667258739471
1077  0.24066655337810516
366  0.24066632986068726
1430  0.24066583812236786
1061  0.2406647652387619
487  0.24066445231437683
299  0.2406637966632843
10  0.2406623810529709
870  0.24066147208213806
743  0.24066130816936493
1174  0.24065975844860077
261  0.2406584918498993
692  0.2406553477048874
1284  0.2406526654958725
549  0.24064858257770538
16  0.240648552775383
882  0.24064788222312927
376  0.24064622819423676
176  0.24064195156097412
223  0.24063993990421295
1012  0.24063938856124878
1373  0.24063926935195923
622  0.24063830077648163
435  0.24063771963119507
232  0.24063751101493835
1349  0.2406347393989563
1196  0.24063430726528168
124  0.2406318485736847
1298  0.2406318485736847
816  0.2406318187713623
1338  0.24063019454479218
592  0.240630105137825
1093  0.24062994122505188
283  0.24062927067279816
1121  0.24062709510326385
740  0.24062560498714447
1317  0.2406255006790161
1170  0.24062508344650269
1145  0.24062378704547882
1  0.24061845242977142
723  0.2406150847673416
1028  0.2406150847673416
1418  0.24061459302902222
1183  0.24061310291290283
1408  0.24060863256454468
565  0.24060675501823425
1339  0.24060620367527008
1215  0.24060410261154175
1316  0.2406037598848343
462  0.24060338735580444
356  0.24060285091400146
507  0.24060261249542236
1283  0.24060207605361938
135  0.24060073494911194
1434  0.24059882760047913
719  0.24059565365314484
952  0.24059565365314484
1272  0.24059516191482544
681  0.24059222638607025
638  0.240591898560524
17  0.2405914068222046
609  0.2405904084444046
60  0.24058949947357178
757  0.24058842658996582
1266  0.2405858039855957
825  0.24058564007282257
116  0.24058522284030914
880  0.24058406054973602
1237  0.24058283865451813
559  0.24058043956756592
1407  0.24057991802692413
295  0.24057815968990326
687  0.24057751893997192
566  0.2405756711959839
381  0.2405751794576645
536  0.24057479202747345
290  0.24057185649871826
734  0.24057146906852722
383  0.24057036638259888
1136  0.2405652403831482
1415  0.24056433141231537
1152  0.24056388437747955
637  0.24056385457515717
1274  0.24056248366832733
361  0.2405616194009781
906  0.2405613213777542
1212  0.24055980145931244
78  0.24055953323841095
1368  0.24055828154087067
1364  0.24055729806423187
212  0.24055688083171844
535  0.2405565232038498
982  0.2405540943145752
925  0.24055318534374237
671  0.24055173993110657
469  0.24055001139640808
1406  0.24054984748363495
488  0.24054917693138123
1139  0.24054890871047974
657  0.24054868519306183
239  0.24054738879203796
1432  0.24054719507694244
2  0.2405470311641693
1154  0.24054451286792755
545  0.24054305255413055
1421  0.24054211378097534
249  0.24054200947284698
297  0.2405415028333664
463  0.2405414581298828
296  0.24054111540317535
1357  0.24054068326950073
77  0.24053756892681122
1313  0.2405358850955963
583  0.24053449928760529
755  0.24053414165973663
1431  0.24053403735160828
1270  0.2405312955379486
393  0.24053025245666504
614  0.2405295968055725
67  0.24052876234054565
672  0.24052630364894867
1020  0.2405250072479248
1060  0.24052435159683228
643  0.2405228614807129
431  0.2405211478471756
450  0.24052037298679352
1173  0.24051880836486816
1149  0.2405184954404831
259  0.24051816761493683
219  0.24051761627197266
87  0.2405162900686264
582  0.24051281809806824
300  0.2405119389295578
476  0.24051187932491302
515  0.24051105976104736
914  0.2405110001564026
649  0.24050983786582947
1448  0.24050931632518768
854  0.24050886929035187
679  0.24050851166248322
713  0.24050581455230713
390  0.2405051738023758
1023  0.24050474166870117
1227  0.24050451815128326
1260  0.24050283432006836
494  0.2404993623495102
866  0.2404949963092804
686  0.2404937893152237
865  0.24049201607704163
1057  0.24049197137355804
900  0.24049097299575806
1318  0.24049051105976105
120  0.2404891550540924
513  0.24048905074596405
796  0.24048824608325958
413  0.2404875010251999
205  0.2404869794845581
830  0.2404865026473999
516  0.24048535525798798
858  0.24048465490341187
198  0.2404835820198059
917  0.24048154056072235
224  0.24048011004924774
645  0.2404799461364746
448  0.2404792308807373
674  0.24047718942165375
485  0.24047712981700897
45  0.24047651886940002
1442  0.24047651886940002
1010  0.24047376215457916
410  0.24047349393367767
1067  0.2404722273349762
137  0.24047142267227173
1113  0.24047087132930756
241  0.24046996235847473
1159  0.2404654324054718
505  0.2404625117778778
835  0.24046014249324799
785  0.2404574453830719
415  0.24045661091804504
1429  0.24045567214488983
770  0.24045264720916748
791  0.24045251309871674
199  0.24045225977897644
149  0.24045057594776154
1301  0.24044905602931976
876  0.24044878780841827
1435  0.24044664204120636
940  0.24044518172740936
1085  0.24044492840766907
406  0.24044354259967804
1404  0.24044333398342133
502  0.24044261872768402
1287  0.24044187366962433
144  0.24044151604175568
893  0.24043935537338257
269  0.24043704569339752
233  0.24043646454811096
744  0.24043522775173187
775  0.24043472111225128
636  0.24043434858322144
997  0.24043315649032593
180  0.24043235182762146
751  0.24042975902557373
66  0.24042919278144836
1195  0.24042868614196777
184  0.24042855203151703
13  0.24042651057243347
277  0.24042612314224243
1105  0.2404254674911499
1165  0.24042391777038574
291  0.2404228150844574
246  0.24042277038097382
1019  0.24042271077632904
327  0.2404220998287201
71  0.24042022228240967
555  0.24042008817195892
1074  0.24041979014873505
178  0.2404184639453888
1209  0.2404184639453888
1062  0.2404172271490097
510  0.2404160350561142
326  0.24041582643985748
961  0.24041564762592316
923  0.24041469395160675
994  0.24041256308555603
667  0.24041233956813812
215  0.24040788412094116
564  0.24040617048740387
46  0.24040468037128448
930  0.240403413772583
1102  0.24040327966213226
888  0.240401953458786
483  0.24040071666240692
276  0.24039879441261292
905  0.24039682745933533
1351  0.2403949797153473
1296  0.24039140343666077
1278  0.2403913140296936
1208  0.24039112031459808
739  0.24039043486118317
458  0.24038644134998322
1248  0.24038417637348175
1347  0.24038399755954742
964  0.2403808832168579
892  0.24037927389144897
217  0.2403789460659027
1391  0.24037887156009674
918  0.24037721753120422
334  0.2403748631477356
861  0.2403743416070938
421  0.24037326872348785
7  0.24037200212478638
1181  0.240367591381073
542  0.24036726355552673
461  0.2403668761253357
1047  0.24036550521850586
220  0.24036534130573273
1342  0.240364670753479
433  0.2403631955385208
1155  0.24036197364330292
544  0.2403601109981537
1015  0.2403581738471985
1312  0.24035806953907013
1106  0.24035586416721344
221  0.24035537242889404
956  0.2403552532196045
86  0.2403545379638672
240  0.24035395681858063
11  0.24035151302814484
587  0.24035122990608215
684  0.2403508424758911
1142  0.2403457760810852
975  0.2403438538312912
182  0.24034269154071808
412  0.24034233391284943
831  0.24034155905246735
877  0.2403368502855301
912  0.24033288657665253
123  0.2403324693441391
1004  0.24033057689666748
169  0.24032992124557495
1003  0.24032853543758392
551  0.24032749235630035
1265  0.24032635986804962
1422  0.24032622575759888
294  0.24032434821128845
475  0.2403239607810974
331  0.24032139778137207
1327  0.24032087624073029
1079  0.2403203547000885
1240  0.240320086479187
1054  0.24031956493854523
737  0.2403189241886139
1438  0.2403179556131363
1053  0.24031729996204376
1303  0.24031636118888855
319  0.2403142750263214
628  0.24031245708465576
829  0.2403099238872528
683  0.24030934274196625
1137  0.240306556224823
974  0.24030502140522003
6  0.24030397832393646
881  0.24030201137065887
1146  0.24030086398124695
642  0.24029956758022308
797  0.24029241502285004
492  0.2402912825345993
498  0.24028927087783813
275  0.24028871953487396
1153  0.24028703570365906
454  0.24028624594211578
186  0.24027803540229797
405  0.24027764797210693
402  0.2402709573507309
1243  0.24026796221733093
363  0.24026678502559662
1398  0.24026377499103546
359  0.24026334285736084
388  0.2402619570493698
769  0.2402617484331131
164  0.24025782942771912
973  0.2402576357126236
899  0.24025700986385345
1017  0.24025580286979675
1289  0.2402547001838684
726  0.24025419354438782
584  0.2402518391609192
553  0.24025161564350128
1433  0.2402513325214386
989  0.2402506172657013
960  0.24024885892868042
50  0.24024726450443268
1311  0.24024593830108643
307  0.24024531245231628
173  0.24024511873722076
343  0.24024440348148346
1322  0.2402380108833313
1115  0.24023494124412537
472  0.2402336746454239
998  0.24023063480854034
942  0.24023036658763885
546  0.2402290403842926
350  0.24022747576236725
1129  0.24022720754146576
177  0.24022668600082397
1124  0.2402249127626419
789  0.24022318422794342
34  0.24021713435649872
252  0.24021489918231964
392  0.24021385610103607
1038  0.2402130365371704
153  0.24021212756633759
1249  0.2402118444442749
272  0.24021148681640625
1370  0.24021121859550476
179  0.24020764231681824
1069  0.24020546674728394
569  0.24020488560199738
1161  0.24020268023014069
336  0.2402006834745407
1382  0.2401989996433258
1234  0.24019484221935272
732  0.24019335210323334
191  0.24019266664981842
404  0.24019256234169006
617  0.2401903122663498
247  0.24018703401088715
1383  0.24018678069114685
629  0.24018453061580658
113  0.24018332362174988
928  0.24018238484859467
716  0.2401808500289917
1229  0.24018023908138275
1005  0.24017861485481262
1362  0.24017798900604248
1199  0.24017556011676788
357  0.24017462134361267
652  0.24017415940761566
330  0.24017247557640076
218  0.2401714324951172
758  0.24016983807086945
371  0.24016977846622467
663  0.2401697337627411
1205  0.2401668131351471
1340  0.2401656061410904
879  0.24016349017620087
1388  0.2401571273803711
1331  0.2401561141014099
3  0.24015581607818604
596  0.24015389382839203
497  0.24014998972415924
518  0.2401466816663742
568  0.24014616012573242
1179  0.2401408553123474
581  0.24014046788215637
480  0.24014000594615936
473  0.2401372194290161
456  0.24013538658618927
1299  0.24013282358646393
401  0.24013158679008484
1100  0.24013133347034454
1218  0.24012567102909088
1007  0.24012424051761627
1184  0.24012237787246704
486  0.24012039601802826
1392  0.24011912941932678
440  0.24011372029781342
242  0.24011121690273285
279  0.24011066555976868
580  0.24011021852493286
1324  0.2401079684495926
59  0.24010786414146423
1046  0.24010618031024933
992  0.2401026338338852
950  0.24009744822978973
340  0.2400965690612793
396  0.24009566009044647
121  0.24009016156196594
395  0.240087628364563
174  0.2400839477777481
951  0.24008212983608246
1189  0.24007926881313324
795  0.24007773399353027
776  0.24007092416286469
787  0.2400689721107483
451  0.24006839096546173
1449  0.2400658130645752
1088  0.24006305634975433
460  0.24005989730358124
970  0.2400595098733902
798  0.24005410075187683
1306  0.24004964530467987
420  0.24004872143268585
903  0.24004624783992767
656  0.24004442989826202
447  0.24004042148590088
394  0.2400389313697815
860  0.24003873765468597
403  0.24003756046295166
621  0.2400370091199875
347  0.24003134667873383
1014  0.240029975771904
105  0.24002854526042938
698  0.24002733826637268
146  0.2400263547897339
411  0.2400260716676712
1206  0.24002297222614288
1108  0.2400222271680832
315  0.2400204986333847
1443  0.24002014100551605
721  0.24001483619213104
69  0.24001358449459076
258  0.24000945687294006
887  0.24000893533229828
298  0.2400083839893341
598  0.24000580608844757
152  0.24000440537929535
804  0.24000222980976105
466  0.24000151455402374
49  0.23999835550785065
346  0.23999778926372528
25  0.23999767005443573
1225  0.23999525606632233
426  0.23999421298503876
32  0.2399933934211731
1110  0.23999059200286865
631  0.23998858034610748
619  0.23998619616031647
1134  0.23998619616031647
53  0.23998023569583893
341  0.23997704684734344
313  0.23997576534748077
915  0.23997323215007782
506  0.23997251689434052
1112  0.2399662286043167
348  0.23996222019195557
1126  0.2399614304304123
439  0.239959716796875
1390  0.23995697498321533
571  0.23995472490787506
1185  0.23995308578014374
1377  0.2399502843618393
362  0.2399429976940155
37  0.2399405539035797
993  0.23994022607803345
1090  0.23993979394435883
1447  0.23993881046772003
228  0.23993858695030212
709  0.2399337738752365
508  0.23993375897407532
102  0.2399311661720276
772  0.23992936313152313
98  0.2399291694164276
685  0.23992551863193512
365  0.23992499709129333
639  0.2399248629808426
427  0.23991884291172028
457  0.23991616070270538
349  0.2399117350578308
18  0.23991107940673828
339  0.23990872502326965
806  0.23990751802921295
1412  0.23990663886070251
237  0.23990625143051147
377  0.2399018555879593
1304  0.23990122973918915
441  0.23990117013454437
1197  0.23989608883857727
1247  0.2398890107870102
399  0.23988711833953857
1080  0.23987579345703125
324  0.2398713231086731
818  0.23986953496932983
1118  0.23986715078353882
358  0.239859938621521
354  0.23985981941223145
1233  0.23985961079597473
625  0.23985905945301056
648  0.23985645174980164
1360  0.2398551106452942
1048  0.2398529052734375
682  0.23984940350055695
985  0.23984824120998383
1058  0.2398478090763092
567  0.2398432046175003
158  0.23984171450138092
981  0.23984012007713318
916  0.2398398518562317
531  0.23983463644981384
1213  0.23983031511306763
1219  0.2398301362991333
1082  0.23982833325862885
1236  0.23982791602611542
586  0.23982731997966766
255  0.2398265302181244
345  0.23982523381710052
902  0.2398194521665573
1330  0.23981544375419617
1356  0.23981094360351562
1387  0.23981018364429474
946  0.239808589220047
660  0.23980677127838135
693  0.23980656266212463
1168  0.23979438841342926
971  0.2397935688495636
859  0.23979246616363525
990  0.2397848218679428
1315  0.23978479206562042
267  0.23978470265865326
710  0.2397783249616623
419  0.23977656662464142
1379  0.2397763729095459
670  0.23977626860141754
576  0.23977480828762054
1411  0.23977258801460266
1002  0.23977217078208923
1235  0.2397666871547699
966  0.23976531624794006
312  0.23976482450962067
664  0.23976461589336395
1188  0.23976224660873413
1224  0.23976187407970428
1345  0.2397565245628357
788  0.23974959552288055
1291  0.23974959552288055
965  0.23974882066249847
1269  0.23974859714508057
820  0.2397482991218567
573  0.23974362015724182
666  0.23974139988422394
499  0.23973523080348969
1337  0.23973369598388672
353  0.23972876369953156
1064  0.23972713947296143
316  0.23972193896770477
996  0.23971861600875854
1107  0.23971742391586304
601  0.23971708118915558
574  0.23971319198608398
1444  0.23971089720726013
1231  0.23970958590507507
1166  0.23970717191696167
883  0.2397058755159378
959  0.23970364034175873
234  0.23969681560993195
1131  0.23969420790672302
1400  0.23969382047653198
589  0.23968476057052612
1056  0.23968248069286346
459  0.23968008160591125
1281  0.23967960476875305
1365  0.23967890441417694
1254  0.23967887461185455
972  0.23967818915843964
869  0.23967446386814117
278  0.2396717220544815
172  0.2396714985370636
280  0.23966985940933228
1045  0.2396690845489502
414  0.23966890573501587
1144  0.23966728150844574
1204  0.23966282606124878
136  0.2396528720855713
590  0.23965276777744293
1083  0.23965205252170563
605  0.23965145647525787
872  0.23964329063892365
1095  0.2396422028541565
1098  0.23964005708694458
984  0.23962707817554474
1037  0.23960857093334198
335  0.23960843682289124
1346  0.23960329592227936
1086  0.23959778249263763
379  0.2395971268415451
495  0.23959532380104065
305  0.23959505558013916
1371  0.2395867258310318
1073  0.23958344757556915
763  0.23957446217536926
1063  0.2395734339952469
640  0.23956921696662903
1078  0.23956909775733948
1419  0.23956423997879028
768  0.23956254124641418
733  0.2395602911710739
1228  0.23955944180488586
1238  0.2395523339509964
1160  0.23954901099205017
1066  0.2395474910736084
432  0.23954163491725922
525  0.23954059183597565
409  0.2395395189523697
932  0.23953577876091003
27  0.2395348697900772
1271  0.239532932639122
1239  0.2395271360874176
1065  0.2395266443490982
519  0.23952247202396393
570  0.23952209949493408
1246  0.2395097315311432
1125  0.2394869178533554
1214  0.23948517441749573
1156  0.23946881294250488
43  0.23946110904216766
1256  0.23944538831710815
987  0.23943985998630524
443  0.2394227832555771
979  0.23941627144813538
1257  0.2394121140241623
805  0.23941004276275635
1141  0.23939713835716248
1190  0.23939411342144012
554  0.23938576877117157
689  0.23938028514385223
1175  0.23937566578388214
976  0.2393602579832077
749  0.239353746175766
150  0.2393537014722824
1352  0.2393488585948944
926  0.23932573199272156
1297  0.23930110037326813
528  0.23929913341999054
1334  0.2392946183681488
1055  0.2392946034669876
1361  0.2392871379852295
329  0.23928597569465637
465  0.23928384482860565
210  0.23928269743919373
561  0.23926964402198792
103  0.23926767706871033
1192  0.23926612734794617
1310  0.23925481736660004
738  0.2392338365316391
560  0.23922379314899445
1253  0.23919181525707245
437  0.2391890287399292
817  0.23918583989143372
949  0.23916764557361603
840  0.2391597330570221
1097  0.23915307223796844
321  0.23913000524044037
416  0.2390938103199005
1128  0.23908628523349762
54  0.2390783727169037
1101  0.23906828463077545
517  0.23901821672916412
1036  0.23899723589420319
500  0.23897212743759155
753  0.2389657348394394
1167  0.2388830929994583
1385  0.23884317278862
512  0.23883575201034546
1117  0.23879756033420563
468  0.23878222703933716
509  0.23875534534454346
1191  0.23870344460010529
1042  0.23861801624298096
446  0.23861229419708252
1384  0.23840686678886414
616  0.23831602931022644
1436  0.23805181682109833
963  0.23782208561897278
