1093  0.15820331871509552
677  0.1581737995147705
147  0.1581006646156311
381  0.15808041393756866
1213  0.15799878537654877
1313  0.1579809933900833
553  0.15793593227863312
1705  0.15786874294281006
1160  0.15783682465553284
433  0.157828226685524
950  0.15782606601715088
1076  0.15782566368579865
237  0.1578051596879959
1131  0.15777967870235443
48  0.15777802467346191
974  0.1577759087085724
1032  0.15777163207530975
990  0.15774177014827728
665  0.15773512423038483
882  0.15768907964229584
1432  0.1576882302761078
1288  0.15768536925315857
1272  0.15768058598041534
317  0.1576666682958603
1547  0.15766111016273499
1019  0.15765592455863953
214  0.15765415132045746
908  0.1576535701751709
1401  0.15762859582901
729  0.1576283723115921
1242  0.15762583911418915
1445  0.1576247364282608
1167  0.15762446820735931
1079  0.15761736035346985
1059  0.15760384500026703
1085  0.15760372579097748
1060  0.1575945019721985
1688  0.15758951008319855
685  0.15758872032165527
713  0.1575857400894165
977  0.15758244693279266
1094  0.15757852792739868
1108  0.15757586061954498
1036  0.15757407248020172
76  0.1575736105442047
1111  0.15756496787071228
196  0.15756146609783173
1220  0.157558873295784
1592  0.15755042433738708
924  0.1575493961572647
1231  0.1575479805469513
1570  0.15754620730876923
1165  0.15754540264606476
1119  0.15754073858261108
505  0.15752241015434265
1185  0.15752188861370087
637  0.15750809013843536
1235  0.1575031578540802
1023  0.15749986469745636
325  0.15749745070934296
14  0.1574968695640564
1742  0.15749546885490417
1161  0.15748076140880585
869  0.157464399933815
556  0.15746161341667175
248  0.15746113657951355
946  0.15746113657951355
712  0.1574576050043106
1000  0.15745574235916138
1193  0.15745513141155243
968  0.15745264291763306
738  0.15744784474372864
415  0.1574474424123764
1733  0.15743811428546906
2  0.15743687748908997
1700  0.15743370354175568
54  0.15743309259414673
392  0.15742991864681244
67  0.1574295610189438
370  0.15742874145507812
801  0.15742723643779755
1170  0.15742480754852295
542  0.15742351114749908
867  0.1574213206768036
1284  0.15741774439811707
1078  0.15741734206676483
455  0.15741731226444244
773  0.15741698443889618
368  0.15741635859012604
792  0.15741516649723053
47  0.15741465985774994
753  0.15741272270679474
289  0.1574096828699112
916  0.15740947425365448
604  0.15740744769573212
1114  0.15740163624286652
468  0.15739764273166656
905  0.15739582479000092
772  0.1573946475982666
748  0.15739087760448456
1640  0.15738825500011444
447  0.15738649666309357
1128  0.15737542510032654
1123  0.1573706418275833
330  0.15736839175224304
718  0.1573573499917984
881  0.15735499560832977
34  0.157353475689888
1089  0.15735189616680145
90  0.15735115110874176
979  0.15734978020191193
820  0.15734779834747314
578  0.15734581649303436
153  0.15734466910362244
338  0.15734224021434784
1196  0.15734200179576874
931  0.1573391705751419
863  0.1573372334241867
166  0.15733639895915985
229  0.15733598172664642
207  0.15733586251735687
1228  0.15733109414577484
582  0.1573299616575241
708  0.1573273241519928
940  0.15732483565807343
688  0.15732361376285553
733  0.1573229432106018
479  0.15731997787952423
1717  0.15731489658355713
1  0.15731479227542877
854  0.15731164813041687
424  0.15731142461299896
1269  0.1573089063167572
445  0.15730732679367065
11  0.1573069840669632
969  0.15730655193328857
1099  0.15730547904968262
114  0.15730400383472443
958  0.15730392932891846
1104  0.15729860961437225
1587  0.15729790925979614
1233  0.15728731453418732
610  0.15728488564491272
290  0.15728452801704407
175  0.15728352963924408
151  0.1572820097208023
1115  0.15728038549423218
1261  0.15727822482585907
1543  0.15727752447128296
1538  0.15727663040161133
1352  0.15727508068084717
442  0.15727098286151886
903  0.15726876258850098
212  0.15726439654827118
1056  0.1572643667459488
1409  0.15725882351398468
959  0.15725064277648926
668  0.15725058317184448
200  0.15724937617778778
1305  0.15724718570709229
848  0.1572464257478714
286  0.15724341571331024
1370  0.15723955631256104
1378  0.15723799169063568
1152  0.15723180770874023
406  0.15723128616809845
285  0.15722806751728058
491  0.15722766518592834
1038  0.15722516179084778
893  0.15722425282001495
427  0.15722069144248962
632  0.15721778571605682
889  0.15721476078033447
985  0.1572134792804718
1121  0.15721261501312256
1187  0.15721112489700317
1728  0.15721102058887482
154  0.15720708668231964
376  0.1572035551071167
1037  0.15720081329345703
1641  0.15720027685165405
74  0.1571999490261078
1735  0.15719738602638245
898  0.15719713270664215
996  0.15719610452651978
1663  0.15719492733478546
72  0.1571921408176422
254  0.15719199180603027
1263  0.15719196200370789
1434  0.15718713402748108
1289  0.1571841537952423
1764  0.15718390047550201
1669  0.1571834236383438
1658  0.15717925131320953
866  0.15717822313308716
865  0.15717771649360657
991  0.1571768969297409
1146  0.1571754515171051
1306  0.15717294812202454
1175  0.15717166662216187
411  0.15716984868049622
629  0.15716587007045746
909  0.1571628749370575
15  0.15716120600700378
382  0.15715904533863068
1248  0.15715734660625458
886  0.157156303524971
17  0.15715184807777405
689  0.15715162456035614
457  0.1571471095085144
222  0.15714621543884277
715  0.1571427583694458
855  0.15713945031166077
1534  0.15713734924793243
1552  0.157134011387825
754  0.1571328490972519
36  0.15713165700435638
1472  0.15713143348693848
1517  0.1571292132139206
1382  0.15712879598140717
378  0.15712858736515045
821  0.15712593495845795
1072  0.15712344646453857
1280  0.15712304413318634
160  0.1571224480867386
1075  0.15712100267410278
634  0.1571195125579834
379  0.15711894631385803
1041  0.15711528062820435
988  0.15711431205272675
936  0.15711194276809692
779  0.1571114957332611
297  0.15711146593093872
1695  0.1571100503206253
523  0.15710711479187012
64  0.15710708498954773
803  0.1571056842803955
784  0.1571023166179657
623  0.15710143744945526
1011  0.15709862112998962
1064  0.15709801018238068
185  0.15709729492664337
949  0.15709470212459564
1294  0.15709450840950012
513  0.15709319710731506
95  0.15708889067173004
1347  0.15708813071250916
234  0.15708748996257782
895  0.1570872664451599
1015  0.15708637237548828
554  0.15708592534065247
1245  0.15708468854427338
1101  0.15708285570144653
1564  0.15708065032958984
687  0.1570805162191391
1077  0.15708044171333313
723  0.1570793241262436
983  0.15707901120185852
173  0.15707869827747345
3  0.15707644820213318
1140  0.15707573294639587
1593  0.1570756584405899
1282  0.15707245469093323
799  0.15707197785377502
740  0.15707099437713623
1009  0.1570698618888855
986  0.1570671945810318
696  0.15706658363342285
1070  0.1570664644241333
1262  0.15706345438957214
1118  0.1570633202791214
586  0.15706172585487366
1244  0.15706060826778412
444  0.157060444355011
16  0.1570594757795334
1226  0.15705925226211548
995  0.15705624222755432
276  0.15705479681491852
709  0.15705405175685883
813  0.1570524275302887
786  0.15705202519893646
1329  0.15705148875713348
1039  0.15705034136772156
1406  0.15704993903636932
1438  0.1570473462343216
466  0.1570459008216858
1723  0.1570451855659485
1413  0.1570446789264679
596  0.15704090893268585
591  0.15704025328159332
1153  0.15703782439231873
1316  0.15703245997428894
1215  0.15703219175338745
124  0.15702977776527405
199  0.15702970325946808
167  0.1570296436548233
1498  0.15702711045742035
1227  0.15702536702156067
419  0.15702402591705322
92  0.15702177584171295
841  0.157021164894104
465  0.15701894462108612
1166  0.1570132076740265
1526  0.15701182186603546
29  0.15701059997081757
45  0.1570100337266922
1449  0.15700878202915192
192  0.15700742602348328
728  0.15700663626194
764  0.15700536966323853
926  0.1570052206516266
830  0.15700452029705048
190  0.1570030003786087
1182  0.15700273215770721
432  0.1570006161928177
743  0.156997412443161
323  0.15699650347232819
1654  0.156995952129364
1697  0.15699556469917297
1049  0.15699370205402374
1197  0.156993567943573
922  0.1569933444261551
710  0.15699218213558197
676  0.156991109251976
1327  0.1569902002811432
1559  0.1569889932870865
1151  0.15698875486850739
1568  0.15698844194412231
904  0.1569874882698059
1499  0.15698716044425964
249  0.15698598325252533
448  0.15698489546775818
306  0.1569848656654358
1511  0.15698468685150146
562  0.15698421001434326
650  0.15698280930519104
332  0.15697994828224182
938  0.1569785326719284
1117  0.15696944296360016
872  0.15696915984153748
270  0.15696854889392853
914  0.15696854889392853
1198  0.15696769952774048
1214  0.15696747601032257
1653  0.15696606040000916
1053  0.15696577727794647
699  0.15696460008621216
65  0.15696388483047485
800  0.1569637656211853
625  0.15696309506893158
843  0.1569608896970749
1530  0.15696027874946594
450  0.15696021914482117
1183  0.15695910155773163
472  0.15695905685424805
809  0.1569567620754242
1086  0.15695661306381226
1044  0.15695540606975555
1287  0.15695366263389587
549  0.156951442360878
85  0.15695026516914368
704  0.15694773197174072
1018  0.15694734454154968
852  0.15694662928581238
547  0.15694557130336761
1168  0.15694397687911987
293  0.15694363415241241
38  0.15693937242031097
148  0.1569371372461319
756  0.15693284571170807
58  0.15693175792694092
94  0.156931072473526
833  0.15692858397960663
899  0.15692831575870514
1241  0.1569235473871231
369  0.15692318975925446
816  0.15692029893398285
1408  0.15691937506198883
304  0.15691930055618286
807  0.15691886842250824
1087  0.15691819787025452
1105  0.1569177657365799
81  0.1569158434867859
998  0.15691101551055908
951  0.15690836310386658
849  0.15690717101097107
900  0.15690599381923676
731  0.15690448880195618
1768  0.1569039225578308
56  0.1569034606218338
208  0.15690307319164276
1081  0.1569017469882965
441  0.15689954161643982
1259  0.15689939260482788
298  0.15689821541309357
1021  0.15689672529697418
1184  0.15689648687839508
1581  0.15689609944820404
1539  0.15689536929130554
870  0.15689325332641602
1007  0.15689268708229065
1203  0.1568916290998459
436  0.15688981115818024
993  0.1568887084722519
1412  0.15688860416412354
567  0.1568882167339325
1521  0.1568875014781952
1442  0.15688621997833252
1359  0.15688568353652954
1334  0.1568850427865982
1591  0.1568848043680191
781  0.15688450634479523
1144  0.15688443183898926
1256  0.1568841189146042
1667  0.15688344836235046
1550  0.1568828672170639
628  0.15688009560108185
1692  0.15687958896160126
1274  0.1568780392408371
537  0.15687532722949982
480  0.15687493979930878
639  0.15687452256679535
1536  0.1568717509508133
814  0.1568703055381775
1303  0.15686777234077454
1369  0.15686601400375366
1441  0.1568658947944641
1030  0.1568644791841507
389  0.1568600982427597
104  0.156859889626503
1163  0.1568574607372284
1149  0.15685683488845825
768  0.1568547487258911
137  0.15685443580150604
540  0.15685442090034485
1139  0.15685324370861053
1048  0.15685270726680756
1609  0.15685246884822845
891  0.1568521112203598
470  0.15685121715068817
213  0.1568506807088852
1575  0.15684957802295685
1756  0.15684948861598969
1365  0.15684863924980164
164  0.15684852004051208
829  0.15684491395950317
1516  0.1568446308374405
261  0.15684327483177185
1629  0.1568424254655838
1207  0.15684163570404053
934  0.15684151649475098
732  0.15684138238430023
1724  0.15684135258197784
272  0.15683713555335999
957  0.15683585405349731
1400  0.15683495998382568
138  0.15683485567569733
1761  0.15683457255363464
40  0.15683425962924957
1116  0.1568318009376526
944  0.1568317711353302
798  0.15683089196681976
397  0.15683047473430634
243  0.15682998299598694
96  0.15682916343212128
1181  0.1568281352519989
460  0.1568274348974228
310  0.15682727098464966
726  0.15682697296142578
805  0.15682654082775116
842  0.15682560205459595
752  0.1568252146244049
609  0.15682381391525269
1157  0.1568235456943512
557  0.1568232625722885
1545  0.1568227857351303
1164  0.15682260692119598
1395  0.15682202577590942
1392  0.15681974589824677
514  0.15681926906108856
1040  0.1568175107240677
992  0.15681734681129456
228  0.15681655704975128
1276  0.1568165421485901
1211  0.15681612491607666
823  0.15681524574756622
1158  0.15681415796279907
1066  0.1568128615617752
1461  0.15681131184101105
77  0.1568109542131424
170  0.15681065618991852
815  0.15681026875972748
853  0.1568092703819275
1293  0.15680865943431854
1273  0.15680743753910065
1142  0.156806081533432
1655  0.15680541098117828
1088  0.15680396556854248
174  0.15680339932441711
1649  0.15680302679538727
163  0.15680202841758728
734  0.1567971259355545
1682  0.15679676830768585
1264  0.15679675340652466
1601  0.15679672360420227
1709  0.1567966639995575
408  0.15679548680782318
765  0.1567949503660202
146  0.15679356455802917
1328  0.1567918211221695
619  0.15679121017456055
1130  0.15678979456424713
1556  0.15678943693637848
892  0.1567891240119934
387  0.1567888855934143
589  0.1567883938550949
1292  0.15678726136684418
565  0.15678703784942627
462  0.1567867249250412
888  0.1567862182855606
490  0.1567859649658203
483  0.15678586065769196
1417  0.15678580105304718
481  0.15678514540195465
129  0.15678466856479645
701  0.15678435564041138
1190  0.1567840725183487
316  0.15678393840789795
1393  0.15678369998931885
1450  0.1567825824022293
920  0.15677708387374878
8  0.15677616000175476
1332  0.15677568316459656
1360  0.1567751169204712
51  0.15677471458911896
1216  0.15677370131015778
1159  0.15677165985107422
388  0.1567695587873459
1596  0.15676875412464142
796  0.15676777064800262
1377  0.15676622092723846
1107  0.1567637175321579
975  0.15676169097423553
806  0.15676020085811615
1424  0.15675882995128632
1618  0.15675753355026245
188  0.15675650537014008
482  0.1567554771900177
390  0.15675489604473114
1217  0.15675489604473114
186  0.15675479173660278
172  0.15675455331802368
594  0.15675435960292816
1522  0.15675312280654907
1464  0.1567523032426834
885  0.15675224363803864
169  0.15675026178359985
42  0.15675003826618195
766  0.15674792230129242
158  0.15674449503421783
1176  0.15674243867397308
600  0.15673980116844177
235  0.156739741563797
247  0.1567392349243164
86  0.15673920512199402
219  0.15673811733722687
486  0.15673796832561493
1637  0.15673793852329254
960  0.15673668682575226
1326  0.15673576295375824
1237  0.15673395991325378
1014  0.15673290193080902
97  0.1567322164773941
817  0.15673214197158813
1468  0.15673111379146576
252  0.15673108398914337
28  0.156730055809021
1202  0.1567285805940628
880  0.15672792494297028
504  0.15672753751277924
535  0.1567268818616867
1296  0.1567257046699524
437  0.15672488510608673
110  0.15672478079795837
294  0.1567242592573166
407  0.1567239612340927
1560  0.15672287344932556
1132  0.15672041475772858
180  0.1567203253507614
1727  0.1567198485136032
103  0.15671880543231964
1243  0.1567174643278122
399  0.156715527176857
473  0.15671315789222717
386  0.15671269595623016
1291  0.15671108663082123
1484  0.15671108663082123
1429  0.1567109078168869
499  0.1567102074623108
1028  0.1567097157239914
24  0.1567094922065735
344  0.15670891106128693
1594  0.15670838952064514
463  0.1567077487707138
1047  0.1567065566778183
622  0.15670621395111084
719  0.15670457482337952
37  0.15670421719551086
770  0.15670090913772583
201  0.15670031309127808
1348  0.15670005977153778
205  0.1566997468471527
184  0.15669962763786316
945  0.15669883787631989
577  0.15669767558574677
769  0.15669701993465424
702  0.15669621527194977
861  0.15669536590576172
767  0.15669435262680054
1589  0.15669432282447815
105  0.15669351816177368
1229  0.15669339895248413
994  0.1566932499408722
1102  0.1566929817199707
1371  0.15669168531894684
531  0.15668995678424835
1599  0.15668970346450806
485  0.15668900310993195
1405  0.15668843686580658
403  0.15668800473213196
211  0.15668784081935883
1671  0.15668779611587524
1553  0.15668746829032898
1459  0.1566867083311081
1095  0.15668664872646332
155  0.15668468177318573
1537  0.15668436884880066
1016  0.15668347477912903
198  0.15668311715126038
887  0.15668179094791412
226  0.1566809117794037
739  0.15668003261089325
69  0.1566799134016037
1239  0.15667901933193207
744  0.15667785704135895
717  0.15667729079723358
1562  0.15667706727981567
1342  0.15667589008808136
1315  0.15667560696601868
255  0.15667518973350525
667  0.15667518973350525
99  0.15667404234409332
643  0.15667161345481873
1186  0.1566702276468277
162  0.15666984021663666
518  0.15666888654232025
935  0.15666793286800385
1106  0.15666738152503967
1129  0.15666547417640686
1279  0.15666452050209045
616  0.15666449069976807
1333  0.15666449069976807
1301  0.15666398406028748
1210  0.15666316449642181
1126  0.15666230022907257
46  0.15666073560714722
1398  0.15666040778160095
1277  0.15665991604328156
429  0.15665990114212036
879  0.15665969252586365
57  0.1566595882177353
1714  0.15665873885154724
1666  0.15665771067142487
1330  0.1566573679447174
446  0.15665654838085175
1208  0.1566564291715622
1080  0.1566540151834488
418  0.15665283799171448
1529  0.15665189921855927
384  0.15665188431739807
257  0.15665152668952942
380  0.15665139257907867
1419  0.15664690732955933
39  0.15664689242839813
659  0.15664616227149963
1647  0.15664590895175934
126  0.15664547681808472
59  0.15664522349834442
1173  0.15664394199848175
161  0.15664301812648773
1096  0.15664251148700714
686  0.1566423773765564
1178  0.1566411852836609
1726  0.1566401869058609
972  0.1566392034292221
961  0.15663883090019226
846  0.15663865208625793
1251  0.15663841366767883
1572  0.15663772821426392
617  0.15663647651672363
716  0.15663523972034454
1602  0.15663473308086395
1675  0.156633660197258
341  0.15663224458694458
550  0.1566317081451416
1221  0.1566307693719864
1664  0.15662984549999237
431  0.15662981569766998
266  0.15662945806980133
776  0.15662908554077148
1069  0.1566278338432312
265  0.15662653744220734
1679  0.15662400424480438
597  0.15662379562854767
725  0.15662327408790588
693  0.15662285685539246
1268  0.15662099421024323
1507  0.15662039816379547
627  0.1566201001405716
195  0.15661971271038055
1061  0.1566162407398224
1584  0.15661613643169403
673  0.15661554038524628
181  0.1566152572631836
1501  0.15661436319351196
363  0.15661340951919556
670  0.1566133052110672
788  0.15661321580410004
292  0.15661278367042542
1616  0.1566106677055359
1483  0.15661026537418365
260  0.1566101610660553
139  0.15660984814167023
1209  0.1566084921360016
530  0.15660707652568817
1645  0.15660685300827026
570  0.1566067785024643
573  0.15660670399665833
735  0.15660639107227325
828  0.15660497546195984
88  0.1566043347120285
121  0.15660421550273895
1035  0.15660350024700165
1710  0.15660260617733002
50  0.15660172700881958
1364  0.15660129487514496
1307  0.15660053491592407
268  0.15660026669502258
1397  0.15660007297992706
844  0.1565983146429062
60  0.1565982699394226
590  0.15659783780574799
948  0.15659677982330322
1143  0.15659672021865845
1285  0.15659558773040771
1156  0.15659554302692413
793  0.15659543871879578
143  0.15659476816654205
932  0.15659448504447937
487  0.15659275650978088
522  0.1565924733877182
571  0.15659083425998688
533  0.15659035742282867
680  0.15658977627754211
93  0.1565883904695511
755  0.1565883755683899
1455  0.15658707916736603
421  0.15658698976039886
777  0.1565866321325302
595  0.15658611059188843
711  0.15658541023731232
4  0.15658386051654816
49  0.15658317506313324
128  0.15658174455165863
883  0.1565806269645691
1290  0.1565806120634079
694  0.15657980740070343
471  0.15657977759838104
84  0.15657779574394226
874  0.15657740831375122
758  0.15657684206962585
795  0.15657605230808258
941  0.15657559037208557
307  0.1565741002559662
847  0.15657149255275726
674  0.15657015144824982
9  0.15656845271587372
1003  0.15656845271587372
1137  0.1565668135881424
794  0.15656673908233643
1055  0.15656572580337524
123  0.15656547248363495
359  0.1565648764371872
275  0.1565627157688141
822  0.15656259655952454
202  0.15656207501888275
1238  0.15656082332134247
857  0.15655915439128876
1090  0.15655840933322906
663  0.15655799210071564
458  0.15655794739723206
683  0.15655378997325897
409  0.1565532684326172
274  0.1565517634153366
1230  0.15655165910720825
177  0.1565510332584381
142  0.1565500646829605
757  0.1565493941307068
981  0.15654855966567993
149  0.15654845535755157
220  0.1565452665090561
1252  0.15654440224170685
1103  0.1565440446138382
1234  0.15654271841049194
971  0.15654200315475464
53  0.15654170513153076
1515  0.1565403789281845
1490  0.1565399169921875
1410  0.15653932094573975
322  0.15653887391090393
1222  0.15653863549232483
1620  0.15653763711452484
1453  0.15653753280639648
116  0.15653719007968903
999  0.15653693675994873
747  0.15653583407402039
933  0.15653564035892487
176  0.1565350443124771
566  0.15653438866138458
496  0.15653234720230103
1676  0.15653096139431
873  0.15653082728385925
459  0.1565300077199936
901  0.15652936697006226
1373  0.15652762353420258
1474  0.15652723610401154
1204  0.1565268486738205
1084  0.15652452409267426
1345  0.15652427077293396
1374  0.1565237194299698
279  0.1565231829881668
189  0.1565222293138504
78  0.15652135014533997
1346  0.15652033686637878
1386  0.15651968121528625
906  0.15651842951774597
44  0.1565173864364624
749  0.15651680529117584
1404  0.15651533007621765
1440  0.15651439130306244
706  0.15651407837867737
1496  0.15651407837867737
1435  0.15651369094848633
787  0.15651361644268036
494  0.15651345252990723
1752  0.15651315450668335
319  0.15651287138462067
1753  0.1565123349428177
478  0.15651200711727142
1110  0.15651102364063263
1027  0.156510591506958
61  0.15651008486747742
1006  0.15650932490825653
1109  0.15650831162929535
1141  0.15650728344917297
878  0.15650607645511627
1444  0.15650422871112823
283  0.15650340914726257
741  0.1565033495426178
1500  0.1565033346414566
191  0.15650327503681183
372  0.1565016210079193
1057  0.15650010108947754
771  0.15649904310703278
645  0.1564977467060089
1297  0.1564975082874298
1051  0.15649636089801788
640  0.1564953476190567
808  0.15649522840976715
1026  0.15649446845054626
1065  0.15648861229419708
1471  0.15648841857910156
827  0.15648703277111053
964  0.15648488700389862
1350  0.1564846634864807
405  0.15648382902145386
1532  0.1564837098121643
1354  0.1564813107252121
303  0.1564803421497345
1054  0.1564793884754181
657  0.15647825598716736
20  0.1564769446849823
1702  0.15647675096988678
1192  0.15647590160369873
13  0.15647585690021515
1349  0.15647543966770172
1492  0.15647529065608978
1022  0.15647485852241516
538  0.15647433698177338
87  0.1564732789993286
1578  0.15647323429584503
919  0.15647287666797638
607  0.15647247433662415
1497  0.1564711183309555
1585  0.15646910667419434
526  0.15646708011627197
1225  0.15646690130233765
1541  0.15646666288375854
179  0.1564655750989914
884  0.15646260976791382
31  0.15646235644817352
1502  0.15646228194236755
331  0.15646174550056458
240  0.15646064281463623
262  0.15646061301231384
532  0.15645970404148102
875  0.1564590334892273
812  0.15645834803581238
824  0.15645717084407806
967  0.15645591914653778
340  0.1564558744430542
449  0.1564551293849945
915  0.15645311772823334
1304  0.15645255148410797
498  0.1564524918794632
1043  0.15645205974578857
273  0.15645025670528412
1127  0.15645016729831696
371  0.1564496010541916
593  0.1564493477344513
839  0.15644890069961548
1659  0.15644758939743042
1458  0.15644703805446625
1443  0.1564468890428543
1309  0.1564457267522812
280  0.15644444525241852
358  0.15644420683383942
1571  0.15644392371177673
1281  0.15644295513629913
422  0.15644122660160065
962  0.15644080936908722
1399  0.1564391851425171
27  0.15643882751464844
548  0.15643800795078278
592  0.15643785893917084
890  0.15643690526485443
1699  0.1564357429742813
1180  0.15643377602100372
216  0.1564335972070694
1403  0.15643179416656494
1189  0.15643127262592316
75  0.15643064677715302
545  0.1564304679632187
984  0.1564304083585739
10  0.15643002092838287
385  0.15642990171909332
434  0.15642933547496796
987  0.15642933547496796
630  0.1564275622367859
558  0.1564275324344635
789  0.1564275324344635
80  0.15642665326595306
1605  0.15642522275447845
860  0.15642455220222473
1426  0.1564236432313919
1389  0.15642334520816803
144  0.15642283856868744
691  0.15642209351062775
223  0.15642035007476807
536  0.15642032027244568
1690  0.15641950070858002
520  0.15641888976097107
1020  0.15641722083091736
551  0.15641692280769348
818  0.15641655027866364
671  0.15641573071479797
324  0.15641504526138306
456  0.15641501545906067
1171  0.15641477704048157
251  0.15641438961029053
1660  0.15641212463378906
476  0.15641199052333832
1651  0.15641190111637115
1321  0.15641164779663086
394  0.1564103364944458
601  0.1564093828201294
373  0.1564088761806488
511  0.1564083844423294
631  0.15640634298324585
912  0.15640631318092346
1098  0.1564052850008011
171  0.15640473365783691
1680  0.1564043015241623
203  0.15640410780906677
1134  0.15640199184417725
742  0.15639978647232056
877  0.15639938414096832
495  0.15639875829219818
1188  0.15639863908290863
1414  0.15639853477478027
1510  0.15639768540859222
425  0.15639753639698029
1603  0.15639479458332062
1278  0.15639476478099823
1582  0.15639422833919525
1004  0.15639419853687286
897  0.15639378130435944
197  0.15639132261276245
1656  0.1563906967639923
947  0.15638932585716248
313  0.1563887894153595
258  0.15638859570026398
1372  0.15638788044452667
1495  0.15638788044452667
321  0.1563863605260849
250  0.1563851684331894
1308  0.15638487040996552
1361  0.15638378262519836
1506  0.15638326108455658
21  0.15638309717178345
1150  0.15638132393360138
1632  0.15638095140457153
928  0.1563805341720581
569  0.15638016164302826
952  0.1563793569803238
868  0.15637782216072083
1312  0.1563759446144104
1391  0.15637484192848206
1422  0.15637406706809998
1063  0.15637339651584625
1266  0.15637318789958954
145  0.15637314319610596
224  0.15637299418449402
681  0.15637211501598358
1513  0.15637192130088806
1670  0.15637174248695374
231  0.15637023746967316
489  0.15636974573135376
678  0.15636761486530304
6  0.1563674956560135
401  0.15636618435382843
106  0.15636605024337769
1607  0.1563655436038971
790  0.15636390447616577
1112  0.15636380016803741
759  0.1563623994588852
560  0.15636208653450012
714  0.15636183321475983
218  0.1563601940870285
508  0.1563560962677002
1595  0.1563527137041092
1339  0.15635168552398682
1638  0.15634937584400177
1138  0.15634861588478088
1125  0.15634821355342865
989  0.15634720027446747
510  0.15634682774543762
1249  0.1563466638326645
334  0.15634611248970032
227  0.1563451886177063
1430  0.1563441902399063
1318  0.1563429832458496
913  0.15634135901927948
26  0.15634112060070038
1563  0.15634088218212128
1257  0.15634062886238098
1678  0.15634000301361084
1608  0.15633955597877502
1031  0.15633893013000488
555  0.15633758902549744
528  0.15633590519428253
301  0.1563357263803482
1331  0.15633556246757507
1046  0.15633414685726166
750  0.15633338689804077
329  0.1563311070203781
1626  0.15633097290992737
642  0.1563289761543274
33  0.1563279777765274
412  0.15632778406143188
1747  0.15632778406143188
720  0.1563272476196289
1533  0.15632697939872742
1767  0.1563262641429901
115  0.15632569789886475
1447  0.15632472932338715
1191  0.1563243567943573
225  0.15632334351539612
856  0.15632276237010956
1518  0.15632270276546478
311  0.15632206201553345
652  0.15632104873657227
690  0.15632104873657227
1746  0.15631942451000214
943  0.1563192903995514
22  0.15631751716136932
347  0.15631751716136932
1337  0.15631650388240814
1311  0.1563163548707962
1253  0.15631574392318726
362  0.1563141793012619
296  0.15631356835365295
1615  0.15631261467933655
391  0.1563110053539276
1415  0.1563110053539276
832  0.15631051361560822
1481  0.15631012618541718
1729  0.1563098281621933
684  0.1563088446855545
923  0.15630842745304108
1275  0.15630654990673065
1583  0.1563054472208023
1358  0.15630358457565308
187  0.156303271651268
1034  0.1563023030757904
1487  0.15630203485488892
426  0.1562994420528412
819  0.15629933774471283
1630  0.15629909932613373
1025  0.15629875659942627
835  0.15629620850086212
1205  0.15629500150680542
1258  0.15629461407661438
804  0.15629442036151886
1122  0.1562943160533905
1299  0.1562940776348114
1113  0.15629397332668304
1760  0.15629342198371887
564  0.15629173815250397
1295  0.15629170835018158
355  0.1562909036874771
1677  0.15629035234451294
1576  0.15629014372825623
1668  0.15628953278064728
1236  0.15628887712955475
1634  0.15628886222839355
400  0.15628288686275482
982  0.1562827229499817
101  0.1562817543745041
521  0.15628144145011902
1467  0.15628120303153992
925  0.15627959370613098
1005  0.15627837181091309
1147  0.15627670288085938
1731  0.1562739461660385
1325  0.15627355873584747
1730  0.15627294778823853
287  0.15627235174179077
929  0.1562720239162445
721  0.1562718003988266
546  0.15627089142799377
802  0.15627089142799377
68  0.15627042949199677
1558  0.15627004206180573
501  0.15626955032348633
1267  0.15626907348632812
1743  0.15626899898052216
575  0.1562681794166565
654  0.15626688301563263
375  0.15626592934131622
66  0.15626581013202667
1650  0.156265527009964
1317  0.1562652736902237
221  0.15626507997512817
83  0.1562632918357849
1586  0.1562625914812088
544  0.15626221895217896
563  0.15626218914985657
1740  0.15625928342342377
82  0.1562584787607193
1689  0.15625838935375214
1612  0.15625779330730438
353  0.1562570035457611
305  0.15625496208667755
970  0.1562545895576477
1604  0.156253382563591
314  0.15625295042991638
1525  0.15625274181365967
1250  0.15625229477882385
1100  0.15624964237213135
271  0.15624451637268066
965  0.15624375641345978
1286  0.1562434583902359
367  0.15624192357063293
1732  0.15623892843723297
477  0.15623873472213745
502  0.1562383621931076
1068  0.1562381535768509
859  0.15623807907104492
416  0.1562359780073166
1082  0.15623517334461212
451  0.156235009431839
230  0.1562345325946808
1355  0.15623298287391663
1247  0.15623272955417633
5  0.15623116493225098
782  0.1562311053276062
783  0.1562306433916092
1703  0.15623027086257935
118  0.156229630112648
1758  0.15622910857200623
1718  0.15622873604297638
1135  0.15622779726982117
1124  0.15622583031654358
921  0.1562236249446869
942  0.1562216430902481
1462  0.1562214195728302
1375  0.1562209129333496
730  0.156220480799675
464  0.1562202423810959
647  0.15621913969516754
295  0.15621903538703918
1489  0.15621717274188995
1477  0.15621595084667206
780  0.15621554851531982
1320  0.1562146544456482
1201  0.1562131643295288
927  0.15621306002140045
1456  0.15621130168437958
1737  0.15620948374271393
1255  0.15620853006839752
1232  0.1562078446149826
233  0.15620733797550201
762  0.15620702505111694
529  0.15620611608028412
73  0.1562056839466095
98  0.15620547533035278
1597  0.1562032550573349
1092  0.15620185434818268
109  0.1562018096446991
1696  0.15620163083076477
111  0.15620145201683044
349  0.15619762241840363
722  0.15619592368602753
1503  0.1561945527791977
1335  0.15619412064552307
215  0.15619347989559174
552  0.15619322657585144
89  0.15619012713432312
963  0.15619012713432312
778  0.1561899334192276
267  0.15618984401226044
1246  0.1561897099018097
1457  0.15618953108787537
1017  0.1561891883611679
360  0.15618860721588135
761  0.15618836879730225
336  0.15618738532066345
309  0.15618690848350525
333  0.1561868041753769
1628  0.1561862975358963
1074  0.15618537366390228
826  0.1561843752861023
1763  0.15618374943733215
953  0.15618371963500977
25  0.15618038177490234
1504  0.15617910027503967
1174  0.15617896616458893
736  0.15617860853672028
791  0.15617743134498596
119  0.15617047250270844
588  0.15617036819458008
608  0.156170055270195
63  0.15616920590400696
1223  0.15616893768310547
635  0.15616771578788757
840  0.1561666578054428
461  0.15616458654403687
107  0.15616430342197418
1052  0.15616311132907867
1482  0.15616188943386078
760  0.15615959465503693
1514  0.15615886449813843
666  0.15615858137607574
763  0.15615832805633545
132  0.15615808963775635
1154  0.15615670382976532
1509  0.15615622699260712
1523  0.15615572035312653
1624  0.1561552882194519
1218  0.15615379810333252
125  0.15615226328372955
834  0.15614934265613556
417  0.15614771842956543
1024  0.15614739060401917
1385  0.1561470478773117
797  0.15614549815654755
1073  0.156144917011261
664  0.15614445507526398
122  0.1561400294303894
682  0.15613950788974762
1766  0.15613755583763123
35  0.1561359167098999
1367  0.15613211691379547
1394  0.1561303734779358
1271  0.15612998604774475
1741  0.15612760186195374
1750  0.15612691640853882
724  0.15612556040287018
1212  0.1561255306005478
443  0.15612247586250305
1162  0.15611790120601654
1684  0.1561170071363449
1555  0.1561165452003479
614  0.1561155915260315
850  0.15611499547958374
1617  0.1561141014099121
1706  0.15611369907855988
620  0.15611033141613007
1058  0.15611030161380768
1600  0.15610992908477783
1008  0.15610982477664948
1254  0.15610957145690918
232  0.15610931813716888
1314  0.15610824525356293
937  0.15610800683498383
1622  0.15610560774803162
396  0.15610429644584656
692  0.15610408782958984
1407  0.15610307455062866
997  0.1561030149459839
864  0.1561027616262436
954  0.15610234439373016
282  0.15610074996948242
745  0.1561005562543869
612  0.1560998409986496
1694  0.15609945356845856
1691  0.1560988873243332
1644  0.15609873831272125
32  0.1560962200164795
1524  0.1560955047607422
703  0.15609349310398102
1610  0.15609334409236908
238  0.1560920774936676
246  0.15609200298786163
1199  0.1560899317264557
656  0.15608976781368256
244  0.15608860552310944
284  0.15608827769756317
697  0.1560877114534378
638  0.15608751773834229
113  0.15608714520931244
1062  0.15608704090118408
398  0.15608617663383484
956  0.15608493983745575
55  0.15608392655849457
1567  0.15608376264572144
1172  0.15607954561710358
1341  0.15607887506484985
127  0.1560773402452469
356  0.15607713162899017
1745  0.15607692301273346
1083  0.1560768485069275
1561  0.15607352554798126
493  0.15607351064682007
1356  0.15606486797332764
810  0.15606409311294556
467  0.15606337785720825
79  0.15606264770030975
488  0.15605951845645905
1425  0.1560589075088501
1050  0.15605609118938446
503  0.15605585277080536
1366  0.15605422854423523
811  0.15604938566684723
1701  0.1560480296611786
1042  0.15604795515537262
1436  0.15604792535305023
435  0.15604649484157562
62  0.156045600771904
1749  0.15604403614997864
980  0.15604393184185028
598  0.15604379773139954
658  0.15604302287101746
130  0.15604162216186523
1551  0.15604092180728912
315  0.15603913366794586
1491  0.15603913366794586
328  0.15603861212730408
1519  0.15603777766227722
1715  0.15603722631931305
651  0.1560368835926056
428  0.15603475272655487
515  0.15603293478488922
159  0.15603241324424744
1340  0.15602943301200867
649  0.15602907538414001
1721  0.15602858364582062
91  0.15602733194828033
1554  0.1560257375240326
851  0.15602457523345947
1698  0.1560238003730774
1686  0.156023770570755
858  0.15602321922779083
1396  0.15602269768714905
1265  0.15602226555347443
1478  0.15602195262908936
7  0.15601976215839386
727  0.15601861476898193
1376  0.15601660311222076
641  0.1560126692056656
1631  0.15601244568824768
679  0.15601153671741486
1716  0.15600833296775818
253  0.1560080200433731
454  0.15600724518299103
469  0.15600696206092834
559  0.15600652992725372
655  0.1560046672821045
603  0.15600381791591644
140  0.1560034155845642
395  0.15600337088108063
837  0.1559980809688568
1452  0.15599647164344788
1431  0.15599468350410461
438  0.15599459409713745
1029  0.15599367022514343
1344  0.15599356591701508
695  0.15599246323108673
327  0.15599220991134644
1751  0.15599024295806885
1439  0.155989408493042
1300  0.15598902106285095
1486  0.15598681569099426
605  0.15598677098751068
1512  0.1559862494468689
1736  0.15598519146442413
1672  0.15598511695861816
621  0.15598303079605103
1765  0.15598177909851074
318  0.15597987174987793
423  0.15597867965698242
278  0.15597720444202423
345  0.15597613155841827
930  0.15597298741340637
1635  0.15597280859947205
1133  0.155971959233284
1460  0.15596987307071686
1097  0.15596789121627808
366  0.15596716105937958
1755  0.15596692264080048
636  0.15596508979797363
1067  0.15596486628055573
339  0.15596367418766022
751  0.1559624820947647
1687  0.15596143901348114
377  0.1559612900018692
1711  0.15595842897891998
1762  0.1559569537639618
606  0.1559542566537857
1590  0.15595409274101257
277  0.1559530347585678
845  0.1559489369392395
245  0.15594807267189026
1416  0.15594781935214996
838  0.1559453159570694
1194  0.155941903591156
342  0.15594157576560974
1548  0.15593719482421875
439  0.15593665838241577
572  0.1559353619813919
393  0.15593376755714417
876  0.15593373775482178
206  0.15593069791793823
165  0.15592853724956512
1505  0.15592807531356812
1310  0.15592770278453827
1565  0.15592724084854126
1535  0.1559252291917801
1010  0.1559237688779831
30  0.15592272579669952
1454  0.15592174232006073
825  0.1559210568666458
576  0.15592096745967865
183  0.15591804683208466
1240  0.15591436624526978
1200  0.15591394901275635
785  0.15591098368167877
1473  0.15590667724609375
1693  0.1559060662984848
1145  0.15590602159500122
337  0.15590356290340424
1759  0.15590356290340424
1665  0.15590207278728485
672  0.15589800477027893
288  0.15589219331741333
527  0.15589214861392975
1155  0.15588980913162231
871  0.15588901937007904
1719  0.15588898956775665
484  0.15588758885860443
12  0.15588387846946716
236  0.15588240325450897
404  0.15588122606277466
1071  0.15587887167930603
194  0.15587472915649414
1577  0.15587273240089417
1606  0.1558726578950882
348  0.15587246417999268
410  0.1558721959590912
1722  0.1558716893196106
707  0.15586954355239868
675  0.15586872398853302
1270  0.15586678683757782
1001  0.15586309134960175
134  0.15586267411708832
157  0.15586012601852417
168  0.155860036611557
1324  0.15585987269878387
1013  0.15585871040821075
136  0.1558580994606018
102  0.15585654973983765
492  0.15585283935070038
1527  0.15585143864154816
350  0.1558508723974228
263  0.15585066378116608
644  0.15584909915924072
1206  0.15584850311279297
1433  0.15584824979305267
1613  0.15584759414196014
862  0.15584757924079895
1283  0.15584710240364075
204  0.15584701299667358
18  0.1558457314968109
71  0.15584567189216614
1475  0.15584567189216614
1557  0.1558455228805542
239  0.1558436006307602
241  0.155843585729599
497  0.15584348142147064
1466  0.15583734214305878
1683  0.15583471953868866
383  0.1558341532945633
43  0.15583372116088867
1437  0.15583330392837524
1643  0.1558324694633484
648  0.1558309644460678
182  0.15582844614982605
351  0.15582582354545593
524  0.15582558512687683
346  0.15582403540611267
1179  0.15582172572612762
1319  0.1558120995759964
698  0.1558104008436203
1091  0.15580958127975464
534  0.15580925345420837
1381  0.15580688416957855
259  0.15580680966377258
1169  0.1558047980070114
1673  0.15580345690250397
902  0.1558024138212204
615  0.15580007433891296
611  0.15579953789710999
1528  0.15579578280448914
978  0.15579387545585632
1588  0.15579332411289215
517  0.15578831732273102
541  0.1557878702878952
112  0.15578728914260864
475  0.15578536689281464
256  0.15578152239322662
1476  0.1557767391204834
613  0.15577620267868042
624  0.1557743102312088
1549  0.1557740718126297
413  0.15577241778373718
917  0.15577076375484467
1544  0.15576887130737305
1120  0.1557679921388626
646  0.1557653695344925
1712  0.15576517581939697
242  0.15576335787773132
1351  0.15576069056987762
1493  0.15575695037841797
141  0.15575580298900604
1379  0.15575149655342102
41  0.15574784576892853
1421  0.15574611723423004
100  0.15574593842029572
896  0.1557418555021286
543  0.1557401567697525
299  0.15573906898498535
1713  0.15573865175247192
1619  0.15573570132255554
1427  0.15573358535766602
1627  0.15573358535766602
1707  0.15573322772979736
1639  0.1557328701019287
660  0.155726820230484
907  0.1557203084230423
574  0.15571732819080353
1748  0.1557154655456543
746  0.15571445226669312
737  0.15571433305740356
1633  0.1557098776102066
1508  0.1557096242904663
210  0.15570805966854095
1148  0.15570680797100067
291  0.15570415556430817
414  0.15570370852947235
939  0.15570320188999176
1569  0.15570317208766937
1012  0.1556987166404724
308  0.1556982845067978
300  0.15569797158241272
1479  0.15569676458835602
661  0.15569329261779785
669  0.1556926667690277
705  0.15569257736206055
580  0.155682772397995
302  0.15568269789218903
1708  0.15568232536315918
1380  0.15568214654922485
1611  0.1556812971830368
1480  0.15567612648010254
1734  0.15567028522491455
1002  0.15567025542259216
1542  0.15566416084766388
633  0.1556640863418579
156  0.15566354990005493
1357  0.1556587964296341
217  0.15565849840641022
1336  0.15565715730190277
1579  0.1556558459997177
1388  0.15565381944179535
1343  0.15564656257629395
361  0.1556437462568283
1177  0.1556420624256134
23  0.15563970804214478
775  0.15563924610614777
1494  0.15563896298408508
507  0.15563809871673584
1353  0.15563464164733887
1739  0.1556314080953598
653  0.15563054382801056
1623  0.1556289792060852
1661  0.15562546253204346
1720  0.15562225878238678
1614  0.15562179684638977
1681  0.1556180864572525
579  0.15561796724796295
269  0.1556120663881302
1338  0.15560974180698395
1219  0.15560662746429443
973  0.15560580790042877
599  0.15560457110404968
509  0.15559837222099304
402  0.15559540688991547
209  0.1555909514427185
1754  0.15559056401252747
357  0.15558969974517822
561  0.15558674931526184
955  0.1555815190076828
836  0.15558119118213654
1657  0.15558119118213654
343  0.1555761992931366
281  0.15557463467121124
583  0.155572772026062
1418  0.15557152032852173
352  0.15557101368904114
430  0.15556609630584717
440  0.1555647850036621
374  0.15555953979492188
1485  0.15555807948112488
1387  0.1555568128824234
1488  0.15555623173713684
1136  0.15555550158023834
585  0.15555472671985626
1384  0.1555527150630951
1642  0.15554316341876984
1674  0.15554146468639374
1195  0.15553849935531616
178  0.15553218126296997
1224  0.1555301994085312
1546  0.15551771223545074
354  0.15551523864269257
918  0.1555120050907135
1646  0.15550988912582397
335  0.15550553798675537
1598  0.15550237894058228
1420  0.1555013507604599
512  0.15549905598163605
1520  0.15549850463867188
1302  0.1554943472146988
584  0.1554914265871048
150  0.15548953413963318
52  0.15548212826251984
500  0.1554793268442154
1540  0.15547701716423035
1580  0.1554638147354126
1383  0.15546287596225739
1402  0.1554539054632187
1531  0.15545083582401276
774  0.15545068681240082
1725  0.15544386208057404
70  0.15544341504573822
474  0.1554342806339264
193  0.15543296933174133
1470  0.15541183948516846
131  0.15541037917137146
1362  0.15538911521434784
1757  0.15538173913955688
966  0.1553778350353241
1322  0.15537656843662262
700  0.15537545084953308
1446  0.15535855293273926
1574  0.15535807609558105
1390  0.15534457564353943
911  0.15534286201000214
1744  0.15534141659736633
519  0.15533387660980225
662  0.15533268451690674
1428  0.15533150732517242
1469  0.15532545745372772
135  0.15530282258987427
1451  0.15529944002628326
539  0.15529122948646545
1662  0.1552714705467224
1298  0.15527021884918213
626  0.15526312589645386
108  0.15525005757808685
320  0.15523561835289001
264  0.1552334874868393
1738  0.1552157700061798
1621  0.15521197021007538
894  0.1552085429430008
1704  0.15520207583904266
364  0.15519669651985168
1566  0.15519584715366364
831  0.15519364178180695
602  0.15519076585769653
312  0.15518787503242493
525  0.15518707036972046
453  0.15518511831760406
152  0.15518033504486084
117  0.15515829622745514
420  0.15514908730983734
976  0.15514865517616272
1033  0.1551484912633896
1648  0.15514801442623138
910  0.15514707565307617
1465  0.15514396131038666
581  0.1551343947649002
1323  0.15513193607330322
1260  0.15512306988239288
1045  0.15511879324913025
326  0.15511180460453033
1625  0.15508808195590973
568  0.1550847440958023
587  0.15507972240447998
1411  0.15507827699184418
1685  0.15506817400455475
1368  0.15505525469779968
506  0.15505355596542358
1636  0.15504664182662964
618  0.15503612160682678
516  0.1550196260213852
19  0.15499264001846313
1363  0.15495699644088745
1652  0.15494701266288757
452  0.15492084622383118
133  0.15489430725574493
365  0.15488409996032715
1573  0.15485355257987976
1448  0.15484006702899933
1463  0.15483802556991577
120  0.1547757238149643
1423  0.154611736536026
