871  0.16432926058769226
1273  0.16423267126083374
184  0.1642308384180069
980  0.16408957540988922
1236  0.16408304870128632
1453  0.16395841538906097
1693  0.16393990814685822
1386  0.163910910487175
360  0.16389411687850952
1465  0.16388538479804993
1232  0.16382919251918793
414  0.16382652521133423
1622  0.1638253778219223
1073  0.16380350291728973
1425  0.1637820154428482
989  0.16377799212932587
786  0.16374324262142181
1179  0.16373637318611145
604  0.16372990608215332
1402  0.16372670233249664
965  0.16370858252048492
970  0.16370688378810883
1243  0.1637018322944641
1147  0.16369859874248505
894  0.1636887490749359
4  0.1636829674243927
834  0.16367967426776886
878  0.1636786162853241
903  0.1636480838060379
1305  0.1636350303888321
1104  0.1636252999305725
715  0.1636216789484024
543  0.1636120080947876
869  0.1635945439338684
1205  0.16358859837055206
976  0.16357648372650146
971  0.1635749787092209
716  0.16357222199440002
154  0.16357079148292542
1163  0.16356651484966278
248  0.16354970633983612
695  0.16354715824127197
781  0.16354022920131683
45  0.16353663802146912
1109  0.16353397071361542
1244  0.16351298987865448
1015  0.16350604593753815
329  0.16350430250167847
792  0.16349413990974426
514  0.16348548233509064
836  0.16347360610961914
1557  0.1634720116853714
40  0.16347050666809082
662  0.16346751153469086
999  0.16346482932567596
1133  0.16346217691898346
945  0.16345469653606415
874  0.16345368325710297
1089  0.16345039010047913
12  0.1634470671415329
931  0.163443922996521
1220  0.16343560814857483
1151  0.16343262791633606
1446  0.16342875361442566
887  0.16342763602733612
1199  0.1634274423122406
1413  0.16342565417289734
1040  0.16342532634735107
133  0.16342423856258392
1038  0.16342288255691528
954  0.16341963410377502
1541  0.16341345012187958
526  0.1634124219417572
925  0.16340899467468262
1176  0.16340726613998413
433  0.16340108215808868
1000  0.1633935123682022
561  0.1633927971124649
99  0.16338452696800232
1568  0.1633780300617218
717  0.1633726954460144
612  0.1633688509464264
739  0.16336552798748016
733  0.16336344182491302
904  0.16335831582546234
138  0.1633576601743698
946  0.16335360705852509
1213  0.16334857046604156
189  0.16334740817546844
1054  0.16334661841392517
650  0.1633443683385849
964  0.1633366197347641
932  0.16333386301994324
638  0.16333085298538208
676  0.1633303463459015
859  0.16332970559597015
13  0.16332803666591644
879  0.1633240431547165
1110  0.1633196622133255
313  0.16331909596920013
377  0.16331827640533447
748  0.16331717371940613
762  0.16331474483013153
900  0.16330918669700623
43  0.16330666840076447
364  0.1632988154888153
968  0.16328926384449005
758  0.16328538954257965
1039  0.163261279463768
738  0.1632574200630188
1219  0.16325680911540985
24  0.16325527429580688
664  0.16324733197689056
690  0.16324573755264282
1114  0.1632453203201294
221  0.1632438749074936
383  0.16324053704738617
880  0.16323444247245789
1309  0.1632339507341385
1696  0.16323117911815643
338  0.16322870552539825
1333  0.16322766244411469
789  0.16322512924671173
991  0.16321983933448792
1737  0.16321943700313568
1601  0.16321876645088196
605  0.1632176637649536
413  0.16321630775928497
47  0.16321372985839844
1608  0.16321353614330292
1578  0.1632131040096283
177  0.1632118821144104
424  0.16320523619651794
50  0.16320247948169708
26  0.16319872438907623
641  0.16319477558135986
884  0.16319209337234497
747  0.16319185495376587
1118  0.16318412125110626
862  0.163177952170372
49  0.1631760448217392
504  0.16317535936832428
978  0.16317534446716309
582  0.16317161917686462
1079  0.16316816210746765
601  0.163167804479599
719  0.1631612926721573
833  0.16315773129463196
148  0.16315686702728271
657  0.16315515339374542
1764  0.16315482556819916
775  0.1631530523300171
345  0.1631511151790619
331  0.1631506234407425
1618  0.16314849257469177
714  0.16314560174942017
353  0.16314533352851868
1033  0.16314366459846497
1036  0.16314047574996948
1193  0.16314010322093964
571  0.16313855350017548
793  0.16313853859901428
1251  0.16313834488391876
553  0.16313813626766205
1398  0.16313676536083221
842  0.16313478350639343
446  0.1631329208612442
1583  0.1631258875131607
65  0.16312168538570404
146  0.16312147676944733
844  0.16311974823474884
96  0.16311894357204437
227  0.1631169468164444
840  0.16311411559581757
1589  0.16311205923557281
1346  0.16311079263687134
1131  0.16310827434062958
706  0.16310788691043854
1307  0.1631072461605072
778  0.16310371458530426
907  0.16310301423072815
1318  0.16310220956802368
983  0.16310042142868042
1078  0.16309872269630432
1125  0.16309696435928345
39  0.16309478878974915
670  0.163092240691185
159  0.16308574378490448
1493  0.16308291256427765
1095  0.16308048367500305
311  0.1630803942680359
698  0.16307704150676727
593  0.1630769968032837
1297  0.16307631134986877
87  0.1630716770887375
1168  0.1630716323852539
1266  0.16307157278060913
1650  0.16307057440280914
417  0.16306914389133453
822  0.16306839883327484
1058  0.16306760907173157
967  0.16306708753108978
1581  0.16306455433368683
973  0.1630641669034958
269  0.1630624532699585
432  0.16306132078170776
777  0.16305886209011078
1001  0.16305752098560333
1509  0.16305378079414368
1329  0.1630534529685974
1208  0.1630532443523407
11  0.16305047273635864
1412  0.1630474179983139
966  0.16304735839366913
460  0.16304734349250793
260  0.16304349899291992
583  0.16304124891757965
883  0.16303978860378265
820  0.16303876042366028
1135  0.16303765773773193
1712  0.16303665935993195
337  0.1630364954471588
131  0.16303624212741852
1406  0.16303546726703644
282  0.16303497552871704
745  0.16303172707557678
1668  0.1630314290523529
1316  0.16303078830242157
411  0.16302986443042755
1322  0.16302527487277985
261  0.16302451491355896
1239  0.1630192995071411
474  0.16301696002483368
992  0.16301649808883667
922  0.16301630437374115
152  0.16301611065864563
1470  0.16301578283309937
1744  0.1630154550075531
713  0.16301432251930237
139  0.1630130261182785
1667  0.1630125641822815
1417  0.1630089282989502
1087  0.16300645470619202
694  0.16300497949123383
1380  0.16300319135189056
359  0.1630025953054428
1201  0.16300241649150848
1661  0.16300156712532043
356  0.16300050914287567
933  0.16299986839294434
977  0.16299887001514435
838  0.1629984825849533
285  0.1629951298236847
637  0.16299381852149963
1545  0.16299311816692352
1739  0.16299080848693848
550  0.16299040615558624
101  0.16298411786556244
256  0.1629837453365326
1276  0.16298361122608185
1375  0.16298283636569977
91  0.16298088431358337
341  0.16297832131385803
1340  0.16297727823257446
118  0.1629723459482193
910  0.16297222673892975
744  0.16296851634979248
1223  0.16296681761741638
1120  0.16296488046646118
400  0.16295881569385529
1508  0.16295847296714783
613  0.1629573106765747
259  0.16295714676380157
1256  0.16295619308948517
52  0.16295546293258667
1014  0.1629549115896225
158  0.16295479238033295
98  0.16295376420021057
69  0.162953719496727
479  0.1629522442817688
1217  0.16294845938682556
410  0.16294661164283752
1143  0.16294565796852112
415  0.1629444807767868
1259  0.16294439136981964
1480  0.16294386982917786
1100  0.16294264793395996
851  0.1629372388124466
1263  0.1629330962896347
1142  0.16293273866176605
730  0.16292761266231537
1394  0.1629221886396408
1427  0.16292127966880798
277  0.16291899979114532
798  0.16291697323322296
1167  0.16291691362857819
293  0.16291552782058716
475  0.16291475296020508
1303  0.16291336715221405
1407  0.16290919482707977
451  0.1629084348678589
680  0.16290810704231262
505  0.16290679574012756
1065  0.16290655732154846
1148  0.16290459036827087
552  0.1629045158624649
106  0.1629038155078888
1202  0.1629038155078888
1231  0.16290351748466492
368  0.16290217638015747
1225  0.1629020720720291
955  0.1629015952348709
31  0.16290073096752167
805  0.1629004031419754
501  0.16289643943309784
416  0.16289402544498444
1281  0.16289013624191284
1002  0.16288940608501434
813  0.16288897395133972
1094  0.1628882735967636
940  0.16288796067237854
839  0.16288785636425018
1514  0.16288767755031586
1140  0.1628858745098114
1703  0.1628848910331726
750  0.1628834307193756
516  0.16288238763809204
1132  0.16288213431835175
1600  0.16288048028945923
1162  0.16287919878959656
1134  0.16287770867347717
1214  0.1628771722316742
951  0.1628757268190384
1390  0.16287147998809814
1200  0.16286997497081757
7  0.16286829113960266
176  0.16286763548851013
1507  0.16286717355251312
889  0.16286683082580566
108  0.16286581754684448
944  0.1628658026456833
1031  0.16285692155361176
899  0.1628526747226715
691  0.16285231709480286
179  0.16285063326358795
258  0.16284899413585663
1034  0.1628483533859253
821  0.16284796595573425
897  0.16284705698490143
1090  0.16284652054309845
1254  0.162845179438591
1241  0.16284334659576416
1138  0.16283880174160004
1300  0.16283705830574036
271  0.16283488273620605
8  0.16283315420150757
163  0.16283297538757324
934  0.1628316342830658
1575  0.16283099353313446
699  0.1628308743238449
1768  0.16282932460308075
84  0.1628279685974121
671  0.1628270000219345
1211  0.162826806306839
735  0.16282621026039124
1685  0.16282546520233154
1257  0.16282528638839722
1043  0.16282497346401215
849  0.16282355785369873
746  0.16282278299331665
124  0.16282214224338531
437  0.16282176971435547
160  0.1628192663192749
1666  0.16281728446483612
1194  0.16281670331954956
1074  0.16281604766845703
1490  0.16281472146511078
1066  0.16281020641326904
292  0.16280952095985413
1304  0.16280929744243622
705  0.16280685365200043
57  0.16280625760555267
435  0.16280563175678253
963  0.1628054678440094
443  0.16280460357666016
685  0.16280220448970795
1353  0.16280092298984528
567  0.16279806196689606
1052  0.16279615461826324
478  0.16279421746730804
391  0.16279304027557373
6  0.16279193758964539
1647  0.16279160976409912
847  0.16279128193855286
180  0.16278815269470215
663  0.16278813779354095
596  0.16278807818889618
1315  0.16278791427612305
855  0.1627863198518753
1463  0.16278627514839172
1247  0.16278615593910217
1653  0.16278579831123352
492  0.16278573870658875
363  0.16278547048568726
1018  0.16278371214866638
711  0.16277796030044556
700  0.16277791559696198
829  0.16277725994586945
1468  0.16277670860290527
938  0.16277310252189636
1762  0.16277240216732025
729  0.16277073323726654
1720  0.16276921331882477
1314  0.16276904940605164
66  0.16276685893535614
1585  0.16276681423187256
58  0.16276642680168152
1091  0.16276590526103973
1449  0.16276568174362183
875  0.16276463866233826
1096  0.1627640724182129
1017  0.16276033222675323
1713  0.16275976598262787
531  0.16275836527347565
1511  0.16275805234909058
473  0.16275586187839508
1528  0.16275328397750854
1261  0.16275076568126678
1047  0.16275069117546082
1250  0.16274994611740112
1169  0.16274942457675934
1192  0.16274897754192352
848  0.16274785995483398
1204  0.16274720430374146
703  0.16274429857730865
988  0.1627437174320221
575  0.16274286806583405
815  0.16274167597293854
1423  0.16274167597293854
203  0.16274110972881317
1559  0.1627383679151535
1189  0.16273804008960724
1282  0.1627359837293625
675  0.16273580491542816
841  0.1627354919910431
1629  0.16273421049118042
1235  0.16273222863674164
219  0.16273178160190582
1112  0.16273151338100433
1206  0.16272906959056854
89  0.16272886097431183
1473  0.16272783279418945
797  0.16272768378257751
1289  0.16272588074207306
1761  0.16272543370723724
659  0.16272373497486115
701  0.16272211074829102
937  0.1627219319343567
1130  0.16272184252738953
1280  0.16272154450416565
1586  0.16272082924842834
1616  0.16272003948688507
1472  0.1627199798822403
693  0.16271862387657166
737  0.16271688044071198
1754  0.16271653771400452
819  0.16271603107452393
1024  0.16271397471427917
93  0.16271257400512695
1246  0.16271257400512695
1081  0.16271255910396576
1269  0.16271209716796875
1203  0.1627114713191986
68  0.16271072626113892
1093  0.1627100259065628
918  0.16270969808101654
1461  0.16270771622657776
727  0.1627076119184494
156  0.16270585358142853
273  0.16270548105239868
1075  0.16270321607589722
1430  0.16270028054714203
1330  0.1626986712217331
15  0.16269506514072418
723  0.1626940816640854
1338  0.16269375383853912
1212  0.1626916229724884
787  0.16269052028656006
1023  0.16269022226333618
1183  0.16268904507160187
1207  0.16268904507160187
672  0.1626863181591034
41  0.16268512606620789
1387  0.16268442571163177
785  0.1626821607351303
1610  0.16267980635166168
1077  0.16267739236354828
1711  0.1626770943403244
1229  0.16267673671245575
683  0.16267576813697815
1123  0.16267569363117218
724  0.16267560422420502
846  0.16267530620098114
140  0.1626696139574051
950  0.16266673803329468
783  0.16266612708568573
1513  0.16266417503356934
53  0.16266395151615143
979  0.16266366839408875
1550  0.16266103088855743
234  0.16266044974327087
1755  0.1626603752374649
465  0.1626594364643097
1379  0.16265806555747986
960  0.16265776753425598
1477  0.16265659034252167
1730  0.16265659034252167
1709  0.16265654563903809
1161  0.16265486180782318
270  0.16265316307544708
754  0.16265243291854858
1441  0.16265180706977844
1743  0.16264885663986206
402  0.16264644265174866
117  0.16264627873897552
1272  0.16264598071575165
523  0.1626458317041397
1396  0.16264469921588898
33  0.16264410316944122
352  0.16264188289642334
1185  0.16263985633850098
1215  0.1626390963792801
608  0.16263900697231293
1479  0.16263741254806519
1129  0.16263635456562042
486  0.16263428330421448
677  0.16263268887996674
472  0.16263239085674286
1771  0.16263040900230408
1655  0.16262981295585632
580  0.16262759268283844
696  0.16262748837471008
1295  0.1626274436712265
830  0.16262394189834595
36  0.16262321174144745
868  0.16262200474739075
1160  0.16261638700962067
1357  0.1626160889863968
408  0.1626160591840744
1310  0.1626158505678177
921  0.16261382400989532
990  0.16261358559131622
16  0.162612646818161
80  0.16261200606822968
1442  0.16261141002178192
1690  0.16260890662670135
488  0.16260837018489838
304  0.16260811686515808
1035  0.16260631382465363
912  0.16260617971420288
665  0.16260570287704468
1371  0.16260480880737305
387  0.16260303556919098
1021  0.16260141134262085
85  0.16260121762752533
216  0.16259796917438507
1670  0.16259770095348358
817  0.16259436309337616
877  0.16259406507015228
740  0.1625939905643463
132  0.16258984804153442
1681  0.16258925199508667
188  0.16258834302425385
103  0.16258776187896729
784  0.1625877469778061
1150  0.16258756816387177
1612  0.1625848263502121
1190  0.1625831425189972
1350  0.16258282959461212
1355  0.16258251667022705
1614  0.16258130967617035
1004  0.16258074343204498
661  0.1625799983739853
28  0.16257993876934052
876  0.16257955133914948
1602  0.16257870197296143
64  0.162577822804451
1003  0.16257768869400024
1275  0.16257716715335846
365  0.16257573664188385
763  0.16257499158382416
1182  0.16257376968860626
1216  0.16257275640964508
1141  0.16257162392139435
1512  0.16257116198539734
956  0.1625702679157257
1224  0.16257025301456451
340  0.16256898641586304
371  0.16256868839263916
206  0.16256758570671082
354  0.1625668704509735
86  0.16256535053253174
1111  0.16256491839885712
1332  0.1625642329454422
1376  0.16256389021873474
909  0.1625598967075348
1290  0.1625589281320572
1757  0.16255873441696167
1086  0.1625584363937378
890  0.16255761682987213
891  0.1625574678182602
1678  0.16255725920200348
1025  0.16255435347557068
1302  0.1625537872314453
116  0.16255249083042145
1323  0.1625496745109558
1664  0.16254840791225433
200  0.16254590451717377
1145  0.16254375874996185
1222  0.16254281997680664
1308  0.16254164278507233
760  0.1625407487154007
17  0.16254042088985443
905  0.1625402271747589
1283  0.1625373363494873
1416  0.1625356525182724
1448  0.16253526508808136
161  0.16253383457660675
1172  0.16253367066383362
213  0.1625327318906784
1401  0.16253210604190826
60  0.16253134608268738
298  0.16253003478050232
687  0.16252967715263367
682  0.1625295728445053
1158  0.16252796351909637
434  0.16252723336219788
751  0.16252723336219788
171  0.16252650320529938
1173  0.16252648830413818
1613  0.16252535581588745
447  0.16252517700195312
1516  0.16252507269382477
109  0.16252416372299194
427  0.16252325475215912
919  0.1625218242406845
770  0.16252055764198303
1558  0.16252005100250244
286  0.16251686215400696
721  0.1625167578458786
743  0.16251568496227264
244  0.1625155359506607
1233  0.16251538693904877
335  0.16251488029956818
617  0.16251420974731445
123  0.16251416504383087
1149  0.16251273453235626
1328  0.16251254081726074
1279  0.16251027584075928
824  0.1625097244977951
1325  0.1625089794397354
32  0.16250857710838318
326  0.16250595450401306
376  0.16250385344028473
1643  0.16250252723693848
629  0.16249960660934448
1061  0.1624985635280609
936  0.1624973863363266
1415  0.16249559819698334
306  0.16249534487724304
1579  0.1624918133020401
1625  0.16249175369739532
1016  0.1624915897846222
981  0.16249047219753265
284  0.16248905658721924
481  0.16248737275600433
585  0.16248737275600433
1301  0.1624867171049118
182  0.16248629987239838
1331  0.1624852418899536
448  0.1624847650527954
198  0.1624799519777298
54  0.1624796986579895
157  0.1624792218208313
35  0.1624780297279358
175  0.16247685253620148
808  0.16247573494911194
70  0.16247481107711792
1080  0.162474125623703
962  0.16247358918190002
741  0.16247273981571198
832  0.16247254610061646
1735  0.16247214376926422
969  0.1624719649553299
768  0.1624712347984314
720  0.1624700278043747
1103  0.16246946156024933
1082  0.16246917843818665
1042  0.16246549785137177
1435  0.16246527433395386
1027  0.16246430575847626
811  0.1624634712934494
1729  0.16246290504932404
1680  0.16245989501476288
1503  0.16245968639850616
852  0.16245925426483154
1005  0.16245634853839874
217  0.16245535016059875
97  0.1624550223350525
241  0.16245415806770325
893  0.16245372593402863
382  0.16245165467262268
704  0.1624508649110794
1218  0.1624503880739212
1126  0.16245020925998688
1682  0.16244882345199585
1102  0.16244812309741974
1727  0.16244617104530334
1679  0.1624450981616974
389  0.16244396567344666
790  0.16244234144687653
906  0.16244225203990936
169  0.16244204342365265
482  0.16244138777256012
1620  0.16243994235992432
669  0.16243936121463776
510  0.16243933141231537
299  0.16243919730186462
252  0.16243895888328552
153  0.16243870556354523
769  0.16243763267993927
442  0.16243624687194824
309  0.16243389248847961
1485  0.16243179142475128
1500  0.16243170201778412
449  0.16243119537830353
1630  0.16243061423301697
861  0.16243043541908264
1419  0.16243024170398712
961  0.16242949664592743
749  0.16242846846580505
533  0.16242730617523193
294  0.16242723166942596
722  0.1624251753091812
1012  0.1624198853969574
303  0.16241854429244995
370  0.16241511702537537
1067  0.16241437196731567
1633  0.16241280734539032
624  0.16241271793842316
10  0.16241230070590973
494  0.162411630153656
1022  0.16241112351417542
456  0.16241036355495453
1728  0.16240742802619934
1714  0.1624034196138382
1444  0.1624024510383606
247  0.16239942610263824
275  0.16239705681800842
640  0.1623966097831726
959  0.16239625215530396
1574  0.16239525377750397
1351  0.16239513456821442
1422  0.16239511966705322
1084  0.16239413619041443
399  0.16239410638809204
1746  0.16239091753959656
1113  0.16239017248153687
403  0.16238947212696075
1178  0.16238921880722046
627  0.16238698363304138
1265  0.16238683462142944
801  0.16238677501678467
166  0.16238676011562347
1510  0.16238431632518768
1564  0.1623842567205429
914  0.16238419711589813
1248  0.16238351166248322
1484  0.16238224506378174
181  0.16238194704055786
1572  0.1623794436454773
549  0.16237926483154297
1697  0.16237816214561462
300  0.16237668693065643
652  0.16237643361091614
948  0.16237525641918182
1410  0.16237451136112213
943  0.16237397491931915
323  0.16236895322799683
1531  0.162368044257164
71  0.16236785054206848
686  0.16236527264118195
823  0.16236475110054016
709  0.16236229240894318
1321  0.16236118972301483
297  0.1623605191707611
654  0.16235774755477905
191  0.1623566746711731
1051  0.16235649585723877
995  0.16235555708408356
614  0.1623554527759552
1566  0.16235478222370148
539  0.1623547226190567
986  0.1623547077178955
125  0.16235311329364777
491  0.16235268115997314
1019  0.16235105693340302
496  0.16235043108463287
362  0.16235017776489258
610  0.16234955191612244
468  0.1623491495847702
1010  0.1623479127883911
1469  0.16234759986400604
1631  0.16234759986400604
942  0.16234751045703888
1011  0.16234610974788666
239  0.16234560310840607
1285  0.16234420239925385
88  0.1623416692018509
1688  0.16234110295772552
1443  0.16233980655670166
136  0.16233892738819122
1636  0.1623387187719345
1311  0.16233694553375244
1048  0.16233685612678528
620  0.16233664751052856
459  0.16233663260936737
318  0.162335604429245
684  0.1623345911502838
129  0.1623343825340271
174  0.1623338907957077
1689  0.16233345866203308
1336  0.16233281791210175
231  0.162331223487854
114  0.16232885420322418
1327  0.1623271107673645
864  0.16232478618621826
895  0.16232474148273468
27  0.1623237431049347
1187  0.16232088208198547
996  0.1623203456401825
1013  0.16231943666934967
1226  0.16231872141361237
268  0.16231849789619446
92  0.16231605410575867
1127  0.16231435537338257
595  0.16231414675712585
982  0.1623118370771408
1459  0.1623106747865677
440  0.1623096466064453
72  0.16230875253677368
222  0.1623050719499588
1707  0.16230468451976776
886  0.1623045802116394
831  0.16230450570583344
380  0.16230428218841553
396  0.1623041331768036
183  0.16230162978172302
1546  0.1623014509677887
1144  0.1623012125492096
1518  0.16230112314224243
1758  0.16230081021785736
646  0.16229969263076782
1184  0.162299245595932
1464  0.16229917109012604
573  0.16229884326457977
476  0.16229753196239471
170  0.16229575872421265
1515  0.1622951179742813
1432  0.16229481995105743
407  0.16229306161403656
1026  0.16229285299777985
1072  0.16229258477687836
1237  0.16229218244552612
470  0.16228896379470825
860  0.1622888743877411
1360  0.16228695213794708
480  0.16228656470775604
917  0.16228635609149933
141  0.16228555142879486
609  0.16228482127189636
1041  0.1622842252254486
1029  0.16228394210338593
564  0.1622825264930725
557  0.16228176653385162
1071  0.1622798889875412
1725  0.16227971017360687
419  0.16227953135967255
771  0.16227950155735016
867  0.1622794270515442
621  0.1622786819934845
602  0.16227716207504272
755  0.1622762829065323
997  0.162276029586792
1294  0.162276029586792
527  0.16227565705776215
1640  0.16227537393569946
1738  0.16227491199970245
816  0.16227488219738007
168  0.1622743010520935
935  0.1622743010520935
1522  0.16226981580257416
1434  0.1622687429189682
1684  0.16226769983768463
1751  0.16226676106452942
1175  0.1622663289308548
436  0.16226471960544586
1437  0.16226176917552948
827  0.16226094961166382
885  0.16226087510585785
483  0.16226054728031158
1687  0.16226042807102203
347  0.1622573882341385
555  0.16225717961788177
576  0.16225700080394745
1046  0.16225528717041016
236  0.16225343942642212
947  0.16225296258926392
502  0.16225256025791168
1554  0.1622523069381714
23  0.16225197911262512
343  0.16225117444992065
524  0.16225112974643707
1504  0.16225086152553558
1543  0.16225074231624603
1766  0.1622503250837326
1221  0.1622488647699356
1085  0.16224776208400726
420  0.16224485635757446
431  0.16224443912506104
1348  0.16224421560764313
1361  0.16224312782287598
734  0.16224074363708496
328  0.16224001348018646
1296  0.16223978996276855
522  0.1622391790151596
56  0.1622365564107895
423  0.1622360348701477
1466  0.1622358113527298
545  0.16223347187042236
958  0.16223333775997162
1092  0.16223318874835968
128  0.16223295032978058
578  0.16223295032978058
1299  0.16223262250423431
753  0.16223233938217163
953  0.16223151981830597
1288  0.16223065555095673
566  0.16223028302192688
1352  0.16222907602787018
499  0.16222849488258362
1502  0.16222704946994781
196  0.16222602128982544
1262  0.16222578287124634
361  0.16222554445266724
384  0.16222496330738068
1460  0.16222387552261353
1153  0.16222211718559265
301  0.16222046315670013
1287  0.16222001612186432
1124  0.16221995651721954
218  0.16221983730793
1626  0.16221913695335388
195  0.1622171849012375
929  0.1622171401977539
1319  0.16221429407596588
1646  0.16221384704113007
843  0.1622137427330017
1677  0.1622120589017868
972  0.16221196949481964
1523  0.1622115820646286
1097  0.16221143305301666
82  0.16220997273921967
1383  0.16220857203006744
520  0.16220776736736298
1695  0.1622033417224884
854  0.16220228374004364
1745  0.16219869256019592
455  0.16219757497310638
1520  0.16219742596149445
773  0.1621963530778885
1769  0.16219566762447357
1334  0.16219313442707062
1708  0.16219252347946167
1595  0.16219235956668854
373  0.16219225525856018
892  0.16219188272953033
678  0.1621904820203781
464  0.16218876838684082
726  0.16218778491020203
1210  0.16218754649162292
1637  0.1621871143579483
1107  0.16218702495098114
774  0.16218656301498413
1349  0.1621861755847931
1733  0.1621856540441513
34  0.16218554973602295
1389  0.1621832549571991
1293  0.16218170523643494
325  0.162179097533226
642  0.16217847168445587
1551  0.1621774584054947
1234  0.16217535734176636
342  0.16217519342899323
412  0.16217146813869476
316  0.1621711254119873
83  0.1621709167957306
30  0.16216978430747986
228  0.16216698288917542
649  0.1621667891740799
78  0.1621665060520172
1588  0.16216641664505005
939  0.16216562688350677
172  0.1621655374765396
702  0.16216535866260529
1671  0.16216488182544708
794  0.16216374933719635
1159  0.16216228902339935
888  0.16216187179088593
498  0.16216163337230682
952  0.16216136515140533
1535  0.16215981543064117
1455  0.16215935349464417
1704  0.16215737164020538
20  0.16215728223323822
761  0.1621563583612442
1497  0.1621549129486084
1032  0.16215461492538452
1701  0.16215452551841736
591  0.16215389966964722
1592  0.1621527373790741
281  0.16215240955352783
1099  0.16215220093727112
1030  0.16215212643146515
764  0.1621519923210144
1105  0.16215139627456665
1009  0.16214993596076965
1519  0.16214951872825623
1267  0.16214784979820251
689  0.162147656083107
1313  0.16214680671691895
826  0.1621464490890503
1171  0.16214527189731598
1209  0.16214439272880554
5  0.16214334964752197
1571  0.16214270889759064
632  0.16214250028133392
339  0.16214187443256378
113  0.1621413677930832
94  0.16214092075824738
633  0.1621401160955429
307  0.16213887929916382
1268  0.16213884949684143
1342  0.1621386706829071
1552  0.1621384620666504
1458  0.16213805973529816
1253  0.16213737428188324
1645  0.1621370017528534
791  0.16213564574718475
229  0.16213534772396088
430  0.1621350795030594
1561  0.16213494539260864
541  0.1621335744857788
881  0.16213318705558777
19  0.1621321439743042
42  0.1621321141719818
1651  0.16213200986385345
190  0.16213111579418182
757  0.1621309369802475
21  0.16213025152683258
807  0.16212716698646545
122  0.1621263325214386
974  0.16212600469589233
225  0.16212576627731323
81  0.1621246635913849
500  0.16212287545204163
802  0.1621224284172058
1420  0.1621222347021103
636  0.16211992502212524
508  0.1621183604001999
210  0.16211749613285065
375  0.1621159017086029
586  0.16211353242397308
392  0.16211284697055817
1722  0.16211260855197906
1255  0.16211232542991638
1542  0.16211184859275818
79  0.16211116313934326
395  0.1621103435754776
825  0.1621094048023224
235  0.1621093451976776
949  0.16210924088954926
1372  0.16210825741291046
1426  0.16210825741291046
1587  0.16210825741291046
107  0.162106454372406
1064  0.16210588812828064
1358  0.16210541129112244
336  0.16210365295410156
59  0.1621025949716568
74  0.1621023267507553
562  0.1620996743440628
920  0.16209937632083893
1404  0.16209925711154938
776  0.16209878027439117
536  0.16209740936756134
1155  0.16209520399570465
1598  0.16209422051906586
631  0.1620936244726181
759  0.16209305822849274
1576  0.16209223866462708
1642  0.16209201514720917
800  0.16209127008914948
1529  0.16208961606025696
418  0.1620885133743286
197  0.1620863527059555
1658  0.16208525002002716
441  0.16208437085151672
985  0.16208340227603912
599  0.16208310425281525
779  0.16208268702030182
242  0.16208162903785706
547  0.16208119690418243
1238  0.162079319357872
422  0.16207870841026306
630  0.16207845509052277
987  0.1620774269104004
265  0.16207577288150787
957  0.16207514703273773
1060  0.1620749533176422
332  0.162074014544487
1537  0.16207240521907806
1431  0.1620723456144333
142  0.1620722860097885
569  0.16207192838191986
155  0.16207191348075867
466  0.16207122802734375
517  0.1620698720216751
317  0.1620696634054184
548  0.16206832230091095
291  0.16206751763820648
324  0.1620672196149826
1475  0.1620669662952423
1278  0.1620667576789856
809  0.16206669807434082
471  0.1620660275220871
1165  0.1620628982782364
193  0.16206009685993195
1440  0.16205976903438568
850  0.16205833852291107
1128  0.162057027220726
372  0.16205362975597382
104  0.16205309331417084
1648  0.1620522141456604
928  0.16205208003520966
579  0.16205145418643951
467  0.16205093264579773
1736  0.16204863786697388
393  0.16204829514026642
1121  0.16204780340194702
812  0.162046417593956
1312  0.16204294562339783
1488  0.16204068064689636
993  0.16204054653644562
788  0.16203811764717102
199  0.16203753650188446
559  0.16203726828098297
208  0.16203707456588745
1638  0.16203537583351135
1438  0.16203472018241882
1405  0.16203445196151733
485  0.16203412413597107
1700  0.16203412413597107
1615  0.1620328724384308
1337  0.16203245520591736
1492  0.16203157603740692
288  0.1620289832353592
278  0.16202865540981293
75  0.16202794015407562
386  0.16202792525291443
915  0.16202780604362488
924  0.16202731430530548
708  0.16202707588672638
1088  0.1620253473520279
1635  0.1620231568813324
397  0.16202251613140106
1020  0.1620221734046936
1059  0.16202086210250854
1068  0.1620195508003235
1249  0.16201916337013245
1565  0.16201721131801605
319  0.1620168834924698
1154  0.16201527416706085
1607  0.16201470792293549
1706  0.1620142012834549
18  0.16201362013816833
901  0.16201306879520416
1478  0.16201253235340118
439  0.16201047599315643
151  0.16200928390026093
1374  0.16200761497020721
507  0.16200706362724304
1369  0.16200563311576843
255  0.16200435161590576
712  0.16200369596481323
1320  0.16200357675552368
1715  0.16200262308120728
1395  0.1620025336742401
167  0.16200220584869385
105  0.16200177371501923
1445  0.16200143098831177
853  0.16200090944766998
186  0.1620005965232849
385  0.16200020909309387
1366  0.1619994342327118
1734  0.16199924051761627
1252  0.16199767589569092
1384  0.16199606657028198
1483  0.16199441254138947
600  0.16199395060539246
147  0.1619924157857895
1676  0.16199173033237457
267  0.16199064254760742
1373  0.16199040412902832
1037  0.16198977828025818
67  0.1619877815246582
1524  0.16198770701885223
525  0.16198736429214478
1242  0.16198554635047913
1621  0.16198532283306122
756  0.16198492050170898
515  0.16198424994945526
1767  0.16198278963565826
1547  0.16197974979877472
1756  0.1619778722524643
1548  0.16197779774665833
1006  0.16197769343852997
1749  0.16197729110717773
1604  0.16197650134563446
1429  0.16197608411312103
425  0.16197535395622253
1705  0.16197469830513
1378  0.16197314858436584
796  0.1619710922241211
1117  0.16196978092193604
628  0.16196884214878082
742  0.16196788847446442
1486  0.1619674563407898
405  0.16196592152118683
348  0.1619649976491928
61  0.1619648039340973
558  0.16196201741695404
487  0.16195660829544067
302  0.16195477545261383
668  0.16194984316825867
697  0.1619497537612915
554  0.16194956004619598
518  0.16194917261600494
908  0.16194574534893036
469  0.16194435954093933
1433  0.16194386780261993
625  0.16194318234920502
563  0.16194047033786774
772  0.16193276643753052
461  0.1619325429201126
1056  0.16193199157714844
1494  0.1619311273097992
1553  0.16193075478076935
1506  0.16193045675754547
1286  0.16192904114723206
1139  0.16192516684532166
322  0.161924809217453
100  0.16192440688610077
1482  0.16192395985126495
725  0.16192378103733063
577  0.16192029416561127
334  0.16191548109054565
1063  0.16191533207893372
1306  0.16191522777080536
477  0.16191504895687103
1339  0.1619143784046173
589  0.16190879046916962
1055  0.1619083136320114
1763  0.16190676391124725
623  0.16190622746944427
804  0.16190586984157562
1341  0.16190503537654877
1584  0.16190330684185028
274  0.1619027704000473
1663  0.16190138459205627
310  0.16189798712730408
1198  0.16189704835414886
795  0.1618960052728653
29  0.16189560294151306
902  0.1618938446044922
866  0.16189217567443848
658  0.16189149022102356
62  0.16189061105251312
857  0.16189022362232208
1106  0.16188977658748627
164  0.1618874967098236
1731  0.16188734769821167
135  0.16188684105873108
121  0.16188637912273407
320  0.16188591718673706
1270  0.16188544034957886
1188  0.16188472509384155
1007  0.1618829071521759
289  0.16188204288482666
1742  0.16188009083271027
1549  0.16187931597232819
1476  0.16187894344329834
119  0.16187851130962372
994  0.1618780642747879
280  0.16187621653079987
911  0.16187313199043274
38  0.1618729680776596
1525  0.16187156736850739
1691  0.1618701070547104
588  0.1618698388338089
490  0.16186948120594025
1556  0.16186781227588654
1641  0.161867156624794
1044  0.16186673939228058
1555  0.1618649959564209
1594  0.16186466813087463
930  0.1618644893169403
1471  0.16186362504959106
597  0.16186049580574036
314  0.16185998916625977
205  0.16185931861400604
1675  0.16185900568962097
308  0.16185522079467773
1365  0.1618548035621643
450  0.1618546098470688
1436  0.1618541181087494
76  0.16185325384140015
1451  0.16184987127780914
540  0.16184869408607483
1692  0.16184817254543304
1462  0.16184745728969574
1382  0.16184668242931366
1474  0.16184605658054352
765  0.16184461116790771
165  0.1618439108133316
688  0.16184386610984802
1723  0.16184331476688385
1083  0.16184212267398834
594  0.16184139251708984
1673  0.16184020042419434
835  0.16183888912200928
379  0.1618385761976242
882  0.1618375927209854
731  0.16183620691299438
1750  0.16183379292488098
1230  0.1618322730064392
1683  0.1618317812681198
519  0.1618315428495407
150  0.16183149814605713
616  0.16182921826839447
90  0.1618289351463318
984  0.16182874143123627
245  0.16182813048362732
1498  0.16182757914066315
1166  0.16182488203048706
1119  0.16182203590869904
226  0.16181890666484833
1028  0.16181828081607819
1174  0.16181761026382446
1662  0.16181671619415283
1108  0.16181528568267822
1152  0.16181305050849915
327  0.16181282699108124
592  0.16181166470050812
73  0.16180849075317383
1045  0.1618083268404007
1577  0.16180793941020966
1591  0.16180665791034698
570  0.1618053913116455
1391  0.1618041843175888
560  0.16180406510829926
1596  0.16180358827114105
1414  0.16180352866649628
845  0.16180315613746643
1  0.16180263459682465
209  0.1618025004863739
1627  0.1618008315563202
1362  0.16180066764354706
1228  0.16180063784122467
568  0.16180038452148438
409  0.16179952025413513
1530  0.16179832816123962
145  0.1617967039346695
916  0.16179458796977997
1721  0.1617944985628128
250  0.16179409623146057
1177  0.16179406642913818
120  0.16179023683071136
1634  0.16178639233112335
344  0.16178615391254425
127  0.1617812067270279
48  0.16178058087825775
863  0.16178017854690552
1291  0.16177724301815033
1603  0.16177277266979218
1580  0.1617727279663086
1501  0.16177214682102203
111  0.16176845133304596
1418  0.16176795959472656
535  0.16176649928092957
1062  0.1617656797170639
149  0.1617642045021057
551  0.16176366806030273
511  0.16176171600818634
1164  0.16176152229309082
529  0.16175958514213562
1146  0.16175860166549683
1719  0.1617552489042282
1740  0.16175521910190582
509  0.1617540419101715
401  0.161753848195076
1644  0.16175250709056854
1400  0.16175171732902527
1487  0.16175155341625214
115  0.16174830496311188
1649  0.1617477685213089
22  0.1617472618818283
1659  0.16174550354480743
648  0.16174499690532684
95  0.1617441326379776
1070  0.16174182295799255
1628  0.161741703748703
913  0.16174009442329407
1632  0.16174009442329407
211  0.16173973679542542
1560  0.16173939406871796
1186  0.16173924505710602
1057  0.16173915565013885
243  0.16173899173736572
814  0.16173772513866425
25  0.16173553466796875
233  0.161733478307724
782  0.16173289716243744
923  0.1617322862148285
975  0.1617242842912674
1191  0.16172407567501068
63  0.1617237776517868
369  0.16172344982624054
736  0.16172239184379578
457  0.1617220789194107
3  0.16171903908252716
178  0.16171856224536896
2  0.1617181897163391
767  0.1617177128791809
192  0.161717027425766
1156  0.16171669960021973
1752  0.16171355545520782
1076  0.16171330213546753
1569  0.1617131531238556
421  0.16171245276927948
1258  0.16171015799045563
257  0.16170883178710938
321  0.16170795261859894
1049  0.1617078185081482
44  0.161704882979393
46  0.16170260310173035
1491  0.1617017239332199
1534  0.16170033812522888
506  0.1616997867822647
1533  0.16169975697994232
1343  0.16169942915439606
1527  0.16169686615467072
1388  0.1616963893175125
1623  0.16169533133506775
144  0.16169500350952148
1606  0.16169430315494537
1197  0.1616913080215454
1582  0.16169118881225586
870  0.16169066727161407
818  0.1616903841495514
1136  0.16168995201587677
528  0.16168950498104095
732  0.16168878972530365
718  0.1616831123828888
204  0.16168300807476044
77  0.16168032586574554
1467  0.16168029606342316
1505  0.16167958080768585
315  0.16167891025543213
1686  0.1616785228252411
263  0.1616775095462799
428  0.1616760641336441
656  0.16167505085468292
780  0.16167482733726501
1277  0.16167478263378143
692  0.16167020797729492
1611  0.16166801750659943
1619  0.16166621446609497
565  0.1616661697626114
926  0.16166484355926514
355  0.16166339814662933
644  0.16166278719902039
1747  0.16166216135025024
137  0.16166186332702637
1665  0.16166149079799652
1753  0.16166062653064728
590  0.16166019439697266
537  0.16165822744369507
55  0.16165776550769806
126  0.16165761649608612
1317  0.16165673732757568
1368  0.1616566926240921
1450  0.16165399551391602
9  0.16165241599082947
1069  0.16165167093276978
110  0.1616511046886444
1457  0.16165012121200562
1765  0.161649689078331
532  0.16164781153202057
1617  0.16164688766002655
728  0.16164672374725342
406  0.16164305806159973
1347  0.16163909435272217
238  0.1616385579109192
1496  0.16163797676563263
941  0.16163621842861176
1499  0.16163510084152222
390  0.16163046658039093
1540  0.16162994503974915
185  0.16162987053394318
1563  0.16162541508674622
1298  0.16162392497062683
1718  0.16162200272083282
1698  0.16162128746509552
212  0.16162055730819702
404  0.16161803901195526
1481  0.16161735355854034
1495  0.16161438822746277
249  0.16161271929740906
1053  0.16160961985588074
806  0.1616070717573166
463  0.16160346567630768
653  0.16160298883914948
51  0.16160231828689575
1657  0.16160064935684204
220  0.16159917414188385
865  0.1615983545780182
374  0.16159740090370178
1180  0.1615966260433197
1639  0.16159287095069885
1570  0.1615864485502243
1599  0.16158418357372284
438  0.16158324480056763
429  0.16158278286457062
1181  0.16158200800418854
1227  0.16157978773117065
1363  0.1615796834230423
752  0.16157466173171997
538  0.1615736186504364
305  0.16157248616218567
603  0.16157013177871704
1672  0.16156436502933502
1702  0.161563441157341
489  0.1615598052740097
351  0.16155850887298584
1050  0.16155540943145752
224  0.16155284643173218
1157  0.16155274212360382
1699  0.1615511178970337
1532  0.16155052185058594
1669  0.16154979169368744
1385  0.16154922544956207
207  0.16154800355434418
556  0.16154703497886658
810  0.16154645383358002
1356  0.16154475510120392
1392  0.1615424007177353
1716  0.16154006123542786
1101  0.16153845191001892
312  0.16153790056705475
1573  0.16153499484062195
1517  0.16153492033481598
266  0.1615287810564041
1137  0.1615283042192459
357  0.16152675449848175
134  0.16152575612068176
272  0.16152530908584595
626  0.16152437031269073
1447  0.16152386367321014
162  0.16152262687683105
587  0.16151627898216248
598  0.16151154041290283
1521  0.16151006519794464
394  0.16150854527950287
1770  0.16150696575641632
1195  0.1615065485239029
679  0.16150379180908203
521  0.16150245070457458
1344  0.16150201857089996
1411  0.16149844229221344
296  0.16149388253688812
927  0.1614885926246643
651  0.16148750483989716
215  0.16148731112480164
484  0.161484494805336
1660  0.16148386895656586
1008  0.16148044168949127
896  0.161478653550148
1271  0.16147729754447937
295  0.1614752560853958
230  0.16147388517856598
1717  0.1614735722541809
350  0.16147248446941376
1544  0.16146738827228546
453  0.16146603226661682
1170  0.1614629179239273
130  0.16145986318588257
1526  0.16145870089530945
358  0.16145268082618713
143  0.16145005822181702
898  0.16144827008247375
1264  0.16144806146621704
799  0.16144226491451263
1654  0.16144123673439026
333  0.1614384949207306
264  0.16143691539764404
1364  0.1614246517419815
1624  0.16142232716083527
251  0.16142205893993378
643  0.16142041981220245
237  0.16141456365585327
581  0.16141167283058167
1454  0.16141054034233093
14  0.16140951216220856
1409  0.16140784323215485
1326  0.16140663623809814
381  0.16140545904636383
112  0.16140428185462952
279  0.1614016890525818
253  0.161400705575943
330  0.16139435768127441
667  0.16139356791973114
290  0.16139265894889832
998  0.16138729453086853
1399  0.16138653457164764
1726  0.16138619184494019
611  0.16137945652008057
444  0.16137908399105072
1335  0.16137611865997314
647  0.1613708734512329
1421  0.16136887669563293
584  0.16136480867862701
710  0.16136424243450165
1367  0.1613607257604599
1115  0.1613604724407196
634  0.1613585650920868
1098  0.16135770082473755
37  0.16135697066783905
495  0.16135308146476746
1710  0.1613524854183197
454  0.16134171187877655
287  0.16133780777454376
872  0.16133609414100647
445  0.16133037209510803
1724  0.16132469475269318
1536  0.16132301092147827
1489  0.16132262349128723
873  0.1613185703754425
1260  0.16131779551506042
1760  0.16131645441055298
1748  0.16131441295146942
1597  0.16131331026554108
262  0.16131186485290527
618  0.16130892932415009
1424  0.16130883991718292
1240  0.1613079011440277
1590  0.16130760312080383
1116  0.1612984985113144
1284  0.16129738092422485
1732  0.16129514575004578
173  0.16129478812217712
856  0.16128885746002197
232  0.16127991676330566
102  0.1612776666879654
187  0.16127559542655945
283  0.161273792386055
1652  0.161272794008255
574  0.1612689197063446
534  0.16126790642738342
674  0.16126775741577148
1452  0.16126595437526703
858  0.1612541377544403
214  0.16124922037124634
1403  0.1612488180398941
1324  0.16124758124351501
246  0.16124683618545532
1456  0.16124661266803741
622  0.16124044358730316
201  0.16122613847255707
1656  0.1612260788679123
572  0.1612173616886139
1428  0.16121669113636017
1605  0.16121557354927063
681  0.16121222078800201
1694  0.16120944917201996
1741  0.1612020581960678
666  0.16119709610939026
366  0.1611916720867157
513  0.16119028627872467
1609  0.1611829698085785
1393  0.16118009388446808
635  0.16117532551288605
1593  0.16117238998413086
1408  0.1611720770597458
1370  0.16116778552532196
223  0.16116255521774292
673  0.16116049885749817
276  0.16114966571331024
512  0.16114850342273712
660  0.16114744544029236
1359  0.16113919019699097
1196  0.1611238270998001
202  0.16110844910144806
542  0.16110101342201233
1345  0.1610967218875885
1377  0.16109640896320343
1274  0.16108338534832
240  0.16108174622058868
1567  0.16107451915740967
530  0.1610710322856903
462  0.16106294095516205
1538  0.16105544567108154
458  0.1610494703054428
645  0.16104598343372345
766  0.16103686392307281
1354  0.1610286980867386
497  0.16102738678455353
367  0.16102354228496552
452  0.16101087629795074
828  0.16100254654884338
619  0.16099274158477783
346  0.16098088026046753
1439  0.16096901893615723
493  0.1609644740819931
1245  0.16095136106014252
378  0.16094684600830078
615  0.1609419286251068
503  0.16092197597026825
194  0.16091832518577576
398  0.1609109342098236
1562  0.1609007567167282
388  0.16089271008968353
639  0.16088572144508362
254  0.1608777493238449
803  0.16087359189987183
1674  0.1608382612466812
707  0.1608077734708786
1759  0.16079877316951752
1122  0.16079430282115936
607  0.1607740968465805
544  0.16075266897678375
837  0.16074936091899872
349  0.16073834896087646
426  0.16073273122310638
1397  0.16071249544620514
655  0.160683274269104
1381  0.16056881844997406
1292  0.1605667769908905
546  0.16049902141094208
1539  0.16044513881206512
606  0.16032716631889343
