34  0.29809698462486267
35  0.29809698462486267
36  0.29809698462486267
37  0.29809698462486267
38  0.29809698462486267
39  0.29809698462486267
40  0.29809698462486267
41  0.29809698462486267
42  0.29809698462486267
43  0.29809698462486267
44  0.29809698462486267
45  0.29809698462486267
46  0.29809698462486267
47  0.29809698462486267
48  0.29809698462486267
49  0.29809698462486267
50  0.29809698462486267
51  0.29809698462486267
52  0.29809698462486267
53  0.29809698462486267
54  0.29809698462486267
55  0.29809698462486267
56  0.29809698462486267
57  0.29809698462486267
58  0.29809698462486267
59  0.29809698462486267
60  0.29809698462486267
61  0.29809698462486267
62  0.29809698462486267
63  0.29809698462486267
64  0.29809698462486267
65  0.29809698462486267
327  0.29809698462486267
328  0.29809698462486267
329  0.29809698462486267
330  0.29809698462486267
331  0.29809698462486267
332  0.29809698462486267
333  0.29809698462486267
334  0.29809698462486267
335  0.29809698462486267
336  0.29809698462486267
337  0.29809698462486267
338  0.29809698462486267
339  0.29809698462486267
340  0.29809698462486267
341  0.29809698462486267
342  0.29809698462486267
343  0.29809698462486267
344  0.29809698462486267
345  0.29809698462486267
346  0.29809698462486267
347  0.29809698462486267
348  0.29809698462486267
349  0.29809698462486267
350  0.29809698462486267
351  0.29809698462486267
352  0.29809698462486267
353  0.29809698462486267
354  0.29809698462486267
355  0.29809698462486267
356  0.29809698462486267
357  0.29809698462486267
358  0.29809698462486267
588  0.29809698462486267
589  0.29809698462486267
590  0.29809698462486267
591  0.29809698462486267
592  0.29809698462486267
593  0.29809698462486267
594  0.29809698462486267
595  0.29809698462486267
596  0.29809698462486267
597  0.29809698462486267
598  0.29809698462486267
599  0.29809698462486267
600  0.29809698462486267
601  0.29809698462486267
602  0.29809698462486267
603  0.29809698462486267
604  0.29809698462486267
605  0.29809698462486267
606  0.29809698462486267
607  0.29809698462486267
608  0.29809698462486267
609  0.29809698462486267
610  0.29809698462486267
611  0.29809698462486267
612  0.29809698462486267
613  0.29809698462486267
614  0.29809698462486267
615  0.29809698462486267
616  0.29809698462486267
617  0.29809698462486267
618  0.29809698462486267
783  0.29809698462486267
784  0.29809698462486267
785  0.29809698462486267
786  0.29809698462486267
787  0.29809698462486267
788  0.29809698462486267
789  0.29809698462486267
790  0.29809698462486267
791  0.29809698462486267
792  0.29809698462486267
793  0.29809698462486267
794  0.29809698462486267
795  0.29809698462486267
796  0.29809698462486267
797  0.29809698462486267
798  0.29809698462486267
799  0.29809698462486267
800  0.29809698462486267
801  0.29809698462486267
802  0.29809698462486267
803  0.29809698462486267
804  0.29809698462486267
805  0.29809698462486267
806  0.29809698462486267
807  0.29809698462486267
808  0.29809698462486267
809  0.29809698462486267
810  0.29809698462486267
811  0.29809698462486267
812  0.29809698462486267
813  0.29809698462486267
814  0.29809698462486267
848  0.29809698462486267
849  0.29809698462486267
850  0.29809698462486267
851  0.29809698462486267
852  0.29809698462486267
853  0.29809698462486267
854  0.29809698462486267
855  0.29809698462486267
856  0.29809698462486267
857  0.29809698462486267
858  0.29809698462486267
859  0.29809698462486267
860  0.29809698462486267
861  0.29809698462486267
862  0.29809698462486267
863  0.29809698462486267
864  0.29809698462486267
865  0.29809698462486267
866  0.29809698462486267
867  0.29809698462486267
868  0.29809698462486267
869  0.29809698462486267
870  0.29809698462486267
871  0.29809698462486267
872  0.29809698462486267
873  0.29809698462486267
874  0.29809698462486267
875  0.29809698462486267
876  0.29809698462486267
877  0.29809698462486267
878  0.29809698462486267
879  0.29809698462486267
880  0.29809698462486267
881  0.29809698462486267
882  0.29809698462486267
883  0.29809698462486267
884  0.29809698462486267
885  0.29809698462486267
886  0.29809698462486267
887  0.29809698462486267
888  0.29809698462486267
889  0.29809698462486267
890  0.29809698462486267
891  0.29809698462486267
892  0.29809698462486267
893  0.29809698462486267
894  0.29809698462486267
895  0.29809698462486267
896  0.29809698462486267
897  0.29809698462486267
898  0.29809698462486267
899  0.29809698462486267
900  0.29809698462486267
901  0.29809698462486267
902  0.29809698462486267
903  0.29809698462486267
904  0.29809698462486267
905  0.29809698462486267
906  0.29809698462486267
907  0.29809698462486267
908  0.29809698462486267
909  0.29809698462486267
910  0.29809698462486267
911  0.29809698462486267
27  0.29789432883262634
33  0.2978140115737915
22  0.2977568805217743
19  0.29767268896102905
1  0.2976672351360321
2  0.2976365089416504
15  0.2976352870464325
16  0.2975457012653351
12  0.29752883315086365
28  0.2975165545940399
24  0.29751649498939514
10  0.2974839508533478
5  0.29745665192604065
8  0.2974264621734619
18  0.2973969578742981
21  0.29737424850463867
7  0.29734766483306885
23  0.29731485247612
32  0.2972975969314575
14  0.29729318618774414
29  0.29726406931877136
6  0.2972634732723236
17  0.2972411513328552
4  0.29713308811187744
3  0.2971259653568268
9  0.2971259355545044
11  0.2971193492412567
31  0.2971181869506836
25  0.29710814356803894
20  0.2970786988735199
26  0.2970755100250244
13  0.29705873131752014
509  0.29692500829696655
30  0.2969202995300293
505  0.29675301909446716
494  0.296729177236557
497  0.2966530919075012
490  0.2966275215148926
515  0.2965661883354187
498  0.29654568433761597
510  0.2965153157711029
508  0.29646193981170654
516  0.29645973443984985
521  0.2963991165161133
493  0.2963978350162506
512  0.296373188495636
496  0.2963239550590515
492  0.2963046431541443
507  0.2962861657142639
506  0.2962821125984192
511  0.29619041085243225
518  0.29609596729278564
495  0.29609215259552
513  0.2960814833641052
520  0.29607391357421875
503  0.29606860876083374
499  0.29597893357276917
502  0.29590317606925964
514  0.29588449001312256
504  0.29587364196777344
519  0.29575100541114807
517  0.2957175374031067
500  0.295688271522522
491  0.29568424820899963
501  0.29560035467147827
281  0.2952375113964081
282  0.2950177788734436
280  0.2948964834213257
293  0.2947663366794586
265  0.29436999559402466
287  0.29413896799087524
284  0.29411038756370544
285  0.2940732538700104
266  0.2940269410610199
262  0.2940214276313782
288  0.29385891556739807
277  0.2938587963581085
279  0.29373350739479065
278  0.2936728298664093
270  0.2936337888240814
268  0.29345765709877014
263  0.2934540808200836
269  0.2933652400970459
267  0.29332566261291504
291  0.2932990789413452
290  0.2929370403289795
292  0.292782723903656
264  0.2926933467388153
286  0.2925317883491516
274  0.29251259565353394
272  0.29227253794670105
273  0.2922342121601105
275  0.29214704036712646
276  0.29207971692085266
283  0.29204392433166504
289  0.29114875197410583
271  0.29099592566490173
619  0.23683123290538788
489  0.2229389101266861
912  0.1979506015777588
478  0.17294812202453613
480  0.17271068692207336
472  0.17259804904460907
483  0.1725109964609146
457  0.1723719984292984
475  0.17233070731163025
466  0.17231522500514984
471  0.1723099648952484
474  0.17224253714084625
458  0.17215260863304138
461  0.17204073071479797
477  0.17203442752361298
473  0.17189504206180573
469  0.1717129796743393
464  0.17169931530952454
479  0.17167404294013977
462  0.1715855747461319
459  0.17157864570617676
468  0.17148321866989136
463  0.1714218705892563
476  0.1714092195034027
485  0.17138443887233734
460  0.17136234045028687
481  0.17129367589950562
484  0.17120090126991272
482  0.17115946114063263
467  0.17113980650901794
470  0.17112566530704498
487  0.1711084544658661
488  0.17089977860450745
465  0.17054449021816254
486  0.1701366901397705
640  0.07337292283773422
648  0.07329737395048141
627  0.0732957199215889
635  0.07317213714122772
625  0.07316917926073074
632  0.07316804677248001
639  0.07314963638782501
644  0.07314921170473099
621  0.0731431096792221
624  0.07311733067035675
626  0.0731097012758255
641  0.07310621440410614
649  0.07309652119874954
645  0.0730954185128212
636  0.07307986915111542
638  0.073030985891819
642  0.07302934676408768
637  0.07299104332923889
628  0.07298918813467026
650  0.07297369092702866
651  0.07297085225582123
631  0.0729500874876976
629  0.07294207066297531
623  0.07293804734945297
643  0.07292518764734268
622  0.07289579510688782
647  0.072849802672863
633  0.07284550368785858
646  0.07281453162431717
620  0.07278453558683395
634  0.07278097420930862
630  0.07275497913360596
359  0.05167897790670395
587  0.03498222306370735
412  0.033064551651477814
407  0.0330134741961956
396  0.032978083938360214
420  0.03296832740306854
397  0.03294117748737335
411  0.032941143959760666
408  0.032932352274656296
413  0.03291189298033714
399  0.03291130065917969
409  0.032905664294958115
410  0.03290562704205513
404  0.03288744017481804
414  0.03288218379020691
393  0.03288019075989723
403  0.03287796676158905
417  0.032863568514585495
395  0.032861337065696716
415  0.03286006674170494
398  0.0328507162630558
416  0.03283979743719101
418  0.03282104432582855
392  0.032772891223430634
406  0.03276919573545456
423  0.03275282308459282
400  0.03275149315595627
401  0.03273175656795502
421  0.03272617235779762
394  0.032723672688007355
422  0.0326976552605629
419  0.0326765701174736
405  0.0326741486787796
402  0.0326140932738781
119  0.02796313352882862
118  0.027858974412083626
103  0.027766697108745575
104  0.027755243703722954
124  0.02774409018456936
106  0.027742711827158928
123  0.02773493155837059
117  0.0277323666960001
114  0.02773016132414341
102  0.027722759172320366
127  0.027708854526281357
115  0.02770426869392395
107  0.027699433267116547
121  0.02769155614078045
100  0.02768201194703579
105  0.027679618448019028
130  0.027676256373524666
128  0.027655789628624916
111  0.027638332918286324
116  0.02763771452009678
122  0.02761884033679962
99  0.027607731521129608
125  0.02755475416779518
120  0.0275218915194273
110  0.027520520612597466
129  0.027499299496412277
101  0.027469193562865257
108  0.02741646021604538
112  0.02740716189146042
109  0.02739104814827442
113  0.02737240120768547
126  0.027346033602952957
391  0.024884015321731567
380  0.02365635335445404
381  0.02362406812608242
365  0.023566097021102905
372  0.02355201728641987
375  0.023551836609840393
383  0.02355102077126503
367  0.023548591881990433
360  0.023541219532489777
374  0.023534534499049187
362  0.023529168218374252
378  0.023511728271842003
361  0.023492956534028053
379  0.023485736921429634
387  0.023481091484427452
369  0.02347993105649948
371  0.02347763068974018
377  0.023477379232645035
385  0.02346503548324108
376  0.023438027128577232
382  0.023433204740285873
389  0.023417457938194275
366  0.023416507989168167
364  0.02341001108288765
384  0.023408496752381325
368  0.02340533956885338
386  0.02340497449040413
390  0.023392051458358765
363  0.02338794246315956
388  0.023384390398859978
373  0.023368941619992256
370  0.023302389308810234
782  0.017999054864048958
652  0.007613914553076029
261  0.0074086678214371204
424  0.006865491159260273
706  0.0043145217932760715
700  0.0043095555156469345
708  0.004306094720959663
697  0.004304594360291958
686  0.004304469563066959
694  0.004303364083170891
699  0.00430193031206727
707  0.004300324711948633
705  0.004300278145819902
703  0.004300178028643131
685  0.0042991796508431435
701  0.004299132619053125
689  0.004298157058656216
709  0.004297814331948757
702  0.004297259263694286
692  0.004296418745070696
713  0.00429330300539732
690  0.0042928894981741905
696  0.0042921737767755985
711  0.0042919497936964035
710  0.004291900899261236
704  0.004288452211767435
691  0.00428568571805954
715  0.004285482224076986
687  0.004283285699784756
688  0.004283252637833357
698  0.004281636793166399
695  0.004276770632714033
712  0.0042764353565871716
693  0.004275602754205465
714  0.004275122191756964
716  0.004275104030966759
773  0.003051911946386099
764  0.003045979654416442
771  0.0030421519186347723
770  0.0030399863608181477
767  0.003039587289094925
774  0.0030386396683752537
765  0.0030344766564667225
768  0.003034139284864068
751  0.003033641492947936
759  0.0030309888534247875
763  0.003030614461749792
761  0.0030299501959234476
762  0.0030266474932432175
766  0.003025517100468278
772  0.003024850971996784
757  0.003023384837433696
753  0.003023260971531272
752  0.0030229147523641586
755  0.0030229075346142054
776  0.003022286808118224
778  0.003021608805283904
775  0.0030215366277843714
754  0.003020379226654768
756  0.0030185203067958355
769  0.003018216462805867
780  0.003017209004610777
760  0.003016205271705985
758  0.003011066233739257
777  0.0030080231372267008
781  0.0030080173164606094
779  0.003006076207384467
750  0.0028128870762884617
456  0.0023571006022393703
446  0.0022344281896948814
445  0.002232647268101573
439  0.002228351542726159
427  0.0022267659660428762
431  0.0022265086881816387
443  0.0022253436036407948
440  0.002221126342192292
444  0.0022207596339285374
442  0.002220013877376914
450  0.0022186939604580402
429  0.0022181314416229725
451  0.0022149423602968454
426  0.0022148245479911566
432  0.002213152591139078
448  0.0022120231296867132
437  0.0022119968198239803
430  0.002211626386269927
441  0.0022109372075647116
425  0.0022098433692008257
455  0.002209082478657365
436  0.002208573743700981
433  0.002205787692219019
453  0.0022055609151721
454  0.0022046209778636694
428  0.0022030763793736696
447  0.0022018766030669212
434  0.002200152026489377
438  0.0021956688724458218
452  0.002195612294599414
449  0.0021934707183390856
435  0.002186907920986414
326  0.0018487120978534222
684  0.0018483371241018176
673  0.0017849649302661419
674  0.0017809142591431737
659  0.0017783703515306115
671  0.0017782103968784213
667  0.00177818164229393
672  0.001777377794496715
654  0.0017738946480676532
655  0.001773368800058961
653  0.0017718339804559946
668  0.001771127455867827
679  0.0017648881766945124
658  0.001764113549143076
678  0.0017638994613662362
669  0.0017637257697060704
676  0.001763592124916613
670  0.0017635192489251494
664  0.0017623897874727845
660  0.0017608845373615623
683  0.0017604863969609141
657  0.0017595390090718865
665  0.0017589887138456106
682  0.0017577726393938065
680  0.0017565407324582338
661  0.0017552819335833192
681  0.0017549660988152027
677  0.0017540940316393971
662  0.00175244000274688
656  0.0017496143700554967
675  0.001748663722537458
666  0.0017428003484383225
663  0.0017351682763546705
717  0.0016957055777311325
184  0.0007600774988532066
169  0.0007592204492539167
171  0.000759183953050524
179  0.0007590663153678179
168  0.0007588815642520785
192  0.0007587156724184752
185  0.0007586262654513121
180  0.0007586169522255659
187  0.0007585767889395356
190  0.0007584900595247746
183  0.0007583274855278432
176  0.0007580518140457571
175  0.0007580348756164312
165  0.0007577831274829805
182  0.0007577451760880649
186  0.0007576221250928938
170  0.0007574542541988194
164  0.0007572968606837094
188  0.0007572456961497664
166  0.0007570313755422831
181  0.0007570255547761917
191  0.0007566559361293912
195  0.000756566587369889
173  0.000756526947952807
178  0.0007564043044112623
172  0.0007563942926935852
167  0.0007563704857602715
174  0.0007561809616163373
189  0.0007559737423434854
194  0.0007553407922387123
177  0.0007551529561169446
193  0.0007548978901468217
724  0.000639747828245163
737  0.0006389761692844331
738  0.0006388177862390876
719  0.0006384836742654443
736  0.000638433441054076
732  0.0006381538696587086
743  0.0006380529375746846
739  0.0006380161503329873
749  0.0006379754049703479
720  0.0006378748221322894
733  0.0006378380348905921
744  0.0006377514218911529
722  0.0006372419302351773
734  0.0006367884343490005
735  0.0006367662572301924
718  0.0006362288258969784
729  0.0006358017562888563
741  0.0006357126403599977
747  0.0006355817895382643
725  0.0006350417388603091
730  0.0006348877213895321
748  0.0006346151931211352
723  0.0006344331195577979
746  0.0006344020366668701
721  0.0006341496482491493
726  0.0006340303225442767
740  0.0006333846249617636
742  0.00063336017774418
731  0.0006331769982352853
745  0.0006326441070996225
728  0.0006315115606412292
727  0.0006312173209153116
294  0.0005482552805915475
66  0.0005356219480745494
98  0.0005304253427311778
933  0.00038837845204398036
928  0.0003875986149068922
934  0.00038754651905037463
920  0.0003874591493513435
941  0.00038663705345243216
917  0.0003866222978103906
930  0.0003865274484269321
914  0.0003865110338665545
932  0.0003864872851409018
929  0.00038648064946755767
931  0.0003864461905322969
919  0.00038643437437713146
925  0.00038640564889647067
936  0.0003863358579110354
918  0.0003861789882648736
939  0.00038608716567978263
937  0.00038604336441494524
927  0.00038596626836806536
935  0.0003859506396111101
922  0.0003858731943182647
938  0.00038561649853363633
924  0.0003856152470689267
916  0.0003856148396153003
913  0.0003854579117614776
915  0.0003852795634884387
944  0.0003851774672511965
926  0.00038507120916619897
942  0.00038496803608722985
943  0.00038463238161057234
940  0.00038436317117884755
921  0.00038418694748543203
923  0.00038408994441851974
250  0.00037758174585178494
244  0.00037755779339931905
252  0.0003772248746827245
243  0.0003768066526390612
255  0.0003763702989090234
246  0.0003761253319680691
229  0.00037605955731123686
247  0.00037599055212922394
249  0.0003759301616810262
238  0.0003757889789994806
245  0.00037553164293058217
230  0.0003751773911062628
241  0.00037512555718421936
236  0.000375087111024186
233  0.0003749469469767064
234  0.0003748049202840775
251  0.00037474025157280266
232  0.0003744327405001968
248  0.0003742470289580524
240  0.0003741523250937462
242  0.00037401606095954776
253  0.0003739100357051939
235  0.00037383625749498606
257  0.0003738139639608562
254  0.0003737395163625479
231  0.00037370636709965765
260  0.000373089307686314
259  0.00037303188582882285
256  0.00037298223469406366
239  0.0003728817973751575
237  0.0003719549858942628
258  0.0003716133360285312
522  0.00034153100568801165
945  0.0001932568266056478
318  0.00019103253725916147
315  0.0001905253593577072
302  0.00019049286493100226
295  0.00019019049068447202
314  0.00019017764134332538
307  0.0001900915231090039
296  0.00019008282106369734
317  0.00019006378715857863
311  0.00018989152158610523
131  0.00018981911125592887
322  0.0001898024493129924
316  0.00018977170111611485
300  0.00018973353144247085
297  0.00018970656674355268
310  0.00018969336815644056
309  0.00018952197569888085
308  0.0001895190798677504
305  0.00018947319767903537
306  0.0001893568696686998
304  0.00018934080435428768
319  0.00018932581588160247
313  0.0001891129359137267
323  0.00018907127378042787
298  0.00018904243188444525
303  0.00018901631119661033
312  0.00018900817667599767
299  0.00018896801338996738
324  0.0001888219267129898
321  0.0001887952967081219
301  0.00018865834863390774
320  0.00018836429808288813
325  0.00018831562192644924
546  0.0001534015464130789
545  0.0001532816531835124
530  0.0001528997818240896
527  0.00015278479258995503
536  0.0001527751883259043
534  0.00015275027544703335
543  0.00015269799041561782
539  0.00015262652595993131
529  0.0001526263658888638
535  0.00015261910448316485
533  0.00015248861745931208
542  0.00015248352428898215
538  0.0001524640538264066
540  0.0001523688406450674
544  0.00015236856415867805
523  0.0001523631945019588
525  0.00015235970204230398
537  0.00015234443708322942
524  0.00015227677067741752
532  0.00015224990784190595
548  0.00015211872232612222
550  0.00015211684512905777
531  0.0001520653604529798
547  0.00015203317161649466
526  0.00015188798715826124
551  0.00015186553355306387
541  0.00015179315232671797
528  0.00015171196719165891
549  0.00015152792911976576
553  0.00015131740656215698
552  0.00015119150339160115
90  0.0001314802502747625
89  0.00013091439905110747
74  0.00013045594096183777
67  0.00013042658974882215
87  0.00013034440053161234
79  0.00013028377725277096
86  0.00013025308726355433
77  0.00013018515892326832
88  0.00013016368029639125
83  0.00013010003021918237
68  0.00013007795496378094
80  0.00013004124048165977
76  0.00012995596625842154
94  0.00012990528193768114
75  0.00012988620437681675
78  0.0001298429851885885
84  0.00012983271153643727
91  0.00012962774781044573
81  0.00012961673201061785
69  0.00012955149577464908
71  0.00012953135592397302
72  0.0001294539397349581
73  0.0001293305540457368
82  0.00012931613309774548
85  0.00012923045142088085
95  0.0001291778462473303
96  0.0001291288499487564
70  0.00012911370140500367
93  0.0001288648636545986
97  0.0001284265745198354
92  0.00012832558422815055
196  0.00011433751205913723
952  0.00010117479541804641
966  0.0001010768100968562
964  0.00010105147521244362
965  0.0001010349951684475
950  0.00010100975487148389
947  0.00010098905477207154
976  0.00010098336497321725
967  0.00010097142512677237
972  0.00010092888260260224
961  0.00010088481212733313
974  0.00010088452108902857
971  0.00010087124246638268
960  0.00010086557449540123
946  0.00010083546658279374
969  0.0001008052786346525
977  0.00010079941421281546
962  0.00010075934551423416
948  0.00010075924365082756
953  0.00010075310274260119
955  0.00010073302109958604
959  0.00010069643030874431
963  0.00010069239942822605
958  0.00010068932897411287
975  0.00010068538540508598
973  0.00010056860628537834
968  0.00010056755127152428
954  0.00010055757593363523
949  0.00010055584425572306
970  0.00010051837307401001
956  0.00010051664139609784
951  0.00010051079880213365
957  0.00010047495015896857
554  8.363916276721284e-05
847  4.4241518480703235e-05
815  4.062834705109708e-05
163  2.8102342184865847e-05
574  2.46837516897358e-05
586  2.4678525733179413e-05
575  2.467069134581834e-05
573  2.4658529582666233e-05
555  2.4655071683810093e-05
562  2.4637985916342586e-05
570  2.460917312419042e-05
561  2.4591226974735036e-05
559  2.458902235957794e-05
563  2.4580980607424863e-05
581  2.4561766622355208e-05
568  2.4545774067519233e-05
577  2.4539569494663738e-05
578  2.4531289454898797e-05
557  2.4528786525479518e-05
576  2.4513747121091e-05
580  2.4513185053365305e-05
584  2.4512275558663532e-05
556  2.450306601531338e-05
571  2.449239036650397e-05
572  2.448799932608381e-05
585  2.4484730602125637e-05
567  2.448013037792407e-05
579  2.4464960006298497e-05
558  2.4460225176881067e-05
569  2.4458546249661595e-05
228  2.4456725441268645e-05
565  2.444571873638779e-05
560  2.4423072318313643e-05
583  2.44229995587375e-05
566  2.438155388517771e-05
564  2.4374627173529007e-05
582  2.4351649699383415e-05
201  2.4190991098294035e-05
215  2.4168646632460877e-05
216  2.416032657492906e-05
203  2.4155671781045385e-05
223  2.4153321646736003e-05
217  2.414784103166312e-05
197  2.4142384063452482e-05
209  2.4140794266713783e-05
204  2.4138218577718362e-05
218  2.413628317299299e-05
212  2.4135040803230368e-05
211  2.4133176339091733e-05
199  2.4129862140398473e-05
214  2.412917274341453e-05
213  2.4127262804540806e-05
222  2.412710091448389e-05
202  2.4122293325490318e-05
200  2.4120039597619325e-05
205  2.4114726329571567e-05
226  2.411249624856282e-05
220  2.4108840079861693e-05
227  2.4098977519315667e-05
208  2.4095968910842203e-05
224  2.4095668777590618e-05
225  2.409189983154647e-05
210  2.4089167709462345e-05
198  2.4086317353066988e-05
219  2.4085376935545355e-05
221  2.4081518859020434e-05
207  2.4070566723821685e-05
206  2.4069855498964898e-05
152  1.820513170969207e-05
150  1.8146925867768005e-05
133  1.8144070054404438e-05
146  1.8133812773157842e-05
151  1.812877962947823e-05
132  1.8121538232662715e-05
147  1.812119262467604e-05
153  1.8115300917997956e-05
138  1.8087266653310508e-05
134  1.8082144379150122e-05
143  1.8081593225360848e-05
149  1.807997250580229e-05
144  1.8070819351123646e-05
139  1.806392720027361e-05
137  1.8062686649500392e-05
148  1.8062170056509785e-05
155  1.806025829864666e-05
157  1.8057415218208916e-05
159  1.8038757843896747e-05
161  1.803555824153591e-05
158  1.8030108549282886e-05
141  1.8009141058428213e-05
136  1.799271376512479e-05
160  1.79775852302555e-05
156  1.7976917661144398e-05
162  1.7963840946322307e-05
154  1.795815296645742e-05
140  1.7940317775355652e-05
135  1.7924790881806985e-05
145  1.7891094103106298e-05
142  1.7855727492133155e-05
836  3.2307173114531906e-06
839  3.224689862690866e-06
823  3.22174219036242e-06
837  3.2215609735430917e-06
830  3.2132027172337985e-06
821  3.211407602066174e-06
843  3.209475607945933e-06
835  3.2093901154439664e-06
816  3.209380793123273e-06
828  3.20455183100421e-06
831  3.203072992619127e-06
818  3.2016830573411426e-06
817  3.201164190613781e-06
825  3.200569153705146e-06
827  3.1995803055906435e-06
838  3.1970944291970227e-06
833  3.19420496452949e-06
832  3.193574457327486e-06
820  3.188650680385763e-06
834  3.1871945793682244e-06
840  3.1857691737968707e-06
842  3.1849340302869678e-06
819  3.1842259886616375e-06
822  3.1830875286686933e-06
824  3.1817676244827453e-06
844  3.180180783601827e-06
845  3.17992316922755e-06
829  3.179022542099119e-06
826  3.1784857128513977e-06
841  3.1736758501210716e-06
846  3.1688671242591226e-06
