120  0.29102063179016113
121  0.29102063179016113
122  0.29102063179016113
123  0.29102063179016113
124  0.29102063179016113
125  0.29102063179016113
126  0.29102063179016113
127  0.29102063179016113
128  0.29102063179016113
129  0.29102063179016113
130  0.29102063179016113
131  0.29102063179016113
132  0.29102063179016113
133  0.29102063179016113
134  0.29102063179016113
135  0.29102063179016113
136  0.29102063179016113
137  0.29102063179016113
138  0.29102063179016113
139  0.29102063179016113
140  0.29102063179016113
141  0.29102063179016113
142  0.29102063179016113
143  0.29102063179016113
144  0.29102063179016113
145  0.29102063179016113
146  0.29102063179016113
147  0.29102063179016113
148  0.29102063179016113
149  0.29102063179016113
150  0.29102063179016113
151  0.29102063179016113
152  0.29102063179016113
153  0.29102063179016113
154  0.29102063179016113
155  0.29102063179016113
156  0.29102063179016113
157  0.29102063179016113
158  0.29102063179016113
159  0.29102063179016113
160  0.29102063179016113
161  0.29102063179016113
162  0.29102063179016113
163  0.29102063179016113
164  0.29102063179016113
165  0.29102063179016113
166  0.29102063179016113
167  0.29102063179016113
168  0.29102063179016113
169  0.29102063179016113
170  0.29102063179016113
171  0.29102063179016113
172  0.29102063179016113
173  0.29102063179016113
174  0.29102063179016113
175  0.29102063179016113
176  0.29102063179016113
177  0.29102063179016113
889  0.29102063179016113
890  0.29102063179016113
891  0.29102063179016113
892  0.29102063179016113
893  0.29102063179016113
894  0.29102063179016113
895  0.29102063179016113
896  0.29102063179016113
897  0.29102063179016113
898  0.29102063179016113
899  0.29102063179016113
900  0.29102063179016113
901  0.29102063179016113
902  0.29102063179016113
903  0.29102063179016113
904  0.29102063179016113
905  0.29102063179016113
906  0.29102063179016113
907  0.29102063179016113
908  0.29102063179016113
909  0.29102063179016113
910  0.29102063179016113
911  0.29102063179016113
912  0.29102063179016113
913  0.29102063179016113
914  0.29102063179016113
915  0.29102063179016113
916  0.29102063179016113
917  0.29102063179016113
918  0.29102063179016113
919  0.29102063179016113
920  0.29102063179016113
921  0.29102063179016113
922  0.29102063179016113
923  0.29102063179016113
924  0.29102063179016113
925  0.29102063179016113
926  0.29102063179016113
927  0.29102063179016113
928  0.29102063179016113
929  0.29102063179016113
930  0.29102063179016113
931  0.29102063179016113
932  0.29102063179016113
933  0.29102063179016113
934  0.29102063179016113
935  0.29102063179016113
936  0.29102063179016113
937  0.29102063179016113
938  0.29102063179016113
939  0.29102063179016113
940  0.29102063179016113
941  0.29102063179016113
942  0.29102063179016113
943  0.29102063179016113
944  0.29102063179016113
945  0.29102063179016113
946  0.29102063179016113
1244  0.29102063179016113
1245  0.29102063179016113
1246  0.29102063179016113
1247  0.29102063179016113
1248  0.29102063179016113
1249  0.29102063179016113
1250  0.29102063179016113
1251  0.29102063179016113
1252  0.29102063179016113
1253  0.29102063179016113
1254  0.29102063179016113
1255  0.29102063179016113
1256  0.29102063179016113
1257  0.29102063179016113
1258  0.29102063179016113
1259  0.29102063179016113
1260  0.29102063179016113
1261  0.29102063179016113
1262  0.29102063179016113
1263  0.29102063179016113
1264  0.29102063179016113
1265  0.29102063179016113
1266  0.29102063179016113
1267  0.29102063179016113
1268  0.29102063179016113
1269  0.29102063179016113
1270  0.29102063179016113
1271  0.29102063179016113
1272  0.29102063179016113
1273  0.29102063179016113
1274  0.29102063179016113
1275  0.29102063179016113
1276  0.29102063179016113
1277  0.29102063179016113
1278  0.29102063179016113
1279  0.29102063179016113
1280  0.29102063179016113
1281  0.29102063179016113
1282  0.29102063179016113
1283  0.29102063179016113
1284  0.29102063179016113
1285  0.29102063179016113
1286  0.29102063179016113
1287  0.29102063179016113
1288  0.29102063179016113
1289  0.29102063179016113
1290  0.29102063179016113
1291  0.29102063179016113
1292  0.29102063179016113
1293  0.29102063179016113
1294  0.29102063179016113
1295  0.29102063179016113
1296  0.29102063179016113
1297  0.29102063179016113
1298  0.29102063179016113
1299  0.29102063179016113
1300  0.29102063179016113
1301  0.29102063179016113
1302  0.29102063179016113
1303  0.29102063179016113
1304  0.29102063179016113
1305  0.29102063179016113
1306  0.29102063179016113
1307  0.29102063179016113
1308  0.29102063179016113
1309  0.29102063179016113
1310  0.29102063179016113
1311  0.29102063179016113
1312  0.29102063179016113
1313  0.29102063179016113
1314  0.29102063179016113
1315  0.29102063179016113
1316  0.29102063179016113
1317  0.29102063179016113
1318  0.29102063179016113
1319  0.29102063179016113
1320  0.29102063179016113
1321  0.29102063179016113
1322  0.29102063179016113
1323  0.29102063179016113
1324  0.29102063179016113
1325  0.29102063179016113
1326  0.29102063179016113
1327  0.29102063179016113
1328  0.29102063179016113
1329  0.29102063179016113
1330  0.29102063179016113
1331  0.29102063179016113
1332  0.29102063179016113
1333  0.29102063179016113
1334  0.29102063179016113
1335  0.29102063179016113
1336  0.29102063179016113
1337  0.29102063179016113
1338  0.29102063179016113
1339  0.29102063179016113
1340  0.29102063179016113
1341  0.29102063179016113
1342  0.29102063179016113
1343  0.29102063179016113
1344  0.29102063179016113
1345  0.29102063179016113
1346  0.29102063179016113
1347  0.29102063179016113
1348  0.29102063179016113
1349  0.29102063179016113
1350  0.29102063179016113
1351  0.29102063179016113
1352  0.29102063179016113
1353  0.29102063179016113
1354  0.29102063179016113
1355  0.29102063179016113
1356  0.29102063179016113
1357  0.29102063179016113
1358  0.29102063179016113
1359  0.29102063179016113
1360  0.29102063179016113
1599  0.29102063179016113
1600  0.29102063179016113
1601  0.29102063179016113
1602  0.29102063179016113
1603  0.29102063179016113
1604  0.29102063179016113
1605  0.29102063179016113
1606  0.29102063179016113
1607  0.29102063179016113
1608  0.29102063179016113
1609  0.29102063179016113
1610  0.29102063179016113
1611  0.29102063179016113
1612  0.29102063179016113
1613  0.29102063179016113
1614  0.29102063179016113
1615  0.29102063179016113
1616  0.29102063179016113
1617  0.29102063179016113
1618  0.29102063179016113
1619  0.29102063179016113
1620  0.29102063179016113
1621  0.29102063179016113
1622  0.29102063179016113
1623  0.29102063179016113
1624  0.29102063179016113
1625  0.29102063179016113
1626  0.29102063179016113
1627  0.29102063179016113
1628  0.29102063179016113
1629  0.29102063179016113
1630  0.29102063179016113
1631  0.29102063179016113
1632  0.29102063179016113
1633  0.29102063179016113
1634  0.29102063179016113
1635  0.29102063179016113
1636  0.29102063179016113
1637  0.29102063179016113
1638  0.29102063179016113
1639  0.29102063179016113
1640  0.29102063179016113
1641  0.29102063179016113
1642  0.29102063179016113
1643  0.29102063179016113
1644  0.29102063179016113
1645  0.29102063179016113
1646  0.29102063179016113
1647  0.29102063179016113
1648  0.29102063179016113
1649  0.29102063179016113
1650  0.29102063179016113
1651  0.29102063179016113
1652  0.29102063179016113
1653  0.29102063179016113
1654  0.29102063179016113
1655  0.29102063179016113
1656  0.29102063179016113
694  0.2904106676578522
675  0.29012787342071533
685  0.2901156544685364
695  0.2901087701320648
693  0.29000046849250793
653  0.28993460536003113
691  0.28986233472824097
686  0.2897716760635376
689  0.28973379731178284
688  0.28967157006263733
658  0.2895103693008423
710  0.28949669003486633
683  0.2894771099090576
667  0.28943392634391785
692  0.2893926799297333
674  0.2893213927745819
699  0.2893124520778656
682  0.28930842876434326
652  0.2892887592315674
656  0.28926363587379456
709  0.2892535626888275
705  0.2892484664916992
679  0.2892264127731323
664  0.28920215368270874
669  0.2891860902309418
654  0.28916361927986145
576  0.2891143560409546
684  0.2890927493572235
690  0.2890876233577728
660  0.2890778183937073
708  0.2890070676803589
567  0.2890044152736664
662  0.28896796703338623
697  0.28896406292915344
700  0.2889544665813446
687  0.28891804814338684
701  0.2888844609260559
663  0.2888624668121338
696  0.2888540029525757
666  0.288831889629364
671  0.28883129358291626
703  0.28880786895751953
677  0.28878697752952576
657  0.288738489151001
676  0.28872933983802795
661  0.2887217104434967
566  0.2886890172958374
574  0.2886888384819031
670  0.2886722683906555
702  0.2886538505554199
704  0.28863537311553955
673  0.28858113288879395
659  0.28857147693634033
668  0.28852608799934387
698  0.2884790003299713
678  0.28843146562576294
707  0.28838562965393066
680  0.28838545083999634
570  0.28837594389915466
672  0.2883140444755554
571  0.28828293085098267
681  0.2882614731788635
557  0.2882520258426666
535  0.2881304621696472
537  0.2881166636943817
655  0.2880983054637909
564  0.2880655825138092
665  0.28804728388786316
545  0.28790029883384705
706  0.2878994941711426
534  0.2877965569496155
562  0.2877766788005829
538  0.2877669334411621
536  0.28760653734207153
575  0.2875120937824249
559  0.28744906187057495
556  0.28731635212898254
573  0.28724542260169983
568  0.28718575835227966
554  0.28711235523223877
544  0.2870285212993622
548  0.28701719641685486
555  0.2869250178337097
569  0.28685981035232544
542  0.2867945730686188
577  0.28676602244377136
563  0.2867395877838135
547  0.28649410605430603
541  0.286397784948349
549  0.2863272428512573
585  0.2863123416900635
546  0.28623464703559875
560  0.2861616611480713
550  0.28615209460258484
561  0.2861499786376953
579  0.2860839366912842
572  0.2859105169773102
539  0.2858661115169525
580  0.2858227789402008
565  0.28582119941711426
583  0.285717636346817
588  0.2857086658477783
587  0.285553514957428
589  0.2853567898273468
578  0.28520306944847107
553  0.2851491868495941
558  0.2851114273071289
582  0.2850404977798462
551  0.28473806381225586
590  0.2846972346305847
586  0.284681111574173
540  0.284314900636673
543  0.2840307056903839
581  0.28383126854896545
584  0.28360381722450256
591  0.2834905982017517
552  0.2832159399986267
1243  0.1399718075990677
592  0.13272981345653534
1361  0.13065291941165924
754  0.1269511878490448
747  0.12684419751167297
745  0.12684309482574463
752  0.1268041431903839
716  0.12676532566547394
744  0.1267223060131073
760  0.12671682238578796
756  0.12669813632965088
751  0.1266956925392151
711  0.12668655812740326
734  0.12667816877365112
748  0.1266721934080124
737  0.12665624916553497
735  0.12665441632270813
769  0.12662701308727264
715  0.12662310898303986
762  0.12660935521125793
768  0.12659743428230286
750  0.12659518420696259
738  0.12658968567848206
759  0.12658736109733582
755  0.12658321857452393
742  0.12656685709953308
717  0.12656672298908234
746  0.12655237317085266
721  0.12654103338718414
761  0.12653924524784088
736  0.12651871144771576
732  0.1264912188053131
718  0.12649093568325043
725  0.1264834851026535
726  0.1264747977256775
741  0.12647348642349243
749  0.12646616995334625
766  0.12645897269248962
731  0.12644706666469574
753  0.12644466757774353
719  0.12644368410110474
723  0.1264355480670929
712  0.12642551958560944
767  0.12640540301799774
714  0.12640537321567535
739  0.1264006495475769
724  0.1263951063156128
743  0.12636588513851166
727  0.12636233866214752
730  0.12636137008666992
740  0.1263292282819748
722  0.12632149457931519
720  0.12628981471061707
713  0.1262868344783783
763  0.12621094286441803
757  0.1261914074420929
729  0.12618067860603333
765  0.12615804374217987
733  0.12608455121517181
764  0.12608011066913605
758  0.12606605887413025
728  0.12605977058410645
178  0.09588699787855148
947  0.0824178010225296
1218  0.06047900393605232
1226  0.06041214242577553
1224  0.060378547757864
1227  0.06026523932814598
1186  0.06021779775619507
1194  0.060211580246686935
1213  0.060195956379175186
1195  0.060194890946149826
1219  0.06017446145415306
1192  0.060162607580423355
1229  0.06014573946595192
1185  0.060107577592134476
1225  0.06010713055729866
1207  0.06008762866258621
1209  0.06007944792509079
1242  0.06005438417196274
1217  0.06004638597369194
1238  0.060041580349206924
1216  0.060037508606910706
1193  0.06002924591302872
1222  0.06001477688550949
1221  0.06000448763370514
1228  0.06000319495797157
1214  0.05996716395020485
1208  0.05994659289717674
1206  0.05991780757904053
1188  0.05991724506020546
1237  0.05990861728787422
1220  0.059853993356227875
1196  0.05984644219279289
1215  0.05983860790729523
1212  0.05982741713523865
1205  0.059815164655447006
1211  0.05976773425936699
1210  0.05976095423102379
1223  0.059754662215709686
1231  0.05975306034088135
1191  0.059741221368312836
1234  0.05965016782283783
1198  0.059647995978593826
1187  0.059617556631565094
1232  0.05961514264345169
1203  0.05958588793873787
1235  0.05956549569964409
1233  0.05955363065004349
1197  0.05953366681933403
1241  0.0594586580991745
1189  0.05945807695388794
1204  0.059457212686538696
1199  0.05945497378706932
1190  0.05944394692778587
1230  0.05944102257490158
1200  0.05942394211888313
1239  0.059391461312770844
1240  0.059222135692834854
1202  0.05921156704425812
1236  0.05918864533305168
1201  0.05909379571676254
119  0.05565701797604561
533  0.05139004439115524
1598  0.05036741867661476
888  0.03991497680544853
385  0.03901927173137665
399  0.0389682836830616
390  0.038963545113801956
392  0.038952458649873734
401  0.03892960399389267
357  0.03892543911933899
393  0.03889746218919754
360  0.03889038413763046
373  0.03888225555419922
376  0.038878392428159714
398  0.03887360543012619
356  0.038873352110385895
414  0.038864437490701675
391  0.038863420486450195
394  0.03886333107948303
397  0.03886137157678604
366  0.03885278105735779
409  0.038850944489240646
388  0.03884528949856758
387  0.038825176656246185
379  0.038815125823020935
395  0.03881220892071724
386  0.03880425542593002
369  0.03879516199231148
405  0.03879375755786896
389  0.03878214955329895
371  0.03877875953912735
402  0.03877691924571991
396  0.038774274289608
358  0.03877123445272446
372  0.03876529261469841
378  0.038757890462875366
364  0.03875353932380676
375  0.03874075785279274
382  0.038734082132577896
406  0.03872957453131676
367  0.03872910514473915
413  0.038725197315216064
365  0.03872330114245415
362  0.03871184214949608
359  0.03870837390422821
403  0.03870707005262375
361  0.038704462349414825
383  0.038694802671670914
384  0.03866425156593323
410  0.03866223990917206
404  0.0386531762778759
411  0.038646116852760315
381  0.03863755241036415
380  0.03862326964735985
363  0.03862229362130165
370  0.03858422115445137
400  0.03857481852173805
408  0.03857072815299034
374  0.038561224937438965
412  0.038559455424547195
377  0.03854118287563324
368  0.03853842616081238
407  0.03852967917919159
1100  0.03546026721596718
1109  0.035442616790533066
1103  0.03543849289417267
1102  0.035396937280893326
1083  0.035369422286748886
1066  0.035348452627658844
1108  0.03534286096692085
1105  0.03533448651432991
1119  0.03532765433192253
1079  0.035327598452568054
1111  0.035323966294527054
1070  0.03532024472951889
1095  0.03530518338084221
1076  0.03528333455324173
1104  0.03527845814824104
1068  0.03527737781405449
1067  0.03527087718248367
1086  0.03526349738240242
1099  0.03525146096944809
1107  0.03523906320333481
1124  0.03522733598947525
1101  0.03521798178553581
1096  0.03521404415369034
1081  0.03520825877785683
1093  0.03519870340824127
1077  0.03519197925925255
1106  0.035172831267118454
1098  0.03517088666558266
1075  0.03516765311360359
1097  0.035165078938007355
1089  0.03516431897878647
1112  0.0351506844162941
1115  0.03514648973941803
1069  0.0351458415389061
1074  0.03514482080936432
1094  0.03512749820947647
1113  0.035124924033880234
1123  0.035121139138936996
1072  0.03511864319443703
1092  0.035109952092170715
1088  0.035106174647808075
1120  0.03509083762764931
1114  0.03508647903800011
1082  0.035081129521131516
1073  0.035076409578323364
1085  0.03505951538681984
1071  0.035043999552726746
1116  0.035036999732255936
1121  0.03502461686730385
1091  0.03500363975763321
1080  0.03496025875210762
1078  0.03495241329073906
1090  0.03494815155863762
1110  0.034947749227285385
1087  0.034943439066410065
1118  0.0348958894610405
1117  0.03489133343100548
1122  0.034890204668045044
1084  0.034874819219112396
651  0.03421223908662796
221  0.02750757522881031
212  0.02747412957251072
216  0.027405420318245888
180  0.027346139773726463
209  0.027343101799488068
215  0.02734191156923771
202  0.02733832225203514
207  0.02730807103216648
211  0.027299076318740845
190  0.02728996053338051
182  0.02727573737502098
219  0.027273405343294144
181  0.027272207662463188
201  0.02726987563073635
179  0.027263108640909195
220  0.02725059911608696
193  0.02721971645951271
189  0.0272025428712368
192  0.02720043994486332
183  0.027196461334824562
208  0.027172604575753212
200  0.027164185419678688
214  0.027158545330166817
218  0.027157172560691833
213  0.027156397700309753
187  0.02714407444000244
204  0.027116302400827408
206  0.02711256593465805
199  0.027103332802653313
195  0.027091464027762413
186  0.02706640213727951
222  0.027059534564614296
194  0.027056841179728508
230  0.02705559879541397
191  0.027050752192735672
224  0.027047578245401382
184  0.027043363079428673
205  0.02704097144305706
228  0.027037139981985092
217  0.02702401764690876
223  0.027002183720469475
203  0.02699410542845726
233  0.02699406072497368
225  0.026988539844751358
210  0.02697392925620079
196  0.026970677077770233
235  0.026937192305922508
234  0.0269338209182024
227  0.02692757360637188
232  0.026893800124526024
231  0.02688881941139698
198  0.02688785269856453
188  0.026852069422602654
226  0.026798713952302933
185  0.026785828173160553
197  0.026731286197900772
229  0.026725852862000465
236  0.026717884466052055
770  0.021785352379083633
626  0.02157648280262947
627  0.021551014855504036
635  0.021531591191887856
630  0.021507414057850838
616  0.02150147408246994
629  0.021488193422555923
632  0.021470526233315468
634  0.02146245166659355
593  0.02145092934370041
636  0.02144809626042843
633  0.02143831178545952
625  0.02142375521361828
623  0.02141798846423626
618  0.021404489874839783
594  0.02139870822429657
603  0.021379932761192322
604  0.021376492455601692
595  0.02137407474219799
605  0.021362103521823883
628  0.021358300000429153
624  0.021357910707592964
608  0.02135106548666954
615  0.02134573645889759
597  0.021341586485505104
638  0.021339118480682373
650  0.021328678354620934
619  0.021298658102750778
621  0.021297765895724297
601  0.021297581493854523
600  0.0212862528860569
622  0.021278342232108116
599  0.021276813000440598
649  0.021273089572787285
637  0.02127193845808506
644  0.021269917488098145
642  0.02126285992562771
598  0.021261364221572876
631  0.021256662905216217
606  0.021252484992146492
639  0.02124745398759842
646  0.0212461668998003
641  0.021244678646326065
596  0.021244565024971962
610  0.02124258689582348
607  0.0212372038513422
614  0.021226419135928154
620  0.02121584489941597
640  0.021210242062807083
617  0.021200427785515785
648  0.021198036149144173
612  0.02119663543999195
609  0.021193256601691246
647  0.021184608340263367
613  0.02117622084915638
645  0.02116413600742817
602  0.021150918677449226
643  0.021143607795238495
611  0.021141575649380684
1184  0.019858982414007187
813  0.015319915488362312
803  0.015310121700167656
804  0.015303321182727814
810  0.015268776565790176
828  0.01525228749960661
806  0.015246066264808178
815  0.015222866088151932
790  0.015222393907606602
771  0.015215912833809853
781  0.015214091166853905
812  0.015204242430627346
814  0.015193714760243893
802  0.015186859294772148
774  0.01518509816378355
791  0.01518342923372984
793  0.01518175471574068
780  0.01517550926655531
794  0.015175346285104752
800  0.015174690634012222
778  0.015169789083302021
811  0.015168079175055027
809  0.015166027471423149
777  0.01516601350158453
807  0.015154260210692883
776  0.015153355896472931
796  0.015146731398999691
827  0.015144340693950653
782  0.015143155120313168
785  0.015140943229198456
818  0.015137750655412674
805  0.015135476365685463
808  0.015127069316804409
820  0.015121182426810265
797  0.01511809229850769
819  0.015117112547159195
795  0.015116744674742222
821  0.015114067122340202
783  0.01510755904018879
799  0.015105991624295712
798  0.015103551559150219
773  0.015096955932676792
825  0.015093929134309292
801  0.01509175356477499
786  0.015085426159203053
824  0.015083461999893188
816  0.015072926878929138
789  0.015054608695209026
826  0.015051695518195629
775  0.015049215406179428
822  0.015049031004309654
823  0.01504804939031601
772  0.015042806044220924
779  0.015040439553558826
784  0.015039845369756222
817  0.015021244995296001
788  0.015001904219388962
792  0.014983962289988995
787  0.014963136054575443
1523  0.007748205214738846
1514  0.007746162824332714
1513  0.0077354032546281815
1516  0.007732127793133259
1520  0.007711462210863829
1525  0.007710915990173817
1538  0.007708887103945017
1500  0.007706559728831053
1481  0.007705222349613905
1521  0.007698979694396257
1512  0.007693215273320675
1517  0.007693215273320675
1495  0.007691486272960901
1506  0.007690947502851486
1522  0.00769083434715867
1510  0.007690430153161287
1519  0.007689219433814287
1484  0.007688767276704311
1503  0.007686392869800329
1537  0.007686359342187643
1504  0.007686298340559006
1491  0.007685530465096235
1486  0.0076848361641168594
1488  0.007684195879846811
1529  0.007681324612349272
1490  0.007676819339394569
1518  0.007676226552575827
1515  0.007675522938370705
1524  0.00767540605738759
1501  0.007675368804484606
1487  0.0076751261949539185
1509  0.0076718260534107685
1530  0.007671295665204525
1511  0.007670591585338116
1493  0.007670010905712843
1528  0.007668370846658945
1507  0.007667293772101402
1505  0.007667155470699072
1485  0.007665544748306274
1496  0.007665290962904692
1492  0.007662012707442045
1508  0.007661805953830481
1535  0.007660453673452139
1483  0.0076583921909332275
1531  0.0076578157022595406
1526  0.007651024032384157
1499  0.007650170009583235
1536  0.007648328319191933
1494  0.00764697790145874
1534  0.007642014883458614
1532  0.00764187378808856
1533  0.007636306807398796
1489  0.007635280955582857
1482  0.007634666282683611
1497  0.007629426196217537
1527  0.007628119084984064
1498  0.007622418459504843
1502  0.007611640729010105
517  0.007142309099435806
516  0.007130926009267569
514  0.00712830014526844
508  0.007127128541469574
475  0.0071267783641815186
476  0.007118085399270058
507  0.007117963396012783
499  0.007116255350410938
515  0.007114086300134659
478  0.007109419442713261
485  0.007107413373887539
511  0.007106558419764042
506  0.007106440607458353
502  0.007101886905729771
486  0.007100911345332861
503  0.0070986091159284115
509  0.007096304092556238
510  0.007095383480191231
482  0.007094244472682476
497  0.007091102190315723
505  0.007090970873832703
512  0.007090292405337095
518  0.00708988681435585
483  0.007088994141668081
500  0.007080608047544956
498  0.007079038769006729
496  0.007078408729285002
495  0.007075082510709763
519  0.007073841989040375
513  0.007073809392750263
527  0.007073253393173218
524  0.007071357686072588
504  0.007070816121995449
489  0.007068546488881111
484  0.0070661334320902824
521  0.00706395274028182
490  0.0070625911466777325
532  0.007062153425067663
528  0.007061273790895939
480  0.007059311494231224
477  0.007054944057017565
488  0.00705310795456171
525  0.007049261592328548
501  0.0070492480881512165
479  0.007044167257845402
520  0.007039425894618034
494  0.007036389317363501
526  0.007032429799437523
529  0.007032426074147224
481  0.007026528008282185
487  0.007026182487607002
531  0.007018664386123419
491  0.007015946786850691
523  0.007015511859208345
522  0.007008804939687252
530  0.0070047033950686455
493  0.007003891281783581
1539  0.007001875434070826
492  0.006998941767960787
1582  0.006679752375930548
1579  0.0066744489595294
1580  0.0066730487160384655
1581  0.00667259655892849
1573  0.0066708773374557495
1541  0.006669951137155294
1540  0.006667262874543667
1574  0.006665567401796579
1570  0.006661335006356239
1576  0.006659988779574633
1568  0.006659016013145447
1543  0.00665642786771059
1564  0.006655522622168064
1548  0.006653946824371815
1550  0.0066528026945889
1562  0.00665090000256896
1571  0.006648027803748846
1547  0.006645606365054846
1551  0.006645027082413435
1577  0.006643141619861126
1561  0.006642462220042944
1572  0.006642267573624849
1583  0.0066410028375685215
1592  0.006639883387833834
1584  0.006637335754930973
1567  0.006635773461312056
1565  0.006635179743170738
1575  0.0066347019746899605
1549  0.006632760167121887
1563  0.006632734555751085
1578  0.006629694253206253
1544  0.006625842303037643
1566  0.006625700742006302
1597  0.006624370813369751
1569  0.006624291650950909
1554  0.006621773354709148
1555  0.006619292311370373
1553  0.00661817891523242
1560  0.006617298815399408
1589  0.006617012899369001
1586  0.006615047808736563
1542  0.006608855910599232
1590  0.006608311552554369
1593  0.00660712830722332
1552  0.006603329908102751
1545  0.006602766923606396
1585  0.006601094268262386
1594  0.006598371081054211
1588  0.0065971179865300655
1546  0.006595170591026545
1596  0.006594030652195215
1559  0.006591778714209795
1556  0.006589228753000498
1591  0.0065881735645234585
1558  0.006586242001503706
1595  0.00657573901116848
1587  0.0065727620385587215
1557  0.006564989686012268
829  0.006292248144745827
474  0.005966003984212875
415  0.00596036808565259
1044  0.005668381229043007
1050  0.005666876677423716
1009  0.005663204938173294
1046  0.005653570406138897
1049  0.0056527238339185715
1048  0.005650566425174475
1041  0.00564995314925909
1060  0.0056458208709955215
1043  0.00564484903588891
1040  0.005643931217491627
1008  0.005641750991344452
1017  0.005640883930027485
1013  0.0056396243162453175
1034  0.005638627335429192
1030  0.005638475064188242
1037  0.005638357251882553
1007  0.005633843597024679
1024  0.005632719025015831
1065  0.005632288753986359
1022  0.005630732048302889
1055  0.005629806313663721
1020  0.005629042163491249
1047  0.0056285434402525425
1045  0.005627916194498539
1019  0.005627727136015892
1056  0.005625362973660231
1011  0.005623392295092344
1061  0.005623003002256155
1052  0.005622451193630695
1015  0.005621918011456728
1064  0.005621560849249363
1054  0.005620742682367563
1039  0.005620585288852453
1032  0.005618427414447069
1018  0.005617513321340084
1012  0.005617023445665836
1016  0.005613561719655991
1033  0.005611709784716368
1014  0.005611324217170477
1038  0.0056093898601830006
1063  0.005608520470559597
1035  0.00560676259920001
1023  0.0056066433899104595
1057  0.005605984013527632
1027  0.005605739541351795
1010  0.005604001227766275
1053  0.005601599812507629
1029  0.005601262673735619
1042  0.005599563010036945
1021  0.005597319919615984
1051  0.005596441216766834
1026  0.005594658199697733
1031  0.005593721754848957
1058  0.00559138273820281
1036  0.005588425323367119
1059  0.005583877209573984
1062  0.005580539349466562
1028  0.0055740391835570335
1025  0.005573758389800787
1480  0.004484666045755148
1006  0.0043764738366007805
982  0.004187891725450754
987  0.004181783180683851
981  0.004179954994469881
984  0.004178295843303204
988  0.004175935406237841
948  0.004175868351012468
990  0.004174888599663973
985  0.0041745794005692005
971  0.004173009656369686
980  0.004171046428382397
983  0.004170693922787905
989  0.004169258289039135
973  0.004167354200035334
991  0.004166301805526018
993  0.004165320657193661
978  0.004162803292274475
958  0.004159414209425449
959  0.004159329924732447
952  0.004157884046435356
999  0.004156496375799179
1005  0.004156467039138079
992  0.004154466092586517
979  0.004153946880251169
960  0.004153560381382704
970  0.0041529652662575245
974  0.004152574576437473
963  0.004152542911469936
949  0.004152308218181133
955  0.00415079016238451
977  0.004150086548179388
976  0.004147598519921303
950  0.004147147294133902
956  0.0041436986066401005
951  0.004143360070884228
969  0.004141552373766899
953  0.004140972625464201
961  0.004140397999435663
997  0.004139147698879242
967  0.004138200543820858
986  0.0041377660818398
994  0.0041376580484211445
1004  0.004137428477406502
965  0.0041361041367053986
458  0.004135711584240198
1001  0.00413569575175643
1003  0.004135118331760168
996  0.004134085960686207
1000  0.0041336012072861195
954  0.004133288748562336
975  0.004132735542953014
449  0.004132448695600033
995  0.004132289905101061
968  0.004132018890231848
1002  0.004131055902689695
962  0.004130863584578037
972  0.004130194429308176
957  0.0041294884867966175
964  0.004128914326429367
448  0.004125566687434912
966  0.004123492166399956
998  0.004122104495763779
451  0.0041212355718016624
455  0.004116818308830261
435  0.004110474139451981
473  0.004109252244234085
460  0.004105768632143736
416  0.004104382358491421
426  0.00410038698464632
445  0.004099300596863031
459  0.004097340162843466
423  0.004095650278031826
456  0.004094415344297886
436  0.004093458876013756
457  0.004093264229595661
447  0.004092654213309288
472  0.0040923431515693665
438  0.004092280752956867
452  0.004092129413038492
419  0.004090959671884775
454  0.004090763162821531
439  0.004089998081326485
428  0.00408907188102603
422  0.004088246263563633
441  0.004087355453521013
430  0.004086609929800034
831  0.004086359869688749
421  0.004085950553417206
863  0.004084871616214514
869  0.0040845610201358795
870  0.004084227606654167
872  0.004084122832864523
871  0.004083388019353151
453  0.004082753788679838
450  0.0040817707777023315
858  0.004081703256815672
864  0.0040815225802361965
866  0.0040814802050590515
830  0.004080183804035187
427  0.0040795328095555305
882  0.0040792012587189674
854  0.004079160746186972
838  0.004079025238752365
860  0.004078928381204605
833  0.004078550264239311
867  0.004078277386724949
837  0.004077528137713671
840  0.004077446646988392
425  0.004077431280165911
865  0.004077171441167593
442  0.004076858051121235
841  0.004075787495821714
862  0.004075609613209963
861  0.004075231961905956
463  0.004074709489941597
852  0.0040740035474300385
887  0.004073446150869131
464  0.004072946961969137
855  0.004072856158018112
873  0.004072848241776228
874  0.004071828909218311
857  0.004071685951203108
843  0.004071202594786882
839  0.004071131348609924
443  0.004070008173584938
851  0.004069986753165722
431  0.004069704562425613
853  0.004069631453603506
859  0.004069318063557148
467  0.004068862181156874
868  0.004068512469530106
845  0.004068498499691486
856  0.004068402573466301
844  0.004068315494805574
446  0.004068313166499138
418  0.004067957866936922
440  0.004067884758114815
465  0.004067679401487112
879  0.0040666330605745316
470  0.0040665557608008385
461  0.004065929912030697
444  0.004065894987434149
834  0.004065839573740959
466  0.0040657599456608295
850  0.00406512850895524
835  0.004064482171088457
883  0.004063538275659084
876  0.004063422325998545
429  0.004062990192323923
880  0.004062436521053314
468  0.004061738029122353
875  0.004061718937009573
886  0.004061408340930939
849  0.004061113111674786
884  0.00406031496822834
836  0.004060264676809311
832  0.004060124047100544
420  0.004059784580022097
471  0.004059678874909878
842  0.0040588113479316235
878  0.004058574326336384
881  0.004058551043272018
469  0.004058232996612787
846  0.004056356381624937
434  0.004055579658597708
848  0.00405450165271759
885  0.004050307907164097
417  0.004049842711538076
877  0.004049238283187151
424  0.004048184957355261
847  0.0040481314063072205
432  0.004045509733259678
433  0.0040433164685964584
462  0.0040354374796152115
437  0.004020676948130131
237  0.003383771749213338
1125  0.0030454641673713923
1168  0.0018853857181966305
1165  0.0018834145739674568
1159  0.0018832262139767408
1158  0.0018824044382199645
1170  0.0018821876728907228
1161  0.0018821150297299027
1183  0.0018809089669957757
1167  0.001880699535831809
1126  0.0018805195577442646
1145  0.0018801892874762416
1166  0.0018800747347995639
1148  0.0018785317661240697
1136  0.0018784364219754934
1160  0.001878117211163044
1162  0.0018780177924782038
1140  0.0018779034726321697
1135  0.0018776300130411983
1129  0.0018776273354887962
1154  0.0018774174386635423
1174  0.0018773457268252969
1164  0.0018771972972899675
1132  0.0018771635368466377
1157  0.0018770437454804778
1149  0.0018768421141430736
1169  0.0018766402499750257
1182  0.001876440946944058
1163  0.001876340014860034
1138  0.0018758310470730066
1133  0.001875551650300622
1156  0.0018755033379420638
1155  0.001875055255368352
1127  0.0018747224239632487
1134  0.0018746538553386927
1128  0.0018746342975646257
1137  0.0018746111309155822
1146  0.001874502981081605
1151  0.0018744076369330287
1175  0.0018743575783446431
1173  0.0018743460532277822
1152  0.0018739571096375585
1150  0.0018739498918876052
1131  0.0018736948259174824
1178  0.001873646629974246
1180  0.0018730557058006525
1144  0.0018730368465185165
1176  0.0018725841073319316
1153  0.0018723505781963468
1130  0.0018723373068496585
1141  0.0018722114618867636
1179  0.0018717999337241054
1171  0.0018708441639319062
1181  0.0018706535920500755
1139  0.0018701436929404736
1177  0.0018700207583606243
1147  0.0018698509084060788
1172  0.001869759988039732
1142  0.0018678308697417378
1143  0.001866083825007081
44  0.0011499653337523341
35  0.001149190473370254
37  0.001147459028288722
46  0.0011458194348961115
1  0.0011457642540335655
42  0.0011453806655481458
59  0.0011442749528214335
24  0.0011436325730755925
41  0.0011434353655204177
38  0.0011433134786784649
5  0.0011431582970544696
34  0.001143022091127932
21  0.0011429388541728258
50  0.0011427515419200063
2  0.00114252301864326
43  0.001141809276305139
31  0.0011415336048230529
11  0.0011412921594455838
36  0.0011411563027650118
30  0.001141100306995213
27  0.0011409336002543569
6  0.0011400280054658651
39  0.001139925909228623
58  0.0011398851638659835
32  0.0011398802744224668
14  0.0011398602509871125
40  0.0011396972695365548
16  0.0011394406901672482
33  0.0011394215980544686
28  0.0011394161265343428
7  0.0011388091370463371
9  0.0011385238030925393
25  0.001138224033638835
17  0.001138120424002409
49  0.0011375671019777656
51  0.0011374327586963773
8  0.0011374078458175063
12  0.0011372463777661324
4  0.0011372431181371212
45  0.0011371868895366788
29  0.0011363714002072811
47  0.0011363025987520814
56  0.0011358211049810052
22  0.0011354591697454453
20  0.0011353888548910618
15  0.0011353354202583432
52  0.0011352563742548227
54  0.001135237980633974
3  0.0011350719723850489
18  0.001135006663389504
10  0.0011349801206961274
26  0.0011349449632689357
13  0.0011342819780111313
53  0.0011336856987327337
57  0.0011325441300868988
23  0.0011318092001602054
19  0.0011312994174659252
55  0.0011308289831504226
48  0.0011294246651232243
60  0.0010713668307289481
101  0.001062312861904502
103  0.0010622304398566484
96  0.0010617882944643497
94  0.0010614298516884446
65  0.0010612265905365348
105  0.0010601625544950366
93  0.0010601433459669352
109  0.001059653121046722
86  0.0010594119084998965
64  0.0010592312319204211
97  0.001058950205333531
83  0.0010588089935481548
102  0.0010583288967609406
91  0.0010582474060356617
95  0.00105818931479007
70  0.0010581349488347769
100  0.0010580533416941762
117  0.0010579152731224895
118  0.0010578421643003821
75  0.001057707122527063
99  0.0010575599735602736
110  0.0010575121268630028
98  0.0010574889602139592
80  0.0010574068874120712
87  0.0010573656763881445
90  0.001057271845638752
84  0.0010572689352557063
66  0.0010570749873295426
85  0.0010568478610366583
89  0.0010568207362666726
61  0.001056741806678474
88  0.0010565288830548525
74  0.001056527253240347
108  0.0010564436670392752
111  0.0010563562391325831
79  0.0010563506511971354
76  0.0010562993120402098
67  0.0010560608934611082
115  0.0010558345820754766
92  0.001055747619830072
63  0.0010557073401287198
104  0.0010555851040408015
73  0.001055438769981265
81  0.0010553780011832714
68  0.0010551598388701677
71  0.0010549125727266073
69  0.0010546075645834208
72  0.0010544207179918885
116  0.0010543825337663293
77  0.0010537193156778812
106  0.0010534563334658742
82  0.001053455751389265
62  0.0010533866006880999
78  0.0010529967257753015
112  0.0010527846170589328
113  0.0010523379314690828
114  0.0010521714575588703
107  0.0010515396716073155
1399  0.0009459623834118247
1405  0.000943108752835542
1396  0.000941780221182853
1401  0.0009416743414476514
1379  0.0009416048415005207
1366  0.0009408905752934515
1375  0.0009405643213540316
1364  0.0009403872536495328
1372  0.0009400612325407565
1415  0.0009399648988619447
1398  0.0009396649547852576
1404  0.0009393722866661847
1362  0.0009385987650603056
1392  0.0009385523153468966
1400  0.0009378925315104425
1363  0.0009373234934173524
1371  0.0009371404303237796
1403  0.0009371252963319421
1388  0.0009368847240693867
1407  0.0009365344885736704
1370  0.0009358769748359919
1397  0.000935529766138643
1377  0.0009353412315249443
1382  0.0009351372136734426
1416  0.0009351166663691401
1420  0.0009349857573397458
1391  0.0009349804022349417
1408  0.0009348895982839167
1389  0.0009346281876787543
1402  0.0009340152028016746
1365  0.0009335486101917922
1385  0.0009334800997748971
1373  0.0009334493661299348
1390  0.0009332858026027679
1395  0.0009331812616437674
1409  0.0009330741595476866
1411  0.0009329785825684667
1410  0.0009328625747002661
1384  0.0009325293358415365
1378  0.0009322793339379132
1368  0.0009321970865130424
1394  0.0009317166986875236
1367  0.0009305222774855793
1419  0.0009304021368734539
1393  0.000930224428884685
1369  0.0009301556856371462
1406  0.0009301286190748215
1387  0.0009298172080889344
1374  0.0009297440410591662
1412  0.0009296214557252824
1381  0.0009284145198762417
1417  0.0009283300023525953
1376  0.0009275940246880054
1386  0.0009274379699490964
1413  0.00092657859204337
1380  0.0009260260849259794
1414  0.0009258090285584331
1418  0.0009255167096853256
1383  0.0009241412044502795
1657  0.0003237684431951493
1464  0.00027717527700588107
1455  0.00027697955374605954
1457  0.00027686019893735647
1462  0.00027675097226165235
1466  0.0002767240221146494
1454  0.0002766567631624639
1479  0.0002765560057014227
1470  0.0002764566452242434
1421  0.0002763686061371118
1458  0.0002763243392109871
1461  0.0002763040829449892
1478  0.00027629933902062476
1426  0.00027627352392300963
1456  0.00027625137590803206
1441  0.0002762000367511064
1444  0.0002761852811090648
1422  0.00027618344756774604
1450  0.0002761689538601786
1425  0.0002761671203188598
1463  0.0002761168288998306
1452  0.00027611260884441435
1453  0.0002760468050837517
1447  0.000276039179880172
1431  0.000276021019089967
1436  0.0002760083880275488
1445  0.00027600154862739146
1448  0.0002759718045126647
1459  0.0002759047201834619
1428  0.00027590314857661724
1427  0.00027587395743466914
1451  0.000275837373919785
1471  0.0002758032060228288
1460  0.0002757924376055598
1424  0.00027571749524213374
1476  0.0002756906906142831
1432  0.0002756709873210639
1472  0.0002756680769380182
1434  0.0002756596659310162
1429  0.00027565439813770354
1449  0.0002756210451480001
1437  0.0002755837340373546
1446  0.0002755711320787668
1440  0.0002755697933025658
1465  0.0002755338209681213
1469  0.0002755251480266452
1442  0.0002755175228230655
1433  0.00027542273164726794
1430  0.00027536178822629154
1435  0.00027533111278899014
1467  0.0002753059088718146
1474  0.0002752935397438705
1423  0.00027521615265868604
1438  0.00027516731643117964
1477  0.0002751510764937848
1439  0.0002750959829427302
1473  0.00027503594174049795
1443  0.0002749764244072139
1468  0.00027491114451549947
1475  0.00027483957819640636
270  4.942693340126425e-05
271  4.9424863391323015e-05
274  4.9408412451157346e-05
238  4.940266808262095e-05
263  4.938358688377775e-05
272  4.9375867092749104e-05
275  4.9373749789083377e-05
280  4.9369937187293544e-05
273  4.936409823130816e-05
278  4.9363105063093826e-05
277  4.935049219056964e-05
261  4.934851676807739e-05
279  4.934621028951369e-05
268  4.933388117933646e-05
243  4.932226147502661e-05
269  4.932160663884133e-05
282  4.9313657655147836e-05
249  4.930745126330294e-05
260  4.929348506266251e-05
248  4.929080751026049e-05
283  4.928756970912218e-05
246  4.928572889184579e-05
250  4.928394264425151e-05
240  4.928356793243438e-05
281  4.9271915486315265e-05
287  4.927064583171159e-05
289  4.92695216962602e-05
266  4.9264959670836106e-05
267  4.9261059757554904e-05
276  4.9260543164564297e-05
242  4.9254438636126e-05
295  4.924532913719304e-05
291  4.924256063532084e-05
244  4.9231523007620126e-05
265  4.92311010020785e-05
294  4.922964581055567e-05
253  4.9229409341933206e-05
264  4.9227859562961385e-05
241  4.9227157433051616e-05
245  4.9221431254409254e-05
251  4.921974323224276e-05
257  4.9219364882446826e-05
285  4.92145300086122e-05
255  4.921335494145751e-05
262  4.921199433738366e-05
258  4.921007348457351e-05
292  4.920903666061349e-05
284  4.9207206757273525e-05
239  4.920594074064866e-05
256  4.919829370919615e-05
293  4.91909304400906e-05
252  4.9189944547833875e-05
259  4.918895865557715e-05
290  4.918731428915635e-05
247  4.91760547447484e-05
286  4.917441765428521e-05
254  4.913054726785049e-05
288  4.9127786041935906e-05
1754  3.526751970639452e-05
1751  3.52420647686813e-05
1759  3.5218781704315916e-05
1760  3.519111851346679e-05
1753  3.516243668855168e-05
1758  3.514601121423766e-05
1719  3.513304181979038e-05
1747  3.510973328957334e-05
1734  3.5090652090730146e-05
1770  3.5077169741271064e-05
1727  3.5074692277703434e-05
1721  3.5070377634838223e-05
1718  3.50543596141506e-05
1750  3.5049950383836403e-05
1740  3.5046508855884895e-05
1725  3.503928746795282e-05
1755  3.502579056657851e-05
1717  3.501874380162917e-05
1756  3.501586979837157e-05
1757  3.5005690733669326e-05
1749  3.4992070141015574e-05
1775  3.498152727843262e-05
1730  3.4975593734998256e-05
1744  3.4972053981618956e-05
1732  3.4958382457261905e-05
1728  3.495408236631192e-05
1752  3.495138298603706e-05
1774  3.4949149267049506e-05
1762  3.494808333925903e-05
1723  3.492879113764502e-05
1746  3.491900133667514e-05
1763  3.491833558655344e-05
1739  3.491300958557986e-05
1766  3.490771268843673e-05
1726  3.4906581277027726e-05
1764  3.4900691389339045e-05
1743  3.4896664146799594e-05
1748  3.488514994387515e-05
1737  3.48630674125161e-05
1765  3.485858178464696e-05
1720  3.4833792597055435e-05
1745  3.4829739888664335e-05
1722  3.482263127807528e-05
1773  3.480842133285478e-05
1736  3.4796838008333e-05
1742  3.478934013401158e-05
1729  3.4758464607875794e-05
1761  3.475750781944953e-05
1733  3.474587356322445e-05
1768  3.473947799648158e-05
1724  3.473749166005291e-05
1731  3.472311800578609e-05
1772  3.471371383056976e-05
1767  3.471335003268905e-05
1769  3.471331365290098e-05
1771  3.4710730687947944e-05
1735  3.470918090897612e-05
1741  3.467149872449227e-05
1738  3.463355824351311e-05
296  3.35050281137228e-05
339  4.756948328576982e-06
334  4.756911948788911e-06
331  4.755324880534317e-06
327  4.750855168822454e-06
310  4.750460902869236e-06
323  4.750347670778865e-06
299  4.749808340420714e-06
351  4.748961146106012e-06
340  4.7477619773417246e-06
305  4.747376806335524e-06
336  4.747335879073944e-06
312  4.7471094148932025e-06
350  4.746842932945583e-06
344  4.746688318846282e-06
330  4.746666036226088e-06
337  4.746290414914256e-06
302  4.745525075122714e-06
303  4.745254045701586e-06
329  4.744864781969227e-06
309  4.744394118461059e-06
307  4.744362740893848e-06
333  4.74419948659488e-06
306  4.744018497149227e-06
325  4.743851150124101e-06
338  4.743796580441995e-06
314  4.743620138469851e-06
313  4.7435164560738485e-06
348  4.743471436086111e-06
355  4.7434123189304955e-06
317  4.742724740935955e-06
346  4.742580131278373e-06
320  4.742200417240383e-06
354  4.742041710414924e-06
324  4.741847533296095e-06
322  4.7412777348654345e-06
353  4.741214524983661e-06
345  4.7410653678525705e-06
300  4.740635631605983e-06
304  4.7405364966834895e-06
343  4.740052645502146e-06
341  4.740020813187584e-06
297  4.739939413411776e-06
342  4.739148607768584e-06
301  4.7384255594806746e-06
347  4.738091320177773e-06
311  4.737815743283136e-06
332  4.737435574497795e-06
298  4.736902610602556e-06
321  4.73647378385067e-06
316  4.736157734441804e-06
335  4.736067239718977e-06
352  4.735435140901245e-06
349  4.73522732136189e-06
315  4.73511454401887e-06
326  4.733877176477108e-06
319  4.733456989924889e-06
308  4.732789420813788e-06
328  4.727326540887589e-06
318  4.726735824078787e-06
1716  1.440542796160571e-09
1691  1.9727616762388323e-10
1692  1.9706671017249988e-10
1695  1.9678050855453932e-10
1690  1.9645646220922686e-10
1683  1.963927770409768e-10
1700  1.9638754511497325e-10
1698  1.9617937829785603e-10
1658  1.9607314383218721e-10
1701  1.96065289004288e-10
1688  1.9599387390822898e-10
1681  1.9592621969266588e-10
1697  1.9583243360266067e-10
1694  1.9564876108102425e-10
1684  1.9528899330989447e-10
1660  1.9524615257893174e-10
1699  1.9522269911753654e-10
1668  1.952212141942411e-10
1673  1.950462846789236e-10
1662  1.949752304053476e-10
1693  1.9497300995929834e-10
1669  1.948845113064479e-10
1670  1.9478900437075453e-10
1703  1.9475630830267932e-10
1686  1.9462781386536676e-10
1671  1.9462374767353907e-10
1659  1.9454395039364414e-10
1680  1.9453023913929002e-10
1709  1.9448126442611624e-10
1665  1.9434998055345432e-10
1661  1.942380700725721e-10
1687  1.941776878178203e-10
1702  1.94086219318379e-10
1689  1.9399074013826123e-10
1715  1.9392527861317177e-10
1666  1.9386978133972832e-10
1712  1.9373302961867012e-10
1663  1.936949767245011e-10
1711  1.9369385262368866e-10
1678  1.9368869008662415e-10
1706  1.9345128277059587e-10
1679  1.9341366008784888e-10
1696  1.9339853329913836e-10
1704  1.9330188838484474e-10
1672  1.9323886935040946e-10
1674  1.931522858322765e-10
1713  1.9312390575620952e-10
1714  1.9307086485120806e-10
1707  1.9298877773632483e-10
1664  1.929405663014805e-10
1677  1.9287764441155986e-10
1682  1.9283497021405083e-10
1675  1.92504234775015e-10
1685  1.923504411305288e-10
1705  1.9232440640060133e-10
1667  1.9206890244927166e-10
1710  1.9193960310026625e-10
1676  1.9191581657196366e-10
1708  1.9141389862031843e-10
