230  0.332683265209198
198  0.3326469957828522
199  0.3326469957828522
200  0.3326469957828522
201  0.3326469957828522
202  0.3326469957828522
203  0.3326469957828522
204  0.3326469957828522
205  0.3326469957828522
206  0.3326469957828522
207  0.3326469957828522
208  0.3326469957828522
209  0.3326469957828522
210  0.3326469957828522
211  0.3326469957828522
212  0.3326469957828522
213  0.3326469957828522
214  0.3326469957828522
215  0.3326469957828522
216  0.3326469957828522
217  0.3326469957828522
218  0.3326469957828522
219  0.3326469957828522
220  0.3326469957828522
221  0.3326469957828522
222  0.3326469957828522
223  0.3326469957828522
224  0.3326469957828522
225  0.3326469957828522
226  0.3326469957828522
227  0.3326469957828522
228  0.3326469957828522
229  0.3326469957828522
363  0.3326469957828522
364  0.3326469957828522
365  0.3326469957828522
366  0.3326469957828522
367  0.3326469957828522
368  0.3326469957828522
369  0.3326469957828522
370  0.3326469957828522
371  0.3326469957828522
372  0.3326469957828522
373  0.3326469957828522
374  0.3326469957828522
375  0.3326469957828522
376  0.3326469957828522
377  0.3326469957828522
378  0.3326469957828522
379  0.3326469957828522
380  0.3326469957828522
381  0.3326469957828522
382  0.3326469957828522
383  0.3326469957828522
384  0.3326469957828522
385  0.3326469957828522
386  0.3326469957828522
387  0.3326469957828522
388  0.3326469957828522
389  0.3326469957828522
390  0.3326469957828522
391  0.3326469957828522
392  0.3326469957828522
393  0.3326469957828522
394  0.3326469957828522
428  0.3326469957828522
429  0.3326469957828522
430  0.3326469957828522
431  0.3326469957828522
432  0.3326469957828522
433  0.3326469957828522
434  0.3326469957828522
435  0.3326469957828522
436  0.3326469957828522
437  0.3326469957828522
438  0.3326469957828522
439  0.3326469957828522
440  0.3326469957828522
441  0.3326469957828522
442  0.3326469957828522
443  0.3326469957828522
444  0.3326469957828522
445  0.3326469957828522
446  0.3326469957828522
447  0.3326469957828522
448  0.3326469957828522
449  0.3326469957828522
450  0.3326469957828522
451  0.3326469957828522
452  0.3326469957828522
453  0.3326469957828522
454  0.3326469957828522
455  0.3326469957828522
456  0.3326469957828522
457  0.3326469957828522
458  0.3326469957828522
459  0.3326469957828522
625  0.3326469957828522
626  0.3326469957828522
627  0.3326469957828522
628  0.3326469957828522
629  0.3326469957828522
630  0.3326469957828522
631  0.3326469957828522
632  0.3326469957828522
633  0.3326469957828522
634  0.3326469957828522
635  0.3326469957828522
636  0.3326469957828522
637  0.3326469957828522
638  0.3326469957828522
639  0.3326469957828522
640  0.3326469957828522
641  0.3326469957828522
642  0.3326469957828522
643  0.3326469957828522
644  0.3326469957828522
645  0.3326469957828522
646  0.3326469957828522
647  0.3326469957828522
648  0.3326469957828522
649  0.3326469957828522
650  0.3326469957828522
651  0.3326469957828522
652  0.3326469957828522
653  0.3326469957828522
654  0.3326469957828522
655  0.3326469957828522
656  0.3326469957828522
822  0.3326469957828522
823  0.3326469957828522
824  0.3326469957828522
825  0.3326469957828522
826  0.3326469957828522
827  0.3326469957828522
828  0.3326469957828522
829  0.3326469957828522
830  0.3326469957828522
831  0.3326469957828522
832  0.3326469957828522
833  0.3326469957828522
834  0.3326469957828522
835  0.3326469957828522
836  0.3326469957828522
837  0.3326469957828522
838  0.3326469957828522
839  0.3326469957828522
840  0.3326469957828522
841  0.3326469957828522
842  0.3326469957828522
843  0.3326469957828522
844  0.3326469957828522
845  0.3326469957828522
846  0.3326469957828522
847  0.3326469957828522
848  0.3326469957828522
849  0.3326469957828522
850  0.3326469957828522
851  0.3326469957828522
852  0.3326469957828522
853  0.3326469957828522
888  0.3326469957828522
889  0.3326469957828522
890  0.3326469957828522
891  0.3326469957828522
892  0.3326469957828522
893  0.3326469957828522
894  0.3326469957828522
895  0.3326469957828522
896  0.3326469957828522
897  0.3326469957828522
898  0.3326469957828522
899  0.3326469957828522
900  0.3326469957828522
901  0.3326469957828522
902  0.3326469957828522
903  0.3326469957828522
904  0.3326469957828522
905  0.3326469957828522
906  0.3326469957828522
907  0.3326469957828522
908  0.3326469957828522
909  0.3326469957828522
910  0.3326469957828522
911  0.3326469957828522
912  0.3326469957828522
913  0.3326469957828522
914  0.3326469957828522
915  0.3326469957828522
916  0.3326469957828522
917  0.3326469957828522
918  0.3326469957828522
919  0.3326469957828522
255  0.3318093717098236
58  0.3315909206867218
256  0.33125653862953186
253  0.33125051856040955
249  0.3312090039253235
251  0.3311461806297302
246  0.33102425932884216
260  0.3309917151927948
257  0.33098289370536804
247  0.3309476673603058
252  0.33091458678245544
242  0.33081936836242676
248  0.3307761549949646
250  0.33077576756477356
232  0.3307688236236572
237  0.3307466208934784
262  0.3307259976863861
259  0.3306882083415985
240  0.3306814134120941
238  0.33062469959259033
243  0.3305925726890564
54  0.3305675685405731
56  0.33056211471557617
233  0.3303971290588379
236  0.3303409218788147
261  0.33033671975135803
49  0.33026182651519775
53  0.33017823100090027
231  0.3301430940628052
258  0.3301411271095276
62  0.3300500512123108
234  0.33000022172927856
244  0.3299383521080017
235  0.32993704080581665
245  0.32991185784339905
59  0.32986095547676086
55  0.32981377840042114
239  0.3297809660434723
241  0.329776406288147
52  0.3297358453273773
50  0.32966771721839905
63  0.32952508330345154
254  0.32951632142066956
60  0.32942891120910645
51  0.32940420508384705
35  0.3293522000312805
41  0.3293144404888153
43  0.3293055593967438
65  0.32928943634033203
38  0.3290218114852905
45  0.329019695520401
40  0.32880809903144836
46  0.32859405875205994
34  0.3285270035266876
36  0.3284226953983307
39  0.3284224271774292
42  0.3282918334007263
37  0.32825955748558044
64  0.3282034695148468
61  0.3280923664569855
47  0.32784563302993774
48  0.3278147280216217
44  0.32750317454338074
57  0.32702353596687317
710  0.2230576127767563
711  0.22293075919151306
706  0.22288750112056732
717  0.22281645238399506
715  0.22278274595737457
702  0.22266480326652527
708  0.22260652482509613
712  0.2225477248430252
705  0.22251613438129425
691  0.22244496643543243
709  0.2224220335483551
700  0.22224389016628265
692  0.22185300290584564
721  0.22177037596702576
707  0.22176773846149445
694  0.22168320417404175
704  0.22167541086673737
693  0.22162626683712006
713  0.2216234654188156
701  0.22158940136432648
695  0.22144898772239685
699  0.22144176065921783
716  0.22127939760684967
718  0.2212519347667694
714  0.22114501893520355
703  0.22103092074394226
697  0.22099335491657257
696  0.22096359729766846
722  0.22085607051849365
719  0.22084711492061615
720  0.22073787450790405
698  0.22051484882831573
362  0.1646132916212082
147  0.15946802496910095
150  0.15857025980949402
151  0.15856480598449707
149  0.15826430916786194
159  0.15825024247169495
148  0.1582271307706833
160  0.15800011157989502
154  0.15797892212867737
135  0.15795232355594635
133  0.1578802615404129
157  0.1578129231929779
152  0.15779319405555725
153  0.1577763706445694
158  0.15773265063762665
138  0.15768016874790192
155  0.15765047073364258
134  0.15761502087116241
143  0.1574593037366867
163  0.1573094129562378
145  0.15709473192691803
137  0.15701840817928314
136  0.15694019198417664
156  0.15691997110843658
146  0.15682075917720795
144  0.15665702521800995
164  0.15665322542190552
162  0.15647166967391968
161  0.15646205842494965
140  0.15619057416915894
142  0.1559789925813675
139  0.1557861864566803
141  0.15576426684856415
657  0.11488894373178482
624  0.11441095918416977
541  0.11283811926841736
551  0.11216667294502258
545  0.11199310421943665
544  0.11198078840970993
553  0.11192554235458374
542  0.11191708594560623
554  0.11171835660934448
548  0.11147433519363403
546  0.11142687499523163
528  0.11139080673456192
527  0.11138707399368286
538  0.1113865077495575
543  0.11135735362768173
547  0.11133064329624176
537  0.1110960990190506
530  0.1110866516828537
529  0.11106971651315689
549  0.1110636442899704
552  0.11103527247905731
557  0.11095653474330902
540  0.11075768619775772
550  0.11071239411830902
532  0.11066510528326035
531  0.1105821281671524
556  0.1105593666434288
536  0.11045311391353607
558  0.11038625240325928
539  0.11015701293945312
555  0.11008375138044357
535  0.10998070240020752
534  0.10985162854194641
533  0.10976645350456238
616  0.08160684257745743
614  0.08132007718086243
610  0.08085507899522781
593  0.08078283071517944
617  0.08076445758342743
613  0.08072368055582047
612  0.08058127015829086
618  0.08056794106960297
594  0.0805470198392868
607  0.08052194118499756
623  0.08049073815345764
609  0.08045706152915955
608  0.0804191380739212
592  0.08040968328714371
603  0.08040201663970947
620  0.08027492463588715
619  0.08022844791412354
611  0.0801268145442009
595  0.08010144531726837
601  0.08004406839609146
597  0.0800187736749649
599  0.07999743521213531
596  0.07995583862066269
621  0.0799475759267807
598  0.07985427230596542
602  0.07983110845088959
604  0.07971267402172089
622  0.07970043271780014
605  0.07957698404788971
600  0.07944642007350922
606  0.07927282899618149
615  0.079182468354702
690  0.07571496069431305
526  0.06372325867414474
460  0.05435892194509506
821  0.03480498865246773
132  0.03415006026625633
813  0.017134955152869225
811  0.01711530238389969
66  0.016966920346021652
814  0.01689947582781315
810  0.016893699765205383
790  0.016869571059942245
809  0.016846636310219765
807  0.0168402548879385
808  0.016831092536449432
804  0.016819465905427933
806  0.016819102689623833
789  0.016787348315119743
820  0.01678195782005787
800  0.016760719940066338
816  0.016706984490156174
805  0.01669570803642273
791  0.016676953062415123
794  0.016675544902682304
792  0.016669847071170807
817  0.016658345237374306
815  0.016657797619700432
798  0.016638197004795074
818  0.01662249118089676
793  0.016609346494078636
796  0.016608024016022682
799  0.016602246090769768
819  0.016595713794231415
802  0.016591224819421768
682  0.016586385667324066
795  0.016526618972420692
801  0.016469448804855347
797  0.016416409984230995
669  0.016404371708631516
812  0.01639734022319317
803  0.0163786169141531
677  0.016338136047124863
676  0.016330458223819733
678  0.01631014794111252
683  0.01628037728369236
671  0.016237987205386162
674  0.0161883607506752
672  0.01616240106523037
673  0.016130231320858
680  0.016122089698910713
667  0.016115926206111908
675  0.016108835116028786
684  0.016078997403383255
661  0.016048479825258255
660  0.0160441342741251
679  0.01604040339589119
658  0.016031892970204353
681  0.01602465845644474
686  0.016023559495806694
670  0.016021642833948135
687  0.01602029800415039
659  0.016010679304599762
685  0.015983477234840393
689  0.015979023650288582
666  0.015938900411128998
662  0.015915432944893837
664  0.015890009701251984
665  0.015870671719312668
663  0.015855038538575172
668  0.01584719866514206
688  0.01569203846156597
513  0.014022568240761757
509  0.013998947106301785
518  0.01398890558630228
514  0.013979858718812466
512  0.013971262611448765
505  0.01395714096724987
515  0.01394723542034626
520  0.0139087475836277
508  0.013904332183301449
503  0.013902876526117325
511  0.013901397585868835
510  0.013894901610910892
494  0.013863100670278072
495  0.013862852938473225
498  0.013861366547644138
497  0.013852973468601704
516  0.013850746676325798
496  0.013848936185240746
507  0.01384590845555067
504  0.013834225945174694
502  0.01383302267640829
517  0.013830049894750118
521  0.013823763467371464
519  0.013815672136843204
522  0.013801386579871178
524  0.01378167700022459
499  0.013779726810753345
525  0.013773416168987751
501  0.013760196045041084
506  0.013756501488387585
523  0.013718551024794579
500  0.01370097417384386
854  0.010779252275824547
887  0.007091776467859745
920  0.006375763565301895
723  0.00615858705714345
493  0.006032658740878105
559  0.004661899991333485
165  0.0038051430601626635
583  0.0024815555661916733
578  0.002480151131749153
581  0.002471976215019822
586  0.0024702190421521664
560  0.002469862112775445
591  0.0024658660404384136
577  0.0024653312284499407
580  0.0024644462391734123
584  0.0024638683535158634
574  0.00246006459929049
564  0.002458586124703288
572  0.0024582117330282927
576  0.0024563323240727186
575  0.00245550530962646
562  0.0024534608237445354
587  0.002452001441270113
573  0.002451588399708271
582  0.002451588399708271
590  0.002449834020808339
569  0.0024478770792484283
579  0.002447668695822358
589  0.0024423617869615555
568  0.002438816474750638
561  0.002435404807329178
570  0.002433969872072339
563  0.0024315903428941965
565  0.002426005667075515
588  0.0024246107786893845
567  0.002423692960292101
585  0.0024218179751187563
566  0.0024148765951395035
571  0.0024066416081041098
427  0.002298061503097415
485  0.0020965998992323875
479  0.002082241466268897
486  0.0020819511264562607
481  0.002079449128359556
472  0.0020770973060280085
480  0.002075989730656147
474  0.0020668297074735165
477  0.0020635160617530346
475  0.002062790794298053
476  0.0020614697132259607
490  0.002057950245216489
478  0.0020573430228978395
487  0.002057015197351575
489  0.002056349767372012
483  0.0020562235731631517
470  0.002055437071248889
473  0.002051957882940769
482  0.002049661474302411
462  0.0020490463357418776
469  0.0020452782046049833
464  0.0020452674943953753
484  0.0020438809879124165
461  0.0020438695792108774
488  0.002042163163423538
492  0.0020418257918208838
465  0.002039900980889797
463  0.002039613900706172
468  0.0020352769643068314
466  0.0020335467997938395
467  0.002032605465501547
471  0.0020257120486348867
491  0.0020109449978917837
187  0.0017933609196916223
189  0.001792517607100308
166  0.001790702110156417
184  0.0017902572872117162
197  0.001786261796951294
175  0.001785878324881196
190  0.00178306526504457
168  0.0017820445355027914
178  0.0017810540739446878
179  0.0017810362624004483
180  0.0017806454561650753
193  0.0017794888699427247
170  0.001778653939254582
186  0.0017770916456356645
192  0.0017767001409083605
185  0.0017764329677447677
169  0.0017760558985173702
181  0.0017760279588401318
195  0.00177450617775321
183  0.0017745045479387045
188  0.001773332478478551
182  0.001772513147443533
194  0.00177191908005625
174  0.0017713018460199237
196  0.0017700730822980404
172  0.0017662292812019587
171  0.0017652728129178286
176  0.0017620642902329564
173  0.0017612132942304015
191  0.001757706399075687
167  0.001756963785737753
177  0.0017562012653797865
344  0.0016788584180176258
347  0.0016727676847949624
345  0.001671318314038217
354  0.0016699726693332195
356  0.0016686591552570462
348  0.0016669679898768663
330  0.0016657091910019517
349  0.0016650438774377108
357  0.0016623922856524587
346  0.0016604664269834757
332  0.0016596501227468252
331  0.0016590987797826529
350  0.001658412511460483
351  0.0016574636101722717
360  0.001656465232372284
352  0.0016554277390241623
340  0.0016551148146390915
333  0.0016547517152503133
355  0.0016542704543098807
341  0.0016524624079465866
343  0.0016499471385031939
335  0.00164903630502522
353  0.0016477979952469468
334  0.0016457699239253998
359  0.0016441926127299666
342  0.0016433969140052795
339  0.0016431425465270877
361  0.001641840673983097
358  0.0016401377506554127
336  0.0016352493548765779
337  0.0016331576043739915
338  0.001632646773941815
33  0.0016209888271987438
738  0.0014682791661471128
742  0.0014530980261042714
740  0.001451929216273129
751  0.001451372168958187
750  0.0014509243192151189
741  0.001450760057196021
724  0.0014485318679362535
749  0.001446566078811884
739  0.00144583557266742
748  0.0014449614100158215
729  0.0014448328875005245
745  0.001444704830646515
725  0.0014440397499129176
744  0.0014425725676119328
726  0.0014422005042433739
743  0.0014411872252821922
734  0.0014377225888893008
736  0.0014366877730935812
754  0.0014366330578923225
746  0.001434418372809887
737  0.0014340565539896488
728  0.001432260381989181
747  0.001431102748028934
727  0.0014310625847429037
735  0.0014275951543822885
753  0.0014266098150983453
755  0.0014259102754294872
731  0.00142091850284487
752  0.0014190118527039886
733  0.0014176584081724286
730  0.0014164027525112033
732  0.0014158213743939996
935  0.0012261226074770093
938  0.0012219982454553246
937  0.0012219067430123687
942  0.001221521059051156
921  0.0012204598169773817
939  0.0012200291967019439
926  0.0012198141776025295
940  0.001219445955939591
936  0.0012191138230264187
947  0.0012189105618745089
948  0.0012185246450826526
946  0.0012183829676359892
922  0.0012175064766779542
941  0.0012171975104138255
945  0.0012168984394520521
923  0.001216746517457068
924  0.0012166481465101242
943  0.0012160016922280192
934  0.0012157229939475656
944  0.0012150001712143421
951  0.0012142377672716975
931  0.001214094809256494
933  0.0012139439349994063
925  0.0012139249593019485
930  0.001212962088175118
932  0.0012124694185331464
949  0.0012105809291824698
950  0.0012105786008760333
927  0.0012104391353204846
952  0.0012104124762117863
928  0.0012102845357730985
929  0.001208492205478251
329  0.0007055742898955941
263  0.0006908811046741903
953  0.0006333290948532522
977  0.000561862310860306
972  0.0005605216138064861
975  0.0005592232919298112
974  0.0005587086197920144
984  0.0005585278267972171
980  0.0005581534933298826
985  0.0005572763620875776
956  0.0005571138462983072
968  0.0005570097710005939
971  0.0005568829365074635
966  0.0005565356113947928
976  0.000556415703613311
958  0.0005561596481129527
969  0.0005558241973631084
954  0.000555805629119277
970  0.0005557844415307045
978  0.0005554304225370288
981  0.0005554078961722553
973  0.000554326397832483
963  0.000554158934392035
967  0.0005541077116504312
962  0.0005529564805328846
955  0.0005529462359845638
983  0.0005519515252672136
957  0.0005517437821254134
959  0.0005514585645869374
982  0.0005512446514330804
964  0.0005512438947334886
961  0.0005501964478753507
979  0.0005493034841492772
965  0.0005475844955071807
960  0.0005462009576149285
417  0.0005147534538991749
419  0.000513198203407228
416  0.0005120082059875131
420  0.0005119906272739172
426  0.0005111753125675023
406  0.0005111019709147513
413  0.0005098475958220661
412  0.0005092096398584545
396  0.0005091659841127694
397  0.0005091273924335837
425  0.0005088282632641494
415  0.0005087914178147912
424  0.0005085380980744958
410  0.0005085259908810258
414  0.0005084751173853874
421  0.0005084598669782281
395  0.0005081133567728102
401  0.0005080552655272186
422  0.0005078025860711932
404  0.0005072561907581985
411  0.0005070668994449079
402  0.0005062131094746292
398  0.0005056312656961381
400  0.000505574163980782
399  0.000505555362906307
408  0.0005055073997937143
423  0.0005048323073424399
409  0.000504801282659173
405  0.0005044674617238343
407  0.000504316936712712
403  0.0005041268886998296
418  0.0005022000405006111
115  0.00045273840078152716
117  0.00045192966354079545
119  0.00045167517964728177
124  0.00045106979086995125
114  0.0004504559619817883
126  0.0004497804038692266
118  0.0004492503358051181
111  0.0004492100852075964
103  0.00044912146404385567
121  0.00044842244824394584
120  0.00044827029341831803
109  0.00044813446584157646
100  0.00044777276343666017
101  0.00044687368790619075
116  0.0004461169592104852
110  0.0004459237097762525
122  0.00044575007632374763
102  0.00044569550664164126
113  0.0004453156143426895
127  0.0004451950953807682
129  0.00044505292316898704
130  0.0004450497799552977
128  0.0004448092367965728
125  0.0004447838291525841
106  0.0004434880684129894
131  0.00044313393300399184
104  0.00044292325037531555
123  0.00044242801959626377
108  0.0004419584874995053
105  0.000440869276644662
107  0.00043994965380989015
112  0.0004391562833916396
23  0.0003304338897578418
20  0.00032918783836066723
26  0.00032853445736691356
25  0.0003284893755335361
2  0.0003282389079686254
18  0.00032749935053288937
28  0.00032740633469074965
19  0.0003271769965067506
16  0.0003271542373113334
1  0.000327004847349599
22  0.0003269026055932045
21  0.00032682533492334187
14  0.000326369161484763
31  0.00032631721114739776
29  0.00032595189986750484
6  0.00032584997825324535
17  0.0003257838252466172
4  0.00032560183899477124
11  0.00032531205215491354
12  0.0003252884780522436
32  0.00032522273249924183
10  0.00032482179813086987
8  0.0003246877167839557
30  0.00032426483812741935
15  0.0003242499951738864
3  0.00032411710708402097
5  0.0003239944635424763
13  0.00032375886803492904
27  0.00032346174702979624
7  0.00032314180862158537
24  0.0003227729466743767
9  0.0003227443667128682
756  0.00024936729460023344
99  0.00023136456729844213
775  0.0001766898640198633
771  0.000176381814526394
778  0.00017634063260629773
783  0.00017626363842282444
769  0.00017609364294912666
773  0.00017605132597964257
781  0.00017600064165890217
777  0.00017599458806216717
757  0.00017584663874004036
784  0.00017583374574314803
780  0.00017583256703801453
774  0.0001757671998348087
788  0.00017573166405782104
761  0.0001754020486259833
759  0.000175396868144162
772  0.00017536274390295148
779  0.00017536089580971748
776  0.00017533516802359372
786  0.00017524823488201946
787  0.00017524741997476667
770  0.00017523422138765454
767  0.00017508123710285872
758  0.0001750159717630595
766  0.00017485316493548453
765  0.00017483934061601758
762  0.0001746813504723832
760  0.00017461575043853372
764  0.00017455831402912736
782  0.00017439461953472346
785  0.00017433242464903742
763  0.00017427159764338285
768  0.00017422923701815307
91  0.00010277004184899852
85  0.00010254480002913624
87  0.00010248126636724919
82  0.00010246504825772718
86  0.00010237050446448848
89  0.00010197076335316524
78  0.00010194440983468667
88  0.00010189368185820058
71  0.00010164039849769324
75  0.00010163245315197855
93  0.00010162072430830449
83  0.00010161461977986619
81  0.0001015521411318332
95  0.00010155174823012203
92  0.0001015203888528049
80  0.00010146541171707213
76  0.00010143330291612074
84  0.00010143232793780044
69  0.00010133758041774854
79  0.00010129738802788779
77  0.00010128609574167058
68  0.00010125441622221842
90  0.00010125412518391386
94  0.00010114874748978764
98  0.00010114016913576052
67  0.00010106785339303315
74  0.00010099492646986619
72  0.00010089904390042648
96  0.00010077615297632292
70  0.00010069210111396387
97  0.00010044928785646334
73  0.00010025779920397326
321  7.760882726870477e-05
312  7.759262371109799e-05
316  7.740748696960509e-05
315  7.740269211353734e-05
317  7.739693683106452e-05
318  7.730841753073037e-05
308  7.720174471614882e-05
314  7.714021921856329e-05
323  7.709411147516221e-05
306  7.707926124567166e-05
311  7.705757889198139e-05
301  7.700873538851738e-05
319  7.700300920987502e-05
305  7.698743866058066e-05
310  7.698435365455225e-05
298  7.692572398809716e-05
307  7.686881144763902e-05
320  7.685708987992257e-05
325  7.685335003770888e-05
299  7.683232252020389e-05
313  7.683005242142826e-05
324  7.68220706959255e-05
300  7.681085844524205e-05
297  7.67915989854373e-05
322  7.674504013266414e-05
328  7.673457730561495e-05
327  7.67082383390516e-05
304  7.6707721746061e-05
326  7.665588054805994e-05
309  7.654747605556622e-05
302  7.643047865713015e-05
303  7.639127579750493e-05
879  3.1020870665088296e-05
873  3.0944167519919574e-05
868  3.092870974796824e-05
874  3.087148434133269e-05
880  3.0813422199571505e-05
875  3.0759958463022485e-05
871  3.069051672355272e-05
866  3.0683990189572796e-05
884  3.0675386369694024e-05
872  3.067006400669925e-05
864  3.063340773223899e-05
876  3.060152448597364e-05
881  3.0597817385569215e-05
870  3.0573810363421217e-05
886  3.052399551961571e-05
869  3.0507293558912352e-05
877  3.0490042263409123e-05
883  3.0485278330161236e-05
856  3.0464118026429787e-05
867  3.04635086649796e-05
855  3.0458422770607285e-05
862  3.0456943932222202e-05
863  3.0431598133873194e-05
857  3.0431569030042738e-05
882  3.03758388326969e-05
858  3.035890040337108e-05
860  3.0358698495547287e-05
859  3.0340288503794e-05
861  3.0315299227368087e-05
878  3.028631726920139e-05
865  3.028183891728986e-05
885  3.0208089810912497e-05
296  2.414188429611386e-06
288  2.9174524129871315e-08
282  2.9077529717369544e-08
283  2.8879712843377092e-08
284  2.887139416429818e-08
289  2.88705699347247e-08
275  2.885498950888632e-08
277  2.8780840821696074e-08
280  2.8628800663454967e-08
279  2.858498682201116e-08
281  2.8540693364220715e-08
290  2.85161529944844e-08
273  2.8470665824897878e-08
278  2.8468331692010906e-08
293  2.8431701437625634e-08
285  2.8420478415114303e-08
286  2.8395392703828293e-08
276  2.8379743000073177e-08
292  2.8338524415971733e-08
264  2.8317510114561628e-08
272  2.8299959708988354e-08
265  2.8276918584424493e-08
295  2.8275408681111003e-08
266  2.82311667376689e-08
267  2.817178490488459e-08
268  2.812281962860652e-08
287  2.810812915754468e-08
269  2.8098156690248288e-08
271  2.8082995484624007e-08
291  2.807522925252215e-08
270  2.801403553576165e-08
274  2.7970575189328883e-08
294  2.7860837192861254e-08
