108  0.29539090394973755
109  0.29539090394973755
110  0.29539090394973755
111  0.29539090394973755
112  0.29539090394973755
113  0.29539090394973755
114  0.29539090394973755
115  0.29539090394973755
116  0.29539090394973755
117  0.29539090394973755
118  0.29539090394973755
119  0.29539090394973755
120  0.29539090394973755
121  0.29539090394973755
122  0.29539090394973755
123  0.29539090394973755
124  0.29539090394973755
125  0.29539090394973755
126  0.29539090394973755
127  0.29539090394973755
128  0.29539090394973755
129  0.29539090394973755
130  0.29539090394973755
131  0.29539090394973755
132  0.29539090394973755
133  0.29539090394973755
134  0.29539090394973755
135  0.29539090394973755
136  0.29539090394973755
137  0.29539090394973755
138  0.29539090394973755
139  0.29539090394973755
140  0.29539090394973755
141  0.29539090394973755
142  0.29539090394973755
180  0.29539090394973755
181  0.29539090394973755
182  0.29539090394973755
183  0.29539090394973755
184  0.29539090394973755
185  0.29539090394973755
186  0.29539090394973755
187  0.29539090394973755
188  0.29539090394973755
189  0.29539090394973755
190  0.29539090394973755
191  0.29539090394973755
192  0.29539090394973755
193  0.29539090394973755
194  0.29539090394973755
195  0.29539090394973755
196  0.29539090394973755
197  0.29539090394973755
198  0.29539090394973755
199  0.29539090394973755
200  0.29539090394973755
201  0.29539090394973755
202  0.29539090394973755
203  0.29539090394973755
204  0.29539090394973755
205  0.29539090394973755
206  0.29539090394973755
207  0.29539090394973755
208  0.29539090394973755
209  0.29539090394973755
210  0.29539090394973755
211  0.29539090394973755
212  0.29539090394973755
213  0.29539090394973755
429  0.29539090394973755
430  0.29539090394973755
431  0.29539090394973755
432  0.29539090394973755
433  0.29539090394973755
434  0.29539090394973755
435  0.29539090394973755
436  0.29539090394973755
437  0.29539090394973755
438  0.29539090394973755
439  0.29539090394973755
440  0.29539090394973755
441  0.29539090394973755
442  0.29539090394973755
443  0.29539090394973755
444  0.29539090394973755
445  0.29539090394973755
446  0.29539090394973755
447  0.29539090394973755
448  0.29539090394973755
449  0.29539090394973755
450  0.29539090394973755
451  0.29539090394973755
452  0.29539090394973755
453  0.29539090394973755
454  0.29539090394973755
455  0.29539090394973755
456  0.29539090394973755
457  0.29539090394973755
458  0.29539090394973755
459  0.29539090394973755
460  0.29539090394973755
461  0.29539090394973755
462  0.29539090394973755
463  0.29539090394973755
714  0.29539090394973755
715  0.29539090394973755
716  0.29539090394973755
717  0.29539090394973755
718  0.29539090394973755
719  0.29539090394973755
720  0.29539090394973755
721  0.29539090394973755
722  0.29539090394973755
723  0.29539090394973755
724  0.29539090394973755
725  0.29539090394973755
726  0.29539090394973755
727  0.29539090394973755
728  0.29539090394973755
729  0.29539090394973755
730  0.29539090394973755
731  0.29539090394973755
732  0.29539090394973755
733  0.29539090394973755
734  0.29539090394973755
735  0.29539090394973755
736  0.29539090394973755
737  0.29539090394973755
738  0.29539090394973755
739  0.29539090394973755
740  0.29539090394973755
741  0.29539090394973755
742  0.29539090394973755
743  0.29539090394973755
744  0.29539090394973755
745  0.29539090394973755
746  0.29539090394973755
747  0.29539090394973755
748  0.29539090394973755
821  0.29539090394973755
822  0.29539090394973755
823  0.29539090394973755
824  0.29539090394973755
825  0.29539090394973755
826  0.29539090394973755
827  0.29539090394973755
828  0.29539090394973755
829  0.29539090394973755
830  0.29539090394973755
831  0.29539090394973755
832  0.29539090394973755
833  0.29539090394973755
834  0.29539090394973755
835  0.29539090394973755
836  0.29539090394973755
837  0.29539090394973755
838  0.29539090394973755
839  0.29539090394973755
840  0.29539090394973755
841  0.29539090394973755
842  0.29539090394973755
843  0.29539090394973755
844  0.29539090394973755
845  0.29539090394973755
846  0.29539090394973755
847  0.29539090394973755
848  0.29539090394973755
849  0.29539090394973755
850  0.29539090394973755
851  0.29539090394973755
852  0.29539090394973755
853  0.29539090394973755
854  0.29539090394973755
855  0.29539090394973755
928  0.29539090394973755
929  0.29539090394973755
930  0.29539090394973755
931  0.29539090394973755
932  0.29539090394973755
933  0.29539090394973755
934  0.29539090394973755
935  0.29539090394973755
936  0.29539090394973755
937  0.29539090394973755
938  0.29539090394973755
939  0.29539090394973755
940  0.29539090394973755
941  0.29539090394973755
942  0.29539090394973755
943  0.29539090394973755
944  0.29539090394973755
945  0.29539090394973755
946  0.29539090394973755
947  0.29539090394973755
948  0.29539090394973755
949  0.29539090394973755
950  0.29539090394973755
951  0.29539090394973755
952  0.29539090394973755
953  0.29539090394973755
954  0.29539090394973755
955  0.29539090394973755
956  0.29539090394973755
957  0.29539090394973755
958  0.29539090394973755
959  0.29539090394973755
960  0.29539090394973755
961  0.29539090394973755
962  0.29539090394973755
1035  0.29539090394973755
1036  0.29539090394973755
1037  0.29539090394973755
1038  0.29539090394973755
1039  0.29539090394973755
1040  0.29539090394973755
1041  0.29539090394973755
1042  0.29539090394973755
1043  0.29539090394973755
1044  0.29539090394973755
1045  0.29539090394973755
1046  0.29539090394973755
1047  0.29539090394973755
1048  0.29539090394973755
1049  0.29539090394973755
1050  0.29539090394973755
1051  0.29539090394973755
1052  0.29539090394973755
1053  0.29539090394973755
1054  0.29539090394973755
1055  0.29539090394973755
1056  0.29539090394973755
1057  0.29539090394973755
1058  0.29539090394973755
1059  0.29539090394973755
1060  0.29539090394973755
1061  0.29539090394973755
1062  0.29539090394973755
1063  0.29539090394973755
1064  0.29539090394973755
1065  0.29539090394973755
1066  0.29539090394973755
1067  0.29539090394973755
1068  0.29539090394973755
1069  0.29539090394973755
521  0.2949664294719696
504  0.294941782951355
523  0.29493728280067444
530  0.2949369251728058
522  0.29492756724357605
526  0.2948976457118988
517  0.2948358952999115
520  0.29483315348625183
507  0.29480570554733276
525  0.29479819536209106
510  0.29478856921195984
506  0.29474982619285583
503  0.29473960399627686
531  0.2947176992893219
532  0.2946939468383789
518  0.294692724943161
513  0.29460838437080383
501  0.29459717869758606
528  0.2945770025253296
500  0.29457101225852966
524  0.29456812143325806
533  0.2945605218410492
519  0.2945574223995209
515  0.29450172185897827
516  0.294497013092041
511  0.2944699823856354
527  0.2944630980491638
529  0.2944522500038147
512  0.2943797707557678
508  0.29437628388404846
502  0.29425379633903503
514  0.29421597719192505
534  0.29420870542526245
505  0.2941416800022125
509  0.2941027581691742
309  0.15582478046417236
307  0.15497234463691711
318  0.1541839987039566
312  0.15387895703315735
308  0.15385083854198456
311  0.15364259481430054
313  0.15361756086349487
306  0.1532524973154068
290  0.15310567617416382
310  0.15308777987957
305  0.1530521959066391
320  0.15300215780735016
287  0.15299716591835022
298  0.1528313010931015
304  0.1526430994272232
297  0.15252211689949036
302  0.1523916870355606
315  0.15224438905715942
292  0.15221862494945526
289  0.15211383998394012
291  0.15196076035499573
300  0.15189144015312195
303  0.15182723104953766
299  0.15178251266479492
288  0.15171495079994202
296  0.15167908370494843
319  0.1516750603914261
301  0.1516619771718979
293  0.15158706903457642
316  0.1515636444091797
314  0.151550754904747
295  0.15151146054267883
286  0.15125338733196259
294  0.15124307572841644
317  0.15102997422218323
271  0.13753356039524078
285  0.13733820617198944
273  0.1371098756790161
272  0.1370936930179596
277  0.1370931714773178
275  0.13699455559253693
276  0.13697126507759094
256  0.1367894411087036
254  0.1367845982313156
255  0.1367463767528534
266  0.13671036064624786
278  0.13668325543403625
268  0.13665780425071716
270  0.1366492658853531
263  0.13664618134498596
282  0.13662970066070557
267  0.13662897050380707
283  0.13661791384220123
252  0.1365569680929184
265  0.13650843501091003
269  0.13648192584514618
259  0.13648025691509247
251  0.13645918667316437
260  0.136434867978096
280  0.13641183078289032
258  0.13637784123420715
262  0.1363772600889206
279  0.13634636998176575
264  0.13625605404376984
284  0.13621899485588074
261  0.13620391488075256
274  0.1361859142780304
281  0.1361265629529953
257  0.13604265451431274
253  0.13596761226654053
856  0.13567617535591125
179  0.11406519263982773
879  0.10837099701166153
877  0.1082061380147934
888  0.10759782791137695
878  0.10744806379079819
883  0.10742959380149841
881  0.10741300135850906
882  0.10716032236814499
860  0.1069747805595398
876  0.10693461447954178
875  0.10684506595134735
862  0.10669814050197601
890  0.10665100812911987
868  0.10654248297214508
872  0.10637986660003662
880  0.1063748151063919
867  0.10630583763122559
884  0.10625839233398438
874  0.10616949200630188
859  0.10615117102861404
857  0.10614558309316635
870  0.10614082962274551
885  0.10611964017152786
889  0.10609524697065353
866  0.10605352371931076
858  0.10604807734489441
873  0.10601426661014557
863  0.10594963282346725
861  0.1058698520064354
865  0.10586117208003998
864  0.10571765899658203
871  0.10568134486675262
886  0.105641670525074
869  0.10551176965236664
887  0.10538134723901749
321  0.06455294787883759
214  0.06149565801024437
713  0.06126289814710617
891  0.031097909435629845
701  0.022768495604395866
699  0.02267303504049778
700  0.02266627363860607
143  0.022656656801700592
704  0.02263450063765049
710  0.02257528342306614
682  0.02256651408970356
703  0.02256595715880394
702  0.022560950368642807
679  0.022541401907801628
712  0.022520439699292183
696  0.022519012913107872
705  0.022495713084936142
689  0.022479208186268806
690  0.0224760752171278
697  0.022472048178315163
707  0.02247169241309166
693  0.022441670298576355
683  0.0224309042096138
698  0.022423189133405685
694  0.022415338084101677
691  0.022411750629544258
680  0.02241061069071293
695  0.02240024134516716
692  0.022391049191355705
708  0.02238565869629383
686  0.02236126735806465
688  0.022361095994710922
687  0.022335758432745934
706  0.022328870370984077
684  0.022323183715343475
711  0.02230983041226864
709  0.022291438654065132
681  0.022280378267169
678  0.022271879017353058
685  0.022176871076226234
1034  0.01769867166876793
660  0.01637108251452446
665  0.016319461166858673
664  0.01630006916821003
672  0.016246452927589417
657  0.01624477654695511
669  0.01624380052089691
674  0.016227783635258675
647  0.016222357749938965
661  0.016221588477492332
667  0.016218073666095734
659  0.016208216547966003
658  0.016204658895730972
663  0.016200684010982513
643  0.01619826629757881
670  0.016191117465496063
677  0.016188671812415123
662  0.016183622181415558
668  0.01618281751871109
653  0.01617468148469925
648  0.016173118725419044
666  0.01616877131164074
644  0.016161900013685226
675  0.016147485002875328
645  0.016146590933203697
652  0.016130881384015083
654  0.016110703349113464
650  0.016077902168035507
649  0.016059258952736855
676  0.016053419560194016
646  0.016047561541199684
651  0.016024215146899223
656  0.016013024374842644
673  0.015991857275366783
655  0.01595190539956093
671  0.015949590131640434
927  0.009455903433263302
344  0.00945361703634262
348  0.009424966759979725
340  0.009424454532563686
346  0.009422055445611477
343  0.009415390901267529
345  0.009383042342960835
322  0.009381314739584923
354  0.009375616908073425
341  0.009370136074721813
330  0.009365697391331196
347  0.009362447075545788
329  0.009355121292173862
350  0.00935435201972723
326  0.00935152918100357
351  0.009350202977657318
356  0.009346344508230686
328  0.009341304190456867
323  0.009331649169325829
355  0.009330784901976585
338  0.00933025125414133
353  0.00932399183511734
339  0.00931958295404911
342  0.009310562163591385
349  0.009304741397500038
334  0.009303238242864609
331  0.009302081540226936
333  0.009296081028878689
324  0.009295782074332237
337  0.009290575981140137
352  0.009272712282836437
332  0.009270294569432735
336  0.009267107583582401
325  0.009258057922124863
327  0.009253610856831074
335  0.009236088022589684
535  0.008648395538330078
59  0.007429272867739201
58  0.007416989654302597
55  0.00741498963907361
63  0.00741147343069315
61  0.007407644297927618
66  0.007403641939163208
60  0.007399686146527529
69  0.007388703990727663
62  0.007384864613413811
68  0.007378558162599802
37  0.007377018220722675
71  0.007374260108917952
38  0.007372249849140644
57  0.007358950097113848
54  0.007358580827713013
56  0.007352940272539854
45  0.007349547930061817
65  0.00734277069568634
64  0.007341811899095774
51  0.007339563686400652
41  0.007338188122957945
44  0.0073377713561058044
46  0.0073361811228096485
53  0.007335632108151913
70  0.007334426511079073
43  0.007333850488066673
39  0.007333031389862299
49  0.007323152851313353
48  0.007316953502595425
52  0.007314599119126797
42  0.007307024206966162
67  0.007306055631488562
47  0.007290050387382507
40  0.007290008943527937
50  0.007273708935827017
250  0.007014003582298756
428  0.002043503802269697
36  0.0017059247475117445
820  0.001547102234326303
464  0.001087298383936286
168  0.0009607849060557783
166  0.0009572278358973563
145  0.0009553117561154068
170  0.0009549818933010101
152  0.0009549263631924987
165  0.0009549250244162977
144  0.0009532765252515674
162  0.0009532601106911898
176  0.0009531824616715312
164  0.0009531180257909
167  0.000952806556597352
173  0.0009527462534606457
178  0.0009526205249130726
175  0.0009518383885733783
169  0.0009517958387732506
172  0.0009511414100416005
171  0.0009497359860688448
163  0.0009481360903009772
161  0.0009476330014877021
150  0.0009476185077801347
156  0.0009474051184952259
177  0.0009472381789237261
153  0.0009453451493754983
146  0.0009450129000470042
155  0.0009450088255107403
148  0.0009448472992517054
154  0.000944622210226953
158  0.0009445525356568396
151  0.0009438014240004122
174  0.0009437420521862805
160  0.0009426276665180922
642  0.00094253831775859
149  0.0009424916934221983
147  0.0009421428549103439
159  0.0009416231769137084
157  0.0009394197259098291
24  0.0006701425882056355
22  0.0006679603247903287
23  0.0006674770265817642
33  0.0006661087973043323
2  0.0006660335930064321
27  0.0006659989594481885
1  0.000665931380353868
26  0.0006655468605458736
28  0.0006653877208009362
25  0.0006649945862591267
5  0.0006649794522672892
30  0.0006645165849477053
20  0.0006644804961979389
12  0.0006643007509410381
4  0.0006642063963226974
13  0.0006640605279244483
21  0.0006637280457653105
35  0.0006637023761868477
17  0.0006636194884777069
19  0.0006635888130404055
11  0.0006630088319070637
18  0.0006626661634072661
14  0.0006626613903790712
34  0.0006623071967624128
6  0.0006623028311878443
15  0.0006622267537750304
9  0.0006620361236855388
31  0.0006619273335672915
29  0.0006619134219363332
8  0.000661892001517117
10  0.0006618421757593751
16  0.0006616245955228806
3  0.0006614408339373767
7  0.0006611131248064339
32  0.0006610851269215345
594  0.0006463151075877249
72  0.0006443810416385531
592  0.0006426589097827673
603  0.0006405705353245139
593  0.0006404802552424371
598  0.0006395832751877606
596  0.0006388680194504559
597  0.0006385365850292146
107  0.0006385000888258219
595  0.0006373883225023746
605  0.0006372561911121011
572  0.0006370764458552003
591  0.0006370024057105184
575  0.0006369140464812517
590  0.0006369058974087238
583  0.0006363249267451465
589  0.0006357096717692912
582  0.0006353247445076704
587  0.0006344651919789612
574  0.0006339979008771479
577  0.0006336931837722659
600  0.000633658142760396
576  0.0006334305508062243
580  0.0006326166330836713
588  0.0006325473077595234
599  0.0006322736735455692
578  0.0006321630789898336
586  0.0006320486427284777
584  0.0006319106905721128
585  0.0006318995729088783
581  0.0006318492814898491
573  0.0006317550432868302
604  0.0006317110382951796
579  0.0006312485784292221
601  0.0006309027085080743
602  0.0006295962375588715
963  0.0005970940692350268
571  0.0005273431888781488
499  0.0005164396134205163
749  0.0003074386913795024
93  0.00025097589241340756
97  0.00024910946376621723
95  0.00024762589600868523
94  0.00024740974185988307
76  0.000246919080382213
98  0.00024685528478585184
77  0.00024661392671987414
92  0.00024659864720888436
82  0.00024655985180288553
99  0.000246482522925362
78  0.0002464557474013418
104  0.00024637256865389645
105  0.00024632536224089563
101  0.0002462379925418645
86  0.00024620257318019867
83  0.0002460193063598126
89  0.00024595222203060985
100  0.00024589383974671364
88  0.0002458898816257715
85  0.00024585280334576964
91  0.00024557358119636774
84  0.0002455602225381881
80  0.0002454254135955125
75  0.00024540763115510345
106  0.0002453554479870945
74  0.00024523967294953763
90  0.00024513821699656546
79  0.0002450246538501233
103  0.0002449980238452554
87  0.00024465768365189433
81  0.0002445205464027822
73  0.0002441017422825098
102  0.0002436852373648435
96  0.00024310209846589714
606  0.00023729454551357776
986  0.00022592672030441463
984  0.00022458910825662315
985  0.00022319961863104254
995  0.00022314683883450925
988  0.00022301878198049963
989  0.00022249759058468044
990  0.00022234744392335415
987  0.00022182906104717404
983  0.00022181787062436342
982  0.00022158006322570145
997  0.00022156737395562232
967  0.00022144574904814363
975  0.0002213319530710578
964  0.00022120178618934005
974  0.00022102448565419763
981  0.00022098720364738256
992  0.0002208349178545177
979  0.00022068925318308175
966  0.00022050899860914797
977  0.00022017180162947625
996  0.00022000768512953073
968  0.0002200026501668617
969  0.00021980643214192241
978  0.0002197973954025656
976  0.0002195751731051132
980  0.00021954774274490774
973  0.00021942677267361432
991  0.0002194003900513053
972  0.00021931799710728228
970  0.0002191541134379804
993  0.00021913886303082108
965  0.00021913490490987897
971  0.00021912842930760235
994  0.0002186721976613626
558  0.0002012285403907299
567  0.00020109426986891776
565  0.0002008535957429558
560  0.0002007950097322464
557  0.00020074332132935524
562  0.00020038436923641711
553  0.00020027413847856224
568  0.000200234615476802
554  0.00020023234537802637
559  0.00019994309695903212
556  0.00019993890600744635
537  0.0001998838415602222
550  0.0001997921644942835
561  0.00019976093608420342
563  0.00019969427376054227
570  0.00019966800755355507
555  0.0001995450584217906
536  0.0001993995683733374
546  0.00019913622236344963
542  0.0001987680298043415
541  0.0001987610012292862
538  0.00019868767412845045
544  0.000198669484234415
540  0.0001986338902497664
543  0.0001985242561204359
547  0.00019849094678647816
551  0.00019841732864733785
552  0.00019841564062517136
545  0.00019840107415802777
539  0.00019820178567897528
566  0.00019816872372757643
569  0.00019809634250123054
564  0.000197925852262415
549  0.00019788133795373142
548  0.00019734809757210314
998  0.00017284245404880494
485  0.000148473191075027
487  0.00014772615395486355
489  0.00014712265692651272
484  0.0001469272538088262
486  0.00014681211905553937
491  0.00014677111175842583
475  0.00014648113574367017
497  0.00014643087342847139
483  0.00014639485743828118
468  0.00014628531062044203
496  0.00014627653581555933
490  0.00014616386033594608
470  0.000146023157867603
478  0.0001459343620808795
467  0.00014579777780454606
480  0.000145755780977197
476  0.0001456981262890622
492  0.00014566077152267098
471  0.00014561423449777067
493  0.00014554732479155064
479  0.00014549141633324325
494  0.0001453315489925444
473  0.00014526364975608885
466  0.0001451686694053933
469  0.00014516216469928622
498  0.00014512990310322493
474  0.00014509711763821542
495  0.00014491169713437557
488  0.00014490727335214615
481  0.00014476888463832438
472  0.00014474378258455545
482  0.00014450037269853055
465  0.0001443713263142854
477  0.0001442660577595234
357  0.00012602565402630717
238  0.0001197984311147593
237  0.00011971667117904872
236  0.0001197124583995901
914  0.00011949962208746001
915  0.00011946282756980509
241  0.00011934247595490888
233  0.00011933052883250639
219  0.00011929890752071515
240  0.00011912406625924632
913  0.00011910474859178066
235  0.00011899305536644533
244  0.0001189768299809657
222  0.00011893385089933872
232  0.00011891512258443981
247  0.0001188586829812266
239  0.00011884881678270176
245  0.00011874664050992578
230  0.00011866638669744134
215  0.00011865982378367335
234  0.00011863956024171785
227  0.0001186244044220075
231  0.00011861875100294128
246  0.00011861480015795678
229  0.00011851643648697063
912  0.0001185140572488308
896  0.00011849722068291157
248  0.00011849337897729129
242  0.00011848965368699282
221  0.00011848829308291897
917  0.00011847868154291064
217  0.00011846456618513912
224  0.00011843858374049887
243  0.00011842390085803345
228  0.0001184173597721383
216  0.00011840708611998707
249  0.00011839727085316554
218  0.00011838506179628894
909  0.00011832514428533614
910  0.0001182921914733015
226  0.00011825600086012855
225  0.00011825193359982222
918  0.00011806963448179886
220  0.00011800570064224303
223  0.00011793404701165855
916  0.00011778098269132897
922  0.00011762329086195678
905  0.00011753213038900867
921  0.00011730886762961745
892  0.00011724780779331923
919  0.00011711337720043957
902  0.00011701648327289149
908  0.00011699149763444439
920  0.00011684378114296123
911  0.00011679186718538404
899  0.00011672540858853608
901  0.00011672250548144802
893  0.00011671437823679298
907  0.0001167111549875699
903  0.00011666464706650004
906  0.00011665685451589525
898  0.00011664550402201712
904  0.00011663227633107454
923  0.00011663005716400221
924  0.00011660603195196018
894  0.00011653922410914674
926  0.00011639085278147832
895  0.00011638175783446059
925  0.00011622060264926404
897  0.00011546439054654911
900  0.00011544654262252152
1020  9.277158096665516e-05
1017  9.269924339605495e-05
1025  9.264764230465516e-05
1021  9.263474203180522e-05
1022  9.258537465939298e-05
1031  9.249968570657074e-05
1024  9.245303954230621e-05
1006  9.24267660593614e-05
1015  9.22395774978213e-05
1003  9.220439824275672e-05
1019  9.21805840334855e-05
1028  9.21790924621746e-05
1033  9.216528997058049e-05
1016  9.21453392948024e-05
1011  9.211046562995762e-05
1026  9.203539957525209e-05
1014  9.201573993777856e-05
1023  9.200818749377504e-05
1013  9.198608313454315e-05
1008  9.198459156323224e-05
1018  9.196371684083715e-05
1027  9.190980199491605e-05
1001  9.190831769956276e-05
1005  9.187369869323447e-05
1029  9.187369869323447e-05
999  9.186440729536116e-05
1032  9.186440729536116e-05
1010  9.1831388999708e-05
1030  9.175287414109334e-05
1012  9.174238221021369e-05
1007  9.168990072794259e-05
1000  9.165965457214043e-05
1009  9.161735943052918e-05
1004  9.155779844149947e-05
1002  9.14137635845691e-05
397  4.7616260417271405e-05
416  4.749268191517331e-05
414  4.7422807256225497e-05
415  4.741900920635089e-05
417  4.73722284368705e-05
393  4.732639717985876e-05
419  4.729882857645862e-05
418  4.7248471673810855e-05
411  4.724842801806517e-05
406  4.7232482756953686e-05
413  4.7227393224602565e-05
423  4.7226356400642544e-05
420  4.7172929043881595e-05
405  4.714464012067765e-05
412  4.712818918051198e-05
422  4.711075234808959e-05
410  4.708506821771152e-05
394  4.708183041657321e-05
399  4.705091123469174e-05
408  4.7017718316055834e-05
404  4.701637226389721e-05
395  4.699018973042257e-05
427  4.69607584818732e-05
396  4.6943074266891927e-05
426  4.6919132728362456e-05
403  4.690204150392674e-05
421  4.689023262471892e-05
424  4.6886121708666906e-05
407  4.685630847234279e-05
401  4.683509177993983e-05
409  4.682258440880105e-05
398  4.674223600886762e-05
402  4.673827061196789e-05
425  4.6722936531296e-05
400  4.66388046334032e-05
789  1.7439877410652116e-05
808  1.742852145980578e-05
807  1.7419331925339065e-05
805  1.7407624909537844e-05
806  1.7402560843038373e-05
803  1.7392574591212906e-05
811  1.7385213141096756e-05
815  1.7378102711518295e-05
791  1.737508318910841e-05
809  1.737405727908481e-05
802  1.737029742798768e-05
785  1.736870763124898e-05
810  1.7361619029543363e-05
813  1.7343349099974148e-05
798  1.734174475132022e-05
795  1.7335081793135032e-05
786  1.7333164578303695e-05
812  1.7324422515230253e-05
814  1.732291821099352e-05
801  1.7307726011495106e-05
804  1.7305679648416117e-05
792  1.7301703337579966e-05
797  1.7298618331551552e-05
788  1.7294229110120796e-05
816  1.728923416521866e-05
800  1.7287371520069428e-05
818  1.7279309759032913e-05
796  1.727662493067328e-05
787  1.72745330928592e-05
819  1.7261176253668964e-05
817  1.725275069475174e-05
793  1.7250480595976114e-05
799  1.7249230950255878e-05
794  1.7224901966983452e-05
790  1.7185275282827206e-05
629  1.426229573553428e-05
630  1.4258989722293336e-05
628  1.4256759641284589e-05
392  1.4255767382564954e-05
611  1.4202479178493377e-05
625  1.4194599316397216e-05
633  1.4193678907759022e-05
632  1.4158150406728964e-05
624  1.4146367902867496e-05
627  1.4145558452582918e-05
614  1.4122333595878445e-05
639  1.4103598005021922e-05
636  1.4101864508120343e-05
631  1.4098878637014423e-05
607  1.4089147043705452e-05
623  1.4088744137552567e-05
635  1.4076656952966005e-05
626  1.4072885278437752e-05
634  1.4072831618250348e-05
637  1.4066256881051231e-05
640  1.4057661246624775e-05
622  1.40517231557169e-05
608  1.4048668163013645e-05
638  1.4046591786609497e-05
613  1.4042881957720965e-05
620  1.404036538588116e-05
619  1.4036361790203955e-05
616  1.4035196727490984e-05
609  1.4022407412994653e-05
641  1.402156431140611e-05
617  1.4019277841725852e-05
610  1.4013597137818579e-05
621  1.401234112563543e-05
618  1.399600751028629e-05
615  1.3944050806458108e-05
612  1.3923201549914666e-05
375  1.359472116746474e-05
389  1.3573735486716032e-05
374  1.357313976768637e-05
381  1.357167730020592e-05
382  1.3569308976002503e-05
383  1.3568714166467544e-05
370  1.3567561836680397e-05
358  1.356714801659109e-05
367  1.3566928828367963e-05
380  1.35646905619069e-05
363  1.3563564607466105e-05
359  1.3557176316680852e-05
362  1.3556141311710235e-05
384  1.3552185919252224e-05
366  1.3550313269661274e-05
385  1.3550119547289796e-05
361  1.3549279174185358e-05
379  1.3549124560086057e-05
365  1.3547806702263188e-05
391  1.3547482012654655e-05
369  1.3546282389143016e-05
373  1.3541657608584501e-05
390  1.3539101018977817e-05
372  1.3538428902393207e-05
387  1.3538029634219129e-05
377  1.353746120003052e-05
376  1.3533162928069942e-05
360  1.3529549505619798e-05
378  1.3526762813853566e-05
371  1.3521293112717103e-05
386  1.35182644953602e-05
388  1.3516652870748658e-05
368  1.35015416162787e-05
364  1.3486665920936503e-05
784  1.2768037777277641e-05
770  1.2470057299651671e-05
754  1.2382189197523985e-05
775  1.2373594472592231e-05
776  1.2373570825729985e-05
774  1.2360986147541553e-05
772  1.2359372703940608e-05
753  1.2351266377663705e-05
755  1.2349169082881417e-05
766  1.2347838492132723e-05
771  1.2342045920377132e-05
762  1.2330762729106937e-05
765  1.2329046512604691e-05
759  1.231813985214103e-05
781  1.2307126780797262e-05
750  1.230493035109248e-05
761  1.2301130482228473e-05
769  1.2299510672164615e-05
767  1.2299334230192471e-05
768  1.2297176908759866e-05
777  1.2293471627344843e-05
758  1.2281800991331693e-05
764  1.227930624736473e-05
782  1.2273077118152287e-05
751  1.2270351362531073e-05
778  1.2269497347006109e-05
757  1.2266256817383692e-05
780  1.2257181879249401e-05
752  1.2251000953256153e-05
763  1.2244563549757004e-05
783  1.2243187484273221e-05
760  1.2242403499840293e-05
779  1.2241738659213297e-05
773  1.2214111848152243e-05
756  1.220520516653778e-05
