437  0.2724798917770386
438  0.2724798917770386
439  0.2724798917770386
440  0.2724798917770386
441  0.2724798917770386
442  0.2724798917770386
443  0.2724798917770386
444  0.2724798917770386
445  0.2724798917770386
446  0.2724798917770386
447  0.2724798917770386
448  0.2724798917770386
449  0.2724798917770386
450  0.2724798917770386
451  0.2724798917770386
452  0.2724798917770386
453  0.2724798917770386
454  0.2724798917770386
455  0.2724798917770386
456  0.2724798917770386
457  0.2724798917770386
458  0.2724798917770386
459  0.2724798917770386
460  0.2724798917770386
461  0.2724798917770386
462  0.2724798917770386
463  0.2724798917770386
464  0.2724798917770386
465  0.2724798917770386
466  0.2724798917770386
467  0.2724798917770386
468  0.2724798917770386
469  0.2724798917770386
470  0.2724798917770386
471  0.2724798917770386
472  0.2724798917770386
473  0.2724798917770386
474  0.2724798917770386
475  0.2724798917770386
476  0.2724798917770386
477  0.2724798917770386
478  0.2724798917770386
479  0.2724798917770386
480  0.2724798917770386
481  0.2724798917770386
482  0.2724798917770386
483  0.2724798917770386
582  0.2724798917770386
583  0.2724798917770386
584  0.2724798917770386
585  0.2724798917770386
586  0.2724798917770386
587  0.2724798917770386
588  0.2724798917770386
589  0.2724798917770386
590  0.2724798917770386
591  0.2724798917770386
592  0.2724798917770386
593  0.2724798917770386
594  0.2724798917770386
595  0.2724798917770386
596  0.2724798917770386
597  0.2724798917770386
598  0.2724798917770386
599  0.2724798917770386
600  0.2724798917770386
601  0.2724798917770386
602  0.2724798917770386
603  0.2724798917770386
604  0.2724798917770386
605  0.2724798917770386
606  0.2724798917770386
607  0.2724798917770386
608  0.2724798917770386
609  0.2724798917770386
610  0.2724798917770386
611  0.2724798917770386
612  0.2724798917770386
613  0.2724798917770386
614  0.2724798917770386
615  0.2724798917770386
616  0.2724798917770386
617  0.2724798917770386
618  0.2724798917770386
619  0.2724798917770386
620  0.2724798917770386
621  0.2724798917770386
622  0.2724798917770386
623  0.2724798917770386
624  0.2724798917770386
625  0.2724798917770386
626  0.2724798917770386
627  0.2724798917770386
628  0.2724798917770386
679  0.2724798917770386
680  0.2724798917770386
681  0.2724798917770386
682  0.2724798917770386
683  0.2724798917770386
684  0.2724798917770386
685  0.2724798917770386
686  0.2724798917770386
687  0.2724798917770386
688  0.2724798917770386
689  0.2724798917770386
690  0.2724798917770386
691  0.2724798917770386
692  0.2724798917770386
693  0.2724798917770386
694  0.2724798917770386
695  0.2724798917770386
696  0.2724798917770386
697  0.2724798917770386
698  0.2724798917770386
699  0.2724798917770386
700  0.2724798917770386
701  0.2724798917770386
702  0.2724798917770386
703  0.2724798917770386
704  0.2724798917770386
705  0.2724798917770386
706  0.2724798917770386
707  0.2724798917770386
708  0.2724798917770386
709  0.2724798917770386
710  0.2724798917770386
711  0.2724798917770386
712  0.2724798917770386
713  0.2724798917770386
714  0.2724798917770386
715  0.2724798917770386
716  0.2724798917770386
717  0.2724798917770386
718  0.2724798917770386
719  0.2724798917770386
720  0.2724798917770386
721  0.2724798917770386
722  0.2724798917770386
723  0.2724798917770386
724  0.2724798917770386
725  0.2724798917770386
775  0.2724798917770386
776  0.2724798917770386
777  0.2724798917770386
778  0.2724798917770386
779  0.2724798917770386
780  0.2724798917770386
781  0.2724798917770386
782  0.2724798917770386
783  0.2724798917770386
784  0.2724798917770386
785  0.2724798917770386
786  0.2724798917770386
787  0.2724798917770386
788  0.2724798917770386
789  0.2724798917770386
790  0.2724798917770386
791  0.2724798917770386
792  0.2724798917770386
793  0.2724798917770386
794  0.2724798917770386
795  0.2724798917770386
796  0.2724798917770386
797  0.2724798917770386
798  0.2724798917770386
799  0.2724798917770386
800  0.2724798917770386
801  0.2724798917770386
802  0.2724798917770386
803  0.2724798917770386
804  0.2724798917770386
805  0.2724798917770386
806  0.2724798917770386
807  0.2724798917770386
808  0.2724798917770386
809  0.2724798917770386
810  0.2724798917770386
811  0.2724798917770386
812  0.2724798917770386
813  0.2724798917770386
814  0.2724798917770386
815  0.2724798917770386
816  0.2724798917770386
817  0.2724798917770386
818  0.2724798917770386
819  0.2724798917770386
820  0.2724798917770386
821  0.2724798917770386
822  0.2724798917770386
1066  0.2724798917770386
1067  0.2724798917770386
1068  0.2724798917770386
1069  0.2724798917770386
1070  0.2724798917770386
1071  0.2724798917770386
1072  0.2724798917770386
1073  0.2724798917770386
1074  0.2724798917770386
1075  0.2724798917770386
1076  0.2724798917770386
1077  0.2724798917770386
1078  0.2724798917770386
1079  0.2724798917770386
1080  0.2724798917770386
1081  0.2724798917770386
1082  0.2724798917770386
1083  0.2724798917770386
1084  0.2724798917770386
1085  0.2724798917770386
1086  0.2724798917770386
1087  0.2724798917770386
1088  0.2724798917770386
1089  0.2724798917770386
1090  0.2724798917770386
1091  0.2724798917770386
1092  0.2724798917770386
1093  0.2724798917770386
1094  0.2724798917770386
1095  0.2724798917770386
1096  0.2724798917770386
1097  0.2724798917770386
1098  0.2724798917770386
1099  0.2724798917770386
1100  0.2724798917770386
1101  0.2724798917770386
1102  0.2724798917770386
1103  0.2724798917770386
1104  0.2724798917770386
1105  0.2724798917770386
1106  0.2724798917770386
1107  0.2724798917770386
1108  0.2724798917770386
1109  0.2724798917770386
1110  0.2724798917770386
1111  0.2724798917770386
1112  0.2724798917770386
1162  0.2724798917770386
1163  0.2724798917770386
1164  0.2724798917770386
1165  0.2724798917770386
1166  0.2724798917770386
1167  0.2724798917770386
1168  0.2724798917770386
1169  0.2724798917770386
1170  0.2724798917770386
1171  0.2724798917770386
1172  0.2724798917770386
1173  0.2724798917770386
1174  0.2724798917770386
1175  0.2724798917770386
1176  0.2724798917770386
1177  0.2724798917770386
1178  0.2724798917770386
1179  0.2724798917770386
1180  0.2724798917770386
1181  0.2724798917770386
1182  0.2724798917770386
1183  0.2724798917770386
1184  0.2724798917770386
1185  0.2724798917770386
1186  0.2724798917770386
1187  0.2724798917770386
1188  0.2724798917770386
1189  0.2724798917770386
1190  0.2724798917770386
1191  0.2724798917770386
1192  0.2724798917770386
1193  0.2724798917770386
1194  0.2724798917770386
1195  0.2724798917770386
1196  0.2724798917770386
1197  0.2724798917770386
1198  0.2724798917770386
1199  0.2724798917770386
1200  0.2724798917770386
1201  0.2724798917770386
1202  0.2724798917770386
1203  0.2724798917770386
1204  0.2724798917770386
1205  0.2724798917770386
1206  0.2724798917770386
1207  0.2724798917770386
1208  0.2724798917770386
1209  0.2724798917770386
1407  0.2707372307777405
328  0.27033841609954834
327  0.2703131139278412
292  0.270303338766098
3  0.27023983001708984
1404  0.27019041776657104
293  0.2701495587825775
1405  0.2700534164905548
320  0.269998162984848
1450  0.2699895203113556
1406  0.26986151933670044
322  0.2697771191596985
31  0.26976028084754944
1437  0.26975101232528687
1433  0.2697034180164337
38  0.26970022916793823
1430  0.2696976661682129
1440  0.2696599066257477
9  0.2696436047554016
297  0.2696351110935211
1422  0.26961931586265564
18  0.26955464482307434
37  0.26954182982444763
19  0.2695361077785492
2  0.2695108652114868
32  0.26944801211357117
1  0.269439697265625
10  0.2694292366504669
301  0.2694125771522522
1435  0.2693997919559479
319  0.2693944573402405
298  0.2693846523761749
1413  0.2693684995174408
294  0.2693498432636261
1445  0.26933586597442627
30  0.26932820677757263
1410  0.2693270742893219
8  0.2692897319793701
1409  0.26927000284194946
1414  0.2692626714706421
11  0.26925256848335266
324  0.2692469656467438
1446  0.26923954486846924
338  0.26923638582229614
330  0.2692357301712036
33  0.2692256569862366
310  0.26921820640563965
302  0.26919978857040405
26  0.269188791513443
40  0.2691863775253296
1449  0.2691751718521118
21  0.2691716253757477
5  0.26915958523750305
7  0.26915690302848816
13  0.2691532373428345
295  0.26915109157562256
299  0.26914873719215393
1421  0.26914745569229126
1436  0.2691385746002197
337  0.26910844445228577
6  0.26910167932510376
308  0.26907655596733093
12  0.2690751254558563
41  0.2690536379814148
303  0.26904430985450745
46  0.26903513073921204
331  0.26902446150779724
313  0.26901745796203613
336  0.26900404691696167
36  0.26900142431259155
1411  0.26900067925453186
1417  0.2689984440803528
17  0.26899585127830505
1447  0.2689734995365143
311  0.26896974444389343
333  0.26896724104881287
1420  0.26895225048065186
48  0.2689507305622101
334  0.2689199149608612
309  0.26890844106674194
1423  0.26890674233436584
34  0.2688834071159363
15  0.2688726484775543
45  0.26886990666389465
329  0.2688648998737335
1443  0.2688468098640442
317  0.2688286602497101
1419  0.2688217759132385
29  0.268820583820343
23  0.2688189446926117
43  0.26881319284439087
325  0.2688092887401581
47  0.26877808570861816
321  0.26877278089523315
1441  0.26877090334892273
4  0.2687704265117645
1412  0.2687440812587738
335  0.26873260736465454
44  0.26870647072792053
1442  0.2686799466609955
316  0.2686731815338135
1439  0.26866984367370605
42  0.26864877343177795
20  0.2686021625995636
1451  0.2685921788215637
300  0.26858797669410706
326  0.2685563564300537
1432  0.26855209469795227
27  0.2685224711894989
307  0.2685035467147827
1444  0.2685028314590454
1434  0.26846396923065186
304  0.26845839619636536
1408  0.2684246301651001
314  0.2683916389942169
1424  0.2683744430541992
39  0.26837417483329773
1416  0.2683523893356323
16  0.26832571625709534
323  0.2683251202106476
1425  0.26830247044563293
1448  0.2682918310165405
296  0.2682867646217346
1438  0.26825419068336487
1418  0.26824474334716797
1426  0.26824408769607544
24  0.268217533826828
318  0.2682049870491028
306  0.2681677043437958
14  0.2681272625923157
1428  0.2681225538253784
1429  0.26808851957321167
25  0.2680649757385254
312  0.26801517605781555
22  0.2679636478424072
315  0.2679145336151123
35  0.2679114043712616
305  0.26788777112960815
1431  0.267852783203125
1415  0.2678307890892029
28  0.2677636742591858
332  0.267718642950058
1427  0.2675490081310272
484  0.2122412919998169
1065  0.2035713493824005
678  0.17077291011810303
1210  0.16948406398296356
1211  0.1537691205739975
1212  0.15372903645038605
1247  0.1535564810037613
1246  0.15343257784843445
1239  0.15342247486114502
1213  0.1533178985118866
1241  0.15324771404266357
1256  0.15315811336040497
1217  0.15314629673957825
1257  0.15311197936534882
1243  0.15310239791870117
1249  0.1530095785856247
1254  0.15284663438796997
1228  0.15282870829105377
1221  0.15282626450061798
1253  0.1528252363204956
1235  0.15275584161281586
1216  0.1527222990989685
1238  0.15272168815135956
1230  0.15271776914596558
1252  0.15263418853282928
1215  0.15259279310703278
1229  0.15256768465042114
1214  0.15251938998699188
1218  0.1525135189294815
1250  0.1524452269077301
1232  0.15234969556331635
1240  0.15233789384365082
1226  0.15233716368675232
1255  0.1523345559835434
1219  0.15224741399288177
1242  0.15221114456653595
1220  0.15219451487064362
1227  0.152189239859581
1224  0.15217503905296326
1236  0.15217162668704987
1222  0.1521364450454712
1234  0.15213364362716675
1223  0.15207847952842712
1231  0.15207648277282715
1225  0.1520572453737259
1248  0.15203732252120972
1245  0.1519814431667328
1244  0.15192186832427979
1237  0.15191729366779327
1251  0.1519053429365158
1233  0.15155822038650513
485  0.12657471001148224
488  0.12656976282596588
531  0.12655241787433624
511  0.12602494657039642
526  0.12601453065872192
503  0.12596704065799713
516  0.12595884501934052
487  0.1259499043226242
486  0.1259469985961914
521  0.12590210139751434
518  0.1258661299943924
530  0.125745490193367
514  0.1257326900959015
527  0.1257224678993225
494  0.12568065524101257
491  0.12557348608970642
513  0.1255628913640976
490  0.12552596628665924
492  0.12546344101428986
495  0.12541531026363373
502  0.12536661326885223
493  0.12536369264125824
528  0.12535212934017181
520  0.1253344714641571
504  0.12528635561466217
498  0.12528018653392792
517  0.12527000904083252
522  0.1252555549144745
501  0.1252349317073822
523  0.1252276599407196
515  0.12518541514873505
507  0.12512511014938354
497  0.1250125616788864
510  0.12495313584804535
489  0.12494758516550064
525  0.12486192584037781
519  0.1248018890619278
524  0.12479975074529648
499  0.12479018419981003
529  0.12478843331336975
532  0.12474517524242401
505  0.12473046779632568
512  0.12470495700836182
506  0.12470246106386185
509  0.124557726085186
496  0.1243770644068718
500  0.12432528287172318
508  0.12428398430347443
629  0.11053561419248581
1258  0.09814248234033585
291  0.09489376097917557
148  0.0786762610077858
183  0.07858117669820786
182  0.07855352759361267
177  0.07839914411306381
147  0.0783923864364624
153  0.07833398133516312
174  0.07829084992408752
166  0.07828125357627869
179  0.0782540813088417
175  0.07824648171663284
152  0.07820487767457962
156  0.07819467037916183
164  0.07818913459777832
185  0.0781739130616188
157  0.07815086096525192
191  0.07814015448093414
171  0.07813052088022232
193  0.07812949270009995
181  0.07812269032001495
186  0.07812093943357468
168  0.07811695337295532
149  0.07810850441455841
176  0.07810764759778976
726  0.07807955145835876
192  0.07806628942489624
189  0.0780583992600441
163  0.07805167138576508
151  0.0780152678489685
155  0.0780123770236969
150  0.07800755649805069
158  0.07800132036209106
165  0.07797759026288986
162  0.07797249406576157
188  0.07790925353765488
154  0.0778946802020073
190  0.07789438962936401
172  0.07789409905672073
178  0.07781582325696945
160  0.07777311652898788
161  0.07775961607694626
187  0.07773958146572113
169  0.07772239297628403
184  0.07770136743783951
180  0.07769857347011566
173  0.07765776664018631
170  0.07762301713228226
167  0.07761130481958389
159  0.077603280544281
1262  0.060036297887563705
1261  0.059988174587488174
1259  0.05997442081570625
1277  0.059851791709661484
1291  0.05983230471611023
1266  0.059821534901857376
1304  0.059817567467689514
1292  0.05980595946311951
146  0.059790030121803284
1295  0.05978351831436157
1288  0.059769157320261
1305  0.059742093086242676
1268  0.05973847955465317
1285  0.05972927063703537
1300  0.059714268893003464
1296  0.05961477756500244
1264  0.059584084898233414
1301  0.05958155542612076
1290  0.05957331508398056
1267  0.0595531091094017
1260  0.059539344161748886
1280  0.059539102017879486
1299  0.059536613523960114
1278  0.05948789417743683
1265  0.059484925121068954
1294  0.059476349502801895
1297  0.05947013571858406
1273  0.0594647042453289
1269  0.05946054309606552
1271  0.05944439023733139
1281  0.05942363291978836
1302  0.05939747765660286
1287  0.05938513204455376
1263  0.05937541648745537
1284  0.05935647338628769
1272  0.059352412819862366
1303  0.05933663994073868
1293  0.059323750436306
1298  0.059318434447050095
1276  0.05931161716580391
1279  0.05926204472780228
1289  0.05922671779990196
1274  0.059221167117357254
1275  0.059191327542066574
1270  0.05914178118109703
1283  0.05913785845041275
1282  0.05912764370441437
1286  0.05901163071393967
436  0.055261801928281784
1306  0.05468220263719559
823  0.039885204285383224
970  0.03210223838686943
986  0.0320957712829113
969  0.032045718282461166
1015  0.032013650983572006
1009  0.03196975961327553
1010  0.031964145600795746
997  0.03195865824818611
1004  0.03195508196949959
985  0.03194935992360115
1008  0.031946245580911636
988  0.03193458914756775
989  0.03193371370434761
1014  0.03193143382668495
971  0.03192749619483948
983  0.03192024305462837
1005  0.03191843256354332
995  0.03190843388438225
987  0.031891729682683945
998  0.03187929838895798
984  0.03187831863760948
1012  0.031867727637290955
982  0.03186614438891411
976  0.03186533600091934
978  0.03186383470892906
1003  0.03186190128326416
1007  0.03186021000146866
1001  0.03185679018497467
974  0.03184648975729942
972  0.0318450853228569
1013  0.03184441477060318
1000  0.03183625265955925
1011  0.0318271704018116
991  0.03181901574134827
993  0.03180781379342079
999  0.031802333891391754
979  0.031799301505088806
980  0.0317969024181366
981  0.031787220388650894
990  0.03178061544895172
973  0.03177778422832489
994  0.031769268214702606
1002  0.03176654130220413
975  0.03175186365842819
977  0.031748995184898376
992  0.03174135461449623
996  0.031731121242046356
1006  0.03172346577048302
774  0.030723093077540398
1312  0.02569485455751419
1324  0.025657203048467636
1325  0.025648823007941246
1314  0.025635456666350365
1315  0.02563455142080784
1309  0.02563347853720188
1348  0.025615686550736427
1310  0.02560560032725334
1311  0.025601260364055634
1332  0.02559104561805725
1308  0.025582991540431976
1354  0.02558205835521221
1316  0.02557433769106865
1346  0.025569342076778412
1321  0.02556360885500908
1350  0.02555660344660282
1313  0.025554418563842773
1337  0.02554653026163578
1323  0.025542249903082848
1338  0.025541573762893677
1352  0.02554052323102951
1343  0.025538507848978043
1353  0.025533659383654594
1318  0.025532977655529976
1327  0.025528106838464737
1336  0.02552122250199318
1307  0.0255073644220829
1339  0.025503898039460182
1326  0.02550365962088108
1333  0.025500718504190445
1345  0.025497501716017723
1317  0.02549499273300171
1344  0.025494156405329704
1319  0.025470439344644547
1335  0.02546805329620838
1347  0.02546766959130764
1322  0.02546645514667034
1340  0.02546619065105915
1320  0.025464508682489395
1349  0.025462007150053978
1328  0.025460729375481606
1331  0.025449663400650024
1334  0.025432538241147995
1330  0.025426385924220085
1341  0.025415878742933273
1351  0.025411922484636307
1342  0.02539895661175251
1329  0.02539198473095894
825  0.02167738601565361
859  0.021673770621418953
860  0.021670784801244736
824  0.02166929468512535
852  0.021629830822348595
870  0.021615564823150635
830  0.021601874381303787
869  0.021587811410427094
862  0.02158241719007492
826  0.021581199020147324
854  0.021572845056653023
833  0.021566241979599
829  0.02156311832368374
856  0.021561121568083763
843  0.021556902676820755
866  0.02155548892915249
863  0.02154991775751114
827  0.021549897268414497
848  0.021541178226470947
851  0.021539149805903435
840  0.02153799682855606
834  0.021536188200116158
867  0.021530264988541603
865  0.02152739278972149
842  0.021526973694562912
831  0.021524840965867043
841  0.021524153649806976
828  0.02152322418987751
850  0.021516552194952965
857  0.021507347002625465
839  0.021505985409021378
835  0.02150437794625759
868  0.021497266367077827
836  0.0214933343231678
864  0.021485356613993645
861  0.02148205041885376
844  0.021480847150087357
853  0.021477479487657547
849  0.021472498774528503
838  0.021471988409757614
845  0.02147049643099308
837  0.021468201652169228
855  0.021463818848133087
858  0.02145400643348694
847  0.021448075771331787
832  0.021446453407406807
846  0.02141863852739334
730  0.0211765319108963
734  0.021165069192647934
756  0.021161850541830063
728  0.02111685648560524
729  0.021110592409968376
767  0.02109629102051258
745  0.021092455834150314
760  0.02108549140393734
768  0.021084245294332504
769  0.02108292281627655
746  0.021082110702991486
773  0.02107861079275608
763  0.021077293902635574
742  0.021075990051031113
727  0.021075261756777763
759  0.02107386477291584
764  0.021061981096863747
736  0.021060746163129807
743  0.02104780450463295
194  0.021044237539172173
753  0.021041864529252052
748  0.02102930098772049
732  0.02102857269346714
733  0.02102331817150116
765  0.021020958200097084
766  0.021018950268626213
758  0.021018555387854576
761  0.021016713231801987
772  0.02100914530456066
741  0.020996728911995888
744  0.020995933562517166
739  0.0209925826638937
757  0.020992279052734375
762  0.020984966307878494
735  0.02097851037979126
771  0.02097017876803875
755  0.020967870950698853
747  0.020960306748747826
752  0.020953673869371414
749  0.020951971411705017
750  0.020948436111211777
737  0.02092861570417881
738  0.020927447825670242
740  0.020927317440509796
751  0.0209178663790226
770  0.020890958607196808
731  0.020875314250588417
754  0.020829306915402412
1016  0.010589886456727982
968  0.010461585596203804
198  0.007041705772280693
202  0.007037399336695671
241  0.007030226290225983
197  0.007025334518402815
195  0.00702101131901145
236  0.007020093500614166
196  0.007019223179668188
237  0.0070160930044949055
209  0.007014418486505747
232  0.007013083901256323
231  0.007012439426034689
214  0.007010932080447674
235  0.00701083242893219
224  0.007010825909674168
229  0.00701019586995244
210  0.007009073626250029
227  0.007005742285400629
207  0.007005463819950819
211  0.007005052641034126
221  0.007004349492490292
240  0.007003626320511103
213  0.007001795340329409
204  0.007001185789704323
228  0.007000662386417389
216  0.006998428609222174
200  0.006998156663030386
234  0.006998036988079548
212  0.006997162941843271
230  0.006996553391218185
201  0.006994724273681641
226  0.006994518917053938
203  0.006994366645812988
239  0.006992518901824951
218  0.006991016212850809
215  0.006990030407905579
208  0.006985443644225597
233  0.006984888110309839
225  0.006979367230087519
223  0.0069793532602488995
205  0.006976922042667866
238  0.0069765979424119
206  0.0069760424084961414
219  0.006972800008952618
220  0.006969050038605928
217  0.006968146190047264
199  0.0069639110006392
222  0.006951042450964451
581  0.006434468552470207
242  0.004424332641065121
99  0.003947453573346138
100  0.003946003038436174
116  0.003945635631680489
101  0.003945309203118086
145  0.003943342249840498
143  0.003941420931369066
115  0.0039406162686645985
105  0.0039399610832333565
129  0.0039374507032334805
141  0.003936358727514744
117  0.003932378254830837
103  0.003932344727218151
106  0.003932225052267313
144  0.003931141924113035
107  0.0039306157268583775
131  0.003929663449525833
98  0.003929212223738432
136  0.003927529323846102
123  0.003925742115825415
134  0.003925712779164314
137  0.00392555957660079
139  0.003924989141523838
127  0.00392412394285202
108  0.003923154901713133
102  0.003922644536942244
124  0.0039206999354064465
112  0.003920420538634062
114  0.003919567912817001
111  0.003918663132935762
119  0.003918644972145557
109  0.003918596543371677
133  0.0039172787219285965
104  0.003916140180081129
130  0.003912358544766903
142  0.003912209998816252
138  0.0039100623689591885
122  0.003908758983016014
135  0.003908651415258646
132  0.003908350598067045
118  0.0039082057774066925
125  0.003908146172761917
110  0.003906799014657736
128  0.0039058676920831203
126  0.0039057452231645584
121  0.0039042984135448933
140  0.0039020476397126913
113  0.0039014029316604137
120  0.003897084156051278
633  0.003805961925536394
675  0.0038039882201701403
637  0.0038020911160856485
661  0.0038012315053492785
630  0.0038008634001016617
676  0.0037997981999069452
677  0.003799653612077236
656  0.0037952272687107325
647  0.0037947366945445538
671  0.0037943008355796337
648  0.0037929851096123457
655  0.0037926356308162212
638  0.003791878931224346
631  0.0037917490117251873
632  0.003791363909840584
649  0.0037908200174570084
660  0.003788972971960902
634  0.0037885410711169243
635  0.00378778507001698
651  0.0037867275532335043
673  0.003786040237173438
640  0.0037857992574572563
658  0.0037834802642464638
641  0.0037831745576113462
639  0.0037828474305570126
644  0.0037822439335286617
666  0.0037822439335286617
646  0.0037807205226272345
653  0.0037799268029630184
645  0.0037791007198393345
643  0.0037770834751427174
668  0.0037764518056064844
654  0.00377636612392962
636  0.0037736152298748493
674  0.0037720089312642813
642  0.0037708303425461054
657  0.003770633367821574
667  0.0037699025124311447
659  0.0037697055377066135
669  0.0037658000364899635
664  0.0037650454323738813
670  0.0037645911797881126
663  0.0037641047965735197
650  0.003763014217838645
665  0.003761452157050371
672  0.003758922917768359
662  0.0037584619130939245
652  0.0037516835145652294
1403  0.003313360968604684
871  0.0028697361703962088
1113  0.0021509258076548576
339  0.0010629688622429967
1020  0.0008806561236269772
1024  0.0008804338285699487
1063  0.0008786780526861548
1017  0.000878461985848844
1035  0.0008772274595685303
1062  0.0008770511485636234
1019  0.0008768012630753219
1043  0.0008766576065681875
1048  0.0008763778023421764
1018  0.0008758602780289948
1058  0.0008744968799874187
1053  0.0008744834340177476
1025  0.0008744093356654048
1026  0.0008740603225305676
1022  0.0008740087505429983
1059  0.0008733976283110678
1055  0.0008733069407753646
1060  0.0008727222448214889
1034  0.0008726315572857857
1039  0.0008724327781237662
1030  0.0008723746286705136
1049  0.0008722706697881222
1064  0.0008720047771930695
1042  0.0008719774195924401
1054  0.0008719259058125317
1027  0.0008718586177565157
1021  0.0008717945893295109
1045  0.0008717580349184573
1023  0.0008716691518202424
1050  0.0008715504663996398
1038  0.0008714997675269842
1046  0.0008714732248336077
1052  0.00087091198656708
1047  0.0008708639070391655
1036  0.0008700179168954492
1031  0.0008697336306795478
1057  0.0008695977157913148
1037  0.0008691768744029105
1033  0.000869135488756001
1044  0.0008687670924700797
1029  0.0008679702295921743
1051  0.0008677337318658829
1040  0.000867412134539336
1056  0.000866901536937803
1061  0.0008667470538057387
1041  0.0008661741157993674
1028  0.0008657845901325345
1032  0.000864854664541781
957  0.0008232782129198313
922  0.0008230609819293022
928  0.0008214366971515119
938  0.0008212699904106557
950  0.0008211103267967701
945  0.000820894492790103
956  0.0008207387872971594
962  0.0008204213809221983
952  0.000820350949652493
940  0.0008203102624975145
961  0.0008202805765904486
921  0.0008200492593459785
929  0.0008199390722438693
932  0.0008198844152502716
936  0.0008197086281143129
960  0.0008196165435947478
937  0.0008195782429538667
924  0.0008194883703254163
953  0.0008194189285859466
927  0.000819397799205035
942  0.0008193603716790676
925  0.0008192870300263166
930  0.000819188600871712
959  0.0008188647334463894
926  0.0008188132778741419
920  0.0008186501800082624
965  0.0008185355109162629
949  0.0008182750316336751
955  0.0008182688034139574
934  0.0008182337624020875
951  0.0008180372533388436
931  0.0008179406286217272
923  0.0008178026764653623
946  0.0008177855634130538
935  0.0008176429546438158
964  0.0008176242699846625
963  0.0008175891707651317
948  0.000817183346953243
967  0.0008168407948687673
944  0.000816588697489351
966  0.0008165272884070873
954  0.0008161935256794095
958  0.0008158754790201783
939  0.000815821869764477
947  0.000814729486592114
941  0.0008142274455167353
933  0.0008139573619700968
943  0.0008135340758599341
1355  0.0006459939759224653
49  0.0005839064833708107
244  0.0004974195035174489
286  0.0004961546510457993
248  0.0004958766512572765
245  0.0004956252523697913
290  0.0004956233315169811
289  0.0004954264150001109
261  0.0004952833405695856
260  0.0004952200688421726
250  0.0004950808361172676
246  0.0004950449801981449
256  0.0004950081929564476
252  0.0004949142457917333
282  0.0004949081339873374
243  0.0004948817077092826
249  0.0004948237328790128
276  0.00049474963452667
279  0.0004945450345985591
253  0.0004944478860124946
247  0.0004944337997585535
288  0.0004944130196236074
269  0.0004944074316881597
251  0.0004943093517795205
273  0.0004942392115481198
262  0.0004942217492498457
281  0.0004941836232319474
274  0.0004940748331137002
270  0.0004940517246723175
263  0.0004940276849083602
268  0.000493950501549989
257  0.0004939241334795952
284  0.0004937071353197098
267  0.0004936134791933
275  0.0004934981698170304
272  0.0004934770404361188
254  0.0004934379830956459
287  0.000493374012876302
259  0.0004928729613311589
285  0.0004928071866743267
278  0.0004927992122247815
271  0.00049265829147771
283  0.0004926090477965772
264  0.0004925103858113289
280  0.0004924907116219401
255  0.0004923263913951814
277  0.0004922884400002658
265  0.0004922738880850375
266  0.0004920224309898913
258  0.0004916806356050074
396  0.0004366891516838223
405  0.00043586487299762666
406  0.0004357468569651246
395  0.0004353325057309121
433  0.0004350926901679486
429  0.0004350798553787172
435  0.00043506783549673855
391  0.0004349977243691683
413  0.00043498448212631047
392  0.0004349417577032
393  0.0004347394569776952
418  0.000434695539297536
388  0.00043468436342664063
402  0.00043450784869492054
414  0.00043444905895739794
404  0.0004343604086898267
397  0.00043433974497020245
425  0.00043423581519164145
409  0.0004341137537267059
407  0.0004340872401371598
390  0.0004340839514043182
389  0.00043400615686550736
431  0.0004339035367593169
424  0.00043385225581005216
417  0.00043378613190725446
420  0.00043378485133871436
400  0.0004337803111411631
399  0.00043376872781664133
412  0.0004337443388067186
426  0.0004337182908784598
403  0.0004337120917625725
398  0.0004336690763011575
434  0.0004336608399171382
416  0.0004335847916081548
419  0.00043354672379791737
422  0.00043327739695087075
401  0.0004331967793405056
432  0.00043291860492900014
427  0.0004329131916165352
411  0.0004328918003011495
394  0.0004328843206167221
428  0.0004327011702116579
415  0.00043232887401245534
408  0.00043174653546884656
410  0.0004316971462685615
421  0.00043168850243091583
430  0.0004316658596508205
423  0.00043121553608216345
1161  0.000361715181497857
1373  0.00018770110909827054
1356  0.00018732153694145381
1384  0.0001871108979685232
1399  0.00018701885710470378
1370  0.00018697230552788824
1382  0.00018685718532651663
1401  0.00018675085448194295
1378  0.00018673714657779783
1376  0.0001867344690253958
1397  0.00018672895384952426
1402  0.00018672556325327605
1388  0.00018671114230528474
1387  0.00018668925622478127
1392  0.0001866666425485164
1369  0.0001866036473074928
1395  0.0001865931408246979
1357  0.00018658407498151064
1386  0.00018649568664841354
1358  0.00018647896649781615
1390  0.00018644997908268124
1391  0.00018636643653735518
1377  0.000186362347449176
1359  0.00018634281877893955
1396  0.00018630533304531127
1360  0.0001862936042016372
1381  0.00018626271048560739
1366  0.00018626076052896678
1385  0.00018625221855472773
1368  0.00018623037612996995
1371  0.0001862224016804248
1375  0.00018620677292346954
1374  0.00018620268383529037
1400  0.00018616841407492757
1383  0.00018616505258250982
1367  0.00018613983411341906
1380  0.000186130782822147
1394  0.00018612350686453283
1364  0.0001861222553998232
1363  0.00018610293045639992
1372  0.00018608146638143808
1389  0.00018607950187288225
1398  0.00018602363707032055
1379  0.00018600234761834145
1393  0.0001859769836300984
1361  0.00018595607252791524
1365  0.00018572765111457556
1362  0.00018556072609499097
919  0.00016880445764400065
875  0.00016214085917454213
879  0.00016134305042214692
901  0.00016119220526888967
909  0.00016112766752485186
874  0.00016110969590954483
872  0.0001610670005902648
918  0.00016106513794511557
913  0.00016105134272947907
914  0.00016094709280878305
908  0.000160890631377697
891  0.00016085212701000273
884  0.0001606706209713593
887  0.00016064703231677413
881  0.00016061196220107377
873  0.00016050448175519705
904  0.00016050372505560517
878  0.0001604983553988859
886  0.00016049806436058134
906  0.00016046180098783225
905  0.00016044266521930695
888  0.00016041834896896034
912  0.00016040717309806496
911  0.00016038637841120362
893  0.00016030672122724354
898  0.00016027614765334874
877  0.00016018723545130342
917  0.00016015363507904112
890  0.00016006798250600696
892  0.00016001626499928534
916  0.0001600032701389864
895  0.0001599659153725952
903  0.00015996271395124495
880  0.00015988433733582497
910  0.00015985063510015607
885  0.00015979318413883448
907  0.00015968656225595623
882  0.0001596404326846823
889  0.00015950562374200672
915  0.00015943065227475017
894  0.00015931502275634557
897  0.00015924895706120878
902  0.00015923238242976367
883  0.0001591839682077989
896  0.0001591006584931165
876  0.00015899207210168242
900  0.00015897314005997032
899  0.00015824839647393674
97  8.648809307487682e-05
1131  5.980386049486697e-05
1142  5.965082164038904e-05
1132  5.955686356173828e-05
1114  5.9542500821407884e-05
1115  5.951303683104925e-05
1116  5.943266660324298e-05
1155  5.9417659940663725e-05
1145  5.9376081480877474e-05
1160  5.937448804615997e-05
1154  5.93357217439916e-05
1153  5.9333287936169654e-05
1159  5.932565181865357e-05
1134  5.9297424741089344e-05
1130  5.929583858232945e-05
1135  5.9293070080457255e-05
1125  5.928583414060995e-05
1149  5.9282614529365674e-05
1140  5.926949961576611e-05
1157  5.9268539189361036e-05
1139  5.9266672906233e-05
1150  5.924627112108283e-05
1144  5.924610741203651e-05
1147  5.9241021517664194e-05
1129  5.924085053266026e-05
1152  5.92310207139235e-05
1121  5.9227746532997116e-05
1146  5.9226498706266284e-05
1127  5.921797128394246e-05
1117  5.919437171542086e-05
1133  5.917557791690342e-05
1156  5.9167454310227185e-05
1143  5.9166442952118814e-05
1126  5.915678775636479e-05
1138  5.91545867791865e-05
1123  5.9150755987502635e-05
1128  5.914511712035164e-05
1136  5.911145490244962e-05
1122  5.911015614401549e-05
1158  5.9108799177920446e-05
1124  5.905922444071621e-05
1148  5.905528087168932e-05
1141  5.900163887417875e-05
1119  5.898323797737248e-05
1151  5.8967885706806555e-05
1118  5.896451330045238e-05
1120  5.896260336157866e-05
1137  5.891763066756539e-05
51  1.995524507947266e-05
86  1.9920411432394758e-05
85  1.9917315512429923e-05
96  1.99156620510621e-05
93  1.9914750737370923e-05
50  1.9913080905098468e-05
95  1.9903358406736515e-05
78  1.988478470593691e-05
69  1.988161966437474e-05
82  1.988152325793635e-05
60  1.9877486920449883e-05
62  1.987295581784565e-05
63  1.98721609194763e-05
57  1.986579445656389e-05
65  1.9865130525431596e-05
76  1.9856532162521034e-05
88  1.985562266781926e-05
91  1.9855340724461712e-05
81  1.985458038689103e-05
52  1.985073868127074e-05
66  1.9847237126668915e-05
89  1.9844965208903886e-05
59  1.9844585040118545e-05
61  1.9841936591546983e-05
53  1.9841880202875473e-05
55  1.9841219909721985e-05
92  1.9838096704916097e-05
70  1.9836581486742944e-05
54  1.9836394130834378e-05
64  1.9831022655125707e-05
67  1.9830114979413338e-05
90  1.9828845324809663e-05
74  1.982824323931709e-05
58  1.9824610717478208e-05
56  1.981897912628483e-05
79  1.9818580767605454e-05
83  1.9805942429229617e-05
80  1.980569686566014e-05
73  1.9798482753685676e-05
68  1.9789422367466614e-05
94  1.9786175471381284e-05
77  1.9778461137320846e-05
87  1.976107705559116e-05
71  1.9745571989915334e-05
72  1.973450525838416e-05
75  1.9730270651052706e-05
84  1.972942118300125e-05
533  1.0147385182790458e-05
535  7.451939836755628e-06
538  7.4510157901386265e-06
539  7.449189979524817e-06
569  7.448848464264302e-06
540  7.448486030625645e-06
550  7.447556072293082e-06
563  7.4467179729253985e-06
556  7.4461854637775104e-06
547  7.4450772444834e-06
565  7.4450772444834e-06
542  7.444964012393029e-06
536  7.444949915225152e-06
579  7.4446234066272154e-06
559  7.444332823069999e-06
537  7.44385624784627e-06
541  7.443445156241069e-06
580  7.442316473316168e-06
561  7.442018159053987e-06
558  7.441365596605465e-06
571  7.441009984177072e-06
546  7.44006001696107e-06
544  7.440045465045841e-06
534  7.439711680490291e-06
543  7.438959983119275e-06
551  7.438293323502876e-06
564  7.438144166371785e-06
562  7.436335181409959e-06
570  7.435363841068465e-06
577  7.4351228249724954e-06
574  7.434945018758299e-06
548  7.433881819451926e-06
576  7.433052360283909e-06
555  7.432861366396537e-06
573  7.43269856684492e-06
578  7.4326630965515506e-06
557  7.432627626258181e-06
545  7.43203190722852e-06
575  7.431649009959074e-06
554  7.430996447510552e-06
553  7.430345249304082e-06
572  7.430068308167392e-06
552  7.4299837251601275e-06
560  7.425832791341236e-06
566  7.424310751957819e-06
549  7.422689122904558e-06
567  7.415054824377876e-06
568  7.406835720757954e-06
387  1.2406314908730565e-06
347  8.292038273793878e-07
374  8.288621984320343e-07
386  8.28215888759587e-07
382  8.277334586637153e-07
340  8.274295169030665e-07
378  8.273412390735757e-07
381  8.272575655610126e-07
341  8.268639817288204e-07
363  8.268561373370176e-07
380  8.268443139058945e-07
343  8.267764997071936e-07
377  8.266022177849663e-07
356  8.265951123576087e-07
372  8.265565156762023e-07
370  8.264572102234524e-07
359  8.262688311333477e-07
349  8.262002779702016e-07
352  8.261932293862628e-07
383  8.261891935035237e-07
345  8.261420134658692e-07
375  8.25982851893059e-07
350  8.258379011749639e-07
373  8.258363664026547e-07
371  8.258127763838274e-07
346  8.256883461399411e-07
376  8.25444999463798e-07
355  8.252285397247761e-07
385  8.252041538980848e-07
354  8.25187726150034e-07
357  8.251813028437027e-07
384  8.251703320638626e-07
364  8.250350447269739e-07
353  8.248539984379022e-07
342  8.246062748185068e-07
369  8.245717708632583e-07
379  8.245111757787527e-07
360  8.243491151915805e-07
367  8.243303000199376e-07
366  8.242139415415295e-07
368  8.238044983954751e-07
365  8.237731208282639e-07
362  8.237149131673505e-07
344  8.235327868533204e-07
348  8.232964319176972e-07
358  8.231990022977698e-07
361  8.216044875553052e-07
351  8.214760782720987e-07
