1015  0.23300570249557495
1024  0.2328900396823883
1067  0.2328411191701889
212  0.23276425898075104
931  0.23275816440582275
3  0.2326149344444275
829  0.2325959950685501
1002  0.23258449137210846
610  0.23252363502979279
365  0.23248645663261414
615  0.2324121594429016
585  0.23236389458179474
969  0.23233498632907867
557  0.23233087360858917
478  0.2323223501443863
431  0.23230192065238953
614  0.2322685271501541
450  0.2322264462709427
391  0.23222209513187408
555  0.23222053050994873
664  0.2322034239768982
635  0.23219795525074005
146  0.23219121992588043
534  0.23218633234500885
758  0.23218204081058502
470  0.23216041922569275
1050  0.23215055465698242
1059  0.23214387893676758
194  0.23214150965213776
282  0.23212206363677979
993  0.2321203351020813
1020  0.2320941835641861
1048  0.23207764327526093
578  0.23206275701522827
498  0.23204903304576874
700  0.23202472925186157
308  0.2320234477519989
349  0.23202334344387054
230  0.23200827836990356
588  0.23200689256191254
147  0.2319781482219696
831  0.23194541037082672
637  0.23194289207458496
936  0.231922909617424
662  0.2319226711988449
741  0.23190967738628387
29  0.23189908266067505
100  0.23189851641654968
898  0.2318735420703888
713  0.23186129331588745
803  0.23185847699642181
376  0.23184627294540405
586  0.23181605339050293
527  0.23180440068244934
40  0.23180024325847626
727  0.23179686069488525
762  0.23179639875888824
594  0.23178474605083466
669  0.23177790641784668
675  0.23177078366279602
707  0.23176565766334534
396  0.23175787925720215
1004  0.23175029456615448
34  0.23174794018268585
270  0.23174245655536652
178  0.23173385858535767
650  0.23171496391296387
83  0.23171311616897583
78  0.23170410096645355
188  0.23170241713523865
213  0.23169399797916412
454  0.23169386386871338
925  0.23169207572937012
718  0.23169122636318207
465  0.23169119656085968
770  0.23168864846229553
341  0.23168838024139404
191  0.23168537020683289
691  0.23167923092842102
337  0.23167088627815247
766  0.23166954517364502
151  0.2316623330116272
421  0.23163950443267822
602  0.23163899779319763
910  0.23163653910160065
666  0.231632798910141
852  0.23162665963172913
312  0.23161663115024567
323  0.23161377012729645
784  0.23160402476787567
521  0.23160363733768463
592  0.23160138726234436
916  0.23159556090831757
642  0.2315928190946579
263  0.23159126937389374
765  0.23158471286296844
19  0.23158399760723114
1018  0.23158174753189087
530  0.2315729260444641
862  0.23157137632369995
371  0.2315625548362732
1069  0.23154981434345245
504  0.23153817653656006
228  0.23153749108314514
320  0.23153358697891235
676  0.23152856528759003
536  0.23152631521224976
640  0.23151947557926178
560  0.23151887953281403
496  0.23150955140590668
761  0.23150193691253662
657  0.23148773610591888
331  0.23148640990257263
835  0.231485515832901
732  0.2314789891242981
897  0.23147855699062347
953  0.2314721941947937
148  0.23146796226501465
687  0.23146411776542664
705  0.23146088421344757
583  0.23145277798175812
77  0.23145252466201782
747  0.23145094513893127
466  0.23145048320293427
979  0.23144905269145966
695  0.23144422471523285
673  0.2314435839653015
307  0.23143623769283295
347  0.23143041133880615
377  0.231424480676651
604  0.23142269253730774
785  0.2314213216304779
627  0.23141935467720032
355  0.231415793299675
937  0.23141472041606903
665  0.23141232132911682
832  0.2314041554927826
621  0.23140336573123932
632  0.2313973605632782
976  0.23139700293540955
398  0.2313949167728424
822  0.23139460384845734
778  0.23139424622058868
241  0.23138873279094696
572  0.23138414323329926
65  0.23138342797756195
357  0.23137766122817993
696  0.23137441277503967
882  0.23137298226356506
152  0.23136138916015625
387  0.2313586175441742
471  0.23135825991630554
259  0.2313561588525772
328  0.231354758143425
350  0.23135389387607574
568  0.2313467264175415
1060  0.23134656250476837
653  0.2313387542963028
743  0.23133620619773865
921  0.23133090138435364
545  0.23132765293121338
977  0.23131991922855377
118  0.23131941258907318
908  0.23131415247917175
795  0.23130959272384644
420  0.23130840063095093
841  0.23130793869495392
366  0.23130199313163757
674  0.2312908172607422
382  0.23128385841846466
538  0.2312832921743393
276  0.2312803864479065
813  0.23128032684326172
428  0.23127813637256622
232  0.2312762588262558
945  0.23127447068691254
880  0.23127181828022003
163  0.23125970363616943
209  0.23125870525836945
96  0.23125487565994263
736  0.231245756149292
334  0.23124253749847412
99  0.23123639822006226
985  0.23122423887252808
253  0.2312164306640625
150  0.23121541738510132
73  0.2312130630016327
686  0.23121076822280884
951  0.2312101572751999
138  0.23120638728141785
27  0.23120591044425964
440  0.23120301961898804
769  0.23120272159576416
911  0.2312019318342209
692  0.2312006801366806
643  0.23119992017745972
20  0.23119619488716125
132  0.2311943620443344
559  0.2311917543411255
620  0.23118411004543304
346  0.2311834990978241
348  0.23118126392364502
659  0.2311805635690689
479  0.2311798334121704
793  0.23117850720882416
694  0.23117847740650177
481  0.2311779409646988
717  0.23117025196552277
663  0.2311677485704422
58  0.23115761578083038
469  0.2311556190252304
552  0.23115144670009613
734  0.23115098476409912
917  0.2311440259218216
754  0.23113374412059784
516  0.23113121092319489
716  0.23112908005714417
553  0.23112647235393524
326  0.23112154006958008
967  0.2311210334300995
791  0.23112016916275024
41  0.231109619140625
55  0.23110786080360413
403  0.2311077117919922
767  0.23110650479793549
591  0.23109495639801025
799  0.23109424114227295
1010  0.23108899593353271
359  0.23108461499214172
1027  0.2310754507780075
667  0.23107273876667023
182  0.23107197880744934
571  0.23107020556926727
500  0.23106712102890015
277  0.2310648262500763
989  0.23106439411640167
773  0.23106174170970917
214  0.2310606837272644
417  0.23105981945991516
712  0.2310597151517868
942  0.23105771839618683
646  0.23105627298355103
719  0.23105187714099884
503  0.23104703426361084
603  0.23103629052639008
963  0.23103290796279907
128  0.23103071749210358
672  0.23103003203868866
141  0.2310260534286499
318  0.23102514445781708
631  0.23102152347564697
688  0.2310175597667694
807  0.23101665079593658
238  0.23101560771465302
914  0.2310134917497635
107  0.23101328313350677
819  0.23101180791854858
351  0.2310115098953247
833  0.23100903630256653
364  0.2310076653957367
800  0.23100638389587402
775  0.23100422322750092
565  0.23100325465202332
535  0.23100097477436066
180  0.23099645972251892
539  0.2309953272342682
891  0.23098723590373993
441  0.2309848964214325
303  0.23097558319568634
1021  0.23097537457942963
698  0.23096789419651031
327  0.2309676706790924
638  0.2309650480747223
1038  0.2309616357088089
808  0.2309592217206955
624  0.23095883429050446
780  0.23095817863941193
1022  0.2309572696685791
865  0.23095543682575226
633  0.23095440864562988
690  0.2309539020061493
452  0.23095309734344482
386  0.23094964027404785
122  0.23094889521598816
9  0.23094581067562103
519  0.23094215989112854
739  0.2309412956237793
484  0.23094087839126587
566  0.230940043926239
851  0.2309395670890808
798  0.23093676567077637
926  0.23093147575855255
149  0.23092621564865112
722  0.23092146217823029
221  0.23092137277126312
225  0.2309197038412094
906  0.23091937601566315
789  0.23091764748096466
446  0.230916365981102
176  0.2309139370918274
490  0.2309122532606125
966  0.23090778291225433
756  0.2309071123600006
878  0.2309044748544693
21  0.23090220987796783
974  0.2309005856513977
399  0.23089969158172607
353  0.2308984398841858
284  0.2308962047100067
764  0.23089511692523956
86  0.2308938205242157
483  0.23089288175106049
206  0.23089252412319183
613  0.2308899313211441
742  0.23088504374027252
385  0.23088297247886658
509  0.23088255524635315
88  0.2308693379163742
291  0.23086923360824585
973  0.2308691442012787
1008  0.23086649179458618
839  0.23085308074951172
408  0.2308526635169983
986  0.23084880411624908
848  0.2308410257101059
6  0.23084037005901337
971  0.23083636164665222
725  0.23083564639091492
582  0.23083488643169403
23  0.23083478212356567
37  0.23083417117595673
714  0.23083247244358063
940  0.23083239793777466
990  0.2308269590139389
90  0.23082634806632996
628  0.23082004487514496
772  0.23081380128860474
810  0.23081347346305847
826  0.23081260919570923
886  0.230808824300766
243  0.2308076024055481
871  0.2308012992143631
792  0.23079848289489746
49  0.2307952493429184
140  0.23079484701156616
540  0.23079119622707367
881  0.23079119622707367
207  0.23078933358192444
46  0.23078803718090057
567  0.23078767955303192
634  0.23078717291355133
269  0.23078641295433044
119  0.23078550398349762
581  0.23078398406505585
11  0.23078316450119019
995  0.23078230023384094
32  0.23077519237995148
605  0.23076960444450378
38  0.2307666540145874
654  0.2307567298412323
652  0.2307559698820114
804  0.23075489699840546
689  0.23075410723686218
998  0.2307499498128891
805  0.23074941337108612
837  0.23074525594711304
903  0.23074133694171906
816  0.23073714971542358
1051  0.23073558509349823
297  0.23073367774486542
749  0.23073291778564453
847  0.2307281494140625
711  0.2307262420654297
818  0.2307262420654297
964  0.23072516918182373
265  0.2307243049144745
170  0.23072360455989838
239  0.23072288930416107
752  0.23072263598442078
93  0.23072098195552826
370  0.23071765899658203
317  0.23071761429309845
127  0.2307158261537552
779  0.2307150661945343
264  0.23070982098579407
1062  0.23070408403873444
244  0.23070400953292847
825  0.23070375621318817
120  0.23069745302200317
904  0.23069538176059723
295  0.23069410026073456
599  0.23069410026073456
57  0.23068872094154358
584  0.23068778216838837
777  0.23068203032016754
292  0.23068086802959442
322  0.23067907989025116
682  0.23067839443683624
884  0.23067821562290192
1042  0.23067738115787506
488  0.23067589104175568
186  0.2306758165359497
894  0.23067224025726318
626  0.23066756129264832
368  0.2306658923625946
434  0.23066449165344238
217  0.23066329956054688
706  0.23066264390945435
708  0.23065975308418274
531  0.2306591123342514
1035  0.23065690696239471
413  0.23065264523029327
842  0.23065173625946045
248  0.23065152764320374
670  0.23064841330051422
601  0.23064787685871124
394  0.23064488172531128
987  0.23064202070236206
858  0.23064112663269043
782  0.23063291609287262
130  0.23063276708126068
797  0.23063115775585175
427  0.23063047230243683
994  0.23062558472156525
520  0.2306242436170578
868  0.23062317073345184
324  0.2306227684020996
844  0.2306220531463623
235  0.2306215763092041
185  0.23062099516391754
625  0.23062093555927277
821  0.2306164801120758
254  0.23061363399028778
246  0.2306123524904251
768  0.23061226308345795
473  0.2306119203567505
283  0.23061124980449677
106  0.23060362040996552
525  0.23060207068920135
154  0.2305995374917984
513  0.2305944710969925
533  0.2305941879749298
823  0.23059231042861938
596  0.23058995604515076
375  0.23058965802192688
738  0.23058843612670898
753  0.23058830201625824
549  0.23058301210403442
680  0.23058153688907623
932  0.23058098554611206
1000  0.23057962954044342
411  0.2305755615234375
517  0.2305750697851181
397  0.2305743396282196
249  0.23057347536087036
787  0.23056744039058685
660  0.23056566715240479
252  0.23056361079216003
70  0.23056252300739288
704  0.2305624783039093
952  0.23055875301361084
432  0.23055817186832428
616  0.23055806756019592
978  0.2305525839328766
356  0.23055210709571838
982  0.23054610192775726
737  0.23054280877113342
877  0.23054274916648865
988  0.2305392026901245
1013  0.23053500056266785
85  0.2305346429347992
874  0.2305331826210022
703  0.23052848875522614
828  0.23052801191806793
948  0.23052754998207092
216  0.23052263259887695
97  0.23052194714546204
598  0.2305210381746292
407  0.23051872849464417
360  0.23051868379116058
950  0.230516254901886
827  0.23050996661186218
607  0.23050963878631592
575  0.23050880432128906
242  0.23050786554813385
418  0.23050710558891296
402  0.23050545156002045
999  0.23049719631671906
1054  0.2304939329624176
480  0.23049357533454895
918  0.2304931879043579
681  0.23049187660217285
838  0.23049010336399078
861  0.23048794269561768
36  0.2304864227771759
61  0.23048116266727448
648  0.23047637939453125
442  0.23047606647014618
294  0.23047487437725067
39  0.23046861588954926
299  0.23045140504837036
143  0.23044532537460327
189  0.2304430902004242
333  0.23044218122959137
271  0.23043686151504517
636  0.23043681681156158
639  0.23043417930603027
289  0.23043210804462433
577  0.23043020069599152
183  0.23043018579483032
258  0.23042573034763336
629  0.230425626039505
776  0.23042207956314087
495  0.2304202765226364
79  0.23041994869709015
611  0.2304169088602066
699  0.23041172325611115
1061  0.23041144013404846
590  0.23041048645973206
684  0.23040926456451416
817  0.23040740191936493
720  0.2304048091173172
746  0.23040182888507843
229  0.2304009199142456
541  0.23039980232715607
958  0.23039975762367249
811  0.23039701581001282
44  0.23039236664772034
286  0.23039023578166962
920  0.23038917779922485
668  0.23038598895072937
671  0.23038487136363983
192  0.23038390278816223
293  0.23038381338119507
144  0.2303837090730667
685  0.2303813248872757
849  0.2303813248872757
729  0.2303752303123474
133  0.23037487268447876
744  0.23037469387054443
1011  0.2303742915391922
748  0.23037207126617432
439  0.23037171363830566
168  0.23037055134773254
131  0.23036794364452362
472  0.23036544024944305
929  0.2303641438484192
618  0.23036077618598938
306  0.23034675419330597
1041  0.23034675419330597
757  0.23034068942070007
617  0.23034018278121948
329  0.2303352802991867
548  0.23033036291599274
544  0.23032884299755096
1053  0.2303263247013092
875  0.23032626509666443
576  0.23032492399215698
196  0.23032480478286743
563  0.23032209277153015
1043  0.23031771183013916
161  0.23031063377857208
796  0.23030710220336914
554  0.23030319809913635
907  0.23030158877372742
943  0.2302986979484558
1046  0.2302972376346588
301  0.23029440641403198
126  0.23029373586177826
153  0.23029299080371857
745  0.2302904576063156
915  0.23028989136219025
895  0.23028312623500824
569  0.23028230667114258
522  0.23027846217155457
815  0.23027780652046204
462  0.23027482628822327
215  0.2302655279636383
508  0.23026354610919952
1040  0.23026198148727417
715  0.2302570343017578
550  0.23025591671466827
759  0.23025262355804443
389  0.23025095462799072
448  0.2302490919828415
935  0.23024903237819672
774  0.23024362325668335
501  0.23024216294288635
834  0.23024195432662964
794  0.23024041950702667
968  0.23023614287376404
693  0.23023493587970734
181  0.23023337125778198
843  0.2302333116531372
697  0.23022980988025665
475  0.2302294820547104
26  0.23022623360157013
437  0.23022465407848358
451  0.2302204966545105
310  0.23021908104419708
561  0.2302187830209732
16  0.23021744191646576
15  0.2302151471376419
512  0.23020915687084198
786  0.23020915687084198
623  0.2302091121673584
824  0.23020733892917633
913  0.2302057147026062
869  0.23020559549331665
103  0.23020486533641815
494  0.23020458221435547
315  0.23019692301750183
139  0.23019665479660034
1006  0.23019647598266602
74  0.23019540309906006
135  0.23019050061702728
344  0.23019035160541534
67  0.23018701374530792
98  0.2301861047744751
362  0.23017741739749908
455  0.23017625510692596
899  0.2301742434501648
919  0.23017388582229614
482  0.23017337918281555
129  0.23017191886901855
528  0.2301708459854126
783  0.23017001152038574
922  0.23016400635242462
240  0.2301608771085739
245  0.23015789687633514
580  0.23015721142292023
257  0.23015393316745758
619  0.2301524579524994
197  0.2301516979932785
814  0.2301509976387024
505  0.23015096783638
930  0.23015034198760986
1019  0.23015020787715912
551  0.23014678061008453
924  0.23014655709266663
1025  0.2301451414823532
302  0.23014391958713531
730  0.23014187812805176
104  0.23014028370380402
68  0.23013849556446075
42  0.23013614118099213
444  0.2301332652568817
101  0.23013314604759216
589  0.23012976348400116
1036  0.2301277369260788
156  0.23012642562389374
892  0.23012439906597137
30  0.23012202978134155
319  0.23011985421180725
477  0.2301178127527237
574  0.23011362552642822
227  0.23010867834091187
546  0.23010312020778656
867  0.23009847104549408
678  0.23009788990020752
268  0.23009085655212402
7  0.23009003698825836
630  0.2300899475812912
401  0.23008456826210022
438  0.23008279502391815
587  0.23008261620998383
579  0.23008213937282562
726  0.23007620871067047
24  0.23007352650165558
901  0.23007333278656006
345  0.23006802797317505
850  0.23006565868854523
954  0.23006027936935425
1066  0.23005732893943787
400  0.23005364835262299
701  0.23005180060863495
879  0.23004761338233948
846  0.23004120588302612
876  0.23004084825515747
468  0.2300376445055008
683  0.23003588616847992
893  0.2300313115119934
175  0.23002967238426208
285  0.2300294190645218
724  0.23002104461193085
595  0.23001623153686523
114  0.23001351952552795
502  0.23000939190387726
656  0.2300083041191101
809  0.23000751435756683
1032  0.2300073206424713
22  0.23000474274158478
281  0.230004221200943
709  0.22999516129493713
733  0.22999505698680878
12  0.22999326884746552
912  0.2299896627664566
203  0.2299887090921402
1001  0.22998493909835815
267  0.22998249530792236
655  0.2299804836511612
806  0.22997862100601196
374  0.22997771203517914
47  0.22997596859931946
872  0.2299722135066986
863  0.22997018694877625
1012  0.22996270656585693
1052  0.22996146976947784
573  0.2299603521823883
645  0.22995658218860626
76  0.22995539009571075
755  0.22995451092720032
195  0.22995363175868988
900  0.22995224595069885
649  0.22995002567768097
414  0.22994492948055267
177  0.2299441695213318
50  0.22994118928909302
429  0.22993378341197968
84  0.22992773354053497
393  0.22992758452892303
373  0.22992710769176483
137  0.2299235463142395
923  0.22991971671581268
1063  0.22991351783275604
750  0.2299119532108307
33  0.22991159558296204
883  0.22991155087947845
378  0.22990211844444275
934  0.22990207374095917
542  0.22990071773529053
608  0.22990071773529053
121  0.22989864647388458
31  0.22989623248577118
1031  0.22989434003829956
419  0.22989121079444885
702  0.2298908829689026
933  0.22988945245742798
1034  0.22988367080688477
486  0.22988341748714447
570  0.22988121211528778
412  0.22988030314445496
459  0.22987787425518036
250  0.2298760861158371
251  0.22987359762191772
1039  0.22986263036727905
54  0.22986039519309998
606  0.22985893487930298
390  0.22985774278640747
14  0.22985327243804932
721  0.2298492044210434
199  0.22984915971755981
515  0.22984008491039276
247  0.22983893752098083
449  0.22983868420124054
190  0.2298368215560913
651  0.22983470559120178
4  0.22983293235301971
184  0.22982950508594513
94  0.22982828319072723
947  0.2298281490802765
342  0.2298266440629959
896  0.22982381284236908
487  0.2298220992088318
81  0.22981682419776917
52  0.2298138439655304
790  0.22981329262256622
856  0.22981113195419312
492  0.22981087863445282
211  0.22980749607086182
62  0.22980669140815735
518  0.22980639338493347
280  0.22980289161205292
820  0.22980278730392456
864  0.2297992706298828
939  0.22979778051376343
941  0.229787677526474
45  0.22978734970092773
728  0.22978438436985016
959  0.22978052496910095
489  0.2297782450914383
278  0.22977668046951294
384  0.22977663576602936
564  0.2297738790512085
92  0.22977299988269806
314  0.2297719419002533
72  0.22977149486541748
658  0.22977128624916077
423  0.22976967692375183
612  0.2297658622264862
458  0.2297629863023758
369  0.2297622263431549
56  0.22976046800613403
335  0.22975638508796692
433  0.2297561913728714
1068  0.22975558042526245
111  0.2297510802745819
735  0.22974959015846252
367  0.22974884510040283
415  0.22974848747253418
710  0.229744553565979
1047  0.22974304854869843
938  0.2297275960445404
28  0.22972427308559418
609  0.2297191470861435
499  0.22971662878990173
532  0.22971481084823608
1016  0.22971247136592865
395  0.22969473898410797
409  0.22969181835651398
507  0.22969137132167816
983  0.22968995571136475
112  0.2296859323978424
840  0.2296856790781021
857  0.22968460619449615
343  0.22968289256095886
406  0.22968044877052307
392  0.22967718541622162
909  0.22967678308486938
537  0.22967661917209625
992  0.2296765297651291
167  0.22966992855072021
944  0.22966977953910828
123  0.2296651005744934
1026  0.22966420650482178
751  0.22966279089450836
330  0.22966228425502777
1045  0.2296553999185562
457  0.22965097427368164
226  0.2296508252620697
763  0.22964639961719513
781  0.22964616119861603
25  0.22964078187942505
379  0.2296406328678131
1023  0.22964011132717133
275  0.22963352501392365
8  0.22962331771850586
1057  0.22962303459644318
205  0.22962230443954468
202  0.22960667312145233
902  0.22960510849952698
476  0.22959475219249725
172  0.22959430515766144
1056  0.22959409654140472
13  0.22959166765213013
600  0.22958523035049438
556  0.22958099842071533
788  0.22958062589168549
134  0.22957761585712433
467  0.22957484424114227
801  0.22957243025302887
169  0.22957047820091248
866  0.2295691967010498
887  0.2295687347650528
949  0.22956737875938416
110  0.22956110537052155
854  0.2295609712600708
981  0.22956067323684692
946  0.22955967485904694
425  0.229559063911438
204  0.22955887019634247
677  0.2295546680688858
300  0.22954964637756348
236  0.22954697906970978
991  0.22954551875591278
830  0.2295437455177307
142  0.2295423299074173
996  0.22954195737838745
325  0.22954192757606506
836  0.22954061627388
1014  0.22953855991363525
760  0.22953669726848602
290  0.22953540086746216
927  0.22953389585018158
422  0.22953222692012787
416  0.2295316755771637
71  0.2295314222574234
1033  0.2295314073562622
305  0.2295304238796234
75  0.2295280396938324
336  0.22952093183994293
82  0.2295171171426773
17  0.2295018583536148
529  0.22950153052806854
288  0.2294924259185791
223  0.22948956489562988
890  0.2294890284538269
430  0.22948436439037323
447  0.229483962059021
526  0.22948232293128967
1017  0.229481041431427
928  0.22947503626346588
115  0.22947466373443604
723  0.229471355676651
975  0.22945958375930786
1065  0.2294587939977646
1044  0.22945809364318848
855  0.22945141792297363
1030  0.22944580018520355
445  0.22944213449954987
210  0.2294417768716812
1028  0.22944167256355286
311  0.22943417727947235
219  0.22943052649497986
463  0.22942973673343658
198  0.22942417860031128
443  0.22942256927490234
845  0.22942079603672028
853  0.22941966354846954
641  0.22941818833351135
159  0.22941341996192932
491  0.22940990328788757
497  0.22940297424793243
514  0.22939428687095642
474  0.22939012944698334
453  0.22938072681427002
905  0.22937557101249695
381  0.2293684482574463
426  0.22936499118804932
10  0.2293630838394165
383  0.22935636341571808
460  0.22935496270656586
234  0.2293543815612793
1007  0.229354128241539
1  0.22934935986995697
424  0.22934697568416595
363  0.22934652864933014
69  0.2293434739112854
136  0.22933945059776306
220  0.22933827340602875
873  0.22933363914489746
885  0.2293258160352707
60  0.22932541370391846
965  0.22932538390159607
972  0.2293234020471573
261  0.22931943833827972
961  0.2293158322572708
108  0.22930525243282318
740  0.22930432856082916
731  0.2293034940958023
157  0.22929738461971283
313  0.22929136455059052
358  0.22928880155086517
173  0.22928820550441742
338  0.22928088903427124
870  0.22926659882068634
361  0.22926340997219086
812  0.22926102578639984
187  0.22925987839698792
771  0.22925160825252533
316  0.22924965620040894
511  0.2292417585849762
116  0.22923384606838226
51  0.22923006117343903
464  0.22922874987125397
218  0.22922836244106293
332  0.22922399640083313
461  0.22921903431415558
296  0.2292165756225586
165  0.22920861840248108
233  0.22920292615890503
340  0.2292022705078125
95  0.22919461131095886
113  0.2291945368051529
266  0.22919152677059174
145  0.2291857749223709
506  0.2291775345802307
597  0.22917592525482178
193  0.22917349636554718
957  0.22916831076145172
1037  0.22915542125701904
53  0.22913968563079834
510  0.22913412749767303
802  0.22913230955600739
162  0.22912226617336273
984  0.22912083566188812
960  0.22912052273750305
1009  0.22911520302295685
404  0.22911420464515686
164  0.22910720109939575
274  0.22910116612911224
262  0.2290959358215332
562  0.2290879786014557
593  0.22908622026443481
435  0.2290818691253662
524  0.2290809154510498
125  0.22907225787639618
208  0.22906678915023804
547  0.22906160354614258
380  0.2290463000535965
80  0.22904063761234283
493  0.22903548181056976
679  0.2290199249982834
171  0.22900007665157318
997  0.2289876788854599
436  0.22898562252521515
87  0.2289794683456421
955  0.22897504270076752
201  0.22897154092788696
485  0.22896581888198853
888  0.22895503044128418
260  0.2289494425058365
160  0.22894927859306335
456  0.2289436310529709
89  0.2289406806230545
237  0.2289283275604248
558  0.228927880525589
43  0.22892281413078308
860  0.22892196476459503
405  0.228921577334404
1058  0.22892063856124878
2  0.22891990840435028
309  0.22889040410518646
1055  0.2288629710674286
200  0.2288546860218048
179  0.2288293093442917
48  0.22882826626300812
372  0.22882194817066193
298  0.2288181334733963
255  0.22881443798542023
117  0.22880764305591583
18  0.22880065441131592
155  0.22879037261009216
644  0.2287718504667282
35  0.22877027094364166
859  0.22876644134521484
388  0.22876515984535217
231  0.22874847054481506
647  0.2287430316209793
352  0.22873078286647797
287  0.22869284451007843
59  0.22868826985359192
158  0.22868254780769348
339  0.22867625951766968
661  0.22863641381263733
64  0.22862909734249115
102  0.2285931557416916
980  0.22859081625938416
956  0.2285790741443634
5  0.22856849431991577
105  0.22856739163398743
174  0.22856390476226807
889  0.228556826710701
166  0.22855249047279358
222  0.22854961454868317
1005  0.22854472696781158
523  0.22852808237075806
622  0.228486105799675
543  0.2284824252128601
256  0.22848020493984222
66  0.2284613400697708
224  0.22842274606227875
354  0.22836489975452423
970  0.22835390269756317
91  0.22831614315509796
273  0.22831301391124725
272  0.22827570140361786
410  0.22825410962104797
1029  0.2282314896583557
1003  0.2281917780637741
109  0.22818011045455933
1064  0.2281780242919922
63  0.22810155153274536
304  0.22808746993541718
962  0.2280152440071106
279  0.22794120013713837
321  0.2278255969285965
1049  0.2277963012456894
124  0.22750037908554077
