600  0.1787450611591339
205  0.17872685194015503
982  0.17865817248821259
824  0.1786341816186905
401  0.17853617668151855
196  0.17851047217845917
188  0.17843878269195557
357  0.17841877043247223
723  0.1784130185842514
1052  0.17837733030319214
155  0.1783505529165268
1014  0.1783236861228943
1217  0.17830698192119598
1166  0.17827410995960236
1588  0.17822954058647156
1172  0.17822211980819702
290  0.1782151460647583
1359  0.17820876836776733
1427  0.17819558084011078
559  0.17818841338157654
1231  0.17817866802215576
1101  0.17817215621471405
713  0.1781497299671173
1535  0.17814621329307556
843  0.17812290787696838
176  0.17811742424964905
512  0.1781124323606491
1034  0.17811092734336853
697  0.17810925841331482
1549  0.1780928075313568
11  0.17808786034584045
596  0.17807212471961975
1232  0.17807084321975708
1288  0.1780686229467392
25  0.1780664324760437
842  0.17806263267993927
115  0.17806175351142883
1026  0.1780606359243393
1262  0.1780587136745453
209  0.1780572384595871
364  0.1780530959367752
806  0.17805194854736328
1095  0.17805060744285583
685  0.17804692685604095
602  0.17804518342018127
679  0.17804475128650665
554  0.17804200947284698
1689  0.17803652584552765
1657  0.17803475260734558
1007  0.1780342161655426
552  0.17801523208618164
1189  0.17800377309322357
1267  0.17800258100032806
887  0.17799967527389526
375  0.17799901962280273
1080  0.1779986470937729
712  0.17799818515777588
124  0.17799222469329834
745  0.17799070477485657
780  0.17798347771167755
1030  0.17796452343463898
1082  0.17796362936496735
1449  0.1779579073190689
216  0.17794914543628693
597  0.1779470443725586
773  0.17794522643089294
19  0.17793984711170197
1005  0.1779375970363617
891  0.17793524265289307
855  0.17793235182762146
379  0.17793184518814087
269  0.17792998254299164
1256  0.1779290735721588
682  0.17792831361293793
1008  0.17792589962482452
1348  0.17792148888111115
1605  0.17792072892189026
766  0.17791855335235596
199  0.17791840434074402
68  0.17791754007339478
950  0.1779027283191681
1096  0.17789416015148163
1108  0.17789210379123688
905  0.17788726091384888
979  0.1778859943151474
45  0.17788374423980713
506  0.17788143455982208
116  0.17788062989711761
170  0.17788024246692657
1485  0.1778794676065445
810  0.17787238955497742
1186  0.1778719425201416
935  0.17786353826522827
678  0.1778620034456253
962  0.1778598129749298
1391  0.1778593808412552
237  0.17785915732383728
28  0.17785760760307312
1522  0.17785415053367615
432  0.1778540462255478
1512  0.17784900963306427
951  0.17784859240055084
1188  0.17784689366817474
1268  0.1778453290462494
65  0.1778450310230255
1663  0.1778450310230255
88  0.1778440922498703
674  0.17784199118614197
987  0.17783474922180176
772  0.17783424258232117
852  0.17782756686210632
198  0.17782717943191528
522  0.17782650887966156
1043  0.17782090604305267
741  0.17781822383403778
267  0.1778177171945572
808  0.1778145283460617
703  0.1778135448694229
1713  0.1778120994567871
677  0.1778094470500946
1118  0.1778079718351364
263  0.1778077334165573
86  0.17780701816082
937  0.17780528962612152
1562  0.17780493199825287
310  0.17780421674251556
789  0.17780135571956635
1536  0.1777990609407425
1196  0.1777954250574112
347  0.17779232561588287
1212  0.17779164016246796
208  0.17779158055782318
978  0.177787646651268
828  0.17778563499450684
1700  0.17778535187244415
627  0.1777842789888382
218  0.17778350412845612
988  0.17778263986110687
1714  0.17777879536151886
121  0.17777793109416962
1017  0.1777753233909607
1655  0.17777279019355774
823  0.17777155339717865
262  0.1777699887752533
1525  0.1777694672346115
1204  0.1777644157409668
1244  0.17776189744472504
811  0.17775851488113403
722  0.1777578890323639
915  0.17775149643421173
1142  0.17775103449821472
986  0.17774906754493713
975  0.17774781584739685
191  0.1777476817369461
1038  0.17774765193462372
425  0.17774753272533417
1341  0.17774704098701477
877  0.17774620652198792
587  0.17774289846420288
474  0.17774102091789246
1606  0.1777409166097641
940  0.17773708701133728
200  0.17773540318012238
1443  0.17773373425006866
1185  0.17773275077342987
680  0.17772835493087769
1471  0.17772546410560608
948  0.17772357165813446
217  0.1777212917804718
1632  0.17771868407726288
1435  0.17771844565868378
1397  0.17771464586257935
490  0.17771391570568085
709  0.17771153151988983
695  0.17771078646183014
715  0.17771007120609283
323  0.17770898342132568
94  0.17770493030548096
686  0.17770417034626007
985  0.17770332098007202
921  0.17770306766033173
911  0.17770282924175262
1634  0.177701935172081
383  0.1776989847421646
1059  0.1776987612247467
813  0.17769551277160645
901  0.17769402265548706
821  0.1776926964521408
8  0.1776910275220871
809  0.1776907593011856
670  0.17768681049346924
1725  0.17768259346485138
718  0.17768241465091705
1057  0.17768193781375885
1176  0.17767758667469025
859  0.17767508327960968
497  0.17766985297203064
108  0.17766569554805756
1120  0.17766563594341278
1356  0.17766545712947845
473  0.1776612401008606
480  0.17765821516513824
5  0.17765675485134125
66  0.17765653133392334
4  0.17765407264232635
361  0.17765258252620697
147  0.17764946818351746
714  0.1776490956544876
1373  0.17764711380004883
1237  0.17764659225940704
114  0.1776433140039444
1518  0.17764310538768768
1519  0.17764072120189667
961  0.17764000594615936
1137  0.17763854563236237
995  0.17763839662075043
1187  0.17763836681842804
631  0.17763781547546387
1117  0.17763374745845795
1701  0.17763374745845795
126  0.17763274908065796
502  0.17763052880764008
83  0.17763037979602814
1570  0.17763036489486694
847  0.1776302456855774
250  0.1776299625635147
747  0.17762818932533264
1591  0.17762750387191772
138  0.1776273548603058
224  0.1776270717382431
1040  0.1776256114244461
1246  0.17762552201747894
187  0.1776251345872879
111  0.17762508988380432
952  0.17761923372745514
478  0.17761892080307007
316  0.1776164472103119
23  0.17761506140232086
536  0.17761382460594177
890  0.1776134967803955
1124  0.17761151492595673
1081  0.1776094138622284
1617  0.17760656774044037
711  0.17760545015335083
784  0.177604541182518
941  0.17760370671749115
1478  0.17760227620601654
1138  0.1775972694158554
307  0.177593395113945
736  0.177592933177948
629  0.17759272456169128
969  0.17759256064891815
1354  0.17758908867835999
916  0.17758820950984955
370  0.17758698761463165
753  0.17758668959140778
907  0.17758497595787048
778  0.17758207023143768
1027  0.17758046090602875
430  0.17757965624332428
1616  0.17757847905158997
1125  0.1775769144296646
1133  0.1775766760110855
52  0.17757578194141388
1421  0.1775757074356079
203  0.17757508158683777
926  0.1775735765695572
1131  0.1775735765695572
136  0.17757254838943481
574  0.17757143080234528
2  0.17757076025009155
819  0.17756912112236023
1207  0.17756770551204681
22  0.1775675117969513
1422  0.17756643891334534
1013  0.17756585776805878
1182  0.17756444215774536
755  0.1775633841753006
487  0.17756271362304688
1716  0.1775619238615036
1596  0.17755989730358124
912  0.17755673825740814
1266  0.17755673825740814
1583  0.17755632102489471
15  0.177555650472641
54  0.1775549203157425
1648  0.17755457758903503
1650  0.17755433917045593
1018  0.1775537133216858
1233  0.17755253612995148
1060  0.1775510609149933
1426  0.17754989862442017
1428  0.17754918336868286
777  0.17754895985126495
1223  0.17754873633384705
1235  0.17754869163036346
465  0.17754678428173065
464  0.17754526436328888
454  0.17754504084587097
1210  0.17754501104354858
277  0.1775444746017456
392  0.1775437593460083
418  0.17754173278808594
1499  0.1775413453578949
781  0.17754077911376953
1078  0.17754077911376953
180  0.17753931879997253
1492  0.17753925919532776
356  0.17753790318965912
1051  0.17753669619560242
1044  0.17753632366657257
1100  0.17753563821315765
655  0.17753534018993378
1257  0.17753484845161438
1001  0.17753435671329498
927  0.1775343120098114
369  0.1775318831205368
484  0.17752930521965027
6  0.17752894759178162
1355  0.17752854526042938
860  0.17752839624881744
947  0.17752701044082642
113  0.17752611637115479
101  0.17752580344676971
475  0.17752555012702942
1178  0.1775246113538742
642  0.17752408981323242
996  0.17752406001091003
1195  0.17752383649349213
301  0.177522212266922
1249  0.1775204986333847
786  0.17751945555210114
79  0.1775178462266922
1614  0.17751777172088623
1115  0.17751599848270416
97  0.17751596868038177
1275  0.17751526832580566
258  0.17751169204711914
582  0.1775112897157669
329  0.1775108128786087
62  0.17750994861125946
1033  0.17750932276248932
1199  0.17750811576843262
1557  0.17750726640224457
348  0.17750585079193115
397  0.177504763007164
721  0.177503764629364
1119  0.17750370502471924
219  0.1775003969669342
32  0.17749947309494019
1035  0.17749899625778198
973  0.17749625444412231
849  0.17749592661857605
1502  0.17749588191509247
704  0.17749060690402985
1574  0.17748907208442688
742  0.1774882674217224
1732  0.17748767137527466
1393  0.17748695611953735
458  0.17748533189296722
1476  0.1774844080209732
1635  0.17748405039310455
1041  0.17748291790485382
873  0.17748227715492249
795  0.17748163640499115
1049  0.1774803102016449
540  0.17747862637043
788  0.17747724056243896
1691  0.1774768829345703
1494  0.17747677862644196
1497  0.1774750053882599
1021  0.17747405171394348
546  0.17747358977794647
953  0.17747186124324799
1216  0.17746928334236145
232  0.17746694386005402
775  0.17746658623218536
569  0.17746394872665405
1622  0.17746393382549286
838  0.1774635910987854
1382  0.17746120691299438
1615  0.17745929956436157
1242  0.17745906114578247
534  0.17745833098888397
1121  0.17745566368103027
67  0.17745359241962433
1688  0.17745241522789001
575  0.17744877934455872
634  0.1774476170539856
626  0.1774464249610901
358  0.17744630575180054
1308  0.17744630575180054
1568  0.177446186542511
431  0.17744292318820953
974  0.17744237184524536
527  0.17744116485118866
407  0.17744092643260956
300  0.17743970453739166
201  0.17743884027004242
914  0.17743812501430511
1135  0.17743799090385437
183  0.17743727564811707
970  0.17743679881095886
1006  0.1774364858865738
1332  0.17743569612503052
827  0.17743459343910217
675  0.17743408679962158
505  0.17743240296840668
698  0.17743165791034698
495  0.17743070423603058
1487  0.1774299591779709
1253  0.1774286925792694
1381  0.17742834985256195
543  0.1774274855852127
798  0.17742732167243958
313  0.177423357963562
1012  0.1774202287197113
1102  0.17741897702217102
1032  0.1774187982082367
1272  0.17741867899894714
608  0.1774168610572815
748  0.17741094529628754
1572  0.17741040885448456
825  0.17740975320339203
1469  0.17740967869758606
640  0.1774095594882965
1156  0.177408829331398
1505  0.17740878462791443
1343  0.17740558087825775
700  0.17740555107593536
71  0.1774032860994339
1412  0.17740283906459808
1729  0.1774028092622757
1613  0.177402064204216
966  0.17740130424499512
964  0.1774006485939026
363  0.17740008234977722
1278  0.1773953139781952
1349  0.17739489674568176
1160  0.17739416658878326
1429  0.17739416658878326
1229  0.1773933619260788
876  0.17739225924015045
579  0.17739072442054749
1604  0.17739027738571167
1146  0.17738951742649078
1130  0.17738881707191467
120  0.17738857865333557
904  0.17738771438598633
563  0.17738759517669678
1506  0.17738668620586395
866  0.17738527059555054
248  0.17738351225852966
1676  0.17738252878189087
215  0.1773824840784073
1685  0.1773810088634491
185  0.17737923562526703
1458  0.17737923562526703
1365  0.17737840116024017
1589  0.17737746238708496
1180  0.17737697064876556
1447  0.17737631499767303
1058  0.1773751825094223
832  0.1773737519979477
1086  0.17737041413784027
1387  0.17737038433551788
326  0.17737016081809998
1559  0.1773701310157776
435  0.17736996710300446
1067  0.1773691624403
1590  0.17736856639385223
77  0.1773683875799179
437  0.1773681938648224
459  0.17736773192882538
1324  0.17736630141735077
1245  0.17736493051052094
835  0.17736288905143738
584  0.17736192047595978
1287  0.1773604154586792
1055  0.17735953629016876
580  0.1773594617843628
728  0.17735904455184937
1050  0.17735770344734192
894  0.17735250294208527
1388  0.17734763026237488
783  0.1773471236228943
9  0.17734642326831818
1653  0.17734482884407043
880  0.1773429960012436
37  0.17734213173389435
1517  0.17734184861183167
1708  0.17734162509441376
1126  0.1773388832807541
760  0.1773371547460556
494  0.17733660340309143
662  0.1773359626531601
761  0.17733463644981384
1693  0.17733433842658997
132  0.17733339965343475
1062  0.17733266949653625
1171  0.17733243107795715
1159  0.17733119428157806
1200  0.1773311048746109
1208  0.1773306429386139
135  0.1773291379213333
211  0.17732863128185272
1144  0.17732806503772736
56  0.17732688784599304
447  0.1773265153169632
122  0.17732635140419006
106  0.17732414603233337
955  0.17732210457324982
131  0.17732207477092743
1727  0.17732195556163788
510  0.1773216426372528
177  0.1773211658000946
581  0.177320659160614
64  0.17732001841068268
611  0.17731773853302002
856  0.17731715738773346
483  0.1773139238357544
846  0.1773139238357544
1209  0.17731189727783203
1587  0.17731152474880219
1274  0.17731142044067383
1438  0.17731137573719025
1134  0.1773110181093216
922  0.17730937898159027
1072  0.17730918526649475
918  0.17730842530727386
667  0.17730730772018433
261  0.177306666970253
1236  0.17730587720870972
884  0.1773042380809784
102  0.1773034781217575
1083  0.17730192840099335
892  0.17730094492435455
691  0.17730064690113068
1128  0.17730018496513367
404  0.17730003595352173
43  0.17729917168617249
1312  0.17729803919792175
167  0.17729797959327698
374  0.17729629576206207
841  0.17729492485523224
225  0.17729346454143524
228  0.1772923618555069
913  0.17729218304157257
443  0.17729146778583527
1442  0.1772901713848114
1682  0.17728999257087708
1136  0.17728884518146515
236  0.17728836834430695
1717  0.17728780210018158
1029  0.1772865206003189
917  0.1772848218679428
1698  0.1772829294204712
1662  0.1772826611995697
954  0.1772812008857727
541  0.17728054523468018
1460  0.17728054523468018
1247  0.17728018760681152
1468  0.17727820575237274
1599  0.17727768421173096
486  0.17727750539779663
1048  0.17727723717689514
452  0.17727674543857574
959  0.1772765815258026
614  0.1772763580083847
195  0.177276149392128
801  0.1772761195898056
1697  0.17727473378181458
1603  0.17727375030517578
799  0.17727331817150116
118  0.17727087438106537
725  0.17727084457874298
477  0.1772690713405609
1065  0.17726875841617584
1316  0.17726872861385345
1659  0.17726708948612213
1450  0.17726634442806244
1037  0.1772651970386505
1158  0.17726469039916992
420  0.17726291716098785
1658  0.17725564539432526
638  0.17725485563278198
1045  0.17725439369678497
412  0.17725396156311035
1351  0.17725373804569244
146  0.17725281417369843
1335  0.17725250124931335
376  0.1772514432668686
33  0.17725059390068054
1167  0.17725014686584473
644  0.1772492378950119
1090  0.17724917829036713
814  0.17724913358688354
41  0.1772480309009552
1064  0.1772458702325821
403  0.17724479734897614
40  0.17724426090717316
1306  0.17724348604679108
342  0.17724312841892242
1528  0.17724308371543884
292  0.17724253237247467
693  0.17724210023880005
1377  0.17724159359931946
568  0.17724154889583588
816  0.1772404909133911
1114  0.17723789811134338
1239  0.17723771929740906
16  0.177237406373024
396  0.17723697423934937
98  0.17723651230335236
1303  0.17723624408245087
411  0.17723530530929565
1075  0.17723174393177032
882  0.17722855508327484
220  0.17722848057746887
1259  0.17722807824611664
983  0.1772266924381256
181  0.17722639441490173
807  0.1772262454032898
735  0.1772255301475525
1015  0.17722481489181519
833  0.17722439765930176
576  0.17722386121749878
980  0.1772235780954361
1010  0.17722244560718536
508  0.17722187936306
302  0.1772216409444809
1025  0.17722105979919434
752  0.17721877992153168
178  0.17721861600875854
1132  0.17721852660179138
572  0.17721806466579437
1174  0.1772177517414093
48  0.17721740901470184
616  0.1772155463695526
612  0.17721475660800934
681  0.1772141456604004
1315  0.1772141456604004
1163  0.17721371352672577
731  0.1772136092185974
1406  0.1772131621837616
875  0.1772129237651825
1664  0.17721214890480042
707  0.1772109568119049
1047  0.1772107034921646
1403  0.1772104650735855
535  0.17721030116081238
1715  0.17720934748649597
230  0.1772058606147766
770  0.1772053986787796
803  0.1772051602602005
1507  0.17720504105091095
1679  0.17720326781272888
604  0.1772029995918274
943  0.1772029548883438
386  0.1772015541791916
1552  0.17720085382461548
993  0.1772003024816513
1063  0.17719900608062744
109  0.1771988719701767
1666  0.17719803750514984
1164  0.1771979033946991
380  0.1771964728832245
1541  0.17719361186027527
110  0.17719292640686035
1661  0.17719167470932007
1612  0.17719130218029022
1074  0.17719118297100067
749  0.177190899848938
189  0.17719055712223053
433  0.1771893948316574
1357  0.17718841135501862
1283  0.17718787491321564
381  0.17718784511089325
461  0.17718744277954102
1410  0.17718684673309326
1205  0.1771850734949112
1241  0.1771840900182724
193  0.1771833300590515
701  0.17718331515789032
1671  0.17718248069286346
998  0.1771804541349411
1392  0.177179753780365
840  0.17717963457107544
1677  0.1771784871816635
630  0.17717809975147247
933  0.17717790603637695
1294  0.17717783153057098
496  0.1771778166294098
1651  0.17717762291431427
287  0.17717650532722473
390  0.17717495560646057
104  0.17717428505420685
845  0.17717304825782776
426  0.1771714687347412
657  0.17716993391513824
649  0.1771690845489502
166  0.17716842889785767
1175  0.1771681308746338
1633  0.17716601490974426
334  0.17716491222381592
1367  0.17716296017169952
1084  0.17716284096240997
1405  0.17716260254383087
730  0.17716126143932343
12  0.1771582067012787
1531  0.1771567165851593
848  0.17715415358543396
1024  0.17715412378311157
1360  0.17715312540531158
1440  0.17715297639369965
46  0.1771528124809265
805  0.1771526336669922
1503  0.17715086042881012
1432  0.177150696516037
434  0.1771485060453415
298  0.17714670300483704
1023  0.17714564502239227
239  0.17714372277259827
1053  0.17714248597621918
125  0.17714214324951172
906  0.17714190483093262
1707  0.17714163661003113
26  0.17714089155197144
1184  0.17714019119739532
1465  0.1771385371685028
157  0.1771380752325058
844  0.17713682353496552
872  0.17713633179664612
671  0.17713578045368195
154  0.17713484168052673
1718  0.17713433504104614
1139  0.1771334409713745
726  0.17713309824466705
822  0.17713217437267303
1420  0.17713205516338348
1444  0.17713162302970886
1061  0.1771310269832611
152  0.17712974548339844
107  0.17712943255901337
144  0.17712928354740143
776  0.1771288365125656
1002  0.177128404378891
1009  0.17712761461734772
690  0.17712755501270294
992  0.17712751030921936
1225  0.17712688446044922
708  0.17712606489658356
1547  0.1771259903907776
324  0.17712309956550598
862  0.1771223098039627
1092  0.17711865901947021
231  0.17711789906024933
441  0.17711789906024933
204  0.1771177351474762
817  0.17711526155471802
159  0.17711448669433594
591  0.1771136224269867
311  0.17711035907268524
1129  0.17710992693901062
1318  0.17710985243320465
36  0.17710953950881958
164  0.1771095097064972
1636  0.1771080493927002
1578  0.17710596323013306
1621  0.17710499465465546
266  0.17710377275943756
531  0.17710253596305847
605  0.17710252106189728
694  0.17710228264331818
570  0.1771010458469391
273  0.1771010011434555
672  0.17710047960281372
1157  0.17710018157958984
896  0.17709943652153015
1593  0.17709819972515106
1073  0.17709551751613617
515  0.17709438502788544
1280  0.17709408700466156
1379  0.17709189653396606
858  0.1770915985107422
1678  0.17709113657474518
908  0.17709049582481384
796  0.17709027230739594
1556  0.17709019780158997
585  0.1770898401737213
387  0.17708934843540192
222  0.17708782851696014
635  0.17708763480186462
1695  0.17708720266819
924  0.17708665132522583
1566  0.17708571255207062
1143  0.17708541452884674
863  0.1770842969417572
1474  0.17708370089530945
900  0.1770818680524826
857  0.1770816445350647
1220  0.17707973718643188
688  0.17707842588424683
429  0.17707791924476624
161  0.17707620561122894
1201  0.1770758181810379
91  0.1770753264427185
1542  0.17707304656505585
1609  0.17707204818725586
213  0.17707161605358124
881  0.17707104980945587
556  0.1770709902048111
1396  0.17707028985023499
578  0.17707005143165588
705  0.17706994712352753
1193  0.17706958949565887
1345  0.17706911265850067
1731  0.1770683228969574
654  0.17706790566444397
871  0.17706726491451263
1628  0.17706620693206787
282  0.17706549167633057
1140  0.17706511914730072
75  0.1770634800195694
895  0.1770595908164978
1213  0.17705942690372467
663  0.17705895006656647
800  0.17705875635147095
467  0.17705830931663513
1567  0.17705729603767395
854  0.17705687880516052
1376  0.17705437541007996
1537  0.17705436050891876
613  0.17705422639846802
984  0.1770535707473755
590  0.1770533323287964
910  0.17705309391021729
765  0.17705291509628296
63  0.17705076932907104
1441  0.17705059051513672
51  0.17705021798610687
1339  0.17705021798610687
1358  0.17705008387565613
212  0.17704890668392181
899  0.17704853415489197
696  0.1770484745502472
319  0.17704755067825317
1153  0.1770472228527069
1370  0.17704717814922333
1491  0.1770467460155487
1372  0.17704574763774872
1548  0.1770453155040741
754  0.17704518139362335
1683  0.17704518139362335
81  0.17704452574253082
957  0.17704375088214874
93  0.17704296112060547
421  0.17704251408576965
1154  0.17703969776630402
1383  0.17703914642333984
1490  0.17703832685947418
1509  0.17703798413276672
1202  0.1770365983247757
1720  0.17703483998775482
493  0.17703360319137573
1260  0.1770331859588623
96  0.17703287303447723
1594  0.17703287303447723
291  0.17703227698802948
564  0.177032008767128
1526  0.17703138291835785
1530  0.17703033983707428
399  0.17702923715114594
1672  0.1770288646221161
1423  0.17702750861644745
194  0.17702648043632507
38  0.1770254522562027
599  0.17702436447143555
1611  0.1770225316286087
523  0.1770222783088684
834  0.17702080309391022
251  0.17701925337314606
1352  0.17701677978038788
1155  0.17701676487922668
1436  0.1770155131816864
1162  0.1770150512456894
509  0.1770140528678894
1194  0.1770138442516327
355  0.17701329290866852
385  0.17701326310634613
1451  0.17701315879821777
1524  0.17701300978660583
1414  0.17701297998428345
1684  0.17701265215873718
18  0.1770118921995163
930  0.1770118921995163
371  0.1770113706588745
1165  0.17701126635074615
607  0.1770111471414566
127  0.1770108938217163
103  0.17701058089733124
1016  0.17701022326946259
471  0.17700889706611633
1221  0.17700837552547455
1417  0.17700818181037903
1022  0.17700713872909546
82  0.17700697481632233
968  0.1770056039094925
349  0.17700549960136414
74  0.17700505256652832
133  0.1770026981830597
878  0.17700186371803284
438  0.1770014464855194
839  0.17700017988681793
468  0.17699959874153137
395  0.1769992560148239
327  0.17699895799160004
737  0.17699770629405975
190  0.17699766159057617
1398  0.17699725925922394
1031  0.17699696123600006
1181  0.17699375748634338
117  0.17699366807937622
516  0.17699328064918518
1402  0.1769932359457016
1546  0.17699314653873444
306  0.17699286341667175
255  0.17699213325977325
524  0.17699210345745087
27  0.17699171602725983
246  0.17699109017848969
1581  0.17699037492275238
727  0.17698825895786285
1068  0.17698751389980316
874  0.17698675394058228
129  0.1769864857196808
289  0.17698585987091064
1534  0.17698563635349274
85  0.1769835203886032
285  0.17698338627815247
254  0.17698296904563904
767  0.17698296904563904
549  0.17698237299919128
402  0.17698189616203308
732  0.17698176205158234
47  0.17698173224925995
622  0.17698034644126892
1243  0.17697960138320923
942  0.17697928845882416
1493  0.1769791841506958
1625  0.17697809636592865
1079  0.17697744071483612
1481  0.17697729170322418
1504  0.17697641253471375
967  0.17697615921497345
1486  0.17697569727897644
519  0.17697550356388092
140  0.17697520554065704
804  0.17697425186634064
1411  0.1769738495349884
1328  0.17697323858737946
1652  0.17697297036647797
610  0.17697276175022125
53  0.17697258293628693
538  0.17697253823280334
1607  0.17697171866893768
182  0.17697112262248993
514  0.17697085440158844
1123  0.17696991562843323
1099  0.17696665227413177
1580  0.17696626484394073
1069  0.17696602642536163
1690  0.1769658625125885
1585  0.1769641488790512
1464  0.17696402966976166
1523  0.1769639402627945
382  0.17696300148963928
335  0.1769612580537796
1667  0.17695914208889008
1571  0.1769590824842453
240  0.1769588440656662
105  0.17695856094360352
1719  0.17695759236812592
57  0.1769574135541916
1511  0.17695467174053192
234  0.17695410549640656
1576  0.176953986287117
1674  0.17695288360118866
751  0.17695017158985138
592  0.1769486963748932
886  0.17694798111915588
1011  0.17694783210754395
790  0.17694656550884247
1656  0.17694593966007233
1371  0.17694543302059174
450  0.17694514989852905
192  0.17694512009620667
1036  0.17694057524204254
1462  0.17694054543972015
1415  0.1769399493932724
1408  0.1769397258758545
720  0.17693859338760376
408  0.17693358659744263
295  0.17693260312080383
1106  0.17693260312080383
646  0.17693115770816803
1538  0.1769302934408188
7  0.176930233836174
173  0.17693008482456207
35  0.17692959308624268
294  0.17692692577838898
683  0.17692609131336212
558  0.17692553997039795
449  0.17692527174949646
235  0.17692513763904572
920  0.17692461609840393
1430  0.17692355811595917
1019  0.1769176572561264
485  0.1769176423549652
865  0.1769159883260727
416  0.17691554129123688
750  0.17691540718078613
624  0.17691335082054138
1085  0.176913321018219
1696  0.1769123375415802
1592  0.17691195011138916
650  0.17691189050674438
1258  0.17691117525100708
141  0.17691059410572052
148  0.17691032588481903
1320  0.17690825462341309
1602  0.1769079715013504
49  0.17690753936767578
1304  0.17690715193748474
719  0.1769067645072937
990  0.17690645158290863
320  0.1769055873155594
372  0.1769055426120758
179  0.17690347135066986
994  0.17690229415893555
618  0.17690084874629974
303  0.1769004613161087
1311  0.1769000142812729
259  0.17689938843250275
1726  0.1768992841243744
283  0.1768988072872162
1624  0.17689859867095947
928  0.17689765989780426
1192  0.17689551413059235
328  0.17689509689807892
853  0.17689454555511475
797  0.1768941730260849
331  0.17689399421215057
897  0.1768929660320282
1265  0.17689092457294464
229  0.17689001560211182
815  0.17688971757888794
771  0.17688962817192078
518  0.1768893152475357
156  0.1768876314163208
1439  0.17688673734664917
440  0.17688195407390594
58  0.17688187956809998
589  0.1768786609172821
436  0.17687828838825226
1094  0.17687751352787018
469  0.17687727510929108
1363  0.17687693238258362
409  0.17687664926052094
145  0.17687533795833588
1472  0.1768747717142105
280  0.1768743097782135
1501  0.17687387764453888
1211  0.17687343060970306
377  0.1768728792667389
1098  0.17687273025512695
314  0.1768725961446762
362  0.17687039077281952
1510  0.17687039077281952
1389  0.17686858773231506
1620  0.17686805129051208
448  0.17686721682548523
245  0.17686715722084045
1721  0.1768651306629181
1170  0.17686407268047333
351  0.17686259746551514
1404  0.1768614798784256
1600  0.17686143517494202
794  0.1768612116575241
1203  0.17686104774475098
537  0.1768610030412674
398  0.17685948312282562
1169  0.1768590211868286
643  0.17685888707637787
1322  0.1768587827682495
1699  0.17685867846012115
706  0.17685836553573608
1480  0.17685824632644653
553  0.17685750126838684
284  0.17685732245445251
1545  0.17685720324516296
332  0.17685681581497192
3  0.17685596644878387
34  0.17685358226299286
965  0.17685358226299286
653  0.17685207724571228
463  0.17685121297836304
659  0.17685042321681976
939  0.17685022950172424
1610  0.17684867978096008
734  0.17684805393218994
759  0.1768476366996765
1252  0.17684736847877502
1483  0.17684674263000488
1218  0.1768464297056198
197  0.1768457293510437
520  0.17684556543827057
507  0.17684516310691833
1091  0.1768437922000885
445  0.17684371769428253
1515  0.17684052884578705
1286  0.17683717608451843
1459  0.1768367737531662
1623  0.1768358051776886
545  0.1768340766429901
1285  0.1768338829278946
1302  0.17683368921279907
501  0.17683330178260803
768  0.17683301866054535
456  0.17683254182338715
87  0.17683158814907074
227  0.1768314242362976
442  0.17683063447475433
359  0.17682737112045288
1564  0.17682641744613647
836  0.17682534456253052
1705  0.17682456970214844
89  0.1768232136964798
1173  0.17682187259197235
689  0.17681963741779327
272  0.17681948840618134
560  0.17681944370269775
1484  0.17681843042373657
938  0.17681628465652466
669  0.17681559920310974
1271  0.176815465092659
1313  0.1768144816160202
1215  0.17681407928466797
867  0.1768133044242859
1089  0.17681123316287994
162  0.17680852115154266
976  0.17680703103542328
1261  0.17680682241916656
491  0.17680630087852478
639  0.1768062561750412
1553  0.17680376768112183
1298  0.17680306732654572
1238  0.176799938082695
428  0.17679916322231293
733  0.1767977923154831
345  0.17679740488529205
479  0.17679642140865326
318  0.1767963469028473
451  0.17679563164710999
405  0.17679452896118164
247  0.1767905354499817
793  0.17679047584533691
1295  0.1767900586128235
1103  0.17678962647914886
1563  0.1767893135547638
1433  0.17678821086883545
1150  0.17678774893283844
664  0.17678695917129517
561  0.1767856329679489
769  0.17678439617156982
1516  0.17678238451480865
1127  0.1767813116312027
1270  0.17678065598011017
645  0.17677991092205048
699  0.1767793595790863
1122  0.17677849531173706
1366  0.17677582800388336
542  0.17677299678325653
555  0.17677222192287445
393  0.17677219212055206
562  0.1767715960741043
1301  0.17677117884159088
999  0.17677107453346252
960  0.17677070200443268
60  0.17677068710327148
1224  0.17676925659179688
1608  0.1767691671848297
1681  0.17676791548728943
439  0.1767648309469223
791  0.176764577627182
1190  0.17676347494125366
69  0.17676132917404175
30  0.17676128447055817
322  0.17676128447055817
417  0.1767612248659134
909  0.17676083743572235
636  0.1767597794532776
963  0.17675957083702087
414  0.17675839364528656
606  0.1767575889825821
470  0.1767559051513672
1264  0.1767532229423523
1255  0.17675311863422394
373  0.17675283551216125
837  0.1767527163028717
1638  0.17675217986106873
1191  0.17675107717514038
1251  0.17674915492534637
831  0.17674888670444489
457  0.17674852907657623
1470  0.17674759030342102
528  0.17674720287322998
977  0.1767471432685852
242  0.17674598097801208
583  0.17674461007118225
929  0.1767442226409912
391  0.17674395442008972
1401  0.17674222588539124
1645  0.17674170434474945
1066  0.17674146592617035
389  0.1767403781414032
20  0.17674006521701813
573  0.17673912644386292
1670  0.17673829197883606
1369  0.17673805356025696
615  0.1767362505197525
586  0.176735982298851
1637  0.1767352819442749
446  0.17673498392105103
1498  0.17673465609550476
893  0.17673254013061523
476  0.1767306923866272
956  0.17672930657863617
422  0.1767279952764511
153  0.17672787606716156
119  0.17672643065452576
256  0.17672570049762726
758  0.1767253875732422
73  0.1767241507768631
279  0.1767238974571228
352  0.17672297358512878
305  0.17672276496887207
309  0.17672164738178253
1004  0.17671915888786316
997  0.1767190843820572
850  0.17671741545200348
1390  0.17671725153923035
1619  0.1767166703939438
1028  0.17671652138233185
29  0.1767149120569229
1586  0.17671436071395874
1346  0.1767141968011856
764  0.17671352624893188
270  0.1767110526561737
223  0.1767108291387558
99  0.17670860886573792
513  0.17670702934265137
883  0.1767055094242096
455  0.1767047494649887
186  0.17670337855815887
1560  0.17670322954654694
174  0.17670296132564545
594  0.1767018437385559
1595  0.17669928073883057
851  0.17669886350631714
595  0.17669881880283356
415  0.17669643461704254
1263  0.1766904592514038
1680  0.17669004201889038
1416  0.17668944597244263
1039  0.1766887605190277
1646  0.17668786644935608
233  0.17668692767620087
84  0.1766856461763382
666  0.17668519914150238
1206  0.17668503522872925
365  0.17668384313583374
1399  0.17668329179286957
1454  0.1766825169324875
55  0.17668220400810242
991  0.17668180167675018
1290  0.17668114602565765
1496  0.17668059468269348
1338  0.1766805201768875
1400  0.1766798347234726
1434  0.17667710781097412
1630  0.17667561769485474
163  0.17667533457279205
972  0.17667485773563385
1618  0.17667463421821594
1629  0.17667415738105774
1380  0.17667314410209656
1336  0.17667289078235626
1183  0.17667017877101898
427  0.17666931450366974
625  0.17666871845722198
1093  0.17666827142238617
70  0.17666587233543396
1277  0.17666490375995636
171  0.17666365206241608
1453  0.17666344344615936
1347  0.1766607165336609
740  0.1766597479581833
539  0.17665940523147583
1145  0.17665772140026093
1334  0.17665651440620422
1321  0.1766560673713684
738  0.17665529251098633
460  0.17665481567382812
143  0.17665371298789978
932  0.176652729511261
1639  0.17665252089500427
344  0.17665207386016846
184  0.1766510307788849
1314  0.1766500025987625
931  0.17664951086044312
1533  0.17664922773838043
1046  0.1766473948955536
1554  0.17664723098278046
1292  0.17664702236652374
1141  0.17664659023284912
1198  0.1766461580991745
1097  0.17664404213428497
1361  0.17664393782615662
1329  0.17664240300655365
1409  0.1766418069601059
684  0.17664040625095367
1327  0.1766396015882492
1  0.17663826048374176
257  0.17663677036762238
1687  0.17663590610027313
1350  0.17663587629795074
1111  0.1766357123851776
1378  0.1766357123851776
1643  0.17663539946079254
687  0.1766348034143448
868  0.1766330897808075
1177  0.17663122713565826
321  0.17662902176380157
577  0.17662839591503143
1386  0.17662709951400757
423  0.1766258329153061
1488  0.17662514746189117
489  0.17662498354911804
989  0.17662467062473297
1640  0.1766231507062912
337  0.17662262916564941
864  0.17662227153778076
743  0.17661985754966736
59  0.17661982774734497
1299  0.17661935091018677
1467  0.1766156107187271
652  0.1766151785850525
1489  0.17661400139331818
1475  0.17661383748054504
499  0.17661264538764954
151  0.1766115427017212
925  0.17661140859127045
676  0.1766112744808197
1649  0.1766098290681839
647  0.17660963535308838
1281  0.17660890519618988
160  0.17660848796367645
315  0.1766079068183899
1644  0.17660652101039886
1147  0.17660649120807648
1539  0.17660626769065857
888  0.17660492658615112
551  0.1766047477722168
275  0.1766010820865631
325  0.17660045623779297
1344  0.17660045623779297
61  0.1765955239534378
453  0.17659211158752441
1584  0.17659203708171844
1551  0.17659106850624084
1070  0.17658895254135132
1056  0.1765884906053543
366  0.17658723890781403
264  0.1765853315591812
1668  0.17658424377441406
826  0.17658250033855438
547  0.17658156156539917
1054  0.17658022046089172
95  0.17657989263534546
1107  0.17657805979251862
123  0.17657798528671265
532  0.17657795548439026
1598  0.17657741904258728
206  0.1765773743391037
150  0.17657706141471863
517  0.17657628655433655
172  0.17657624185085297
165  0.17657457292079926
544  0.17657454311847687
72  0.1765712946653366
1466  0.17657111585140228
31  0.1765706092119217
632  0.17656975984573364
265  0.17656931281089783
1076  0.17656929790973663
1152  0.1765678972005844
710  0.17656686902046204
511  0.17656409740447998
593  0.17656099796295166
1692  0.1765592396259308
1219  0.17655912041664124
660  0.1765570491552353
168  0.17655663192272186
1582  0.17655625939369202
142  0.1765550822019577
286  0.17655496299266815
78  0.17655423283576965
76  0.1765526533126831
1289  0.17655207216739655
746  0.176551952958107
1448  0.17655077576637268
100  0.17654985189437866
665  0.17654910683631897
1569  0.17654885351657867
1226  0.17654699087142944
1395  0.17654554545879364
14  0.17654471099376678
762  0.176544189453125
902  0.17654269933700562
39  0.17654168605804443
1514  0.17654132843017578
1424  0.1765395998954773
1087  0.17653954029083252
317  0.176539346575737
919  0.17653676867485046
336  0.17653600871562958
1675  0.1765347719192505
1711  0.1765342354774475
958  0.1765313595533371
128  0.17653128504753113
692  0.17653115093708038
673  0.1765293926000595
1654  0.1765291839838028
1601  0.17652876675128937
1704  0.17652787268161774
903  0.17652490735054016
149  0.17652475833892822
812  0.17652425169944763
1342  0.17652353644371033
1077  0.17652027308940887
1532  0.1765202134847641
1104  0.17651885747909546
1310  0.17651861906051636
1577  0.17651760578155518
1113  0.17651666700839996
668  0.17651528120040894
368  0.17651478946208954
756  0.17651230096817017
1234  0.17651061713695526
462  0.1765076220035553
1669  0.17650645971298218
1473  0.17650479078292847
139  0.1765039563179016
782  0.17650380730628967
394  0.17650091648101807
609  0.17649906873703003
717  0.17649906873703003
406  0.17649729549884796
244  0.17649726569652557
388  0.1764969825744629
378  0.17649418115615845
1151  0.17649058997631073
17  0.1764896810054779
633  0.17648881673812866
1709  0.1764870434999466
252  0.17648479342460632
1362  0.17648424208164215
779  0.17648036777973175
1452  0.17647935450077057
333  0.1764756441116333
134  0.17647188901901245
774  0.17647117376327515
879  0.17647095024585724
949  0.1764705777168274
169  0.17646943032741547
44  0.1764671504497528
1626  0.1764671504497528
360  0.17646537721157074
526  0.1764647215604782
1446  0.17646408081054688
1550  0.17646244168281555
1575  0.17646239697933197
1110  0.17645633220672607
739  0.1764560341835022
1293  0.17645470798015594
1706  0.17645426094532013
1665  0.17645373940467834
1317  0.17645324766635895
1296  0.17645174264907837
50  0.17645101249217987
112  0.1764490306377411
1168  0.17644865810871124
350  0.17644761502742767
571  0.17644597589969635
1020  0.17644573748111725
1282  0.17644529044628143
1508  0.17644445598125458
498  0.17644403874874115
24  0.17644333839416504
1710  0.17644283175468445
1240  0.17644259333610535
870  0.17644238471984863
946  0.17643630504608154
330  0.17643584311008453
271  0.17643557488918304
1109  0.17643418908119202
504  0.17643336951732635
1495  0.17643173038959503
1384  0.17643137276172638
1319  0.1764310896396637
260  0.17642776668071747
10  0.17642690241336823
1520  0.17642663419246674
550  0.17642515897750854
1284  0.17642465233802795
340  0.17642295360565186
1250  0.17642290890216827
444  0.17642123997211456
207  0.1764194369316101
885  0.1764189600944519
565  0.17641517519950867
1597  0.1764138638973236
481  0.17641325294971466
1340  0.17641134560108185
1325  0.1764104813337326
1364  0.17641016840934753
210  0.17640797793865204
472  0.1764051467180252
278  0.17640511691570282
130  0.17640243470668793
92  0.17640167474746704
889  0.1763983964920044
1631  0.17639681696891785
1694  0.1763950139284134
1712  0.17639413475990295
829  0.17639228701591492
1003  0.17639194428920746
548  0.17639173567295074
80  0.17639166116714478
90  0.17638720571994781
1527  0.1763857901096344
343  0.17638415098190308
651  0.17638137936592102
1305  0.17638055980205536
274  0.1763790249824524
1579  0.17637774348258972
1461  0.17637749016284943
1179  0.1763681173324585
529  0.1763647496700287
1230  0.17636418342590332
500  0.17636360228061676
1279  0.1763632595539093
818  0.1763622909784317
628  0.17636126279830933
413  0.17636103928089142
1116  0.17635902762413025
1413  0.1763584464788437
1071  0.17635579407215118
175  0.17635536193847656
936  0.17635421454906464
1228  0.176350399851799
1513  0.1763494610786438
1641  0.17634694278240204
1558  0.17634430527687073
1368  0.1763426959514618
1149  0.17634232342243195
945  0.17634187638759613
410  0.17634038627147675
1722  0.17633847892284393
341  0.1763383150100708
1337  0.17633435130119324
249  0.1763339638710022
1529  0.17633391916751862
661  0.17633332312107086
1105  0.17633208632469177
1307  0.17633056640625
1445  0.17632877826690674
1407  0.17632846534252167
1456  0.1763283610343933
1269  0.17632752656936646
637  0.17632699012756348
785  0.17632080614566803
482  0.17631739377975464
424  0.17631565034389496
253  0.17631378769874573
944  0.17631249129772186
400  0.17631205916404724
530  0.17631034553050995
1227  0.1763085573911667
1323  0.17630741000175476
1561  0.17630404233932495
1730  0.17630301415920258
521  0.17630161345005035
158  0.17629948258399963
299  0.176297128200531
1723  0.17629678547382355
656  0.17628158628940582
202  0.17628109455108643
1088  0.17627735435962677
744  0.17627662420272827
869  0.176275834441185
567  0.17627491056919098
367  0.17626963555812836
1375  0.17626366019248962
243  0.17626096308231354
1702  0.17626091837882996
1248  0.17626048624515533
1642  0.17625893652439117
241  0.17625439167022705
339  0.17625011503696442
238  0.17624762654304504
757  0.17624372243881226
13  0.17624340951442719
346  0.17624320089817047
1540  0.1762407422065735
1000  0.1762388050556183
1418  0.1762348860502243
1394  0.17623144388198853
226  0.1762293577194214
503  0.1762291043996811
296  0.17622733116149902
787  0.17622146010398865
598  0.17621858417987823
1326  0.17621666193008423
384  0.17621591687202454
1214  0.1762155145406723
1703  0.17620840668678284
981  0.1761913150548935
276  0.1761886477470398
214  0.1761881709098816
354  0.1761842966079712
1673  0.1761803925037384
288  0.17617632448673248
353  0.17617619037628174
492  0.17617616057395935
137  0.17617495357990265
42  0.1761719137430191
619  0.17616349458694458
1112  0.17616192996501923
1353  0.17616170644760132
268  0.17616140842437744
1728  0.17615686357021332
1477  0.176152765750885
1573  0.17615054547786713
1627  0.17614807188510895
641  0.17614787817001343
297  0.1761455237865448
1276  0.1761387437582016
1273  0.1761329472064972
1425  0.17613157629966736
1437  0.17613138258457184
648  0.17612875998020172
729  0.17612667381763458
557  0.17612598836421967
621  0.17612183094024658
488  0.17611762881278992
1544  0.17611494660377502
802  0.17611368000507355
1555  0.17609211802482605
1291  0.17608405649662018
1419  0.17607931792736053
419  0.17607755959033966
934  0.17607465386390686
1457  0.1760745495557785
1254  0.17607426643371582
293  0.17607422173023224
820  0.17607417702674866
971  0.17607258260250092
792  0.1760714203119278
1148  0.1760714054107666
1463  0.1760711818933487
623  0.17606782913208008
281  0.17606452107429504
1222  0.17606259882450104
304  0.1760510355234146
1482  0.1760416477918625
1660  0.17603939771652222
658  0.17603835463523865
861  0.17603440582752228
1521  0.1760278195142746
763  0.17602083086967468
1374  0.1760188341140747
923  0.17599987983703613
724  0.17599651217460632
466  0.17599542438983917
601  0.17598478496074677
312  0.1759752631187439
1543  0.17597489058971405
617  0.17596644163131714
1479  0.1759576052427292
702  0.17595189809799194
1197  0.17594891786575317
1330  0.17594873905181885
1300  0.17594419419765472
1333  0.17592185735702515
1431  0.17592096328735352
21  0.1759154349565506
898  0.17590807378292084
1500  0.17590460181236267
1647  0.17589117586612701
1385  0.1758604198694229
1161  0.1758546382188797
1455  0.17584972083568573
1042  0.17580194771289825
338  0.17579153180122375
830  0.1757889688014984
588  0.17578384280204773
1309  0.17578287422657013
308  0.175760880112648
525  0.17568421363830566
1297  0.1756470650434494
533  0.17560629546642303
1331  0.17559412121772766
566  0.17559173703193665
1686  0.175512433052063
716  0.1753731667995453
620  0.17533500492572784
1724  0.1753174513578415
1565  0.1752954125404358
603  0.1752915382385254
221  0.17515651881694794
