1  0.43842101097106934
1775  0.4239029884338379
2  0.42295658588409424
1136  0.4141998887062073
3  0.41390612721443176
785  0.41387879848480225
880  0.4137437343597412
948  0.4136749804019928
1057  0.413508802652359
1257  0.4133029282093048
142  0.41326087713241577
996  0.41314154863357544
709  0.413064181804657
1281  0.41300421953201294
997  0.4129013419151306
1271  0.41286420822143555
1044  0.4126838445663452
784  0.41258829832077026
1169  0.41255655884742737
1274  0.4125223755836487
1268  0.4125201106071472
781  0.4125194549560547
1310  0.41248050332069397
782  0.41246387362480164
1070  0.41245773434638977
1135  0.4123884439468384
1139  0.4123675227165222
594  0.41235116124153137
1280  0.4123125672340393
877  0.4122878313064575
67  0.41228049993515015
226  0.4122268259525299
596  0.41222310066223145
1085  0.4122074544429779
1194  0.4122011363506317
1312  0.41218850016593933
953  0.41217002272605896
741  0.4121643602848053
1170  0.4121638834476471
819  0.41214144229888916
799  0.4120122790336609
1188  0.4118916392326355
1425  0.4118781089782715
955  0.41181066632270813
888  0.41180235147476196
696  0.4117429852485657
64  0.4117357134819031
1279  0.41172847151756287
1320  0.41165441274642944
684  0.41164109110832214
111  0.4116029441356659
993  0.4115988314151764
883  0.4115813672542572
779  0.411579430103302
1319  0.4115755558013916
691  0.4115678071975708
1092  0.4115363657474518
25  0.41146034002304077
26  0.41144320368766785
1272  0.41142529249191284
418  0.41140931844711304
1260  0.41137343645095825
228  0.41135767102241516
417  0.41134053468704224
1258  0.41131749749183655
773  0.4112962782382965
909  0.41126373410224915
1138  0.41124817728996277
1238  0.4111916422843933
786  0.41119104623794556
1584  0.41117194294929504
950  0.41113993525505066
134  0.4111272692680359
118  0.41109374165534973
1256  0.4110509753227234
841  0.41101816296577454
1090  0.4109669029712677
947  0.4109302759170532
797  0.4109182357788086
112  0.4109041392803192
798  0.4109017252922058
1033  0.4108990728855133
227  0.4108767807483673
1500  0.410874605178833
804  0.4108525812625885
990  0.4108516573905945
879  0.41084757447242737
20  0.41083499789237976
1190  0.4108177721500397
1151  0.4107997417449951
748  0.41078880429267883
1516  0.41075363755226135
427  0.4107508957386017
800  0.4107339382171631
954  0.41073134541511536
1255  0.4106787443161011
1270  0.4106613099575043
1173  0.4106487035751343
29  0.41064417362213135
140  0.41058894991874695
905  0.4105786383152008
803  0.4105771780014038
119  0.41056209802627563
474  0.41055625677108765
1076  0.4105404019355774
1026  0.4105401039123535
225  0.4105215072631836
1273  0.4104934334754944
1471  0.41045868396759033
426  0.41044026613235474
656  0.41043978929519653
869  0.4104367196559906
1017  0.41043224930763245
778  0.4104308784008026
136  0.41041770577430725
1686  0.41041505336761475
132  0.4103891849517822
742  0.4103849530220032
956  0.41037803888320923
821  0.41035154461860657
783  0.41034767031669617
63  0.41030293703079224
816  0.4103015661239624
1642  0.41030022501945496
952  0.41029345989227295
139  0.4102732241153717
932  0.4102431535720825
744  0.41024115681648254
796  0.41022929549217224
789  0.41022253036499023
1611  0.4101918041706085
1032  0.4101916551589966
1168  0.4101638197898865
1095  0.4101547598838806
720  0.4101441502571106
1008  0.4101415276527405
1187  0.4101371467113495
827  0.4101230800151825
881  0.4100787937641144
1566  0.4100781977176666
1688  0.41007566452026367
43  0.41007086634635925
801  0.41005775332450867
428  0.4100372791290283
1196  0.40999871492385864
854  0.4099956750869751
992  0.4099179804325104
141  0.4099166989326477
74  0.4099067151546478
1114  0.4099043905735016
597  0.4098988473415375
1561  0.40988555550575256
1174  0.4098833501338959
1098  0.40987494587898254
1001  0.40987473726272583
1171  0.40985214710235596
688  0.4098418354988098
1088  0.4098290801048279
419  0.40980637073516846
1774  0.4097755253314972
683  0.40975645184516907
608  0.4097452163696289
1267  0.40974515676498413
704  0.4097440838813782
498  0.40974122285842896
1282  0.40973517298698425
657  0.4097335636615753
949  0.409723162651062
467  0.4097053110599518
985  0.40968602895736694
133  0.4096429646015167
255  0.40963560342788696
863  0.4096333682537079
120  0.4096232056617737
1687  0.4096124768257141
593  0.4095923900604248
1060  0.4095878005027771
45  0.40956905484199524
686  0.409562885761261
1285  0.4095492959022522
650  0.40953946113586426
424  0.4095190167427063
1086  0.4095126688480377
1252  0.4094997048377991
1317  0.40949106216430664
1242  0.40948811173439026
951  0.40948474407196045
664  0.40948018431663513
65  0.40946677327156067
1072  0.4094609320163727
88  0.4094580411911011
62  0.409453421831131
886  0.4094468653202057
46  0.40942278504371643
1293  0.40941256284713745
66  0.409409761428833
780  0.40940794348716736
18  0.40940162539482117
667  0.4093996286392212
22  0.4093964695930481
772  0.4093892276287079
1318  0.40938347578048706
1023  0.40936821699142456
1235  0.40936118364334106
724  0.4093586206436157
1022  0.40935757756233215
699  0.40933236479759216
700  0.40933141112327576
706  0.4093230664730072
1045  0.40930992364883423
922  0.4092864692211151
1097  0.4092777371406555
751  0.40926963090896606
745  0.409267783164978
1247  0.4092596173286438
937  0.40922993421554565
920  0.4092201888561249
170  0.4092170000076294
615  0.40921691060066223
666  0.40921348333358765
1093  0.4092129170894623
710  0.40921229124069214
105  0.4092109203338623
1013  0.40919655561447144
19  0.40918171405792236
987  0.40917983651161194
1229  0.4091756343841553
4  0.4091658890247345
1520  0.4091608226299286
24  0.4091476500034332
1018  0.4091416299343109
1233  0.4091334044933319
1518  0.4091269373893738
1226  0.40911799669265747
957  0.4091155230998993
729  0.40911489725112915
1254  0.4091072380542755
1515  0.4091068208217621
661  0.409106582403183
473  0.40909382700920105
143  0.40909358859062195
685  0.4090854525566101
1105  0.4090833067893982
1501  0.4090723693370819
1140  0.4090719223022461
1294  0.40906795859336853
1054  0.4090496897697449
163  0.4090441167354584
1030  0.4090433120727539
1315  0.4090433120727539
1087  0.40904152393341064
1101  0.4090270400047302
1269  0.4090222120285034
48  0.40901055932044983
31  0.4089815616607666
33  0.40897679328918457
1071  0.408964067697525
171  0.40894976258277893
722  0.4089449644088745
1426  0.40894410014152527
1120  0.40894201397895813
1604  0.4089283049106598
144  0.4089241623878479
1144  0.4089215397834778
930  0.40891966223716736
1237  0.4089179039001465
95  0.4089013934135437
1204  0.40889647603034973
728  0.4088936150074005
703  0.4088907837867737
815  0.40888604521751404
205  0.4088827669620514
818  0.4088760018348694
579  0.40885767340660095
1424  0.40885448455810547
790  0.4088475704193115
616  0.4088447690010071
994  0.4088391661643982
1223  0.4088388681411743
832  0.4088367819786072
47  0.40882959961891174
113  0.40882256627082825
135  0.40882179141044617
1559  0.40879425406455994
794  0.4087908864021301
204  0.4087870419025421
1704  0.40878063440322876
1499  0.4087759852409363
822  0.40877142548561096
1228  0.40876898169517517
109  0.4087585210800171
910  0.408745139837265
912  0.4087356626987457
1244  0.4087342619895935
58  0.4087333679199219
719  0.40873125195503235
795  0.4087299406528473
725  0.4087294042110443
425  0.40871933102607727
838  0.4087110459804535
1040  0.4086986184120178
1091  0.4086916446685791
678  0.40868571400642395
1021  0.4086796045303345
765  0.40866613388061523
1053  0.40865370631217957
702  0.4086446464061737
971  0.40864133834838867
946  0.408635675907135
1239  0.40862181782722473
68  0.40862011909484863
864  0.40861496329307556
1391  0.40860649943351746
721  0.408603698015213
1133  0.40858715772628784
28  0.40857622027397156
578  0.4085738956928253
1029  0.4085617661476135
1292  0.40856167674064636
343  0.4085376560688019
1678  0.40853676199913025
927  0.40852245688438416
223  0.40851694345474243
1311  0.40849804878234863
986  0.4084964096546173
1019  0.40849193930625916
117  0.4084850549697876
884  0.4084697365760803
1059  0.40846261382102966
96  0.4084477424621582
805  0.40843746066093445
1009  0.4084315001964569
933  0.4084148406982422
887  0.40841439366340637
1245  0.4084007143974304
1104  0.4084005653858185
1035  0.40839993953704834
831  0.4083980321884155
262  0.40839463472366333
21  0.408378005027771
1137  0.40836039185523987
802  0.40835896134376526
1037  0.4083483815193176
788  0.4083472788333893
868  0.4083428978919983
692  0.40833353996276855
1314  0.40832358598709106
187  0.4083182215690613
1225  0.4083058536052704
116  0.4082753360271454
97  0.40826117992401123
1618  0.4082602262496948
1130  0.40825673937797546
998  0.4082472026348114
106  0.40824636816978455
1405  0.4082421660423279
842  0.40824100375175476
1172  0.4082235097885132
1056  0.40820595622062683
714  0.40820184350013733
900  0.40819889307022095
1240  0.4081957936286926
123  0.4081941246986389
69  0.4081804156303406
1132  0.408168226480484
609  0.40816766023635864
731  0.40816330909729004
1439  0.40816259384155273
814  0.4081604778766632
1031  0.40815597772598267
5  0.4081389605998993
707  0.4081367552280426
1043  0.4081338346004486
876  0.4081265330314636
1262  0.40811753273010254
145  0.4081110656261444
108  0.40811043977737427
89  0.4081035554409027
1222  0.4081028401851654
1154  0.4080945551395416
697  0.4080883860588074
1181  0.4080844223499298
1099  0.4080725908279419
500  0.40806424617767334
11  0.40806275606155396
294  0.4080480933189392
843  0.408036470413208
1528  0.4080362319946289
858  0.40802550315856934
1096  0.40802130103111267
936  0.40801694989204407
1016  0.40800756216049194
1306  0.4080035388469696
1595  0.40800154209136963
1014  0.4079907536506653
1134  0.4079892039299011
1496  0.40798884630203247
1113  0.40796613693237305
1143  0.4079631268978119
1201  0.40796154737472534
995  0.40795812010765076
1246  0.4079572558403015
988  0.4079548418521881
964  0.4079521894454956
44  0.4079492688179016
595  0.40794637799263
708  0.40793856978416443
60  0.40793654322624207
630  0.4079328179359436
1203  0.4079299569129944
1502  0.40792417526245117
607  0.40790456533432007
1153  0.4078984558582306
1191  0.4078957736492157
847  0.40787947177886963
459  0.4078782796859741
1166  0.40787750482559204
75  0.40786728262901306
1025  0.40786364674568176
761  0.40785977244377136
668  0.4078526198863983
830  0.40784886479377747
762  0.4078480899333954
1207  0.40784507989883423
1513  0.40783578157424927
705  0.4078253507614136
914  0.4078249931335449
1189  0.4078209698200226
138  0.4078153967857361
1261  0.4078148603439331
1612  0.4078073501586914
59  0.4077950417995453
1567  0.4077840745449066
1010  0.4077785313129425
991  0.4077742397785187
1251  0.40777093172073364
669  0.4077688157558441
833  0.4077613353729248
1582  0.4077579975128174
1322  0.4077487587928772
351  0.4077414274215698
458  0.40773579478263855
1127  0.4077305197715759
1562  0.40772828459739685
929  0.40770870447158813
376  0.4077067971229553
1183  0.40770336985588074
931  0.4076946973800659
1593  0.40767160058021545
104  0.40766963362693787
871  0.40766820311546326
856  0.40766406059265137
380  0.4076582193374634
829  0.4076581299304962
1313  0.407657265663147
690  0.4076506793498993
289  0.4076334834098816
1121  0.40763023495674133
1064  0.40762925148010254
1066  0.4076247215270996
1510  0.40761858224868774
1404  0.4076089560985565
1058  0.40760233998298645
268  0.4075886011123657
655  0.407586932182312
1034  0.40758535265922546
1473  0.4075775444507599
1568  0.4075701832771301
580  0.40756478905677795
557  0.40755537152290344
1259  0.4075547456741333
777  0.407554030418396
610  0.4075528383255005
1545  0.4075525999069214
771  0.40754905343055725
328  0.4075488746166229
1000  0.40754467248916626
382  0.4075256288051605
665  0.4075191020965576
1284  0.4075166583061218
1123  0.40751585364341736
840  0.40750840306282043
1102  0.40750449895858765
635  0.4075019359588623
1103  0.40750184655189514
79  0.4074922502040863
360  0.407490611076355
737  0.4074792265892029
1079  0.4074763059616089
224  0.4074679911136627
828  0.40746569633483887
1498  0.40746352076530457
1241  0.4074580669403076
934  0.4074578285217285
906  0.4074530601501465
1141  0.40745145082473755
1253  0.40744540095329285
1386  0.40744081139564514
1007  0.40744033455848694
1055  0.40743914246559143
824  0.4074239134788513
326  0.4074174463748932
1349  0.40741389989852905
1276  0.40741127729415894
562  0.4074111878871918
1209  0.4074111878871918
477  0.4074091911315918
1152  0.40740519762039185
416  0.4074046015739441
793  0.4073808193206787
980  0.4073745906352997
1564  0.40736958384513855
813  0.4073586165904999
865  0.4073522686958313
1122  0.4073486924171448
1015  0.40734803676605225
774  0.4073459804058075
1081  0.4073280990123749
1243  0.4073270857334137
1198  0.40731552243232727
387  0.4073142409324646
917  0.4073046147823334
743  0.4072991907596588
1094  0.4072967767715454
461  0.4072915315628052
701  0.40728825330734253
1517  0.40728816390037537
1403  0.40728721022605896
1527  0.40727487206459045
999  0.40727001428604126
1224  0.4072626829147339
1004  0.40726032853126526
1050  0.40725192427635193
331  0.40723952651023865
1278  0.4072266221046448
1773  0.40722227096557617
1547  0.4072096347808838
935  0.40720251202583313
1234  0.40718337893486023
1202  0.40717941522598267
1291  0.4071781635284424
1511  0.40717488527297974
940  0.4071730971336365
1297  0.4071718454360962
973  0.4071660339832306
1077  0.40716519951820374
698  0.4071606993675232
1330  0.4071525037288666
826  0.407122939825058
862  0.4071042537689209
1295  0.40709245204925537
1020  0.4070879817008972
963  0.4070865511894226
1565  0.407084584236145
878  0.4070831537246704
1680  0.4070787727832794
694  0.40707454085350037
1305  0.40707266330718994
1472  0.40706562995910645
891  0.40706127882003784
37  0.4070596992969513
823  0.4070570170879364
677  0.40705060958862305
129  0.4070408046245575
715  0.4070405662059784
1110  0.407039076089859
902  0.40703797340393066
1309  0.4070364534854889
1145  0.4070339798927307
1679  0.4070262014865875
1423  0.4070202708244324
723  0.4070034325122833
752  0.4069996178150177
78  0.40699538588523865
1027  0.40699145197868347
501  0.4069913625717163
420  0.40698978304862976
1124  0.4069891571998596
184  0.406973272562027
776  0.4069489538669586
1583  0.4069441258907318
296  0.40694254636764526
1772  0.40693801641464233
1199  0.40693604946136475
1509  0.40693214535713196
872  0.40693122148513794
730  0.40692171454429626
341  0.4069195091724396
14  0.4069140553474426
1277  0.40691056847572327
1126  0.406904935836792
1316  0.4069018065929413
791  0.4068939983844757
943  0.4068778157234192
81  0.40687182545661926
185  0.4068712592124939
182  0.40685799717903137
760  0.40685760974884033
164  0.4068553149700165
1118  0.4068487584590912
759  0.40684816241264343
775  0.4068443477153778
939  0.4068416357040405
638  0.4068326950073242
162  0.40682995319366455
1478  0.40682512521743774
746  0.4068242907524109
808  0.40682318806648254
1302  0.4068199694156647
1360  0.4068145155906677
938  0.4068126976490021
1184  0.4068112075328827
51  0.4068056643009186
1331  0.40680456161499023
1067  0.4067899286746979
429  0.40678757429122925
787  0.40678349137306213
1065  0.4067813754081726
1563  0.40678003430366516
1036  0.40677931904792786
1699  0.4067723751068115
1437  0.4067717492580414
1682  0.4067715108394623
1698  0.4067685008049011
1046  0.40675264596939087
1326  0.4067475199699402
518  0.4067411720752716
1248  0.4067385196685791
256  0.40673309564590454
1068  0.40673181414604187
911  0.4067310094833374
499  0.40672844648361206
444  0.4067208468914032
545  0.4067102074623108
901  0.40669766068458557
1205  0.40668922662734985
261  0.4066890478134155
792  0.4066888391971588
1738  0.40668797492980957
903  0.4066811501979828
94  0.4066706597805023
254  0.40666574239730835
61  0.40665555000305176
1108  0.406646728515625
130  0.40664541721343994
1542  0.40664443373680115
770  0.40663331747055054
1585  0.4066181480884552
1100  0.4066174626350403
284  0.40661513805389404
575  0.40660959482192993
1210  0.4066080152988434
1290  0.40660589933395386
754  0.4066026508808136
1175  0.4065868854522705
1275  0.4065392017364502
462  0.4065329134464264
740  0.4065307378768921
989  0.40652647614479065
263  0.40651848912239075
718  0.4065176844596863
137  0.4065169095993042
960  0.40651652216911316
739  0.4065159559249878
1521  0.4065117835998535
1602  0.40651077032089233
540  0.4065086245536804
506  0.4065054655075073
1178  0.4065003991127014
122  0.4064841568470001
1041  0.40648412704467773
1560  0.40647444128990173
167  0.4064740538597107
958  0.4064725339412689
318  0.4064711630344391
870  0.40646687150001526
339  0.40644773840904236
753  0.40643560886383057
1129  0.4064343273639679
1197  0.40643101930618286
478  0.4064203202724457
915  0.40641310811042786
165  0.4064105451107025
107  0.4064018726348877
923  0.4063955843448639
763  0.40639322996139526
121  0.4063918888568878
836  0.40639039874076843
749  0.4063885807991028
87  0.40638819336891174
892  0.40638673305511475
1722  0.40638604760169983
471  0.4063819348812103
1148  0.40637677907943726
110  0.4063728153705597
859  0.4063704311847687
1218  0.40635818243026733
967  0.4063538908958435
711  0.4063534438610077
1193  0.40634018182754517
35  0.4063328802585602
1131  0.40632668137550354
82  0.40632563829421997
71  0.4063228666782379
1690  0.4063054025173187
1438  0.40628954768180847
1321  0.4062872529029846
1147  0.40626978874206543
1495  0.40626874566078186
218  0.4062676429748535
962  0.406266987323761
406  0.406255841255188
183  0.4062521457672119
1028  0.4062493145465851
1382  0.406237930059433
649  0.40623483061790466
908  0.4062308371067047
1514  0.40622398257255554
32  0.40622279047966003
1332  0.4062119424343109
1185  0.4062100648880005
379  0.40620824694633484
1476  0.4061952531337738
1519  0.4061936140060425
381  0.4061870276927948
913  0.40617141127586365
769  0.4061696231365204
807  0.40616920590400696
825  0.40616574883461
325  0.40616047382354736
1195  0.4061565399169922
1485  0.4061565399169922
1765  0.4061497151851654
544  0.40614765882492065
319  0.40613579750061035
592  0.40612104535102844
1119  0.4061181843280792
1206  0.40611687302589417
542  0.40611597895622253
653  0.40610983967781067
560  0.4060594439506531
515  0.40604788064956665
750  0.4060436189174652
1689  0.40602830052375793
1266  0.4060229957103729
1700  0.40602076053619385
1249  0.40601733326911926
270  0.40601322054862976
820  0.4060094356536865
855  0.40599897503852844
621  0.4059917628765106
514  0.4059872627258301
1304  0.4059751629829407
1395  0.40597179532051086
1362  0.4059702157974243
320  0.4059680998325348
919  0.405953973531723
1346  0.40594011545181274
260  0.4059400260448456
874  0.4059377610683441
299  0.40593570470809937
1286  0.4059200882911682
654  0.40591394901275635
1078  0.4059055745601654
1219  0.4058952033519745
1042  0.40588730573654175
1620  0.405885249376297
941  0.40588417649269104
845  0.4058798551559448
101  0.4058797359466553
660  0.4058791399002075
582  0.40587857365608215
768  0.40587368607521057
83  0.40586838126182556
1180  0.4058661162853241
1693  0.4058496057987213
295  0.40584781765937805
1526  0.4058477282524109
42  0.40584471821784973
1325  0.40584439039230347
944  0.40584424138069153
368  0.4058336615562439
36  0.4058306813240051
264  0.4058302044868469
1002  0.4058240056037903
179  0.405818372964859
639  0.40581607818603516
1298  0.4058108329772949
598  0.4058057963848114
1497  0.4058034121990204
57  0.4058007597923279
1681  0.40579625964164734
1735  0.40579453110694885
229  0.40579143166542053
323  0.40577584505081177
713  0.4057738780975342
1089  0.40576857328414917
1609  0.40576040744781494
1073  0.40575915575027466
1106  0.4057582914829254
1507  0.4057542085647583
624  0.40575122833251953
180  0.4057422876358032
1428  0.4057386815547943
631  0.40573635697364807
27  0.4057333171367645
267  0.4057268798351288
611  0.4057266116142273
1694  0.4057199954986572
1220  0.4057115614414215
882  0.4057045876979828
1419  0.40570420026779175
966  0.4056955873966217
460  0.40569353103637695
726  0.40568846464157104
1571  0.40568575263023376
1392  0.4056805372238159
350  0.40567079186439514
77  0.40564653277397156
1544  0.40564119815826416
505  0.4056408703327179
1421  0.4056357145309448
1200  0.4056328535079956
970  0.4056188464164734
342  0.4056185483932495
561  0.4056016802787781
757  0.4056006371974945
1745  0.40558838844299316
755  0.4055842459201813
366  0.4055735468864441
480  0.4055632948875427
849  0.4055606424808502
1107  0.40555956959724426
283  0.4055570363998413
533  0.405553936958313
1323  0.40555381774902344
186  0.40555334091186523
574  0.4055385887622833
412  0.4055376946926117
99  0.40552762150764465
1420  0.405509889125824
1474  0.405506432056427
1116  0.4055063724517822
764  0.4054811894893646
422  0.40547868609428406
1576  0.4054781496524811
1654  0.4054756462574005
175  0.40547510981559753
747  0.40547457337379456
1211  0.4054730534553528
1706  0.4054720997810364
1578  0.40547049045562744
1128  0.4054703116416931
1112  0.40545564889907837
1592  0.40545108914375305
157  0.4054485857486725
1340  0.4054371118545532
1610  0.4054322838783264
374  0.4054318964481354
12  0.4054263234138489
1389  0.40542343258857727
1718  0.4054058790206909
1696  0.4053938388824463
1492  0.40538260340690613
56  0.4053822159767151
1573  0.4053765535354614
253  0.40536779165267944
648  0.40536174178123474
40  0.4053610563278198
974  0.4053593873977661
308  0.4053589403629303
1625  0.40535688400268555
1427  0.4053546190261841
1631  0.40535250306129456
620  0.4053317904472351
921  0.4053269028663635
1770  0.4053238332271576
301  0.4053157567977905
516  0.40529757738113403
423  0.405295193195343
924  0.4052906930446625
673  0.40528440475463867
968  0.4052814543247223
1217  0.4052814245223999
916  0.405272513628006
1385  0.40527021884918213
674  0.4052668809890747
539  0.40526172518730164
34  0.4052564799785614
563  0.40525564551353455
969  0.4052487313747406
628  0.40524792671203613
1236  0.4052421748638153
1555  0.40523988008499146
1039  0.40521353483200073
687  0.4052121937274933
73  0.40519383549690247
945  0.40518996119499207
1634  0.4051857590675354
1080  0.4051855206489563
576  0.40518438816070557
23  0.4051823914051056
1591  0.4051784873008728
1628  0.4051743447780609
1125  0.4051729440689087
571  0.40516963601112366
1265  0.40516871213912964
1577  0.4051644504070282
168  0.40516358613967896
1109  0.40516072511672974
1307  0.405158132314682
522  0.40515726804733276
613  0.4051433503627777
80  0.40514272451400757
1232  0.40513888001441956
1230  0.405135840177536
1221  0.4051312208175659
1418  0.4051302373409271
1115  0.4051275849342346
1553  0.4051249623298645
1296  0.40512141585350037
1701  0.4051193296909332
1462  0.4051143229007721
1549  0.40510889887809753
321  0.4051055312156677
873  0.4051024913787842
1212  0.4050982594490051
503  0.4050961434841156
623  0.40507712960243225
475  0.4050756096839905
1308  0.4050728380680084
1150  0.405070424079895
362  0.40506869554519653
1227  0.4050680696964264
176  0.40506672859191895
279  0.40506672859191895
1005  0.40506184101104736
447  0.4050585627555847
147  0.40505459904670715
693  0.40505367517471313
617  0.4050503969192505
614  0.40504246950149536
972  0.40504059195518494
1525  0.4050404131412506
1546  0.4050375521183014
1607  0.4050345718860626
632  0.40502816438674927
885  0.4050240218639374
1213  0.4050234854221344
680  0.4050126373767853
1702  0.40501078963279724
1441  0.4050070345401764
1671  0.40500640869140625
1505  0.4050028324127197
1622  0.40499988198280334
245  0.40499547123908997
338  0.4049952030181885
738  0.40498849749565125
468  0.4049854576587677
1503  0.40498048067092896
584  0.40495753288269043
1390  0.40495502948760986
1459  0.4049541652202606
1455  0.40495285391807556
298  0.4049524962902069
918  0.40494221448898315
98  0.4049386978149414
329  0.40493243932724
1710  0.40493109822273254
1708  0.40493059158325195
670  0.40493032336235046
293  0.4049302637577057
1084  0.4049154818058014
1733  0.4049103558063507
732  0.40490907430648804
1069  0.40490469336509705
70  0.40490445494651794
1579  0.4049006998538971
172  0.4048980474472046
405  0.4048974812030792
689  0.40489453077316284
217  0.40488436818122864
76  0.40487831830978394
169  0.40487778186798096
1328  0.4048745036125183
93  0.404868483543396
1361  0.40486717224121094
206  0.40486520528793335
1416  0.40486225485801697
1456  0.4048616290092468
817  0.40485072135925293
577  0.4048486351966858
1381  0.4048430919647217
860  0.4048389494419098
1603  0.4048387110233307
497  0.40482497215270996
606  0.4048238694667816
633  0.40481799840927124
151  0.40481260418891907
53  0.4048077464103699
1163  0.40480247139930725
984  0.40479961037635803
385  0.4047940969467163
103  0.40479132533073425
1283  0.40478450059890747
1024  0.40478190779685974
1477  0.4047803580760956
1723  0.40477997064590454
1512  0.4047797918319702
9  0.4047771394252777
1493  0.40477633476257324
1639  0.4047720730304718
1412  0.4047619104385376
161  0.4047562777996063
266  0.4047543406486511
344  0.40473684668540955
1751  0.4047326147556305
1411  0.40472885966300964
1003  0.40472832322120667
904  0.404721200466156
1208  0.40471702814102173
1771  0.40471386909484863
1167  0.4047077000141144
1743  0.40469852089881897
853  0.4046844244003296
1677  0.4046696424484253
679  0.4046681821346283
1658  0.4046667814254761
1469  0.4046645164489746
1707  0.4046575725078583
1440  0.4046490490436554
188  0.4046398401260376
445  0.40463390946388245
681  0.4046303927898407
1740  0.40461891889572144
1767  0.4046124517917633
1435  0.40461158752441406
1619  0.4046076536178589
1358  0.40460652112960815
942  0.40459662675857544
352  0.4045921564102173
177  0.4045884907245636
1714  0.404587060213089
39  0.40458476543426514
1156  0.40458402037620544
543  0.40457355976104736
523  0.40456950664520264
756  0.40456637740135193
1324  0.4045661687850952
430  0.40455734729766846
1363  0.4045554995536804
889  0.40455445647239685
1705  0.4045543670654297
564  0.4045509994029999
472  0.4045434296131134
659  0.4045337736606598
1479  0.40452316403388977
297  0.4045211374759674
1146  0.4045208990573883
1494  0.4045166075229645
1590  0.40451622009277344
1288  0.404513955116272
282  0.4045039117336273
487  0.4045012593269348
173  0.4044928550720215
91  0.40448909997940063
1482  0.40448641777038574
1662  0.40448081493377686
1468  0.404477596282959
469  0.404453843832016
457  0.40445107221603394
1012  0.40444713830947876
733  0.4044421911239624
1475  0.40444210171699524
809  0.4044395983219147
976  0.40443873405456543
150  0.4044375717639923
1647  0.4044300615787506
363  0.40442338585853577
636  0.4044173061847687
372  0.404413640499115
848  0.40441223978996277
641  0.4044090211391449
897  0.40440458059310913
231  0.4043964445590973
1675  0.4043946862220764
413  0.40439319610595703
1049  0.40438947081565857
1074  0.40438076853752136
41  0.404376357793808
84  0.40437090396881104
1379  0.4043695032596588
192  0.40436670184135437
1768  0.4043591618537903
401  0.404348760843277
292  0.404344379901886
414  0.40434423089027405
675  0.40434354543685913
1539  0.4043383002281189
178  0.4043368697166443
712  0.40433603525161743
1341  0.40431538224220276
1061  0.4043092429637909
1117  0.40430912375450134
247  0.40430307388305664
1508  0.4043029844760895
92  0.40429356694221497
407  0.4042905271053314
1548  0.4042847752571106
618  0.4042798578739166
590  0.4042659103870392
1348  0.40426331758499146
1599  0.4042527377605438
1164  0.4042520225048065
327  0.40423643589019775
1617  0.4042299687862396
682  0.4042234420776367
1529  0.40421736240386963
1669  0.40421727299690247
1347  0.40421703457832336
977  0.40421679615974426
1075  0.4042164087295532
982  0.4042133688926697
403  0.40420645475387573
1587  0.4041847288608551
907  0.40418386459350586
114  0.40418288111686707
1580  0.4041743278503418
307  0.40417206287384033
1417  0.40417030453681946
504  0.40415939688682556
1651  0.4041502773761749
194  0.40414249897003174
1192  0.40414124727249146
627  0.4041324257850647
1445  0.40412038564682007
1711  0.4041195213794708
662  0.4041130542755127
439  0.40410587191581726
1376  0.4040912687778473
1769  0.40409040451049805
846  0.40408867597579956
1453  0.40408074855804443
369  0.40407896041870117
402  0.40407630801200867
1763  0.4040750563144684
1621  0.4040725827217102
1673  0.4040667414665222
388  0.40405941009521484
152  0.40405815839767456
476  0.4040558636188507
928  0.40404626727104187
978  0.4040451943874359
981  0.4040429890155792
857  0.4040343463420868
1179  0.4040306806564331
49  0.4040274918079376
277  0.4040168225765228
191  0.40401408076286316
548  0.404011994600296
436  0.40400657057762146
1557  0.4040040671825409
281  0.4040025770664215
189  0.40399298071861267
377  0.4039899706840515
525  0.4039895236492157
1601  0.40398508310317993
415  0.4039780795574188
441  0.40396395325660706
736  0.40396055579185486
1641  0.40395718812942505
1422  0.40395236015319824
1646  0.4039457440376282
1182  0.4039451479911804
1506  0.4039430618286133
1633  0.40394291281700134
961  0.4039398431777954
640  0.403934121131897
324  0.40392258763313293
1343  0.4039188623428345
52  0.40391600131988525
1327  0.40390703082084656
767  0.40390545129776
676  0.4039042294025421
1660  0.40390098094940186
131  0.40389811992645264
1575  0.40389809012413025
334  0.4038931429386139
1481  0.4038929343223572
1038  0.4038855731487274
1397  0.40387898683547974
806  0.4038788378238678
570  0.4038689136505127
517  0.40386781096458435
146  0.40385958552360535
629  0.4038524329662323
1457  0.40384167432785034
581  0.4038327634334564
502  0.4038097560405731
758  0.4037964642047882
276  0.40379366278648376
1650  0.4037827253341675
410  0.4037754535675049
1047  0.40377363562583923
1749  0.4037652015686035
538  0.40375474095344543
158  0.40375277400016785
181  0.40375062823295593
644  0.40374404191970825
300  0.40374183654785156
258  0.4037396311759949
1415  0.40372979640960693
1632  0.4037264883518219
867  0.40372252464294434
330  0.40372082591056824
305  0.4037189483642578
894  0.4037180244922638
465  0.40370115637779236
199  0.40369945764541626
1695  0.4036921262741089
1736  0.4036842882633209
278  0.40368321537971497
128  0.4036630094051361
124  0.40366214513778687
1653  0.4036564230918884
127  0.4036210775375366
287  0.4036204516887665
663  0.4036124646663666
367  0.40361180901527405
306  0.40361133217811584
1697  0.40360724925994873
1359  0.4035947918891907
1436  0.4035894274711609
1380  0.4035854637622833
1712  0.4035777151584625
509  0.40357449650764465
1645  0.40357187390327454
837  0.40356606245040894
1458  0.4035659432411194
519  0.40356194972991943
1534  0.4035607874393463
156  0.4035586714744568
1387  0.403558611869812
895  0.4035533666610718
852  0.40353500843048096
394  0.4035237431526184
554  0.40351247787475586
1652  0.40350887179374695
1451  0.4035067856311798
288  0.4034962058067322
1596  0.40349528193473816
1334  0.4034820795059204
1006  0.4034731984138489
1353  0.4034709334373474
1629  0.4034675657749176
651  0.40346574783325195
899  0.40343934297561646
1460  0.4034320116043091
335  0.40342867374420166
1333  0.4034246802330017
1443  0.4034225046634674
1581  0.4034191071987152
1649  0.4034173786640167
211  0.4034091532230377
393  0.4034026563167572
1062  0.40340232849121094
1726  0.40340062975883484
1766  0.4033990800380707
1388  0.4033951163291931
875  0.4033862054347992
893  0.4033849239349365
1664  0.40338146686553955
50  0.40337812900543213
1754  0.40337273478507996
1655  0.40337246656417847
386  0.40337178111076355
1300  0.40336668491363525
1535  0.40336525440216064
622  0.4033615291118622
735  0.40335679054260254
1586  0.403356671333313
1407  0.4033414423465729
15  0.40333834290504456
1162  0.4033364951610565
273  0.4033202528953552
216  0.40331852436065674
72  0.403317928314209
155  0.40329498052597046
1402  0.40328943729400635
1737  0.4032800793647766
1541  0.4032798409461975
1533  0.4032786190509796
434  0.40327444672584534
546  0.4032585620880127
1303  0.40325161814689636
1537  0.4032387137413025
384  0.4032028615474701
466  0.40319904685020447
148  0.40318936109542847
322  0.4031883180141449
1670  0.403184175491333
1605  0.40318039059638977
1396  0.4031777083873749
1335  0.40316882729530334
839  0.4031611680984497
645  0.4031578302383423
975  0.40315601229667664
166  0.40314874053001404
438  0.40314847230911255
446  0.4031374454498291
1299  0.4031202495098114
1483  0.4031158685684204
1550  0.40311527252197266
1614  0.4031085669994354
1615  0.40310102701187134
861  0.4030998647212982
490  0.4030996263027191
553  0.4030964970588684
1250  0.4030951261520386
1684  0.4030943512916565
1570  0.40307366847991943
1554  0.40307313203811646
1643  0.40307241678237915
1465  0.4030691087245941
1149  0.4030677080154419
634  0.40306755900382996
625  0.4030654728412628
1165  0.4030630588531494
149  0.40305930376052856
1594  0.40305858850479126
259  0.40304869413375854
54  0.40304648876190186
1574  0.40304532647132874
195  0.40304073691368103
727  0.40303802490234375
408  0.4030241072177887
1052  0.4030211269855499
383  0.4030149579048157
90  0.4030148386955261
443  0.4030066430568695
552  0.4030003547668457
1598  0.4029957354068756
599  0.40299496054649353
1289  0.4029819369316101
834  0.40297800302505493
1339  0.40297576785087585
221  0.40297144651412964
965  0.4029712677001953
193  0.4029633700847626
1378  0.4029606282711029
565  0.40293991565704346
333  0.4029269814491272
626  0.40291640162467957
1739  0.4029138684272766
695  0.4029066264629364
1176  0.4028927683830261
310  0.40289145708084106
1470  0.40287020802497864
835  0.40285682678222656
556  0.40285515785217285
1630  0.4028518795967102
115  0.402846097946167
642  0.40282389521598816
1158  0.4028226137161255
524  0.40281906723976135
442  0.4028167128562927
8  0.40281495451927185
1531  0.4028090536594391
896  0.4028041660785675
558  0.4028015434741974
566  0.40279728174209595
1377  0.4027930200099945
483  0.40278130769729614
395  0.402774453163147
1523  0.4027639329433441
1375  0.4027620851993561
361  0.4027365744113922
285  0.4027306139469147
521  0.40272825956344604
291  0.4027242660522461
555  0.402723491191864
1530  0.4027194082736969
1540  0.4027172327041626
541  0.4027145504951477
1703  0.4027102589607239
1480  0.40270739793777466
1558  0.4027051627635956
1672  0.4026931822299957
55  0.4026895761489868
1753  0.40268614888191223
1263  0.40268585085868835
1383  0.40268006920814514
844  0.40267693996429443
652  0.40266185998916626
513  0.40261849761009216
484  0.4026024341583252
1627  0.4025983214378357
1394  0.40259233117103577
489  0.4025823175907135
303  0.40258100628852844
340  0.4025787115097046
1111  0.40257173776626587
359  0.40256157517433167
449  0.4025574326515198
174  0.40255677700042725
6  0.4025518298149109
1161  0.40253904461860657
38  0.4025382697582245
1734  0.4025340676307678
17  0.40251684188842773
345  0.4024932086467743
1613  0.40246906876564026
1186  0.40246644616127014
619  0.4024621248245239
1569  0.4024610221385956
605  0.4024466574192047
637  0.40243810415267944
591  0.4024246633052826
1366  0.4024118483066559
1429  0.40239766240119934
153  0.40238961577415466
1572  0.4023885130882263
1636  0.4023875892162323
1676  0.40236666798591614
1744  0.4023664891719818
1674  0.40236222743988037
734  0.40236127376556396
364  0.4023604094982147
1683  0.40235909819602966
485  0.4023421108722687
1691  0.4023329019546509
1301  0.40231794118881226
1430  0.4023039937019348
1746  0.40228739380836487
1364  0.4022814631462097
1155  0.40227529406547546
1048  0.4022722840309143
159  0.40226417779922485
280  0.4022574722766876
1616  0.40225085616111755
431  0.40225037932395935
890  0.402249276638031
983  0.4022485017776489
450  0.4022423326969147
7  0.40223780274391174
290  0.40223076939582825
1408  0.402226984500885
332  0.4022159278392792
421  0.40221092104911804
647  0.402199923992157
585  0.4021978974342346
1608  0.40219226479530334
125  0.4021911919116974
1011  0.4021816849708557
391  0.40217748284339905
1597  0.4021684527397156
1732  0.4021613597869873
1287  0.402160108089447
1663  0.40215614438056946
1345  0.4021497070789337
1448  0.40214383602142334
766  0.4021437168121338
979  0.40213289856910706
583  0.40212830901145935
203  0.4021253287792206
1338  0.40212151408195496
317  0.40210261940956116
1692  0.4020976722240448
866  0.4020960032939911
531  0.402084082365036
1588  0.4020605683326721
373  0.40205827355384827
507  0.402054101228714
1524  0.40204134583473206
243  0.4020301401615143
717  0.4020274877548218
378  0.4020249843597412
265  0.40202367305755615
1748  0.40201959013938904
1556  0.40201425552368164
202  0.40198493003845215
1215  0.40198323130607605
1685  0.40197572112083435
1624  0.4019695520401001
1051  0.40195900201797485
311  0.40195727348327637
1644  0.4019522964954376
492  0.4019303023815155
672  0.40192705392837524
508  0.40192535519599915
1063  0.4019211232662201
549  0.40191972255706787
959  0.4019187092781067
1432  0.4019077718257904
1755  0.4018971621990204
400  0.40188518166542053
850  0.40186989307403564
851  0.4018418490886688
222  0.4018326699733734
1367  0.40182778239250183
1750  0.40182778239250183
646  0.4018269181251526
349  0.4018179178237915
348  0.40181398391723633
230  0.40181127190589905
370  0.40178781747817993
1461  0.40177762508392334
409  0.40175771713256836
1606  0.40174636244773865
375  0.4017367959022522
1406  0.401736319065094
85  0.4017240107059479
671  0.4017152488231659
494  0.40171024203300476
1354  0.40170201659202576
1713  0.40170177817344666
207  0.4016996920108795
1640  0.4016994535923004
537  0.40169796347618103
196  0.40169739723205566
234  0.4016885459423065
455  0.40168753266334534
102  0.4016837179660797
1467  0.4016701579093933
1638  0.4016569256782532
451  0.4016551375389099
1336  0.4016505777835846
126  0.40164777636528015
811  0.4016263782978058
573  0.40162545442581177
1742  0.4016249179840088
242  0.4016196131706238
86  0.40161797404289246
1264  0.40161532163619995
550  0.40161460638046265
154  0.40160995721817017
30  0.4015880525112152
389  0.4015760123729706
1142  0.4015619456768036
1329  0.40156179666519165
257  0.40155717730522156
1431  0.40154126286506653
1463  0.40153828263282776
1623  0.4015350639820099
1400  0.4015338718891144
1551  0.4015335738658905
1648  0.40152329206466675
309  0.40150365233421326
716  0.4014994204044342
1764  0.40149569511413574
390  0.40149322152137756
1401  0.40145739912986755
1522  0.40145114064216614
1532  0.4014427959918976
1160  0.4014349579811096
1370  0.40143418312072754
658  0.40143412351608276
1538  0.4014108180999756
313  0.40141043066978455
1393  0.4014049172401428
1589  0.401379257440567
551  0.40137794613838196
448  0.4013725817203522
1344  0.40135881304740906
1352  0.4013553857803345
1384  0.40134191513061523
493  0.40134045481681824
527  0.40133899450302124
572  0.40132850408554077
510  0.40132272243499756
210  0.40131789445877075
470  0.4013001024723053
160  0.40128079056739807
398  0.40127670764923096
547  0.40125730633735657
1552  0.40124011039733887
239  0.4012349545955658
1724  0.40122976899147034
435  0.40121030807495117
1157  0.4012053310871124
1410  0.4012037217617035
316  0.40118640661239624
312  0.40118569135665894
214  0.4011785387992859
1214  0.40115848183631897
1357  0.4011564552783966
463  0.4011550545692444
1442  0.401128888130188
392  0.4011130928993225
495  0.40109536051750183
1450  0.40109530091285706
274  0.401088148355484
201  0.4010762572288513
275  0.4010757803916931
399  0.4010719656944275
479  0.401062548160553
346  0.4010571837425232
1717  0.40103936195373535
371  0.40103867650032043
586  0.40102308988571167
190  0.40101686120033264
252  0.40100303292274475
1543  0.40098387002944946
1716  0.40097129344940186
1374  0.4009578227996826
1434  0.40094199776649475
1177  0.40093672275543213
1159  0.40093284845352173
1351  0.40092751383781433
810  0.40092727541923523
440  0.4009060263633728
1720  0.4008987843990326
235  0.4008564054965973
304  0.40083780884742737
433  0.4008290469646454
464  0.400817334651947
1709  0.4007876515388489
925  0.4007699191570282
232  0.4007580876350403
1452  0.40075528621673584
1398  0.40075191855430603
612  0.40074604749679565
1399  0.40071794390678406
213  0.4007168710231781
1350  0.4007168412208557
1433  0.4006998538970947
1342  0.4006759524345398
251  0.4006718695163727
1444  0.4006623327732086
1083  0.40065670013427734
1536  0.4006516933441162
397  0.4006442725658417
1371  0.4006439745426178
236  0.4006388485431671
272  0.4006236791610718
1489  0.40062078833580017
926  0.4006170928478241
1665  0.4006088376045227
491  0.40059739351272583
1626  0.4005679786205292
1504  0.4005667269229889
1365  0.4005632698535919
1752  0.40054410696029663
365  0.40052762627601624
1635  0.40051940083503723
1231  0.40051060914993286
600  0.40050992369651794
488  0.40050822496414185
246  0.4004749059677124
530  0.4004426896572113
248  0.40043526887893677
1337  0.4004300832748413
532  0.4004290699958801
1355  0.4004090428352356
559  0.40038126707077026
10  0.4003692865371704
1637  0.4003596007823944
1741  0.40035122632980347
209  0.4003453850746155
1756  0.4003430902957916
453  0.400339275598526
1484  0.4003329277038574
432  0.40032902359962463
286  0.40031182765960693
13  0.40029898285865784
437  0.4002848267555237
1757  0.4002824127674103
1657  0.4002542197704315
511  0.4002170264720917
1761  0.4002060294151306
16  0.4001877009868622
269  0.40018296241760254
244  0.40016254782676697
1721  0.4001431167125702
396  0.4001273810863495
411  0.4001172184944153
1369  0.4000784754753113
347  0.4000557065010071
271  0.40005433559417725
529  0.4000360071659088
601  0.40003108978271484
241  0.3999999165534973
528  0.39997002482414246
603  0.39995887875556946
215  0.3999468982219696
315  0.3999239504337311
1447  0.3999207317829132
534  0.39991745352745056
452  0.3999163508415222
240  0.39989009499549866
1454  0.3998692035675049
212  0.3998686969280243
482  0.3998252749443054
1449  0.39980489015579224
1725  0.3997919261455536
1758  0.3997558653354645
536  0.39975494146347046
100  0.39973923563957214
233  0.3996870517730713
1414  0.3996753394603729
1659  0.399657666683197
353  0.3996562361717224
302  0.3996120095252991
569  0.39959606528282166
602  0.3995622396469116
1413  0.39955654740333557
1409  0.39955592155456543
1600  0.39952799677848816
1082  0.3995040953159332
220  0.39949458837509155
812  0.39949312806129456
526  0.39941689372062683
314  0.39937594532966614
237  0.39930492639541626
1368  0.39927878975868225
200  0.399241179227829
1760  0.39918044209480286
898  0.39914315938949585
337  0.39913851022720337
588  0.39912495017051697
197  0.3991064131259918
358  0.39909347891807556
1667  0.3990877866744995
1719  0.39906492829322815
1490  0.39902639389038086
486  0.3990166187286377
1661  0.39900287985801697
454  0.3989763557910919
1216  0.3988969326019287
520  0.3988450765609741
604  0.398829847574234
1486  0.39876168966293335
1727  0.3987530469894409
219  0.39872175455093384
643  0.3987043499946594
496  0.39869818091392517
1491  0.3986518681049347
589  0.3985846936702728
1356  0.3984319269657135
357  0.39843055605888367
238  0.3983953595161438
1747  0.3983655571937561
1373  0.3983372449874878
1668  0.3982694149017334
1759  0.3982629179954529
1446  0.3982532024383545
1731  0.3982318937778473
1715  0.3982205390930176
587  0.39816996455192566
1666  0.3981226682662964
456  0.39805930852890015
1762  0.39804911613464355
1656  0.3979540169239044
1464  0.39793792366981506
1729  0.3979032635688782
1487  0.39789313077926636
535  0.39784395694732666
336  0.3977890908718109
1728  0.39773842692375183
249  0.3974716067314148
198  0.3974490165710449
481  0.3973252773284912
404  0.39727312326431274
354  0.3970656096935272
1372  0.39706262946128845
1466  0.3969462513923645
250  0.39680689573287964
208  0.3963824212551117
512  0.39627036452293396
1730  0.3960226774215698
356  0.39562517404556274
567  0.39549463987350464
568  0.39456120133399963
1488  0.3938392698764801
355  0.39328643679618835
