985  0.4349815249443054
1  0.4201129972934723
984  0.41884133219718933
2  0.40762028098106384
687  0.40649235248565674
783  0.4063873887062073
686  0.4063301384449005
972  0.4059229791164398
723  0.40566739439964294
526  0.4055219292640686
18  0.40511760115623474
605  0.404918909072876
517  0.4049025774002075
635  0.40409064292907715
472  0.4040786325931549
639  0.40401560068130493
682  0.40389055013656616
681  0.4035869538784027
608  0.4033629894256592
549  0.40332475304603577
610  0.40312716364860535
550  0.40287551283836365
790  0.4028024673461914
604  0.4026202857494354
471  0.40259724855422974
13  0.40254759788513184
627  0.4022049009799957
527  0.4021134674549103
447  0.40196555852890015
529  0.40194761753082275
680  0.40179991722106934
714  0.4017055332660675
513  0.4016307592391968
607  0.40159377455711365
12  0.4015340209007263
648  0.40147867798805237
777  0.4014537036418915
631  0.40144702792167664
762  0.40143612027168274
569  0.40138131380081177
568  0.40134477615356445
784  0.401216596364975
785  0.40090683102607727
789  0.4009067118167877
344  0.40090349316596985
611  0.4008708894252777
935  0.4008597731590271
641  0.40084338188171387
685  0.4008425176143646
781  0.40083739161491394
619  0.4008251428604126
665  0.40082430839538574
499  0.4007379114627838
552  0.4007076621055603
448  0.40068575739860535
651  0.40064388513565063
853  0.4006195366382599
514  0.4005914628505707
724  0.4005330801010132
495  0.40052536129951477
933  0.40050023794174194
591  0.4004155099391937
310  0.40038466453552246
871  0.40038105845451355
636  0.4003252387046814
524  0.4003172516822815
557  0.4003032445907593
647  0.40025949478149414
893  0.40022996068000793
589  0.4001985490322113
838  0.4001964032649994
973  0.4001079499721527
525  0.40000614523887634
698  0.4000047743320465
787  0.4000031352043152
638  0.3999961018562317
460  0.3999160826206207
449  0.3998703360557556
343  0.39985746145248413
671  0.39982491731643677
489  0.3998185098171234
983  0.3998049795627594
446  0.3997345566749573
971  0.3997294306755066
753  0.3995586037635803
974  0.3995269238948822
760  0.3994331657886505
786  0.39941951632499695
463  0.399373322725296
701  0.39937061071395874
609  0.3993041217327118
679  0.39925819635391235
650  0.3992491662502289
548  0.39920732378959656
445  0.3992072343826294
450  0.39919641613960266
897  0.399160772562027
470  0.39913326501846313
683  0.3991028964519501
246  0.3990972638130188
480  0.3990594446659088
498  0.39901426434516907
554  0.3990047872066498
970  0.3989976644515991
896  0.39896443486213684
692  0.39892521500587463
603  0.3989035487174988
745  0.39887505769729614
700  0.39887046813964844
590  0.3988669812679291
347  0.3988628089427948
695  0.39880797266960144
697  0.3987952172756195
14  0.39878082275390625
540  0.39874768257141113
469  0.39867913722991943
269  0.3986050486564636
567  0.39858514070510864
95  0.3985848128795624
479  0.39857640862464905
806  0.3985389471054077
734  0.39850103855133057
693  0.3984818160533905
516  0.398396372795105
860  0.39839038252830505
491  0.39830899238586426
782  0.3982982933521271
270  0.3982689380645752
684  0.39826515316963196
702  0.3981826603412628
16  0.3981029987335205
606  0.3980790078639984
547  0.3980567753314972
481  0.39804011583328247
530  0.3980189561843872
17  0.3980019688606262
688  0.39799487590789795
733  0.39796608686447144
531  0.39796528220176697
864  0.3979268968105316
474  0.39791926741600037
801  0.39787474274635315
761  0.3978739380836487
808  0.3978699743747711
584  0.39786070585250854
732  0.39782851934432983
763  0.3977937698364258
493  0.397792249917984
487  0.3977641761302948
500  0.3977469801902771
819  0.3977358937263489
694  0.3977174162864685
788  0.39770761132240295
351  0.39768967032432556
855  0.39768701791763306
488  0.39766040444374084
825  0.39765745401382446
649  0.3976459205150604
510  0.3976292610168457
837  0.39761319756507874
442  0.39761099219322205
490  0.3975873589515686
509  0.3975467383861542
817  0.39752086997032166
311  0.39751365780830383
618  0.39750468730926514
533  0.3974969983100891
889  0.39749473333358765
399  0.39748120307922363
564  0.3974670171737671
779  0.3974551856517792
839  0.3974323570728302
494  0.39741119742393494
369  0.3973962962627411
232  0.3973950743675232
668  0.39739328622817993
555  0.3973822295665741
842  0.3973689079284668
677  0.39735203981399536
662  0.39731982350349426
458  0.39730653166770935
465  0.3972943425178528
15  0.3972892463207245
891  0.39728862047195435
466  0.39727771282196045
492  0.39725643396377563
284  0.3972454369068146
308  0.397218257188797
859  0.3972011208534241
22  0.39716729521751404
518  0.3971601128578186
451  0.3971059322357178
843  0.3970497250556946
559  0.39702966809272766
720  0.39702120423316956
816  0.39702117443084717
286  0.39701658487319946
841  0.3969903588294983
811  0.3969559371471405
742  0.3969362676143646
748  0.39692220091819763
393  0.3969193696975708
473  0.39690929651260376
824  0.3968947231769562
927  0.3968811333179474
468  0.39687982201576233
11  0.3968697786331177
461  0.3968678414821625
630  0.3968493640422821
309  0.39684754610061646
660  0.3968370854854584
546  0.39680787920951843
699  0.39678823947906494
307  0.39677178859710693
285  0.3967611491680145
443  0.3967507481575012
718  0.39674943685531616
130  0.39674094319343567
892  0.3967294692993164
551  0.3966924548149109
191  0.39668142795562744
21  0.3966596722602844
802  0.3966582119464874
848  0.3966512084007263
829  0.3966469466686249
664  0.3966445326805115
754  0.3966286778450012
750  0.39661893248558044
634  0.3966045379638672
523  0.3966028094291687
902  0.39660266041755676
637  0.3965946435928345
169  0.3965933620929718
857  0.3965914845466614
528  0.3965821862220764
690  0.3965413272380829
826  0.39653629064559937
583  0.3965281546115875
856  0.39651748538017273
346  0.396512895822525
827  0.39648687839508057
502  0.3964781165122986
747  0.3964780867099762
348  0.39646875858306885
532  0.3964606523513794
696  0.3964471220970154
755  0.3964405655860901
821  0.39639905095100403
366  0.3963839113712311
84  0.39636003971099854
907  0.39632245898246765
828  0.396316796541214
703  0.3963136672973633
713  0.3963116407394409
459  0.3963049352169037
457  0.39629867672920227
478  0.39629292488098145
807  0.3962826728820801
558  0.39616894721984863
632  0.39616334438323975
805  0.39612483978271484
967  0.396110475063324
678  0.3960922360420227
145  0.39606988430023193
496  0.39605018496513367
291  0.3960491716861725
82  0.3960447609424591
858  0.39603525400161743
195  0.39602553844451904
643  0.39602282643318176
482  0.39601513743400574
640  0.3960113227367401
613  0.3959785997867584
345  0.3959737718105316
511  0.3959612250328064
167  0.39595142006874084
512  0.395949125289917
780  0.39593207836151123
725  0.39590683579444885
94  0.39589715003967285
721  0.3958640694618225
778  0.3958633840084076
197  0.39584583044052124
417  0.39584529399871826
769  0.3958212733268738
931  0.3958057165145874
966  0.3957986831665039
521  0.3957916498184204
642  0.39577358961105347
934  0.395751416683197
743  0.3957299590110779
746  0.3957243859767914
87  0.39572301506996155
505  0.3957148790359497
520  0.3956984281539917
349  0.3956936001777649
19  0.3956619203090668
456  0.395646870136261
715  0.3956378996372223
669  0.3956279158592224
132  0.3956150710582733
758  0.3956149220466614
287  0.39561352133750916
689  0.395591139793396
168  0.3955859839916229
704  0.3955783545970917
854  0.395563006401062
585  0.39555394649505615
982  0.39554959535598755
539  0.39552196860313416
444  0.39550864696502686
764  0.3955059051513672
581  0.3954884111881256
536  0.39547252655029297
556  0.39546820521354675
849  0.39544954895973206
776  0.3954354524612427
190  0.39542725682258606
497  0.3954165577888489
189  0.3954039216041565
822  0.39535853266716003
633  0.39528146386146545
623  0.3952746093273163
358  0.3952316641807556
670  0.39522916078567505
283  0.39521512389183044
545  0.39520302414894104
661  0.39518752694129944
214  0.39516890048980713
863  0.3951658010482788
248  0.39507898688316345
705  0.3950762152671814
397  0.39506953954696655
273  0.39501237869262695
439  0.3950115740299225
795  0.394962340593338
938  0.39494961500167847
39  0.39494723081588745
818  0.3949417471885681
48  0.39491379261016846
899  0.39490729570388794
501  0.3948768377304077
535  0.3948594033718109
415  0.39484283328056335
738  0.39484167098999023
612  0.394840806722641
86  0.39482051134109497
299  0.3947978615760803
969  0.3947666883468628
256  0.3947193920612335
905  0.39471811056137085
799  0.39471590518951416
477  0.3946806490421295
588  0.3946738541126251
918  0.3946462869644165
234  0.394634485244751
624  0.39462655782699585
247  0.39461833238601685
245  0.39461374282836914
962  0.3945938050746918
376  0.39459100365638733
504  0.39458855986595154
79  0.3945790231227875
483  0.3945711553096771
259  0.39455971121788025
544  0.39455646276474
739  0.39455538988113403
222  0.3945472240447998
543  0.39449915289878845
398  0.3944990038871765
657  0.39447733759880066
676  0.3944752514362335
515  0.394467830657959
486  0.39444735646247864
475  0.3944331109523773
88  0.39442089200019836
775  0.3944148123264313
850  0.3943837285041809
865  0.3943822383880615
289  0.39437106251716614
932  0.3943639099597931
565  0.3943568766117096
566  0.39435094594955444
730  0.39429837465286255
667  0.39427435398101807
644  0.3942685127258301
143  0.3942565619945526
904  0.39425593614578247
628  0.39421045780181885
622  0.3942081034183502
105  0.3941875696182251
298  0.39416661858558655
729  0.39415645599365234
960  0.3941522240638733
691  0.39413321018218994
541  0.39408549666404724
920  0.39408358931541443
722  0.3940833508968353
888  0.39407050609588623
731  0.394042044878006
625  0.3940393626689911
134  0.39402833580970764
508  0.3940278887748718
253  0.39402663707733154
151  0.3940204679965973
367  0.3940117657184601
519  0.39400413632392883
759  0.3940039873123169
894  0.3939974009990692
756  0.3939899206161499
192  0.3939782679080963
674  0.393977552652359
598  0.39397111535072327
663  0.39393094182014465
553  0.3939158022403717
205  0.3939116895198822
144  0.3939105272293091
534  0.3938819169998169
582  0.3938792943954468
288  0.39387479424476624
371  0.39383772015571594
31  0.3938080370426178
196  0.3937978148460388
797  0.3937699794769287
737  0.39369821548461914
975  0.39369797706604004
83  0.39368098974227905
335  0.39366665482521057
396  0.393638014793396
950  0.3936302661895752
438  0.3936299979686737
900  0.3936241567134857
170  0.3936207592487335
467  0.3935927748680115
773  0.3935699462890625
217  0.3935402035713196
599  0.3934952914714813
209  0.39346805214881897
560  0.3934609293937683
3  0.39345836639404297
672  0.3934447169303894
936  0.3934081196784973
847  0.3933829665184021
333  0.3933732807636261
890  0.39335113763809204
394  0.393339604139328
476  0.3933042585849762
43  0.3932986855506897
272  0.39322730898857117
659  0.39321860671043396
194  0.39319491386413574
716  0.3931785821914673
810  0.39317768812179565
155  0.393166184425354
407  0.39316612482070923
146  0.39315927028656006
23  0.3931529223918915
937  0.39315199851989746
616  0.39314818382263184
961  0.3931382894515991
597  0.3931175768375397
6  0.3931143879890442
741  0.39311304688453674
735  0.39309611916542053
171  0.3930824100971222
210  0.393062025308609
895  0.3930526673793793
592  0.3930315673351288
391  0.39301854372024536
614  0.39300888776779175
951  0.3930039405822754
422  0.3930034935474396
736  0.39299407601356506
602  0.3929806053638458
851  0.3929675817489624
794  0.39296042919158936
600  0.3929590880870819
10  0.39294928312301636
141  0.3929450809955597
803  0.392896831035614
258  0.3928918242454529
771  0.3928814232349396
861  0.3928773105144501
433  0.3928726315498352
312  0.3928423523902893
359  0.392834335565567
620  0.3928205668926239
646  0.3927784860134125
484  0.39276906847953796
840  0.392762690782547
976  0.3927498459815979
370  0.3927423059940338
342  0.3927420973777771
409  0.3927386403083801
464  0.39273738861083984
462  0.3927314579486847
375  0.39272868633270264
595  0.392716646194458
749  0.39270317554473877
757  0.39269736409187317
454  0.3926876485347748
945  0.39267149567604065
263  0.3926682472229004
313  0.39266759157180786
178  0.39265158772468567
20  0.3926389217376709
898  0.3926355242729187
425  0.39263421297073364
154  0.3926025331020355
626  0.3926001787185669
353  0.39259451627731323
372  0.39259400963783264
875  0.3925909101963043
793  0.3925589621067047
587  0.3925473392009735
213  0.39254316687583923
378  0.3925415873527527
629  0.3925403654575348
80  0.39252668619155884
765  0.39251193404197693
402  0.3924891948699951
133  0.39246228337287903
128  0.39243465662002563
728  0.392428457736969
235  0.39242449402809143
223  0.3923966884613037
886  0.39239463210105896
179  0.3923740088939667
264  0.39237233996391296
350  0.3923201858997345
751  0.3922852873802185
796  0.3922761380672455
542  0.3922700881958008
752  0.3922412693500519
377  0.392226904630661
823  0.39221903681755066
952  0.3922129273414612
928  0.39221036434173584
455  0.39220502972602844
216  0.39218902587890625
921  0.39217114448547363
241  0.3921605050563812
233  0.3921501636505127
172  0.3921371102333069
570  0.39212241768836975
835  0.3921184837818146
485  0.3921143710613251
85  0.39209744334220886
324  0.3920951783657074
712  0.39208871126174927
418  0.3920547366142273
903  0.39202743768692017
424  0.3920248746871948
601  0.39201903343200684
767  0.39200857281684875
831  0.39200547337532043
98  0.39200493693351746
740  0.3920004069805145
887  0.3919886350631714
32  0.39196646213531494
870  0.39196494221687317
744  0.3919607102870941
268  0.3919559419155121
211  0.39192429184913635
392  0.39192283153533936
403  0.3919224739074707
929  0.3918987214565277
809  0.39188358187675476
90  0.3918825387954712
142  0.3918795585632324
727  0.3918664753437042
297  0.39186570048332214
129  0.3918648958206177
563  0.3918645977973938
579  0.3918236792087555
290  0.39179089665412903
175  0.39175164699554443
617  0.3917427957057953
503  0.39173856377601624
401  0.39173373579978943
352  0.39171990752220154
53  0.3916972279548645
182  0.3916913568973541
429  0.39168843626976013
430  0.3916850686073303
561  0.39167872071266174
673  0.39167720079421997
645  0.39167511463165283
274  0.3916485011577606
453  0.39164361357688904
96  0.3916139304637909
949  0.3915986120700836
706  0.3915880620479584
257  0.391550749540329
441  0.3915034532546997
830  0.39148035645484924
25  0.3914697468280792
820  0.3914550244808197
116  0.3914470374584198
228  0.39142173528671265
242  0.39141735434532166
180  0.3914157450199127
306  0.3914133310317993
275  0.391378790140152
522  0.3913663327693939
862  0.3913428485393524
926  0.3913360834121704
836  0.391333669424057
382  0.39131608605384827
131  0.39125823974609375
81  0.3912469744682312
212  0.3912368416786194
427  0.3912216126918793
538  0.39120155572891235
953  0.39118343591690063
78  0.39118242263793945
276  0.39117899537086487
104  0.3911740183830261
89  0.391161173582077
506  0.39112982153892517
815  0.39111390709877014
137  0.3911093771457672
957  0.3911091685295105
877  0.39110806584358215
874  0.39108356833457947
282  0.3910794258117676
202  0.39105674624443054
360  0.39104288816452026
185  0.3910166323184967
266  0.3910161256790161
791  0.39101341366767883
571  0.3910081088542938
77  0.39099299907684326
91  0.3909699618816376
300  0.39096319675445557
139  0.3909597098827362
804  0.3909458816051483
845  0.39094260334968567
38  0.3909239172935486
117  0.3909124732017517
423  0.3909029960632324
147  0.39089706540107727
332  0.3908952474594116
255  0.3908933699131012
181  0.39085596799850464
29  0.3908487558364868
507  0.3908192217350006
24  0.39081263542175293
844  0.39074939489364624
939  0.3907390236854553
948  0.3907298147678375
177  0.3907150328159332
792  0.39071106910705566
243  0.3907052278518677
296  0.3906902074813843
959  0.3906814157962799
338  0.39065179228782654
813  0.39065033197402954
719  0.39064767956733704
431  0.39055392146110535
166  0.3904619514942169
26  0.39045754075050354
74  0.3904513418674469
954  0.3904414474964142
9  0.39044126868247986
279  0.3904058039188385
577  0.39038991928100586
869  0.39037081599235535
150  0.3903590440750122
654  0.3903489112854004
652  0.39034533500671387
770  0.3903295397758484
183  0.39031898975372314
406  0.3903079032897949
658  0.39028966426849365
383  0.39028871059417725
160  0.3902822732925415
981  0.39028143882751465
237  0.3902628421783447
321  0.3902481198310852
42  0.39023357629776
711  0.3902318775653839
766  0.390229731798172
400  0.39021703600883484
5  0.39018386602401733
336  0.390182763338089
726  0.39017730951309204
364  0.3901771903038025
62  0.3901704251766205
772  0.39014706015586853
419  0.3901383578777313
452  0.39011910557746887
153  0.39010459184646606
414  0.3900972008705139
913  0.3900165557861328
381  0.3900156617164612
302  0.39000988006591797
930  0.38999736309051514
46  0.38999584317207336
267  0.3899822533130646
922  0.3899736702442169
384  0.38995233178138733
596  0.3899446427822113
361  0.38993901014328003
254  0.38990533351898193
4  0.3899010717868805
440  0.3898731768131256
224  0.3898533880710602
572  0.3898431658744812
239  0.389825701713562
249  0.38974645733833313
408  0.38973739743232727
164  0.3897359371185303
106  0.38973096013069153
120  0.38972488045692444
814  0.3896513283252716
341  0.389646977186203
280  0.389625608921051
47  0.3896004557609558
229  0.38957977294921875
421  0.3895760178565979
188  0.38956862688064575
708  0.38956204056739807
656  0.38954490423202515
238  0.3895399868488312
140  0.38952934741973877
968  0.38952624797821045
537  0.38950785994529724
337  0.38948190212249756
883  0.38944050669670105
411  0.38943350315093994
115  0.3894272744655609
97  0.3894188702106476
176  0.38941603899002075
919  0.3894079029560089
846  0.38938257098197937
562  0.38937631249427795
161  0.389370322227478
413  0.3893446922302246
135  0.38929980993270874
906  0.38927432894706726
834  0.3892534375190735
432  0.3892501890659332
666  0.38924890756607056
876  0.3892316520214081
49  0.3892218768596649
193  0.389221727848053
305  0.3891768157482147
301  0.3891738951206207
127  0.38916903734207153
201  0.389167845249176
868  0.38916563987731934
428  0.3891497850418091
315  0.3891361653804779
410  0.38909927010536194
227  0.3890725374221802
28  0.3890695869922638
395  0.38906511664390564
136  0.38906359672546387
271  0.3890496790409088
206  0.3890235424041748
362  0.3889788091182709
251  0.38894397020339966
226  0.3889438807964325
774  0.3889317810535431
940  0.3889278173446655
93  0.38891708850860596
580  0.38891375064849854
852  0.3888947665691376
578  0.38888534903526306
365  0.3888729214668274
357  0.38886088132858276
33  0.38885265588760376
204  0.38884177803993225
320  0.3888135254383087
909  0.38880807161331177
111  0.3888063430786133
800  0.3888032138347626
386  0.3887535333633423
304  0.3887522220611572
165  0.3887399137020111
573  0.38870859146118164
27  0.3887070417404175
363  0.3887059986591339
92  0.3886534869670868
915  0.38864633440971375
878  0.38864216208457947
412  0.3886302411556244
594  0.38862672448158264
798  0.38862156867980957
200  0.388613760471344
356  0.3886125981807709
885  0.3885747194290161
576  0.38855090737342834
149  0.38854992389678955
265  0.38854464888572693
331  0.3885434567928314
40  0.3885314166545868
317  0.388531357049942
946  0.38852787017822266
879  0.3884357213973999
416  0.38842952251434326
380  0.3884240388870239
621  0.38838493824005127
925  0.3883751332759857
707  0.3883409798145294
76  0.3882963955402374
208  0.3882898986339569
112  0.38827013969421387
586  0.38819971680641174
958  0.388165682554245
717  0.38815534114837646
44  0.38814765214920044
261  0.38810935616493225
710  0.38807013630867004
281  0.3880534768104553
121  0.3880442678928375
866  0.3880084753036499
373  0.38798001408576965
389  0.38797658681869507
437  0.38796812295913696
215  0.38796141743659973
292  0.3879399299621582
768  0.3879290819168091
152  0.38792648911476135
7  0.3879099488258362
379  0.38785576820373535
916  0.3878515958786011
231  0.38783636689186096
368  0.3878076374530792
914  0.38777127861976624
50  0.38775795698165894
908  0.3876918852329254
385  0.3876873254776001
388  0.3876775801181793
187  0.3876114785671234
436  0.3875987231731415
420  0.3875817358493805
941  0.38757720589637756
812  0.3875141739845276
334  0.38751310110092163
119  0.387487530708313
186  0.38748598098754883
148  0.38747045397758484
30  0.38743606209754944
374  0.3874037265777588
947  0.3873744606971741
917  0.38736921548843384
52  0.38731786608695984
325  0.38730186223983765
355  0.38729339838027954
322  0.3872925639152527
319  0.3872496783733368
833  0.3871939480304718
219  0.387192040681839
138  0.3871869444847107
924  0.38716980814933777
203  0.38714340329170227
102  0.38713520765304565
54  0.3871239721775055
354  0.3871208429336548
435  0.3871135413646698
75  0.3869748115539551
575  0.3869484066963196
103  0.3869439363479614
218  0.3869234025478363
955  0.3869055211544037
340  0.3868658244609833
123  0.38685959577560425
675  0.3868517577648163
278  0.3868454694747925
173  0.38683438301086426
293  0.3867807686328888
901  0.38677075505256653
867  0.38674303889274597
314  0.38673797249794006
199  0.3867296874523163
236  0.386718213558197
220  0.38667699694633484
404  0.3866432011127472
339  0.3866327404975891
240  0.38658246397972107
277  0.3865792155265808
156  0.3865421712398529
329  0.38647839426994324
882  0.3864753246307373
244  0.38645803928375244
911  0.3864244818687439
157  0.3864114582538605
884  0.3863736689090729
294  0.38626912236213684
159  0.38603293895721436
262  0.38602203130722046
330  0.3859807550907135
832  0.3859771490097046
260  0.3859335780143738
944  0.3859134316444397
405  0.385910302400589
872  0.38582107424736023
250  0.38581424951553345
101  0.38579970598220825
303  0.38579750061035156
174  0.38579514622688293
198  0.3857843577861786
964  0.38576528429985046
316  0.38575395941734314
574  0.3856936991214752
8  0.38563624024391174
615  0.3855845332145691
942  0.3855435848236084
230  0.38552790880203247
965  0.38551172614097595
912  0.3855029046535492
387  0.3854953944683075
252  0.3854931890964508
426  0.3854929804801941
910  0.3854583501815796
880  0.3854579031467438
323  0.3854531943798065
326  0.38545018434524536
163  0.3853762447834015
109  0.38525518774986267
963  0.3852512538433075
653  0.38521039485931396
118  0.38520026206970215
113  0.385175496339798
124  0.38500508666038513
221  0.38499629497528076
60  0.3849806487560272
979  0.38497915863990784
63  0.38493943214416504
977  0.384914368391037
122  0.3849014937877655
328  0.38487932085990906
99  0.384878545999527
45  0.38470813632011414
873  0.38459691405296326
709  0.3845537006855011
126  0.3845442533493042
225  0.38446640968322754
923  0.38444384932518005
593  0.3843117356300354
41  0.3842899203300476
110  0.38426902890205383
295  0.384244829416275
61  0.384230375289917
207  0.3841744661331177
434  0.384105384349823
73  0.3840528428554535
51  0.38404327630996704
107  0.38397860527038574
655  0.38392022252082825
956  0.38382646441459656
158  0.3837747573852539
125  0.38374006748199463
390  0.3837026357650757
108  0.3836252689361572
318  0.38359788060188293
327  0.38350024819374084
70  0.38342100381851196
100  0.3833199739456177
72  0.38285279273986816
66  0.38255932927131653
37  0.38251370191574097
35  0.3823983371257782
978  0.38232851028442383
162  0.382213294506073
71  0.3820384740829468
67  0.38199514150619507
881  0.3819884955883026
55  0.3819580674171448
184  0.3819158673286438
34  0.3817547857761383
64  0.3814530074596405
59  0.3813689351081848
980  0.38117581605911255
36  0.3810422122478485
69  0.3808703124523163
943  0.3808210790157318
58  0.38075193762779236
56  0.3806329369544983
114  0.38049018383026123
68  0.3798201382160187
57  0.3784918487071991
65  0.37836945056915283
