1  0.41747960448265076
1069  0.4054652750492096
620  0.40264254808425903
658  0.4022783637046814
659  0.40214958786964417
712  0.4020234942436218
656  0.4020228981971741
713  0.4018808603286743
690  0.4018684923648834
689  0.40167757868766785
655  0.40107372403144836
660  0.40102726221084595
617  0.40091171860694885
688  0.400907427072525
616  0.4008212387561798
629  0.4006372392177582
691  0.4006095230579376
603  0.40050655603408813
698  0.40035805106163025
705  0.40034881234169006
586  0.4003080129623413
604  0.40030449628829956
630  0.40023455023765564
715  0.40013569593429565
657  0.40009135007858276
686  0.3994257152080536
403  0.39930516481399536
839  0.3992966115474701
590  0.39915236830711365
791  0.39890938997268677
654  0.3988800644874573
693  0.3988410234451294
621  0.3988317847251892
605  0.39870500564575195
614  0.3986324667930603
704  0.39862874150276184
692  0.39862754940986633
613  0.398603230714798
840  0.3984755575656891
696  0.3984628915786743
822  0.3983950912952423
685  0.39839380979537964
541  0.3983711898326874
347  0.398274689912796
631  0.39814987778663635
700  0.3977871239185333
601  0.3977210223674774
676  0.39770805835723877
912  0.39768725633621216
687  0.3976815938949585
812  0.3976198434829712
804  0.39759933948516846
784  0.3975841701030731
600  0.39743033051490784
584  0.39740729331970215
714  0.39740508794784546
707  0.39728689193725586
817  0.3972698152065277
767  0.39719998836517334
579  0.3971126675605774
592  0.39710548520088196
554  0.39706262946128845
587  0.3970257639884949
847  0.39700523018836975
578  0.39700230956077576
841  0.39698323607444763
628  0.3969586491584778
83  0.3968835175037384
276  0.3968815505504608
277  0.3968387544155121
627  0.39677801728248596
623  0.3967706561088562
855  0.3967098295688629
772  0.3966750502586365
809  0.3966136574745178
776  0.39658570289611816
585  0.3965374231338501
661  0.3965233266353607
716  0.39643001556396484
624  0.39641493558883667
735  0.3963988423347473
889  0.39637160301208496
633  0.39636632800102234
892  0.396343469619751
824  0.3962978720664978
914  0.39625629782676697
709  0.396246075630188
37  0.3962450623512268
558  0.3961262106895447
708  0.39610400795936584
100  0.3960968554019928
2  0.3960393965244293
530  0.3960053324699402
591  0.3959915041923523
615  0.39594775438308716
741  0.3959081172943115
271  0.39588409662246704
843  0.39585673809051514
670  0.39582526683807373
830  0.39580854773521423
740  0.3958047330379486
771  0.39579203724861145
599  0.3957865238189697
569  0.39573371410369873
612  0.39565345644950867
588  0.39558330178260803
737  0.3955678343772888
478  0.3955489695072174
793  0.39551517367362976
907  0.3954983949661255
331  0.39549484848976135
381  0.39548832178115845
823  0.39547035098075867
681  0.395389199256897
774  0.3953884541988373
212  0.3953745365142822
808  0.3953494429588318
607  0.39531847834587097
270  0.3953062891960144
543  0.39529162645339966
697  0.3952825963497162
717  0.3952502906322479
598  0.39520615339279175
452  0.39520326256752014
790  0.3951552212238312
683  0.39515402913093567
773  0.39515045285224915
759  0.39512038230895996
475  0.39510223269462585
272  0.395077645778656
871  0.3950670063495636
514  0.3950575590133667
560  0.39501896500587463
284  0.3950074017047882
367  0.3949510455131531
619  0.3949243128299713
532  0.39491161704063416
622  0.3948979079723358
589  0.3948957622051239
919  0.39488184452056885
1021  0.39487478137016296
818  0.3947855830192566
641  0.3947756290435791
431  0.3947683572769165
596  0.3947295546531677
653  0.39471298456192017
458  0.39470890164375305
369  0.3946940302848816
29  0.39468973875045776
958  0.3946782946586609
765  0.3946756422519684
82  0.39463961124420166
30  0.39460551738739014
867  0.3945935070514679
856  0.394579142332077
906  0.3945787250995636
642  0.39457279443740845
626  0.39455556869506836
710  0.3945235013961792
632  0.39446383714675903
282  0.39441657066345215
383  0.3944084942340851
1040  0.39440181851387024
608  0.3943957984447479
455  0.39437660574913025
675  0.3943479061126709
531  0.39434316754341125
764  0.3943324685096741
711  0.3943227529525757
428  0.3943176567554474
581  0.39429187774658203
834  0.39425405859947205
846  0.39425092935562134
542  0.39423686265945435
880  0.3942349851131439
738  0.39421477913856506
926  0.39419877529144287
925  0.39418378472328186
991  0.3941669166088104
694  0.39414823055267334
668  0.3941152095794678
402  0.3940494656562805
385  0.39402705430984497
278  0.3940260708332062
888  0.39401811361312866
755  0.3940168023109436
326  0.394011527299881
927  0.39396074414253235
1007  0.3939262330532074
266  0.3939237892627716
611  0.39390960335731506
429  0.39390817284584045
527  0.3939053416252136
594  0.3938836455345154
970  0.3938808739185333
540  0.39387351274490356
602  0.3938421607017517
553  0.39382654428482056
38  0.3938087224960327
886  0.3937932252883911
989  0.3937704265117645
842  0.3937511444091797
118  0.3937497138977051
618  0.39373448491096497
384  0.39369523525238037
520  0.39365413784980774
81  0.39360228180885315
664  0.39359188079833984
858  0.39358046650886536
26  0.3935711979866028
785  0.3935699164867401
65  0.39356744289398193
766  0.39356720447540283
814  0.3935305178165436
810  0.39352327585220337
130  0.393522709608078
718  0.3934878408908844
845  0.3934752345085144
813  0.3934676945209503
781  0.39346081018447876
411  0.39345771074295044
838  0.39344677329063416
85  0.39340755343437195
549  0.3933795988559723
775  0.3933422267436981
157  0.393301784992218
635  0.3933015763759613
811  0.39329877495765686
734  0.3932514190673828
831  0.39324936270713806
821  0.39324864745140076
890  0.39318346977233887
107  0.39317768812179565
400  0.39311161637306213
671  0.39309176802635193
636  0.3930598497390747
27  0.3930548429489136
946  0.3930501937866211
844  0.3930496275424957
275  0.3930377662181854
4  0.39302510023117065
669  0.3930172026157379
753  0.3929923176765442
913  0.3929823637008667
854  0.39297640323638916
891  0.39296412467956543
742  0.39295780658721924
556  0.39293402433395386
280  0.3929276764392853
469  0.3929060995578766
935  0.39290475845336914
460  0.3928987383842468
625  0.3928821086883545
557  0.3928411304950714
606  0.39282897114753723
746  0.3928133547306061
807  0.39280611276626587
806  0.39279115200042725
872  0.3927823305130005
84  0.39277511835098267
825  0.39276987314224243
610  0.392769455909729
647  0.39274606108665466
321  0.39272812008857727
337  0.39270511269569397
897  0.39268237352371216
783  0.3926798105239868
762  0.3926655650138855
559  0.39266082644462585
1018  0.39261966943740845
816  0.39260613918304443
695  0.39260488748550415
644  0.3925720453262329
203  0.3925376534461975
251  0.3925320506095886
916  0.3925178050994873
947  0.3925018608570099
957  0.3924906253814697
752  0.3924798369407654
345  0.3924531042575836
218  0.39244937896728516
1062  0.3924396336078644
754  0.39243799448013306
918  0.3924255073070526
269  0.3924233615398407
699  0.3924064636230469
667  0.3923916220664978
124  0.3923850655555725
197  0.39235660433769226
265  0.3923342227935791
881  0.3923249840736389
473  0.39230868220329285
794  0.392305463552475
577  0.39226341247558594
1017  0.39225953817367554
911  0.39223745465278625
936  0.3922348618507385
677  0.39222878217697144
513  0.3922281861305237
380  0.3922257721424103
449  0.3921678364276886
474  0.3921617567539215
371  0.3921608030796051
235  0.39215904474258423
327  0.3921584188938141
937  0.392143189907074
219  0.39214083552360535
568  0.39213770627975464
868  0.39213186502456665
248  0.3921034634113312
64  0.39208322763442993
566  0.39204761385917664
354  0.39204320311546326
390  0.39203616976737976
184  0.3920098543167114
1039  0.39199739694595337
339  0.39199161529541016
905  0.3919827342033386
582  0.39196664094924927
214  0.39196327328681946
311  0.39195945858955383
917  0.3919523358345032
365  0.39192187786102295
338  0.39190781116485596
826  0.3919074237346649
988  0.3918585181236267
743  0.39184367656707764
939  0.39182859659194946
567  0.39178869128227234
701  0.3917864263057709
719  0.39178189635276794
733  0.39177975058555603
795  0.3917681872844696
415  0.39174383878707886
770  0.39168691635131836
220  0.39167362451553345
680  0.3916708827018738
639  0.3916563391685486
938  0.39165443181991577
41  0.39165085554122925
404  0.39162424206733704
151  0.3916114866733551
511  0.39156022667884827
703  0.39155030250549316
552  0.39154577255249023
453  0.39153966307640076
1020  0.3915359377861023
990  0.3915250897407532
571  0.3915124237537384
1008  0.39151185750961304
368  0.39150771498680115
529  0.39150336384773254
706  0.39149633049964905
319  0.39148977398872375
819  0.3914598226547241
805  0.39143088459968567
684  0.39141446352005005
70  0.39137953519821167
213  0.39137575030326843
1068  0.3913711905479431
42  0.39136871695518494
869  0.39136821031570435
760  0.391364187002182
50  0.39135265350341797
910  0.39134830236434937
28  0.3913305699825287
302  0.3913273811340332
405  0.3913201093673706
665  0.39131948351860046
273  0.3913170397281647
643  0.39131563901901245
1014  0.391294002532959
519  0.39128920435905457
102  0.39128750562667847
221  0.3912684917449951
291  0.3912663757801056
1022  0.39125487208366394
457  0.39125439524650574
609  0.3912374973297119
451  0.39123302698135376
206  0.3911926746368408
792  0.39114513993263245
117  0.3911422789096832
128  0.3911422789096832
31  0.3911263346672058
246  0.39111587405204773
797  0.3911153972148895
651  0.3911002278327942
509  0.39109939336776733
747  0.3910895884037018
3  0.3910825848579407
456  0.3910757899284363
929  0.39106887578964233
799  0.3910652697086334
574  0.3910607099533081
739  0.3910374939441681
663  0.39103376865386963
440  0.39102938771247864
583  0.3910210132598877
1041  0.3910205066204071
236  0.39099884033203125
637  0.39099758863449097
183  0.390982449054718
848  0.390964150428772
363  0.3909620940685272
433  0.3909617066383362
106  0.39095598459243774
344  0.3909297585487366
748  0.39092135429382324
201  0.39091452956199646
105  0.39090389013290405
729  0.3908950388431549
949  0.3908812999725342
366  0.39087915420532227
778  0.3908767104148865
510  0.390868604183197
756  0.39085492491722107
972  0.39085251092910767
406  0.39084959030151367
952  0.39084428548812866
175  0.39083918929100037
561  0.3908211290836334
467  0.3907928168773651
335  0.3907882869243622
547  0.3907853364944458
425  0.39077651500701904
702  0.3907746374607086
5  0.3907502591609955
833  0.3907450735569
885  0.3907363712787628
495  0.39073511958122253
744  0.3907283544540405
481  0.390725702047348
328  0.3907158374786377
980  0.39070215821266174
285  0.3906955122947693
334  0.3906828463077545
786  0.3906819820404053
652  0.39067432284355164
283  0.3906591236591339
863  0.39061230421066284
98  0.39059919118881226
222  0.3905927836894989
779  0.3905841112136841
921  0.3905719816684723
948  0.3905413746833801
995  0.39053934812545776
796  0.39051494002342224
447  0.39045125246047974
597  0.3904480040073395
730  0.3904467523097992
477  0.3904384672641754
264  0.3904256522655487
67  0.3904053866863251
63  0.390398234128952
1024  0.390389621257782
674  0.390384316444397
815  0.39038169384002686
945  0.3903794288635254
299  0.39036694169044495
116  0.3903617262840271
923  0.3903147876262665
908  0.39031195640563965
418  0.3903082609176636
459  0.39030811190605164
496  0.390299528837204
984  0.39029136300086975
341  0.39025020599365234
550  0.3902450501918793
789  0.39022740721702576
396  0.39021915197372437
1019  0.390201598405838
648  0.3902015686035156
391  0.3901984989643097
538  0.39019155502319336
645  0.390186071395874
515  0.3901786208152771
479  0.39016592502593994
1003  0.39016294479370117
736  0.3901602625846863
512  0.39014142751693726
132  0.3901394307613373
640  0.3901347219944
127  0.39012259244918823
216  0.39010992646217346
798  0.3901077210903168
546  0.39010095596313477
782  0.3900882601737976
673  0.3900879919528961
215  0.3900878131389618
829  0.3900643289089203
240  0.390056312084198
200  0.3900526463985443
666  0.3900516629219055
382  0.39004459977149963
758  0.3900408148765564
244  0.3900400400161743
419  0.3900308907032013
290  0.3900168836116791
565  0.3899868130683899
638  0.3899860680103302
109  0.389974981546402
426  0.389974445104599
943  0.3899698853492737
25  0.3899427652359009
852  0.38994157314300537
462  0.3899405300617218
370  0.389932245016098
80  0.38992762565612793
281  0.3899209499359131
803  0.389919638633728
720  0.3899107873439789
398  0.38989776372909546
820  0.38988178968429565
768  0.38987892866134644
516  0.389875203371048
909  0.38984987139701843
893  0.3898449242115021
466  0.3898291289806366
140  0.3897998332977295
507  0.38978615403175354
933  0.38977551460266113
634  0.3897705078125
245  0.389756441116333
470  0.3897378444671631
749  0.38973045349121094
387  0.3897205889225006
32  0.38970112800598145
476  0.3896823823451996
179  0.3896636664867401
971  0.38965803384780884
580  0.38962459564208984
1000  0.3896072208881378
279  0.3896060585975647
959  0.3896024227142334
1009  0.3895823061466217
119  0.3895820379257202
129  0.38958093523979187
379  0.3895765542984009
672  0.3895338475704193
322  0.38952845335006714
986  0.3895256221294403
421  0.3895217478275299
564  0.38951003551483154
249  0.38950568437576294
533  0.38949891924858093
787  0.3894808292388916
217  0.38945338129997253
448  0.38943836092948914
243  0.3894096910953522
442  0.38940709829330444
646  0.38938549160957336
77  0.38938096165657043
682  0.38937291502952576
757  0.3893681466579437
780  0.38935238122940063
158  0.38933295011520386
348  0.38932767510414124
485  0.3893255591392517
528  0.38930779695510864
358  0.38930100202560425
36  0.38928908109664917
156  0.38928231596946716
350  0.38927721977233887
289  0.38927438855171204
430  0.3892647325992584
35  0.3892575800418854
161  0.389250785112381
340  0.38924673199653625
851  0.38924020528793335
1005  0.38923534750938416
432  0.3892293870449066
977  0.38922813534736633
164  0.38922119140625
204  0.38920077681541443
870  0.3891940414905548
544  0.3891866207122803
517  0.3891684412956238
726  0.38914135098457336
323  0.38913145661354065
353  0.38911351561546326
484  0.3891124725341797
545  0.38909029960632324
308  0.3890867829322815
198  0.3890649676322937
39  0.3890613913536072
539  0.38905054330825806
1034  0.3890382647514343
934  0.3890371024608612
407  0.3890340030193329
555  0.38902536034584045
103  0.38902291655540466
800  0.3890056312084198
76  0.3890047073364258
131  0.3889954090118408
678  0.3889891505241394
196  0.38898056745529175
662  0.3889797329902649
575  0.38896316289901733
286  0.3889099061489105
1049  0.3888934850692749
896  0.3888896405696869
468  0.3888819217681885
410  0.3888795077800751
199  0.38886895775794983
300  0.3888242542743683
595  0.38880494236946106
101  0.3888011872768402
650  0.3887835144996643
1023  0.38876378536224365
239  0.38876134157180786
570  0.3887370228767395
202  0.3887317478656769
336  0.38867637515068054
1060  0.3886692523956299
108  0.38865867257118225
422  0.3886570632457733
401  0.3886529803276062
190  0.3886527419090271
330  0.38861268758773804
346  0.3885757625102997
999  0.38857316970825195
357  0.38856014609336853
155  0.38855135440826416
562  0.38854819536209106
836  0.38852980732917786
862  0.3885287642478943
159  0.38849979639053345
237  0.38847827911376953
548  0.3884629011154175
450  0.3884597718715668
828  0.3884398937225342
521  0.3884366452693939
386  0.38843417167663574
727  0.38841962814331055
150  0.3883863687515259
551  0.38837939500808716
409  0.38836508989334106
951  0.3883596360683441
176  0.38833558559417725
859  0.3883086144924164
887  0.3883056938648224
731  0.3882846236228943
861  0.3882836401462555
994  0.38828110694885254
576  0.38828015327453613
417  0.3882790505886078
303  0.3882725238800049
268  0.388221800327301
349  0.3881814479827881
482  0.38817307353019714
111  0.3881412148475647
721  0.388126403093338
73  0.38810983300209045
922  0.38809794187545776
535  0.38808488845825195
252  0.388062447309494
356  0.3880573511123657
866  0.3880513310432434
832  0.38804954290390015
305  0.38803303241729736
416  0.38803085684776306
228  0.3880251348018646
99  0.3880178928375244
79  0.3880092203617096
494  0.3880007863044739
306  0.38799750804901123
310  0.38798463344573975
924  0.3879714906215668
242  0.38796478509902954
115  0.38795894384384155
66  0.38795724511146545
461  0.3879394829273224
769  0.3879031836986542
139  0.38790154457092285
332  0.3878898024559021
333  0.38787779211997986
1042  0.3878677487373352
472  0.3878658711910248
976  0.3878546357154846
837  0.38784679770469666
679  0.387845516204834
500  0.3878421187400818
898  0.3878176510334015
490  0.3877827525138855
355  0.38777652382850647
950  0.3877671957015991
860  0.3877457082271576
979  0.387738436460495
89  0.38772499561309814
90  0.3877212405204773
501  0.38768118619918823
903  0.38767653703689575
174  0.38767361640930176
953  0.38767343759536743
728  0.38766229152679443
777  0.38765960931777954
1006  0.38765764236450195
33  0.38762933015823364
342  0.3876197040081024
1054  0.3876180052757263
996  0.387588232755661
292  0.38757577538490295
763  0.3875441551208496
375  0.38753217458724976
104  0.38749343156814575
146  0.38748201727867126
915  0.3874799609184265
536  0.3874376118183136
572  0.3874347507953644
985  0.38742929697036743
113  0.3874228000640869
87  0.3874157667160034
801  0.38741567730903625
207  0.3873957097530365
173  0.387382835149765
534  0.3873782455921173
68  0.387373685836792
1053  0.38734254240989685
177  0.3873402774333954
873  0.3873358368873596
1058  0.38731831312179565
573  0.38731008768081665
993  0.3872791826725006
267  0.38726794719696045
361  0.3872569501399994
802  0.3872399628162384
17  0.38721969723701477
309  0.3872160315513611
436  0.38721245527267456
725  0.38719767332077026
137  0.3871921896934509
1061  0.38717707991600037
427  0.3871617317199707
593  0.38715776801109314
274  0.3871541917324066
211  0.38713887333869934
377  0.38712987303733826
376  0.3871208429336548
956  0.3871136009693146
181  0.3870987594127655
392  0.38709431886672974
114  0.3870936632156372
359  0.3870695233345032
61  0.38706594705581665
395  0.3870277404785156
975  0.38702312111854553
172  0.3870028555393219
413  0.3869991600513458
47  0.3869868516921997
423  0.38697731494903564
649  0.38695257902145386
43  0.3869379460811615
930  0.3869112730026245
857  0.3869089186191559
998  0.3869052827358246
745  0.3868567645549774
195  0.3868473768234253
312  0.38684719800949097
882  0.38683873414993286
835  0.386829674243927
301  0.3868289291858673
441  0.38682448863983154
352  0.38680723309516907
75  0.38680070638656616
1016  0.38678210973739624
324  0.3867787718772888
928  0.38674482703208923
969  0.3867332637310028
865  0.3867202699184418
6  0.38671600818634033
362  0.3867057263851166
399  0.3867022395133972
180  0.3866606056690216
1063  0.38665568828582764
967  0.3866499960422516
188  0.3866402208805084
343  0.3866387903690338
974  0.38662680983543396
149  0.38661861419677734
1064  0.3865969479084015
145  0.3865756392478943
931  0.38657286763191223
44  0.38652563095092773
250  0.3865247666835785
86  0.38652294874191284
1029  0.38651832938194275
97  0.3864808976650238
751  0.3864727020263672
982  0.3864666223526001
148  0.3864361047744751
74  0.38639435172080994
1056  0.3863826394081116
247  0.3863814175128937
372  0.3863762319087982
154  0.38635873794555664
524  0.38634157180786133
987  0.3863365650177002
853  0.3863314390182495
389  0.38631534576416016
1026  0.3862875699996948
962  0.3862813115119934
378  0.3862670063972473
69  0.3862665295600891
241  0.38620835542678833
9  0.3861766457557678
1027  0.38613903522491455
138  0.38612544536590576
465  0.38610172271728516
981  0.3860512971878052
973  0.38604891300201416
864  0.38604360818862915
904  0.3860391080379486
454  0.3860267400741577
997  0.3859919309616089
165  0.38598695397377014
480  0.3859598934650421
788  0.38595712184906006
443  0.3859340250492096
920  0.38591456413269043
1004  0.38587048649787903
34  0.3858408033847809
393  0.3858271539211273
135  0.38581445813179016
463  0.3858133554458618
901  0.3858065903186798
502  0.3858014643192291
186  0.3857477605342865
142  0.3857405483722687
879  0.38572895526885986
827  0.3856748640537262
152  0.38565710186958313
209  0.38565313816070557
518  0.38563552498817444
91  0.38563093543052673
364  0.3855900466442108
141  0.38558951020240784
126  0.38556817173957825
307  0.38555312156677246
498  0.38554903864860535
503  0.3855377435684204
123  0.38548755645751953
444  0.38547271490097046
223  0.38545846939086914
160  0.38545238971710205
297  0.3854435980319977
446  0.38543757796287537
964  0.38543573021888733
189  0.38542115688323975
360  0.38538798689842224
325  0.3853818476200104
1028  0.3853635787963867
193  0.38536256551742554
394  0.3853565454483032
944  0.38531866669654846
397  0.38531166315078735
72  0.3853103220462799
125  0.38529789447784424
71  0.3852790594100952
153  0.3852578103542328
178  0.3852521777153015
10  0.38524770736694336
942  0.38519638776779175
210  0.38518789410591125
895  0.38515689969062805
14  0.3851456642150879
1011  0.3851330578327179
761  0.38512423634529114
1035  0.3851194977760315
414  0.38509637117385864
191  0.385066419839859
968  0.3850633502006531
963  0.3850419819355011
954  0.385033518075943
187  0.38502565026283264
182  0.38501226902008057
1012  0.3850054144859314
24  0.3849629759788513
1013  0.3849532902240753
133  0.3849382996559143
22  0.38492077589035034
876  0.3849150538444519
15  0.38490602374076843
486  0.3848823606967926
185  0.3848578631877899
313  0.3848499357700348
497  0.3848448693752289
504  0.3847634494304657
732  0.38476043939590454
11  0.3847348690032959
523  0.384691447019577
296  0.3846801519393921
234  0.38467368483543396
1030  0.3846651017665863
134  0.3845660388469696
1015  0.38451671600341797
1059  0.38450300693511963
163  0.3844951093196869
171  0.38449305295944214
1002  0.38448166847229004
122  0.3844529390335083
13  0.3843800723552704
508  0.3843735456466675
878  0.3843367397785187
7  0.38431212306022644
537  0.38430726528167725
412  0.3842960596084595
750  0.3842943608760834
723  0.3842931389808655
59  0.38428086042404175
110  0.38422825932502747
526  0.384223610162735
227  0.3841882050037384
373  0.38417455554008484
1050  0.3841332197189331
304  0.3841271996498108
439  0.3841176927089691
1001  0.3841109275817871
329  0.38410818576812744
232  0.38406944274902344
487  0.3840576410293579
983  0.38405150175094604
850  0.3840441107749939
318  0.3840361535549164
49  0.38403019309043884
351  0.38401010632514954
314  0.384002685546875
1046  0.3840007185935974
194  0.3839311897754669
205  0.3838929533958435
875  0.38386163115501404
874  0.3838288486003876
78  0.38381049036979675
263  0.3837520480155945
1033  0.3837481141090393
1045  0.38373953104019165
21  0.3837321698665619
1038  0.3837105631828308
505  0.38366955518722534
522  0.38366612792015076
434  0.3836580514907837
445  0.38365769386291504
233  0.38363727927207947
483  0.3836224377155304
1044  0.3836040198802948
254  0.38355931639671326
992  0.38354843854904175
62  0.38353773951530457
58  0.38352036476135254
955  0.38347378373146057
424  0.3834461271762848
525  0.3834359645843506
1031  0.38342416286468506
493  0.3834071457386017
48  0.38337069749832153
1048  0.38336455821990967
162  0.383362740278244
900  0.38328731060028076
8  0.3832821547985077
208  0.3832789957523346
112  0.3832613229751587
438  0.3832370340824127
238  0.38322827219963074
12  0.3831678330898285
51  0.38312724232673645
902  0.383126825094223
192  0.38308194279670715
1025  0.3830515444278717
294  0.38297611474990845
317  0.382965087890625
435  0.38290005922317505
1010  0.38284751772880554
894  0.3828345537185669
940  0.38274168968200684
255  0.3826953172683716
1043  0.38268810510635376
298  0.38267752528190613
932  0.3825474977493286
1067  0.3825259804725647
1037  0.3824984133243561
849  0.3824903666973114
259  0.38247889280319214
293  0.382453978061676
315  0.3824407458305359
408  0.3824314475059509
978  0.38236743211746216
489  0.3823643922805786
88  0.38236159086227417
19  0.38234013319015503
961  0.3823185861110687
1032  0.3822883665561676
1057  0.38226646184921265
374  0.38223880529403687
492  0.382219135761261
388  0.38217490911483765
40  0.38216453790664673
506  0.3821359872817993
941  0.38205617666244507
253  0.38203489780426025
899  0.382007360458374
16  0.38199928402900696
877  0.38198739290237427
147  0.38196587562561035
1051  0.38193222880363464
966  0.3819066286087036
722  0.3818446099758148
120  0.38177764415740967
229  0.381773978471756
258  0.3816995918750763
136  0.38168618083000183
96  0.38168224692344666
471  0.38167598843574524
54  0.3816474974155426
965  0.3816145956516266
1047  0.3815290033817291
56  0.3815031051635742
1055  0.38145777583122253
288  0.3814486861228943
143  0.38142329454421997
488  0.3813086152076721
491  0.3812955319881439
1036  0.3812952935695648
52  0.38129276037216187
166  0.3812878727912903
287  0.3812643885612488
420  0.381195992231369
320  0.3811626732349396
57  0.3811180889606476
168  0.38082510232925415
169  0.38072124123573303
724  0.3806687593460083
170  0.3806630074977875
295  0.3806307911872864
499  0.38061007857322693
18  0.3805335462093353
23  0.3805285692214966
1066  0.3804711401462555
60  0.3804663121700287
45  0.3803602457046509
121  0.380328893661499
884  0.380268931388855
20  0.3802337050437927
167  0.38018345832824707
53  0.38016608357429504
93  0.38010674715042114
1065  0.380024254322052
883  0.3799602687358856
95  0.3799530565738678
563  0.37964287400245667
46  0.37960755825042725
226  0.37943950295448303
437  0.3794216513633728
55  0.37938252091407776
144  0.37937280535697937
261  0.3790171444416046
262  0.378932923078537
260  0.3784885108470917
316  0.37838512659072876
960  0.3782455027103424
224  0.3781415522098541
92  0.3779715597629547
231  0.3777698576450348
464  0.3776865303516388
1052  0.37755829095840454
256  0.37714824080467224
257  0.3770074248313904
94  0.37686723470687866
225  0.3764449656009674
230  0.3751521110534668
