1449  0.44460293650627136
1  0.436776727437973
1448  0.4332876205444336
59  0.43196195363998413
100  0.43163639307022095
638  0.4306868016719818
763  0.4306524395942688
89  0.43044665455818176
4  0.43041306734085083
375  0.4304013252258301
61  0.4303448796272278
382  0.43018898367881775
46  0.43006613850593567
929  0.43003717064857483
202  0.4298914670944214
725  0.4296804368495941
717  0.4296104609966278
688  0.4294571578502655
1032  0.42934170365333557
852  0.4291241466999054
205  0.4291103184223175
380  0.4290994703769684
727  0.4290929436683655
90  0.42897501587867737
726  0.4289555251598358
608  0.42889630794525146
538  0.42879652976989746
24  0.42878443002700806
1447  0.4285244941711426
1148  0.4285193085670471
550  0.4284791648387909
687  0.42845994234085083
204  0.42836761474609375
678  0.4281664490699768
99  0.4281461834907532
610  0.42810648679733276
45  0.42804715037345886
133  0.4280318319797516
299  0.4279516041278839
378  0.42789769172668457
1127  0.42782431840896606
2  0.4278188943862915
896  0.4277942478656769
216  0.4277488887310028
884  0.4277476668357849
712  0.4277370870113373
298  0.42773425579071045
813  0.42772406339645386
12  0.4276584982872009
43  0.427645206451416
71  0.4276253283023834
1399  0.42760369181632996
724  0.4275853931903839
1252  0.42758429050445557
854  0.4275563657283783
838  0.42753762006759644
675  0.4275265634059906
301  0.42751505970954895
930  0.4275069534778595
762  0.4275021553039551
93  0.4275011122226715
690  0.427490770816803
35  0.42748311161994934
203  0.42747774720191956
784  0.4274515211582184
206  0.4274402856826782
736  0.4274292290210724
595  0.42739570140838623
639  0.427377313375473
913  0.4273209571838379
39  0.4273085296154022
719  0.42723163962364197
458  0.4272049367427826
199  0.42717260122299194
660  0.427151083946228
85  0.42710766196250916
895  0.42706578969955444
686  0.427063912153244
118  0.42703312635421753
260  0.4270285964012146
77  0.42700260877609253
58  0.42699939012527466
76  0.42699339985847473
184  0.42698848247528076
609  0.4269579350948334
1043  0.4269520938396454
22  0.426946222782135
381  0.4269410967826843
581  0.4269157648086548
661  0.426884263753891
208  0.42677798867225647
1413  0.4267626106739044
49  0.42671775817871094
898  0.4266992211341858
37  0.426683247089386
777  0.426665723323822
25  0.42665529251098633
1277  0.42664384841918945
173  0.426634818315506
844  0.42652028799057007
98  0.42649373412132263
36  0.42642655968666077
72  0.4264110326766968
870  0.42631036043167114
87  0.42630863189697266
897  0.42629536986351013
878  0.42625847458839417
928  0.4261986017227173
1254  0.4261593818664551
215  0.42615625262260437
596  0.42611655592918396
55  0.42611292004585266
677  0.4260813593864441
34  0.42607179284095764
270  0.4260440170764923
57  0.4260134994983673
673  0.4259863793849945
31  0.42597195506095886
671  0.42596331238746643
6  0.4259573519229889
1427  0.42590466141700745
1151  0.42589980363845825
136  0.4258871376514435
189  0.42585211992263794
198  0.4258456826210022
113  0.42583122849464417
689  0.42582470178604126
91  0.4257957935333252
716  0.4257816970348358
780  0.42575329542160034
88  0.425748348236084
707  0.42573538422584534
56  0.42573216557502747
200  0.4257197380065918
383  0.42571619153022766
1067  0.4257124662399292
774  0.42569682002067566
845  0.4256851077079773
135  0.4256773889064789
1152  0.4256490170955658
479  0.4256206154823303
580  0.4256103038787842
510  0.4256032705307007
1045  0.42558202147483826
3  0.42556074261665344
1046  0.42555204033851624
916  0.42554768919944763
894  0.4255204498767853
566  0.4255158007144928
669  0.4255011975765228
836  0.425484836101532
371  0.42547792196273804
815  0.4254287779331207
134  0.4254203736782074
909  0.42539364099502563
38  0.42536014318466187
1406  0.4253562092781067
377  0.42534640431404114
880  0.4253314435482025
477  0.4253218173980713
60  0.4253193736076355
130  0.42530927062034607
283  0.4252883195877075
1126  0.4252866804599762
129  0.4252822697162628
131  0.4252665042877197
664  0.42526522278785706
927  0.42524710297584534
163  0.425243616104126
746  0.4252357482910156
837  0.4251940846443176
1313  0.4251890778541565
623  0.42518821358680725
708  0.4251405894756317
478  0.42511117458343506
229  0.42510733008384705
839  0.42507562041282654
94  0.4250554144382477
667  0.4250389635562897
101  0.4250238835811615
5  0.4249885678291321
386  0.42498305439949036
767  0.4249783158302307
47  0.42494702339172363
187  0.4249090850353241
142  0.42490676045417786
840  0.4248872399330139
282  0.4248858392238617
1339  0.4248819351196289
568  0.4248802661895752
240  0.4248761236667633
309  0.42486274242401123
190  0.4248533248901367
640  0.4248277544975281
1416  0.4248215854167938
830  0.42480358481407166
372  0.42478665709495544
883  0.42472776770591736
579  0.42472562193870544
170  0.42472419142723083
148  0.42472028732299805
1202  0.4246838092803955
1203  0.42467841506004333
1216  0.4246710240840912
50  0.4246484041213989
228  0.42461955547332764
97  0.4246182143688202
701  0.4245951771736145
349  0.42459213733673096
41  0.42456191778182983
578  0.4245566725730896
1331  0.42453181743621826
782  0.4245293438434601
434  0.42452672123908997
659  0.4245064854621887
95  0.42449840903282166
302  0.4244745075702667
803  0.4244694411754608
103  0.42445939779281616
957  0.42443689703941345
753  0.42442914843559265
83  0.4244091510772705
241  0.4244018495082855
119  0.4243893027305603
699  0.4243827760219574
855  0.4243718683719635
582  0.4243578016757965
715  0.42435723543167114
13  0.4243420660495758
1410  0.42434078454971313
698  0.42433425784111023
21  0.4243294596672058
172  0.4243258833885193
537  0.42431581020355225
1125  0.424297034740448
23  0.42428892850875854
612  0.42428532242774963
903  0.4242834746837616
1408  0.4242638349533081
1294  0.4242505729198456
594  0.4242475628852844
196  0.4242326319217682
284  0.4242270588874817
1290  0.4241623878479004
1261  0.42416054010391235
794  0.42410317063331604
1196  0.4240749180316925
387  0.42407339811325073
785  0.4240577518939972
723  0.4240570664405823
533  0.4240480363368988
171  0.4240467846393585
833  0.4240436553955078
144  0.4240388870239258
668  0.4240284860134125
1409  0.4240225553512573
1218  0.42402029037475586
711  0.42401766777038574
674  0.4240139424800873
764  0.4240001142024994
285  0.4239983856678009
885  0.4239972233772278
773  0.42399388551712036
48  0.423993319272995
308  0.42398568987846375
14  0.42397910356521606
663  0.42395973205566406
915  0.4239538311958313
901  0.42391321063041687
592  0.4239042103290558
1278  0.4238857924938202
562  0.42387086153030396
267  0.4238531291484833
1033  0.42382851243019104
559  0.4238138496875763
745  0.4238086938858032
906  0.4237833023071289
549  0.4237678349018097
321  0.4237528443336487
214  0.42374497652053833
1428  0.42374059557914734
455  0.42373648285865784
281  0.4237304925918579
793  0.42371371388435364
379  0.42369985580444336
483  0.4236902594566345
776  0.4236864149570465
1074  0.423662006855011
40  0.42363229393959045
276  0.4236304759979248
1048  0.42363014817237854
169  0.4236193299293518
902  0.42361849546432495
775  0.4236181974411011
1344  0.42355960607528687
1397  0.4235534369945526
197  0.4235510528087616
28  0.42354831099510193
182  0.42353788018226624
1366  0.42352864146232605
1405  0.4235093593597412
1023  0.4234985411167145
534  0.4234873354434967
1411  0.4234868586063385
653  0.42346033453941345
280  0.42344918847084045
871  0.42344799637794495
536  0.42342814803123474
597  0.4234217405319214
853  0.4234170913696289
696  0.42341089248657227
643  0.42340683937072754
1204  0.42339566349983215
149  0.42336875200271606
1337  0.4233580529689789
70  0.42335599660873413
278  0.4233500361442566
737  0.42334604263305664
1364  0.42331764101982117
1334  0.4233049154281616
931  0.4233032763004303
936  0.42329978942871094
747  0.423297643661499
1324  0.42328765988349915
851  0.4232792854309082
115  0.42327484488487244
428  0.4232671558856964
956  0.4232639968395233
1314  0.4232533872127533
755  0.42325034737586975
306  0.4232373833656311
797  0.4232357144355774
1412  0.4232322871685028
1047  0.4232276976108551
917  0.4232177734375
230  0.42321744561195374
384  0.42320719361305237
64  0.4231841266155243
1417  0.42318394780158997
662  0.423180490732193
1214  0.42316773533821106
376  0.4231446087360382
728  0.42312324047088623
832  0.42312172055244446
606  0.423117071390152
250  0.42311540246009827
665  0.42311128973960876
1194  0.42309653759002686
352  0.4230917990207672
191  0.42308738827705383
941  0.42306435108184814
369  0.4230528175830841
619  0.42305198311805725
201  0.4230431020259857
92  0.42302680015563965
8  0.4230262041091919
886  0.4230058193206787
940  0.42300060391426086
679  0.4229715168476105
1400  0.42296281456947327
307  0.42293858528137207
264  0.4229293465614319
564  0.4228913486003876
15  0.4228629767894745
319  0.4228551983833313
210  0.4228205680847168
1251  0.42281854152679443
720  0.42281681299209595
865  0.422816663980484
78  0.42279618978500366
271  0.42278143763542175
1042  0.422778457403183
709  0.4227505028247833
877  0.42274877429008484
79  0.42274513840675354
1017  0.4227418303489685
16  0.4227368235588074
970  0.42273321747779846
535  0.42272308468818665
658  0.42271915078163147
812  0.42271727323532104
781  0.4226769506931305
702  0.4226757884025574
624  0.4226732850074768
1215  0.4226713478565216
731  0.4226613938808441
1150  0.42265892028808594
847  0.4226396679878235
1027  0.42263925075531006
211  0.42263883352279663
145  0.4226216971874237
223  0.4226118326187134
323  0.4226098656654358
96  0.4226035475730896
958  0.42259836196899414
926  0.42259684205055237
846  0.422593355178833
718  0.42258894443511963
1068  0.42258891463279724
695  0.42257291078567505
1287  0.42256438732147217
1407  0.4225640594959259
63  0.4225628972053528
385  0.4225386083126068
183  0.4225222170352936
209  0.42251697182655334
374  0.42249417304992676
802  0.42248812317848206
618  0.42248618602752686
920  0.4224800169467926
234  0.4224799573421478
44  0.4224792718887329
786  0.4224788248538971
680  0.4224736988544464
1414  0.42247074842453003
791  0.4224627912044525
1326  0.42244774103164673
186  0.42244088649749756
603  0.4224398732185364
192  0.4224332571029663
245  0.42242446541786194
1296  0.42242249846458435
476  0.4224218726158142
828  0.42241913080215454
73  0.4224117696285248
1121  0.4224105179309845
511  0.4224061369895935
842  0.42240050435066223
539  0.4223862588405609
1270  0.422384649515152
567  0.4223824739456177
249  0.4223799705505371
457  0.42237749695777893
7  0.42237740755081177
251  0.4223750829696655
611  0.4223605990409851
509  0.42234840989112854
809  0.42233699560165405
109  0.4223136305809021
132  0.42230716347694397
104  0.42230671644210815
1041  0.42229440808296204
604  0.42223769426345825
583  0.4222204387187958
1149  0.4222135543823242
685  0.42220795154571533
32  0.4221927523612976
1273  0.4221687614917755
744  0.42215317487716675
759  0.42214861512184143
704  0.4221459925174713
66  0.42213791608810425
577  0.42213284969329834
137  0.4221305251121521
1301  0.42212703824043274
468  0.4221089482307434
303  0.42210376262664795
620  0.42210108041763306
841  0.42208489775657654
779  0.42208290100097656
150  0.42205965518951416
143  0.4220508635044098
1305  0.4220498502254486
1217  0.42204225063323975
856  0.42203766107559204
427  0.4220060706138611
814  0.4219927489757538
795  0.4219866394996643
86  0.4219849407672882
320  0.42197927832603455
300  0.42197275161743164
1302  0.421963095664978
792  0.42195919156074524
268  0.4219591021537781
1101  0.42194607853889465
443  0.4219261705875397
1319  0.4219220280647278
272  0.42191827297210693
778  0.42189204692840576
1102  0.4218878149986267
705  0.4218824505805969
859  0.421882301568985
700  0.42187151312828064
243  0.42187100648880005
1111  0.4218684732913971
1419  0.42186421155929565
760  0.4218471348285675
1340  0.42182981967926025
1425  0.42182570695877075
860  0.4218222200870514
120  0.4218158423900604
858  0.42180392146110535
261  0.4217848777770996
796  0.4217771589756012
84  0.4217720031738281
1361  0.4217696189880371
10  0.42176732420921326
324  0.42175501585006714
1195  0.42175206542015076
914  0.42172738909721375
297  0.42172688245773315
441  0.4217202663421631
1348  0.42171698808670044
407  0.4217167794704437
908  0.4217075705528259
1253  0.4217016100883484
212  0.42169979214668274
167  0.4216975271701813
1116  0.42169463634490967
626  0.4216921329498291
939  0.42169108986854553
881  0.42168575525283813
1424  0.42167535424232483
867  0.42167335748672485
147  0.42167040705680847
1303  0.42166242003440857
1024  0.4216540455818176
735  0.4216238856315613
808  0.42161625623703003
327  0.42159783840179443
922  0.42158833146095276
644  0.42158716917037964
54  0.42156028747558594
645  0.4215557873249054
102  0.421553373336792
322  0.42155325412750244
164  0.42154884338378906
1446  0.42154690623283386
642  0.42154282331466675
239  0.4215366542339325
641  0.4215318262577057
246  0.42152711749076843
430  0.42152708768844604
1336  0.42151910066604614
613  0.42151638865470886
411  0.42151132225990295
646  0.4215027689933777
75  0.42148730158805847
882  0.42148369550704956
1034  0.42147767543792725
217  0.421477347612381
111  0.42146989703178406
863  0.42146819829940796
1415  0.4214542508125305
862  0.42145320773124695
1338  0.42145293951034546
666  0.4214467704296112
772  0.42144113779067993
565  0.4214366376399994
42  0.42143601179122925
1000  0.4214295744895935
508  0.42141222953796387
1342  0.42139968276023865
188  0.42139676213264465
1234  0.42137521505355835
1325  0.42137277126312256
602  0.4213719069957733
1011  0.42136573791503906
140  0.4213654696941376
1122  0.4213579297065735
899  0.4213561713695526
344  0.42134109139442444
447  0.4213263988494873
1200  0.42132577300071716
657  0.42132246494293213
231  0.4213041067123413
166  0.42128050327301025
165  0.42126956582069397
1168  0.42125922441482544
575  0.42125463485717773
975  0.4212419390678406
174  0.42123013734817505
1100  0.42122507095336914
1268  0.4212195575237274
835  0.42121651768684387
19  0.4212161898612976
236  0.42121490836143494
823  0.4212094247341156
1140  0.42120856046676636
872  0.4211976230144501
225  0.42118918895721436
1242  0.4211867153644562
1199  0.4211837947368622
670  0.42117947340011597
185  0.4211791455745697
116  0.4211750626564026
964  0.42112213373184204
168  0.4211147725582123
754  0.4211059808731079
1197  0.42109498381614685
158  0.4210745394229889
942  0.4210726320743561
277  0.42107126116752625
1333  0.42106422781944275
810  0.4210609495639801
274  0.42105787992477417
146  0.4210541248321533
1288  0.4210372865200043
431  0.421026349067688
819  0.42102333903312683
153  0.42101824283599854
399  0.4210028350353241
655  0.42099785804748535
194  0.4209827184677124
850  0.4209814667701721
1241  0.4209783375263214
1081  0.42097732424736023
722  0.42096319794654846
935  0.4209602475166321
697  0.4209505319595337
456  0.420949786901474
647  0.42094942927360535
1429  0.4209476113319397
656  0.42092832922935486
162  0.4209282398223877
400  0.42092475295066833
507  0.42092230916023254
996  0.42092013359069824
373  0.42091184854507446
51  0.42088860273361206
1040  0.420887291431427
811  0.4208810031414032
112  0.4208761155605316
866  0.4208739101886749
20  0.4208635985851288
1298  0.4208487570285797
310  0.42082953453063965
714  0.4208272099494934
1213  0.4208243787288666
576  0.4208236336708069
1159  0.4208061099052429
691  0.4208016097545624
305  0.42078524827957153
442  0.4207727611064911
33  0.42075100541114807
560  0.42074641585350037
607  0.42073559761047363
750  0.42073529958724976
114  0.4207266569137573
1073  0.4207237958908081
1356  0.42071643471717834
804  0.42071375250816345
826  0.42069491744041443
304  0.420686811208725
1008  0.4206829369068146
1295  0.4206693470478058
713  0.4206608235836029
207  0.42065560817718506
733  0.4206469655036926
238  0.42062243819236755
296  0.4206046760082245
408  0.4205999970436096
117  0.4205904006958008
1395  0.42057427763938904
829  0.42057275772094727
1206  0.4205571115016937
978  0.42055225372314453
493  0.42054054141044617
141  0.4205239713191986
262  0.4205166697502136
9  0.42050570249557495
749  0.42049306631088257
1321  0.4204900860786438
1209  0.42047518491744995
161  0.42047426104545593
351  0.4204670190811157
160  0.42046162486076355
474  0.42046087980270386
328  0.42044907808303833
965  0.4204420745372772
893  0.4204348921775818
605  0.4204322099685669
1363  0.42042452096939087
706  0.4204077124595642
752  0.4203859269618988
649  0.42038559913635254
1362  0.42037683725357056
453  0.4203658699989319
629  0.4203554391860962
551  0.42034804821014404
932  0.4203418791294098
801  0.42034009099006653
953  0.42033958435058594
761  0.4203384518623352
1044  0.42033112049102783
771  0.42031195759773254
504  0.420288622379303
879  0.42028677463531494
827  0.4202841520309448
1318  0.4202817976474762
388  0.42027127742767334
347  0.4202636480331421
440  0.4202631115913391
1322  0.4202386736869812
843  0.42023590207099915
361  0.42022815346717834
874  0.42022159695625305
622  0.42021578550338745
342  0.4202151596546173
244  0.42020416259765625
1269  0.4202013313770294
242  0.4201972186565399
27  0.4201746881008148
558  0.42016375064849854
614  0.420163631439209
967  0.4201585054397583
429  0.42013421654701233
313  0.42013293504714966
62  0.4201321005821228
1025  0.420113742351532
1426  0.42010337114334106
311  0.420101523399353
820  0.42008429765701294
783  0.42008277773857117
503  0.4200827181339264
912  0.4200761318206787
1180  0.42007580399513245
869  0.42006680369377136
857  0.4200649857521057
1157  0.42006394267082214
52  0.42005738615989685
1006  0.42004895210266113
710  0.42004603147506714
1016  0.4200434386730194
1423  0.4200361669063568
341  0.42001742124557495
748  0.4200074076652527
1169  0.4200038015842438
1130  0.4200012683868408
110  0.4199707806110382
816  0.4199603796005249
1050  0.4199580252170563
1335  0.4199548065662384
751  0.41995394229888916
890  0.41994836926460266
1071  0.41994836926460266
26  0.41994544863700867
937  0.4199428856372833
703  0.4199185073375702
138  0.41991522908210754
824  0.4199092984199524
1205  0.4198867380619049
1158  0.4198862612247467
654  0.4198839068412781
925  0.419879287481308
1275  0.41986748576164246
1089  0.4198341965675354
275  0.41983115673065186
330  0.4197911322116852
65  0.41978126764297485
676  0.41978004574775696
348  0.41977113485336304
1212  0.4197709262371063
1002  0.41976797580718994
1198  0.4197574853897095
1297  0.4197337031364441
1153  0.4197278320789337
226  0.419716477394104
938  0.41971367597579956
258  0.4196901023387909
1079  0.41968077421188354
227  0.4196774363517761
1279  0.4196667969226837
919  0.4196610450744629
1031  0.419654905796051
889  0.4196416437625885
401  0.4196254014968872
1075  0.41960033774375916
1420  0.41959622502326965
635  0.4195753335952759
1190  0.41957277059555054
195  0.4195655882358551
392  0.41955333948135376
1396  0.4195529818534851
672  0.4195394814014435
1136  0.41950833797454834
632  0.4195067882537842
475  0.4194908142089844
532  0.41949042677879333
1208  0.41948065161705017
1123  0.4194681644439697
875  0.4194558560848236
394  0.41945016384124756
367  0.419442743062973
81  0.41944098472595215
757  0.4194355905056
918  0.4194340109825134
1211  0.41941747069358826
1039  0.4194043278694153
220  0.4193936586380005
1018  0.41938385367393494
29  0.41938304901123047
288  0.4193713963031769
721  0.41935470700263977
263  0.41934099793434143
1401  0.41933947801589966
756  0.4193364977836609
593  0.4193248152732849
350  0.41932448744773865
651  0.41931530833244324
637  0.4193144142627716
402  0.4193076193332672
1219  0.4192551374435425
1037  0.4192405641078949
569  0.4192310869693756
868  0.4192289113998413
289  0.41922539472579956
1332  0.4192200303077698
343  0.4192030131816864
900  0.419200599193573
1343  0.4191729426383972
570  0.4191615581512451
1365  0.4191572070121765
1341  0.4191526770591736
435  0.4191487431526184
1132  0.4191424548625946
317  0.4191225469112396
512  0.4191215932369232
287  0.41911548376083374
1421  0.41911396384239197
648  0.4190957546234131
694  0.4190898537635803
128  0.41908499598503113
1349  0.41907837986946106
30  0.4190731942653656
973  0.41907134652137756
393  0.41906052827835083
732  0.41905996203422546
924  0.41905564069747925
768  0.4190477728843689
69  0.41904589533805847
123  0.41904371976852417
471  0.4190393388271332
157  0.419027179479599
1133  0.41902267932891846
1304  0.41901159286499023
232  0.41901034116744995
1014  0.4190056025981903
734  0.41900184750556946
1078  0.41900038719177246
1264  0.41899991035461426
1281  0.41898518800735474
864  0.4189666509628296
1174  0.4189552068710327
213  0.41895195841789246
1418  0.41895103454589844
861  0.41894567012786865
1114  0.4189431667327881
652  0.4189363420009613
1192  0.41891083121299744
1350  0.4188916087150574
1115  0.4188893735408783
1022  0.4188774824142456
999  0.41887420415878296
1233  0.41885673999786377
1001  0.4188488721847534
1440  0.41883984208106995
948  0.4188234508037567
459  0.4188216030597687
426  0.4188171625137329
1076  0.4188080132007599
1320  0.41877925395965576
1308  0.4187617599964142
800  0.4187610447406769
1267  0.41874760389328003
159  0.41874387860298157
1112  0.4187415838241577
67  0.4187297523021698
1077  0.41872626543045044
984  0.41871750354766846
633  0.4187079966068268
972  0.41870686411857605
122  0.41869133710861206
945  0.41868647933006287
1330  0.4186857342720032
265  0.41867703199386597
221  0.41866910457611084
730  0.4186389148235321
448  0.4186256229877472
621  0.4186232089996338
222  0.41861969232559204
11  0.4186170995235443
484  0.4186049997806549
974  0.4185929298400879
600  0.4185899496078491
955  0.4185812175273895
1170  0.4185807704925537
1422  0.4185715317726135
1163  0.4185580015182495
370  0.41855746507644653
1307  0.41855645179748535
540  0.4185556173324585
1221  0.4185503423213959
650  0.4185446798801422
563  0.4185377359390259
257  0.4184984862804413
1128  0.4184727668762207
1210  0.41847118735313416
561  0.41846925020217896
412  0.4184645414352417
1285  0.4184635877609253
821  0.4184550344944
743  0.41844671964645386
598  0.4184360206127167
286  0.41842442750930786
818  0.41841307282447815
105  0.4184059798717499
766  0.4184054732322693
235  0.4183879494667053
463  0.4183829426765442
1236  0.418381005525589
315  0.4183643162250519
1398  0.4183613955974579
1404  0.41834187507629395
480  0.4183390438556671
588  0.4183368682861328
963  0.418333500623703
765  0.4183257818222046
905  0.4183213412761688
738  0.4183170199394226
17  0.418296217918396
1317  0.41829371452331543
482  0.4182894825935364
1374  0.41826778650283813
233  0.41825535893440247
259  0.41824376583099365
1256  0.41823333501815796
1080  0.41822072863578796
630  0.41821154952049255
452  0.41817721724510193
439  0.41816481947898865
1238  0.4181410074234009
74  0.41812801361083984
1315  0.41812536120414734
1262  0.41812458634376526
139  0.418104350566864
983  0.4181017577648163
1385  0.4181008040904999
177  0.4180942177772522
1147  0.418087363243103
495  0.4180819094181061
247  0.4180775284767151
787  0.41807499527931213
152  0.4180748462677002
326  0.41807466745376587
586  0.4180740416049957
943  0.41805848479270935
252  0.41803717613220215
976  0.41801291704177856
817  0.41801026463508606
1028  0.41800540685653687
971  0.4179975092411041
998  0.41799691319465637
332  0.41799283027648926
1144  0.41798704862594604
1110  0.4179821312427521
485  0.41795992851257324
1166  0.41795843839645386
269  0.4179520905017853
636  0.41794148087501526
959  0.41793519258499146
1105  0.4179212749004364
1276  0.4179181158542633
625  0.41791436076164246
1369  0.4179137349128723
470  0.4179120361804962
1382  0.41790732741355896
464  0.4178987145423889
1352  0.41788288950920105
107  0.4178735613822937
591  0.4178619086742401
488  0.4178536832332611
758  0.4178504943847656
1160  0.4178470969200134
949  0.41783228516578674
1131  0.41782844066619873
465  0.4178266227245331
986  0.41781896352767944
1069  0.4178152084350586
529  0.41781508922576904
494  0.41780179738998413
180  0.41779273748397827
1026  0.4177899956703186
368  0.41777899861335754
446  0.41777825355529785
433  0.4177733361721039
1347  0.41777318716049194
312  0.4177703559398651
316  0.41775989532470703
444  0.4177579879760742
1402  0.41775670647621155
425  0.4177517890930176
279  0.41774439811706543
546  0.41773033142089844
848  0.41772550344467163
628  0.4177160859107971
1250  0.4176904559135437
124  0.41768497228622437
1354  0.4176754951477051
1061  0.4176707863807678
994  0.4176667630672455
248  0.4176582396030426
467  0.41763535141944885
934  0.4176158607006073
82  0.4175797402858734
1291  0.41757723689079285
1323  0.41756048798561096
358  0.4175550043582916
1184  0.4175451397895813
224  0.41754427552223206
627  0.41752058267593384
1255  0.4175112545490265
1370  0.4175104796886444
1129  0.41751009225845337
491  0.4175059199333191
617  0.4174891710281372
1113  0.41747644543647766
904  0.41747015714645386
359  0.41746288537979126
1145  0.4174548089504242
219  0.4174377918243408
108  0.4174083173274994
500  0.4174065589904785
968  0.4174002408981323
492  0.41738829016685486
362  0.4173842966556549
545  0.41737043857574463
681  0.4173603653907776
769  0.41735929250717163
389  0.41735655069351196
799  0.4173530638217926
584  0.417347252368927
462  0.41734668612480164
106  0.41734516620635986
193  0.41733014583587646
1072  0.41732653975486755
1070  0.41732528805732727
911  0.417324960231781
528  0.4173150360584259
53  0.4173124134540558
985  0.4173094630241394
253  0.4172956943511963
1346  0.41728878021240234
156  0.4172729253768921
473  0.4172699749469757
585  0.4172670245170593
1154  0.41724222898483276
1139  0.4172366261482239
1327  0.4172309339046478
454  0.41718626022338867
1360  0.41717472672462463
505  0.41717439889907837
951  0.41716402769088745
1049  0.41713759303092957
1137  0.4171256422996521
1066  0.41712233424186707
587  0.4171137511730194
1065  0.41710445284843445
1051  0.4170983135700226
1380  0.4170905351638794
831  0.4170890152454376
318  0.4170836806297302
944  0.4170644283294678
1173  0.4170597493648529
273  0.41704896092414856
1329  0.4170382618904114
873  0.41703715920448303
360  0.4170323312282562
1003  0.41701897978782654
742  0.4170135259628296
1430  0.416999876499176
960  0.4169977605342865
415  0.41699349880218506
790  0.41697797179222107
436  0.4169711768627167
888  0.4169566333293915
547  0.41695600748062134
506  0.41695505380630493
1124  0.4169255197048187
1328  0.4169144928455353
995  0.4169144034385681
1274  0.41691386699676514
490  0.416908860206604
1311  0.41690316796302795
390  0.41690248250961304
218  0.41689616441726685
527  0.416886568069458
80  0.4168795943260193
487  0.41683658957481384
1265  0.41683560609817505
1392  0.4168316125869751
969  0.41681912541389465
962  0.41681575775146484
1386  0.4168127179145813
615  0.4168049991130829
1062  0.41680389642715454
1038  0.4168001413345337
1355  0.4167958199977875
356  0.41679227352142334
1372  0.41677144169807434
1240  0.41676950454711914
345  0.41676291823387146
472  0.4167623817920685
1445  0.4167401194572449
977  0.4167357087135315
849  0.4167290925979614
364  0.4167121946811676
1310  0.4166918992996216
834  0.41668516397476196
151  0.4166714549064636
966  0.41667038202285767
1099  0.4166557192802429
329  0.4166512191295624
1146  0.41665059328079224
1134  0.41663047671318054
181  0.4166279137134552
18  0.4166138470172882
789  0.4166119396686554
333  0.41659727692604065
1167  0.41659605503082275
1243  0.4165852963924408
1104  0.4165804386138916
1439  0.41657233238220215
946  0.4165220260620117
397  0.41650983691215515
1280  0.41650834679603577
1403  0.41649824380874634
421  0.4164958596229553
469  0.41647079586982727
353  0.4164617657661438
1432  0.41645845770835876
466  0.4164571464061737
1207  0.4164370596408844
416  0.41641852259635925
1260  0.4164023995399475
266  0.41639643907546997
1064  0.4163956940174103
489  0.4163835048675537
1266  0.41636544466018677
1007  0.4163565933704376
1433  0.4163067638874054
1036  0.41628631949424744
179  0.4162660241127014
1437  0.41626375913619995
692  0.41626155376434326
1376  0.41624900698661804
616  0.4162452816963196
1004  0.41624024510383606
1309  0.41623029112815857
339  0.4162253737449646
991  0.4162238538265228
1235  0.4162096083164215
530  0.41620931029319763
336  0.41619250178337097
1263  0.41619110107421875
990  0.41618508100509644
1434  0.41618284583091736
1375  0.4161767363548279
1098  0.41613295674324036
921  0.41613033413887024
1012  0.41612833738327026
1030  0.4161239564418793
121  0.41611623764038086
126  0.4161103367805481
542  0.4160996079444885
1247  0.41608986258506775
432  0.4160791337490082
1063  0.41605502367019653
805  0.41603153944015503
481  0.41603052616119385
982  0.4160260260105133
255  0.4160023033618927
1442  0.4159955382347107
788  0.41598838567733765
1088  0.4159819185733795
552  0.41596806049346924
486  0.41592898964881897
496  0.4159237742424011
338  0.415921688079834
923  0.4159204959869385
1171  0.4159141778945923
798  0.4159066677093506
988  0.415889173746109
1138  0.41588687896728516
1015  0.4158841669559479
294  0.41587838530540466
571  0.4158753454685211
891  0.415874719619751
1109  0.4158657193183899
314  0.41586387157440186
1082  0.41585463285446167
1359  0.41584324836730957
954  0.4158330261707306
1431  0.4158312678337097
1201  0.4158119559288025
413  0.41580745577812195
461  0.41580408811569214
729  0.41578415036201477
1289  0.4157679080963135
1271  0.4157586693763733
1353  0.4157350957393646
1187  0.4157344400882721
518  0.41570591926574707
825  0.4156719744205475
1108  0.4156480133533478
741  0.4156191349029541
1093  0.4156084656715393
740  0.4156053364276886
1312  0.41557881236076355
178  0.4155775308609009
807  0.41556745767593384
987  0.4155629575252533
543  0.415557324886322
1272  0.41552871465682983
451  0.415515661239624
418  0.41551005840301514
1351  0.41550925374031067
1368  0.41549384593963623
346  0.41548776626586914
770  0.41548725962638855
952  0.4154838025569916
1189  0.41547664999961853
933  0.4154609143733978
1293  0.41543152928352356
1441  0.41541895270347595
127  0.4154140055179596
1286  0.4154108166694641
1237  0.4153948426246643
1232  0.41538816690444946
1106  0.41537508368492126
1087  0.41537171602249146
325  0.4153249263763428
237  0.41531601548194885
548  0.4153003692626953
1223  0.4152631461620331
1135  0.4152585566043854
420  0.4152520000934601
1188  0.4152516722679138
1020  0.41523995995521545
406  0.4152372181415558
1299  0.4152282774448395
979  0.4152117967605591
907  0.41517728567123413
544  0.415170818567276
175  0.41513630747795105
1244  0.41511914134025574
1381  0.4151019752025604
1222  0.41508644819259644
1181  0.4150778651237488
256  0.41507408022880554
531  0.41506868600845337
290  0.41506800055503845
417  0.4150642454624176
992  0.41504576802253723
1155  0.415020227432251
254  0.4150145649909973
1394  0.4150027334690094
541  0.4149951934814453
414  0.41497281193733215
1228  0.41495731472969055
1249  0.41495057940483093
1009  0.4149370491504669
522  0.4148872196674347
574  0.414882093667984
337  0.41487935185432434
460  0.414865642786026
1436  0.4148504436016083
1103  0.4148409366607666
1230  0.414840430021286
997  0.4148258864879608
1367  0.41481778025627136
1246  0.41476163268089294
910  0.41475802659988403
876  0.41471853852272034
682  0.4146997034549713
1005  0.41469845175743103
1193  0.41468384861946106
1186  0.41468316316604614
1306  0.41466835141181946
1056  0.4146510362625122
806  0.4146418571472168
334  0.4146402180194855
398  0.4146259129047394
634  0.4146157503128052
590  0.41460341215133667
1435  0.41460031270980835
1055  0.4145872890949249
631  0.41456589102745056
366  0.414551705121994
1438  0.41454416513442993
1357  0.41450875997543335
1107  0.41447341442108154
68  0.41447314620018005
520  0.4144589602947235
1358  0.4144554138183594
1120  0.4144377112388611
1119  0.41443750262260437
403  0.41438809037208557
445  0.41437986493110657
1258  0.41436389088630676
1085  0.4143638610839844
295  0.41433975100517273
1118  0.4142657220363617
822  0.4142589569091797
502  0.4142458140850067
989  0.41417577862739563
1019  0.414174348115921
291  0.414159893989563
1117  0.41415897011756897
521  0.41415709257125854
887  0.4140956997871399
331  0.4140584170818329
1231  0.41404858231544495
176  0.41399145126342773
363  0.413985013961792
1162  0.4138736426830292
1156  0.4138587415218353
419  0.41384971141815186
599  0.41384005546569824
947  0.41383713483810425
437  0.4138347804546356
1141  0.4138343632221222
1182  0.4138203263282776
601  0.4138069152832031
1316  0.4137932062149048
1060  0.4137812554836273
526  0.41376572847366333
125  0.4137568771839142
554  0.41371944546699524
396  0.413657546043396
961  0.41362500190734863
409  0.4135917127132416
739  0.4135829210281372
1177  0.41357216238975525
557  0.41356226801872253
1300  0.4135587811470032
1057  0.4135492444038391
1010  0.41351160407066345
424  0.4134886860847473
1092  0.4134720265865326
357  0.4134695827960968
1086  0.41343286633491516
1029  0.4134310185909271
1393  0.4133877754211426
981  0.4133458733558655
1245  0.4133243262767792
573  0.4133176803588867
423  0.41331198811531067
1391  0.41331109404563904
1021  0.41329726576805115
1387  0.4132946729660034
1248  0.4132731258869171
1224  0.41325047612190247
556  0.41321611404418945
1035  0.41321131587028503
980  0.4131620228290558
438  0.4131547510623932
1345  0.41315263509750366
1059  0.4131511151790619
1097  0.41314831376075745
1239  0.41314753890037537
553  0.41308581829071045
1389  0.41304317116737366
1383  0.4130328595638275
1172  0.41300398111343384
410  0.41292935609817505
523  0.4129185080528259
1090  0.41277438402175903
1220  0.4127615690231323
335  0.4127601981163025
1384  0.4126602113246918
683  0.4126320481300354
1091  0.41261008381843567
404  0.4125767648220062
684  0.41255030035972595
154  0.41252651810646057
1161  0.4125159680843353
1179  0.4125059247016907
1175  0.41246551275253296
354  0.41243159770965576
1282  0.41242608428001404
293  0.4124188721179962
365  0.41240808367729187
292  0.41235578060150146
391  0.4123256206512451
1013  0.41229504346847534
1444  0.41221919655799866
589  0.41219741106033325
693  0.41218581795692444
1083  0.41217347979545593
1373  0.41211050748825073
1377  0.41207143664360046
1058  0.4120199680328369
950  0.4119879901409149
1165  0.4119845926761627
449  0.4119541049003601
1443  0.4119449555873871
1143  0.41182073950767517
1084  0.4118119478225708
993  0.41170257329940796
1183  0.41164979338645935
1142  0.41160598397254944
1229  0.41158777475357056
1292  0.4115560054779053
1191  0.41148704290390015
1054  0.4114513695240021
1096  0.41141924262046814
1283  0.41141262650489807
1390  0.41131120920181274
422  0.4112575948238373
892  0.4112299084663391
513  0.41108980774879456
519  0.41105756163597107
525  0.41100427508354187
395  0.4109663963317871
1185  0.4109288454055786
1053  0.4108266532421112
555  0.41079506278038025
501  0.4106428921222687
1095  0.4106079936027527
1094  0.4105567932128906
405  0.41046902537345886
450  0.4104583263397217
155  0.41042810678482056
1379  0.4104142189025879
1388  0.4103507399559021
515  0.4103441834449768
355  0.41033563017845154
1164  0.41021475195884705
340  0.4101881980895996
1371  0.41017666459083557
499  0.41017207503318787
1227  0.4101586937904358
1257  0.4101390242576599
516  0.41006889939308167
498  0.4100322127342224
497  0.40994733572006226
524  0.4099414050579071
1259  0.40988707542419434
1052  0.40982162952423096
517  0.4097331762313843
1378  0.40960556268692017
1178  0.40960127115249634
572  0.40944376587867737
1225  0.4087592363357544
1284  0.40874814987182617
514  0.4083688259124756
1176  0.4081498384475708
1226  0.40811580419540405
