1  0.42486467957496643
1732  0.417177677154541
2  0.4126584231853485
723  0.40788814425468445
675  0.40782278776168823
724  0.40775230526924133
875  0.40732240676879883
15  0.4071924090385437
858  0.40718787908554077
878  0.40710583329200745
467  0.40699222683906555
727  0.4066113233566284
1078  0.40652987360954285
1014  0.40651604533195496
50  0.40628233551979065
1079  0.40606844425201416
1060  0.40576866269111633
121  0.40573760867118835
1692  0.40567442774772644
772  0.40562722086906433
725  0.40559059381484985
798  0.40548330545425415
1083  0.4054480493068695
846  0.4053831100463867
722  0.4052024185657501
862  0.405142217874527
3  0.4050189256668091
872  0.404999315738678
4  0.4049958288669586
860  0.4048928916454315
1058  0.40486621856689453
1108  0.4048402011394501
676  0.4048175811767578
1102  0.4047962725162506
784  0.40477633476257324
470  0.4047701060771942
272  0.4047696888446808
51  0.4047527611255646
1008  0.4046633839607239
490  0.4046438932418823
43  0.40460771322250366
508  0.4045850336551666
1203  0.4045702815055847
728  0.4045511782169342
786  0.4045175313949585
1082  0.40451449155807495
14  0.4044160544872284
1354  0.40435609221458435
315  0.40433046221733093
788  0.40431898832321167
1637  0.40431469678878784
978  0.4043098986148834
874  0.40429621934890747
1581  0.4042925238609314
990  0.40428397059440613
273  0.40422117710113525
839  0.40411508083343506
1116  0.40410125255584717
1059  0.40402501821517944
593  0.4040222764015198
1347  0.4040203392505646
1237  0.4039786159992218
1032  0.40394651889801025
873  0.40392470359802246
797  0.4038721024990082
116  0.40380868315696716
877  0.403769314289093
721  0.4037628769874573
726  0.4037550091743469
850  0.4037526845932007
1057  0.40372663736343384
980  0.40372058749198914
1007  0.4037087559700012
799  0.4036829173564911
861  0.40367886424064636
706  0.40367674827575684
953  0.40363427996635437
1176  0.40360862016677856
791  0.4035671353340149
1263  0.4035300612449646
497  0.4034437835216522
489  0.4034200608730316
859  0.40340566635131836
1114  0.4033651351928711
1201  0.4033513367176056
439  0.40331414341926575
677  0.40331345796585083
1144  0.4033045768737793
146  0.4032743573188782
1046  0.4032650291919708
513  0.4032617509365082
720  0.4032541811466217
1062  0.40322038531303406
857  0.4032122492790222
53  0.40317001938819885
787  0.40313899517059326
1355  0.4031344950199127
910  0.4031190872192383
665  0.4031047821044922
485  0.4030807316303253
733  0.403075635433197
1636  0.4030754864215851
981  0.40306705236434937
1192  0.40306633710861206
871  0.40304794907569885
911  0.40304362773895264
1080  0.40302547812461853
203  0.4030168056488037
982  0.40300071239471436
6  0.4029715955257416
275  0.40296807885169983
1177  0.40296685695648193
870  0.40294334292411804
713  0.4029313325881958
940  0.4028854966163635
1217  0.4028479754924774
989  0.4028468132019043
592  0.4028348922729492
44  0.4028334319591522
1544  0.4028163552284241
1165  0.40280503034591675
849  0.40279704332351685
16  0.4027937948703766
956  0.40276089310646057
708  0.4027555286884308
1202  0.4027513265609741
1421  0.4027324616909027
1143  0.40272057056427
12  0.4027058780193329
927  0.4026234745979309
1348  0.40259531140327454
1002  0.40259456634521484
1107  0.4025837481021881
7  0.4025669991970062
1106  0.40255987644195557
683  0.40254926681518555
1026  0.40252575278282166
1574  0.4025031626224518
988  0.40247780084609985
1099  0.4024776518344879
123  0.4024582505226135
468  0.4024309813976288
115  0.4024294316768646
800  0.4024156332015991
1090  0.4024094343185425
793  0.4024084508419037
715  0.4023840129375458
1635  0.4023672938346863
1175  0.402361124753952
1092  0.4023599922657013
1321  0.4023427367210388
1061  0.4023350179195404
124  0.4023279547691345
736  0.40231603384017944
893  0.4022989869117737
844  0.40229418873786926
276  0.40228286385536194
26  0.4022817313671112
52  0.40224912762641907
915  0.4022347927093506
796  0.402222216129303
1013  0.40221911668777466
969  0.40221887826919556
876  0.4021975100040436
120  0.40219375491142273
1093  0.4021904170513153
794  0.402178019285202
1250  0.40212517976760864
1006  0.40212494134902954
674  0.40211108326911926
1056  0.40208467841148376
819  0.4020838737487793
471  0.40205997228622437
1218  0.40205273032188416
920  0.4020417630672455
926  0.40200480818748474
1087  0.4019440710544586
925  0.4019376039505005
1200  0.40192657709121704
770  0.40190908312797546
1103  0.40190908312797546
851  0.40189188718795776
790  0.40188661217689514
883  0.4018848240375519
789  0.4018825888633728
200  0.4018813669681549
208  0.4018729031085968
1030  0.40183308720588684
782  0.4018019437789917
691  0.40179428458213806
1068  0.401788592338562
17  0.4017718732357025
707  0.40175244212150574
1357  0.40175163745880127
484  0.4017326235771179
1130  0.401723176240921
908  0.40171539783477783
1498  0.4017143249511719
1174  0.4016903042793274
591  0.4016856849193573
777  0.40165120363235474
671  0.4016488194465637
709  0.40161222219467163
1016  0.40160372853279114
1233  0.4016035497188568
1215  0.40156978368759155
1104  0.40156278014183044
780  0.4015564024448395
1248  0.4015517830848694
1709  0.4015274941921234
1178  0.401509165763855
991  0.4015004336833954
595  0.40149712562561035
758  0.4014945924282074
912  0.40147626399993896
771  0.4014739990234375
1731  0.4014619290828705
838  0.4014439582824707
783  0.4014417827129364
1232  0.4014146327972412
518  0.40139392018318176
512  0.40138953924179077
464  0.40134987235069275
20  0.4013380706310272
1028  0.40133368968963623
1249  0.4013172686100006
1160  0.4013141989707947
205  0.40129992365837097
319  0.40128594636917114
954  0.40128010511398315
918  0.4012639820575714
232  0.4012618660926819
1460  0.4012410342693329
968  0.4012361764907837
325  0.4012196660041809
1247  0.40121909976005554
1018  0.401218444108963
427  0.4012109339237213
1009  0.40119582414627075
965  0.4011825621128082
68  0.40117907524108887
1138  0.4011608064174652
274  0.4011557102203369
49  0.4011441767215729
1173  0.4011417031288147
1322  0.4011364281177521
1240  0.40111881494522095
955  0.4011131227016449
693  0.40110668540000916
1538  0.40109917521476746
1031  0.4010898470878601
687  0.40106168389320374
105  0.4010471999645233
1081  0.4010416865348816
1161  0.40103867650032043
852  0.40103739500045776
1109  0.4010283946990967
207  0.40102294087409973
1119  0.40101736783981323
1422  0.4010108411312103
631  0.40100520849227905
486  0.4010029137134552
1511  0.4009988009929657
1137  0.40096935629844666
937  0.4009465277194977
1113  0.40094196796417236
678  0.40093564987182617
1320  0.400934636592865
499  0.40090736746788025
400  0.4009060263633728
1420  0.40090298652648926
19  0.4009000062942505
836  0.4008917212486267
919  0.40089142322540283
1204  0.4008863568305969
1066  0.4008777439594269
465  0.40085893869400024
1190  0.40085655450820923
1105  0.40085217356681824
914  0.40083587169647217
45  0.4008328914642334
1097  0.40082767605781555
1033  0.40082648396492004
1456  0.40081509947776794
199  0.4008057713508606
198  0.40079912543296814
979  0.400790810585022
840  0.4007784128189087
107  0.4007779657840729
1101  0.400774210691452
900  0.40077030658721924
11  0.40076547861099243
653  0.40074557065963745
1196  0.40074196457862854
1121  0.40073537826538086
519  0.4007323384284973
1065  0.4007197618484497
1559  0.40071651339530945
1199  0.4007035195827484
114  0.4006854295730591
768  0.4006686806678772
1499  0.40063726902008057
47  0.4006304442882538
705  0.40062564611434937
30  0.4005802273750305
760  0.4005749225616455
67  0.4005691111087799
764  0.40056702494621277
1650  0.40056246519088745
25  0.4005524516105652
212  0.4005524516105652
718  0.4005391299724579
1353  0.40053728222846985
769  0.4005371332168579
630  0.4005180299282074
29  0.40051451325416565
1231  0.40050309896469116
1208  0.40049678087234497
1120  0.4004882574081421
1115  0.40048566460609436
1638  0.4004853665828705
730  0.40048453211784363
1127  0.40048426389694214
600  0.4004792273044586
220  0.40047839283943176
1474  0.40047508478164673
108  0.4004712998867035
1516  0.4004693627357483
737  0.40046456456184387
316  0.4004634916782379
947  0.4004575312137604
1725  0.40044811367988586
913  0.4004218876361847
1455  0.4004037380218506
1005  0.4003642499446869
1003  0.4003545343875885
1111  0.4003427028656006
1356  0.4003210663795471
672  0.4003085494041443
761  0.4002964198589325
1352  0.4002862274646759
712  0.40026429295539856
815  0.4002593457698822
941  0.40024334192276
1045  0.4002319574356079
581  0.40022313594818115
79  0.4002218246459961
1691  0.40021419525146484
1133  0.40019097924232483
670  0.4001844525337219
765  0.40015891194343567
5  0.4001454710960388
112  0.4001340866088867
233  0.4001286029815674
488  0.40011662244796753
1047  0.4001150131225586
145  0.40010982751846313
843  0.4000939428806305
48  0.4000929594039917
182  0.40008386969566345
1170  0.40008363127708435
847  0.40008091926574707
898  0.40007394552230835
516  0.40005815029144287
1359  0.400044322013855
18  0.40004387497901917
54  0.4000415802001953
1162  0.40002739429473877
517  0.4000222682952881
466  0.4000179171562195
1139  0.4000150263309479
977  0.40001365542411804
841  0.40001237392425537
13  0.4000038802623749
1064  0.4000034034252167
1579  0.40000084042549133
902  0.3999926745891571
1651  0.39998966455459595
428  0.3999886214733124
759  0.39998316764831543
885  0.3999726176261902
983  0.3999611735343933
1166  0.3999558985233307
1191  0.39995041489601135
234  0.3999496102333069
1159  0.3999486565589905
602  0.39993715286254883
202  0.3999360501766205
27  0.39992403984069824
842  0.3999103605747223
219  0.39989417791366577
1110  0.3998810946941376
938  0.39987167716026306
507  0.39986667037010193
735  0.3998633325099945
729  0.3998573422431946
1136  0.39985716342926025
1234  0.39985334873199463
711  0.399848997592926
816  0.3998473286628723
1238  0.39984560012817383
1198  0.3998444974422455
1029  0.39984220266342163
603  0.39983808994293213
817  0.3998118042945862
317  0.3998115658760071
1063  0.39980441331863403
681  0.3998035490512848
1077  0.3998018801212311
1010  0.3997882008552551
1167  0.39978107810020447
514  0.39977893233299255
1611  0.3997710347175598
1251  0.3997538089752197
916  0.39974862337112427
1418  0.3997477889060974
1164  0.39974647760391235
1112  0.3997298777103424
66  0.399723619222641
1213  0.3997192084789276
668  0.39970409870147705
930  0.3996898829936981
971  0.3996744453907013
1171  0.3996623456478119
714  0.3996588885784149
324  0.3996570408344269
1264  0.3996570408344269
1142  0.3996565043926239
886  0.39965566992759705
773  0.3996336758136749
1419  0.3996290862560272
520  0.39962735772132874
1195  0.39962413907051086
1015  0.3996221721172333
110  0.39962050318717957
1458  0.39959272742271423
957  0.3995881974697113
62  0.399583101272583
1536  0.39957883954048157
222  0.39957109093666077
237  0.39955565333366394
1024  0.39955464005470276
1070  0.3995540142059326
1473  0.3995487093925476
967  0.3995423913002014
56  0.3995307981967926
277  0.3995264768600464
750  0.39951497316360474
1084  0.39951473474502563
1091  0.3995072841644287
1027  0.39950644969940186
143  0.3994999825954437
697  0.39949268102645874
1094  0.3994799256324768
144  0.3994758725166321
1004  0.3994719386100769
1703  0.3994690775871277
917  0.3994649350643158
604  0.39946338534355164
1685  0.39944398403167725
1690  0.3994404673576355
515  0.3994387984275818
1710  0.39942923188209534
106  0.39942821860313416
80  0.39942696690559387
680  0.39941003918647766
1096  0.39940017461776733
1693  0.39939823746681213
848  0.39939606189727783
863  0.39938852190971375
1397  0.39936602115631104
1423  0.39936065673828125
1019  0.3993520140647888
356  0.3993488550186157
1034  0.3993302583694458
689  0.399329274892807
216  0.3993180990219116
197  0.3993002474308014
302  0.39929452538490295
1001  0.399282306432724
136  0.3992737829685211
1457  0.39927199482917786
1071  0.3992689251899719
1245  0.3992687165737152
1216  0.39926525950431824
254  0.39926451444625854
774  0.3992563486099243
1468  0.39925482869148254
509  0.39924198389053345
903  0.3992416262626648
523  0.39924097061157227
215  0.39923593401908875
1073  0.39922335743904114
1076  0.3991849422454834
569  0.3991730809211731
1588  0.39916741847991943
792  0.3991575241088867
1117  0.39915159344673157
933  0.3991512656211853
1244  0.3991510272026062
987  0.39913737773895264
469  0.39913418889045715
1302  0.3991309106349945
598  0.3991282880306244
253  0.3991275727748871
1128  0.399122416973114
1512  0.39910805225372314
632  0.3991030156612396
970  0.3990827798843384
778  0.3990764915943146
1189  0.3990669846534729
213  0.3990480899810791
1510  0.39904630184173584
21  0.3990352749824524
1246  0.39903226494789124
206  0.39902588725090027
1543  0.399017870426178
939  0.39901143312454224
122  0.39900338649749756
438  0.398995965719223
140  0.39898940920829773
64  0.39898785948753357
767  0.39898714423179626
318  0.398967981338501
1236  0.3989560306072235
746  0.39895597100257874
1044  0.3989516496658325
31  0.3989485502243042
1680  0.3989456593990326
832  0.3989410400390625
806  0.3989295959472656
895  0.3989267647266388
65  0.3989095985889435
1500  0.39890897274017334
1074  0.3989044427871704
1575  0.3989027142524719
1576  0.39889609813690186
822  0.3988877236843109
1675  0.39888396859169006
1206  0.39887937903404236
104  0.39886313676834106
594  0.3988629877567291
326  0.39886218309402466
266  0.3988594710826874
300  0.39885810017585754
86  0.39884769916534424
1476  0.3988471031188965
1020  0.3988461196422577
738  0.3988460302352905
259  0.3988385498523712
306  0.39883729815483093
864  0.3988259434700012
731  0.39881038665771484
1537  0.39880651235580444
1145  0.3988020122051239
1156  0.39879992604255676
1466  0.39879900217056274
775  0.39879530668258667
131  0.3987886607646942
1212  0.3987817168235779
1095  0.39878132939338684
320  0.39877989888191223
887  0.3987724781036377
739  0.39876747131347656
1069  0.3987639844417572
809  0.39876019954681396
1211  0.39874306321144104
1475  0.39873695373535156
1163  0.3987281918525696
1700  0.398720920085907
395  0.39871400594711304
1132  0.3987134099006653
924  0.39871251583099365
201  0.39870667457580566
779  0.39870452880859375
719  0.3986896872520447
111  0.3986799120903015
141  0.3986658453941345
420  0.3986617922782898
399  0.39865800738334656
152  0.3986479341983795
125  0.3986409604549408
1086  0.3986364006996155
109  0.3986302316188812
590  0.3986230790615082
1373  0.39860329031944275
42  0.3985939025878906
491  0.398576945066452
907  0.3985677659511566
696  0.3985636830329895
950  0.3985545039176941
126  0.398550808429718
1277  0.3985482156276703
896  0.39854079484939575
1011  0.39852815866470337
1214  0.3985280692577362
1582  0.3985271751880646
884  0.39852437376976013
1098  0.39851370453834534
1172  0.3985100984573364
855  0.3985074758529663
1179  0.3985002934932709
1252  0.39848870038986206
1484  0.3984854519367218
23  0.39848122000694275
804  0.39847129583358765
1314  0.39846864342689514
84  0.3984656035900116
882  0.39846402406692505
271  0.39845985174179077
1517  0.39845338463783264
734  0.3984532058238983
81  0.3984512984752655
1043  0.3984511196613312
1205  0.3984510004520416
78  0.39845016598701477
1539  0.398438423871994
209  0.39842674136161804
1343  0.3984202742576599
1523  0.3984202742576599
1640  0.39841678738594055
363  0.3984145224094391
868  0.3984072506427765
1573  0.3984057307243347
1072  0.39840462803840637
802  0.39840322732925415
688  0.39839884638786316
440  0.39838144183158875
500  0.3983778953552246
135  0.3983674645423889
932  0.3983672261238098
401  0.39836153388023376
1118  0.3983563780784607
119  0.39835426211357117
301  0.3983513116836548
1148  0.39834874868392944
1168  0.39834457635879517
582  0.398339182138443
1558  0.3983258605003357
386  0.39828795194625854
1039  0.3982829451560974
679  0.39828184247016907
1580  0.3982771933078766
673  0.39827513694763184
89  0.39827367663383484
633  0.39827263355255127
754  0.39826667308807373
1358  0.39826658368110657
695  0.39826586842536926
1374  0.398257315158844
1729  0.39824414253234863
1683  0.39824366569519043
1193  0.3982381522655487
936  0.39823785424232483
1228  0.39822831749916077
845  0.3982250690460205
1262  0.39821887016296387
1372  0.39820677042007446
909  0.39820361137390137
828  0.3981979191303253
785  0.3981960415840149
82  0.3981870114803314
1284  0.39818239212036133
446  0.39818131923675537
810  0.3981773257255554
9  0.39817604422569275
1100  0.3981505334377289
699  0.3981425166130066
1188  0.3981306552886963
479  0.3981274664402008
1481  0.3981125056743622
221  0.3981116712093353
1508  0.3981074392795563
330  0.39810124039649963
744  0.3980989158153534
487  0.39808720350265503
331  0.39808690547943115
1542  0.3980739414691925
1282  0.39807265996932983
1639  0.39806926250457764
1235  0.39806851744651794
865  0.39806029200553894
1625  0.3980584144592285
753  0.39805206656455994
1465  0.3980436325073242
1025  0.39804190397262573
717  0.39804020524024963
1293  0.39802002906799316
1169  0.39801761507987976
85  0.3980151116847992
756  0.3979957699775696
901  0.3979918956756592
304  0.39799103140830994
147  0.39798903465270996
776  0.3979873061180115
142  0.39797329902648926
669  0.3979630768299103
743  0.39796096086502075
1154  0.3979530334472656
1085  0.3979472219944
805  0.3979329764842987
749  0.3979269862174988
880  0.3979268968105316
1676  0.3979264199733734
28  0.39791953563690186
1556  0.39791935682296753
1549  0.39790064096450806
172  0.39789995551109314
904  0.39787352085113525
1291  0.3978627622127533
10  0.39785897731781006
22  0.3978526294231415
1319  0.3978465795516968
685  0.3978427052497864
526  0.39783817529678345
231  0.39783790707588196
1281  0.3978321850299835
1648  0.39782172441482544
1207  0.3978137969970703
90  0.39779603481292725
1349  0.39779308438301086
1554  0.3977912962436676
766  0.39778727293014526
181  0.39778363704681396
59  0.3977779150009155
1472  0.3977770209312439
510  0.3977747857570648
529  0.39776289463043213
473  0.3977590501308441
1533  0.39773693680763245
1141  0.39772409200668335
1449  0.39771559834480286
103  0.3977140188217163
463  0.3977048099040985
211  0.39770397543907166
305  0.39769670367240906
984  0.39768242835998535
837  0.397676020860672
1129  0.39767539501190186
1509  0.3976672291755676
732  0.3976519703865051
638  0.3976499140262604
710  0.3976437449455261
1053  0.39764246344566345
948  0.3976416289806366
118  0.3976409435272217
133  0.39763784408569336
1012  0.3976278305053711
1459  0.3976242244243622
597  0.39761093258857727
314  0.39757880568504333
985  0.3975774347782135
578  0.3975679874420166
1135  0.3975612223148346
1524  0.3975566029548645
267  0.3975518047809601
1266  0.3975493609905243
894  0.3975437879562378
1280  0.3975358009338379
1431  0.397528737783432
1726  0.39752864837646484
1040  0.3975171744823456
260  0.3975141644477844
1719  0.397511750459671
808  0.3975061774253845
664  0.39750388264656067
378  0.39749714732170105
642  0.3974918723106384
1194  0.3974880278110504
1325  0.3974876403808594
951  0.39748021960258484
976  0.39747950434684753
1042  0.39747172594070435
1067  0.3974660336971283
426  0.39746278524398804
55  0.39746031165122986
364  0.39745044708251953
1220  0.3974280059337616
856  0.3974202275276184
355  0.397413969039917
867  0.3974120020866394
1022  0.3974055051803589
801  0.3974039554595947
818  0.3973981440067291
869  0.39739567041397095
1344  0.3973819315433502
204  0.3973815143108368
46  0.3973793089389801
1239  0.3973674476146698
511  0.39736443758010864
1555  0.39734140038490295
170  0.39732691645622253
311  0.39731961488723755
1285  0.3973166346549988
923  0.3973107635974884
993  0.39730775356292725
39  0.3973056375980377
1312  0.3973037600517273
1428  0.39727717638015747
394  0.39727237820625305
113  0.3972500264644623
931  0.3972491919994354
1550  0.3972417414188385
1316  0.39722031354904175
477  0.3972146511077881
179  0.39720961451530457
171  0.3972027599811554
986  0.3972005248069763
1568  0.3971896171569824
564  0.397187739610672
566  0.39718562364578247
61  0.3971829116344452
1728  0.3971683084964752
150  0.39716657996177673
1147  0.3971659541130066
1461  0.39715903997421265
897  0.3971554636955261
890  0.39715102314949036
83  0.3971477150917053
357  0.3971344828605652
436  0.3971255123615265
451  0.39708852767944336
389  0.3970804810523987
1075  0.3970683515071869
692  0.397067666053772
546  0.39705485105514526
174  0.39704713225364685
795  0.39704492688179016
102  0.39703163504600525
1146  0.39702561497688293
1125  0.3970252275466919
866  0.3970220685005188
69  0.39701762795448303
946  0.397017240524292
1048  0.3970147967338562
137  0.39699697494506836
682  0.39699283242225647
521  0.3969925045967102
88  0.3969894349575043
584  0.39698922634124756
964  0.3969804346561432
1315  0.39696502685546875
225  0.39696136116981506
1711  0.396954745054245
70  0.3969373404979706
1000  0.39693647623062134
1713  0.3969219923019409
1229  0.39692145586013794
1122  0.39692041277885437
1486  0.39691510796546936
1265  0.3969044089317322
752  0.3968947231769562
992  0.3968944251537323
1140  0.3968906104564667
1525  0.39687296748161316
261  0.3968682289123535
454  0.3968658447265625
525  0.3968616724014282
310  0.3968598544597626
327  0.3968522846698761
690  0.39684951305389404
217  0.39684343338012695
1260  0.3968407213687897
762  0.3968225419521332
1267  0.39681386947631836
751  0.39680999517440796
1566  0.39679154753685
210  0.39678603410720825
601  0.3967844843864441
396  0.39678433537483215
224  0.3967825174331665
385  0.3967811167240143
1376  0.3967633843421936
1591  0.3967548906803131
929  0.3967522382736206
1604  0.39673441648483276
1301  0.39673373103141785
684  0.39672303199768066
33  0.39671918749809265
294  0.396701842546463
1482  0.3967016637325287
663  0.39670130610466003
1184  0.39670130610466003
974  0.39669284224510193
1313  0.39668571949005127
1545  0.3966809809207916
506  0.3966749310493469
24  0.39666441082954407
1400  0.39666396379470825
1276  0.39666101336479187
935  0.396654337644577
421  0.3966533839702606
1429  0.39664310216903687
1052  0.3966297507286072
1686  0.3966286778450012
605  0.3966265916824341
91  0.3966190218925476
429  0.39661744236946106
945  0.39661556482315063
654  0.3966143727302551
1254  0.39660656452178955
599  0.39660581946372986
87  0.39660537242889404
303  0.39660385251045227
1089  0.3965759575366974
949  0.39657431840896606
1467  0.3965736925601959
1583  0.39656755328178406
1323  0.39656317234039307
1412  0.3965589106082916
831  0.396552711725235
1054  0.3965523838996887
1126  0.39655181765556335
1183  0.39655134081840515
807  0.39654088020324707
366  0.3965391218662262
365  0.39653638005256653
651  0.3965330123901367
218  0.3965320289134979
379  0.3965213894844055
975  0.39652109146118164
748  0.39651861786842346
1526  0.3965141177177429
942  0.3965129852294922
482  0.3965095281600952
264  0.3965035378932953
151  0.3965032696723938
256  0.39647969603538513
101  0.3964790105819702
1417  0.3964637219905853
472  0.39646074175834656
888  0.3964320421218872
492  0.3964298665523529
1617  0.39642927050590515
8  0.3964254856109619
1548  0.39642104506492615
704  0.3964200019836426
1652  0.39641961455345154
60  0.3964165151119232
1587  0.39640864729881287
1655  0.3964061737060547
441  0.3964020311832428
963  0.39639973640441895
1221  0.39638662338256836
596  0.39637866616249084
74  0.3963770568370819
1055  0.3963753879070282
1360  0.3963753879070282
246  0.3963753581047058
481  0.3963685631752014
701  0.39636504650115967
457  0.3963610529899597
1452  0.3963607847690582
192  0.3963574171066284
41  0.39635494351387024
1684  0.39633709192276
959  0.3963363468647003
263  0.39633381366729736
496  0.3963332176208496
1451  0.3963298499584198
1351  0.39632564783096313
1153  0.3963207006454468
1395  0.3963123857975006
966  0.396298885345459
662  0.39629772305488586
255  0.3962838649749756
279  0.39627647399902344
994  0.39627426862716675
498  0.39626985788345337
405  0.39626795053482056
139  0.3962353467941284
1155  0.3962254524230957
1589  0.39622262120246887
643  0.39621421694755554
1186  0.3962083160877228
814  0.39620816707611084
1392  0.3962042033672333
641  0.396187424659729
1613  0.3961857855319977
1518  0.39616453647613525
1413  0.39616286754608154
1258  0.39615899324417114
1665  0.39614081382751465
998  0.39613234996795654
1565  0.3961300551891327
153  0.396114706993103
1187  0.3961125314235687
278  0.39610907435417175
1624  0.3961030840873718
1230  0.3961014151573181
369  0.39609602093696594
755  0.3960931599140167
132  0.3960919976234436
1562  0.39608627557754517
879  0.39608457684516907
973  0.39608001708984375
1346  0.3960774838924408
1450  0.39607521891593933
1037  0.3960649371147156
1454  0.3960621654987335
1256  0.396052747964859
269  0.3960338234901428
1634  0.39596354961395264
58  0.3959634006023407
384  0.39596235752105713
545  0.39595523476600647
270  0.3959352374076843
666  0.3959324359893799
1621  0.3959308862686157
1578  0.39592573046684265
1515  0.395920068025589
1341  0.3959159255027771
280  0.39591553807258606
833  0.39591389894485474
1275  0.39591190218925476
1577  0.39591190218925476
387  0.39591068029403687
169  0.3959065079689026
419  0.3959062695503235
462  0.39589858055114746
1242  0.39589783549308777
1519  0.39589768648147583
117  0.3958933651447296
1540  0.3958924114704132
555  0.39589059352874756
257  0.39588662981987
1088  0.3958815932273865
1657  0.3958768844604492
1557  0.3958665132522583
881  0.39586636424064636
501  0.39586615562438965
565  0.3958629369735718
960  0.39584246277809143
1681  0.3958377540111542
456  0.3958333432674408
1717  0.3958311378955841
1501  0.3958284556865692
1259  0.3958258032798767
742  0.3958176374435425
97  0.3958134651184082
827  0.39581161737442017
567  0.3958077132701874
398  0.39579376578330994
1406  0.39578744769096375
934  0.3957817554473877
353  0.3957723081111908
1488  0.3957700729370117
1697  0.39577001333236694
554  0.39576485753059387
1241  0.39575597643852234
781  0.39575430750846863
556  0.3957441747188568
824  0.3957408666610718
573  0.3957253396511078
424  0.3957231044769287
189  0.3957136273384094
943  0.39570942521095276
899  0.3957001566886902
583  0.3956930935382843
1660  0.39569079875946045
1436  0.395689994096756
1424  0.39568084478378296
299  0.395654559135437
57  0.3956483006477356
160  0.3956437110900879
636  0.395641952753067
1292  0.39563828706741333
149  0.39563605189323425
138  0.3956242501735687
553  0.3956182897090912
1182  0.3956089913845062
905  0.39560478925704956
1682  0.3955962657928467
524  0.39559611678123474
159  0.39559099078178406
404  0.3955903947353363
1663  0.3955879807472229
1271  0.3955753743648529
437  0.3955721855163574
1497  0.39556825160980225
1633  0.3955638110637665
544  0.39556172490119934
252  0.39555731415748596
1332  0.39555710554122925
522  0.3955398201942444
1304  0.39553916454315186
568  0.3955366611480713
1396  0.39553412795066833
1485  0.3955247402191162
1253  0.39551442861557007
534  0.39551055431365967
410  0.39549633860588074
652  0.39548835158348083
1546  0.3954807221889496
1317  0.3954715132713318
1335  0.39547035098075867
825  0.39544373750686646
1342  0.3954412043094635
1361  0.3954348862171173
435  0.39542248845100403
1337  0.39542120695114136
1036  0.3954209089279175
1303  0.39541682600975037
349  0.39540842175483704
658  0.3954058885574341
1469  0.3954012095928192
667  0.39539647102355957
180  0.39539098739624023
1649  0.3953845500946045
418  0.3953835666179657
1210  0.3953809440135956
483  0.39538076519966125
1134  0.39537206292152405
1527  0.3953670859336853
823  0.39536553621292114
1506  0.39535942673683167
1294  0.39534661173820496
1286  0.3953419625759125
1541  0.3953203558921814
892  0.395318865776062
579  0.3953118622303009
1021  0.39531049132347107
309  0.3953079283237457
1223  0.3953055441379547
853  0.3952983021736145
656  0.39529070258140564
745  0.3952884078025818
1268  0.3952811062335968
382  0.3952781558036804
694  0.39527446031570435
502  0.3952706754207611
589  0.39526090025901794
230  0.39525383710861206
127  0.3952464461326599
821  0.39523133635520935
763  0.39523109793663025
1283  0.3952089250087738
803  0.39519938826560974
1038  0.3951868712902069
1730  0.3951658606529236
134  0.3951554596424103
1197  0.39515286684036255
148  0.3951455056667328
262  0.395127534866333
1584  0.39512282609939575
1610  0.39511531591415405
830  0.395090788602829
476  0.3950844407081604
1269  0.39508435130119324
560  0.39508363604545593
537  0.3950832486152649
96  0.39507970213890076
528  0.3950752019882202
1530  0.39506709575653076
958  0.3950590491294861
1311  0.3950582444667816
1528  0.3950463533401489
1694  0.3950453996658325
1453  0.3950429856777191
640  0.39503663778305054
187  0.39503470063209534
1529  0.3950290083885193
906  0.3950272798538208
1606  0.39502131938934326
377  0.3949996829032898
173  0.3949984014034271
1724  0.39499253034591675
575  0.39498695731163025
1704  0.3949821889400482
1333  0.3949781060218811
1426  0.39497697353363037
1513  0.39496099948883057
185  0.39496079087257385
1654  0.3949586749076843
92  0.39495620131492615
223  0.3949527442455292
1627  0.3949492275714874
167  0.39494624733924866
154  0.39494404196739197
1641  0.39493852853775024
346  0.39493468403816223
1324  0.39493077993392944
1708  0.39493027329444885
1605  0.3949207365512848
757  0.3949052691459656
1585  0.3949045240879059
474  0.39489614963531494
214  0.3948937654495239
835  0.3948742747306824
1327  0.39486435055732727
1330  0.3948594927787781
63  0.39485716819763184
1656  0.3948495090007782
1023  0.3948369026184082
660  0.3948366641998291
478  0.3948366045951843
77  0.3948217034339905
891  0.3948194086551666
1383  0.3948182165622711
367  0.3948107957839966
1599  0.3948102295398712
1616  0.3948070704936981
393  0.3948046565055847
178  0.3948001265525818
700  0.3947926461696625
650  0.3947600722312927
1388  0.39475733041763306
373  0.39475512504577637
1432  0.39474937319755554
741  0.3947424292564392
647  0.3947395086288452
313  0.3947349786758423
944  0.394715815782547
1350  0.394713819026947
826  0.3947117328643799
186  0.39469635486602783
1502  0.3946959972381592
1371  0.3946833908557892
335  0.3946581184864044
634  0.3946560025215149
35  0.3946557343006134
1705  0.39465323090553284
1595  0.3946496844291687
228  0.3946440815925598
295  0.3946421444416046
659  0.39464032649993896
75  0.3946252167224884
686  0.3946247696876526
1618  0.3946246802806854
196  0.3946216106414795
1721  0.3946209251880646
1345  0.3946143686771393
1626  0.39460664987564087
1185  0.3946033716201782
1496  0.39459818601608276
165  0.3945971429347992
1152  0.3945952355861664
1727  0.39459288120269775
1564  0.39459070563316345
376  0.39458638429641724
1290  0.3945848047733307
535  0.3945554196834564
536  0.39454275369644165
617  0.3945287764072418
1416  0.3945278823375702
1243  0.39451199769973755
1723  0.3945010006427765
1642  0.39449959993362427
1689  0.39449432492256165
657  0.3944905400276184
268  0.39448949694633484
250  0.39448922872543335
637  0.3944881856441498
333  0.39447396993637085
1569  0.39446499943733215
629  0.3944638967514038
1487  0.39445650577545166
1131  0.39444610476493835
1261  0.39442896842956543
854  0.3944260776042938
1478  0.39442044496536255
1380  0.3944014608860016
40  0.3943951427936554
1490  0.394394189119339
1049  0.39439165592193604
1623  0.39438971877098083
98  0.3943570852279663
238  0.3943498432636261
282  0.3943459689617157
397  0.39434462785720825
1438  0.3943444788455963
1326  0.39433741569519043
1628  0.39433449506759644
1567  0.39433425664901733
1017  0.3943222165107727
161  0.39432191848754883
588  0.3943178951740265
563  0.39430487155914307
73  0.3942994773387909
952  0.3942936062812805
1382  0.3942885398864746
461  0.39428603649139404
361  0.3942755162715912
1225  0.39427483081817627
1123  0.39427345991134644
1494  0.3942713141441345
1659  0.39426663517951965
586  0.3942621350288391
1646  0.39426109194755554
1401  0.39425551891326904
1679  0.3942315876483917
34  0.39422914385795593
334  0.3942224979400635
1632  0.39421045780181885
442  0.3941936492919922
1462  0.3941861689090729
1551  0.39415475726127625
1443  0.39415451884269714
350  0.3941396176815033
559  0.3941393494606018
360  0.39412978291511536
703  0.3941287100315094
245  0.3941259980201721
158  0.39412423968315125
1653  0.394115686416626
162  0.39410293102264404
820  0.39408719539642334
403  0.39408329129219055
999  0.3940829038619995
452  0.3940805494785309
332  0.39407917857170105
297  0.3940781056880951
1124  0.3940746784210205
447  0.39407262206077576
362  0.3940492868423462
1594  0.3940412104129791
1257  0.3940401077270508
76  0.39403143525123596
359  0.3940221965312958
625  0.3940151333808899
235  0.39400649070739746
1035  0.39399629831314087
370  0.39399468898773193
345  0.39398273825645447
1601  0.39398258924484253
1718  0.39397814869880676
530  0.3939732611179352
1522  0.39397260546684265
236  0.3939626216888428
358  0.39395901560783386
580  0.3939497172832489
1531  0.39391860365867615
626  0.39391523599624634
747  0.3939150869846344
283  0.3939036726951599
1442  0.39390209317207336
381  0.39388254284858704
1534  0.39387625455856323
307  0.3938751220703125
639  0.3938722610473633
1297  0.3938722014427185
1586  0.39386430382728577
458  0.393862783908844
1695  0.393861323595047
1477  0.3938363790512085
1377  0.39383402466773987
922  0.39380931854248047
1224  0.39380672574043274
702  0.39380303025245667
380  0.39380112290382385
392  0.39378684759140015
1483  0.39376354217529297
1289  0.3937630355358124
1158  0.39376282691955566
616  0.3937546908855438
1714  0.39375245571136475
444  0.3937470614910126
1273  0.393745481967926
698  0.3937450051307678
38  0.39373570680618286
372  0.3937264084815979
425  0.3937046229839325
422  0.39366501569747925
352  0.39365437626838684
251  0.39365237951278687
36  0.3936392366886139
241  0.3936287760734558
996  0.3935999274253845
1439  0.39359572529792786
281  0.39359408617019653
445  0.39358988404273987
480  0.39358559250831604
1448  0.3935803472995758
504  0.39357608556747437
1409  0.3935716450214386
834  0.39356595277786255
1398  0.3935638964176178
99  0.39356115460395813
308  0.3935558795928955
962  0.3935411274433136
1427  0.3935392200946808
551  0.3935355246067047
1287  0.39352697134017944
258  0.39352381229400635
1404  0.39352312684059143
1310  0.3935207426548004
343  0.3935191333293915
1300  0.39351698756217957
1491  0.39350414276123047
1547  0.3934924006462097
406  0.39348992705345154
1440  0.3934873044490814
1715  0.3934641182422638
191  0.3934434950351715
1274  0.39344215393066406
921  0.39343392848968506
1399  0.39343246817588806
1219  0.39341872930526733
194  0.3934171199798584
1336  0.393415629863739
247  0.39340758323669434
562  0.393405020236969
531  0.3934011459350586
383  0.39339667558670044
71  0.39339497685432434
1514  0.3933868408203125
1471  0.39338254928588867
323  0.3933820426464081
336  0.39337873458862305
265  0.3933776319026947
1602  0.39337387681007385
813  0.39337217807769775
1367  0.3933601677417755
434  0.39335793256759644
1630  0.3933354318141937
1181  0.39332863688468933
226  0.3933180868625641
1306  0.3933059871196747
242  0.3932868242263794
329  0.3932752311229706
1340  0.39327383041381836
812  0.3932722210884094
1507  0.393269419670105
1437  0.39326754212379456
533  0.3932468593120575
1288  0.39324676990509033
1368  0.39324039220809937
168  0.3932388722896576
475  0.39323776960372925
423  0.3932349979877472
1643  0.3932010531425476
1552  0.39318349957466125
1593  0.39318156242370605
1151  0.39317917823791504
1464  0.3931673765182495
1375  0.39315882325172424
889  0.39315733313560486
37  0.39315715432167053
1209  0.39315542578697205
188  0.3931495249271393
1658  0.3931336998939514
157  0.3931291103363037
1677  0.393107533454895
1338  0.39309924840927124
453  0.3930988311767578
505  0.39309290051460266
183  0.39308321475982666
1619  0.39308279752731323
229  0.39307525753974915
32  0.39307093620300293
561  0.393069863319397
811  0.3930695950984955
72  0.3930598497390747
431  0.3930571377277374
628  0.39303353428840637
354  0.39301714301109314
1414  0.39300796389579773
128  0.3930056393146515
388  0.39300307631492615
1647  0.3929956257343292
644  0.3929838538169861
1362  0.3929661810398102
1535  0.39296501874923706
1661  0.39296314120292664
93  0.39296194911003113
243  0.3929615020751953
1411  0.3929493725299835
740  0.3929365873336792
1405  0.3929353356361389
1378  0.39290836453437805
1309  0.3929053246974945
1318  0.3929002285003662
249  0.3928999900817871
1425  0.39289918541908264
1597  0.3928717076778412
1180  0.3928672969341278
341  0.39286598563194275
1328  0.3928529620170593
1696  0.3928491175174713
293  0.39284634590148926
995  0.3928372859954834
1385  0.3928365409374237
368  0.3928338587284088
375  0.3928124010562897
1470  0.39280012249946594
175  0.392788290977478
1255  0.39276665449142456
655  0.39276283979415894
374  0.3927571475505829
344  0.3927483856678009
587  0.39273372292518616
177  0.3927295207977295
184  0.3927253186702728
538  0.3927164375782013
1645  0.3927140533924103
321  0.3927009105682373
1603  0.392697811126709
239  0.39268654584884644
570  0.39268332719802856
312  0.392679899930954
1407  0.39266979694366455
195  0.39266884326934814
1666  0.3926660120487213
649  0.3926631510257721
1629  0.39264509081840515
1607  0.3926328122615814
1572  0.3926256000995636
1149  0.3926104009151459
627  0.3925968110561371
448  0.3925558030605316
716  0.3925263583660126
961  0.39251962304115295
1041  0.3924991190433502
829  0.3924776017665863
1430  0.392476886510849
997  0.3924759328365326
1050  0.3924716114997864
972  0.3924715220928192
550  0.3924695551395416
1270  0.3924662470817566
576  0.3924607038497925
549  0.39243385195732117
411  0.3924158215522766
407  0.39237910509109497
328  0.39237067103385925
1631  0.39236506819725037
1391  0.39235591888427734
557  0.39233899116516113
1226  0.3923375904560089
574  0.3923267424106598
646  0.3923235833644867
572  0.3923052251338959
129  0.392294317483902
432  0.3922853171825409
1553  0.39226818084716797
342  0.3922540545463562
1520  0.39224973320961
100  0.3922366201877594
1489  0.3922334909439087
1441  0.3922220468521118
1706  0.3922152817249298
540  0.3921967148780823
1387  0.3921959102153778
433  0.39215266704559326
1699  0.39214980602264404
494  0.39211422204971313
1415  0.39210397005081177
337  0.39209985733032227
547  0.39209651947021484
527  0.39206409454345703
240  0.3920639455318451
1393  0.392062246799469
413  0.39204269647598267
1222  0.39203089475631714
618  0.3920237123966217
571  0.39201176166534424
1389  0.39200517535209656
661  0.39198940992355347
176  0.39198893308639526
298  0.3919697701931
1532  0.3919403553009033
1570  0.3919215500354767
1561  0.3919060528278351
1363  0.3918980062007904
558  0.3918868899345398
532  0.3918868601322174
1612  0.3918749988079071
1495  0.39185795187950134
412  0.3918565511703491
585  0.3918443024158478
635  0.3917955756187439
1503  0.391767680644989
1505  0.3917480707168579
1305  0.3917393684387207
296  0.39172977209091187
1678  0.3917289972305298
417  0.39171862602233887
449  0.3917171061038971
94  0.3916945159435272
1384  0.39167818427085876
1620  0.3916759788990021
1444  0.3916749060153961
1664  0.3916701078414917
1521  0.3916538655757904
390  0.3916516602039337
1386  0.39163804054260254
290  0.3916277289390564
371  0.3916269838809967
1622  0.3916144073009491
1480  0.39160656929016113
1278  0.39151158928871155
455  0.39148983359336853
1720  0.39148879051208496
1493  0.39144277572631836
1279  0.39144185185432434
1592  0.39143744111061096
409  0.3914053738117218
1673  0.3913993239402771
1150  0.39139077067375183
193  0.3913811445236206
450  0.39137354493141174
1379  0.3913506269454956
1381  0.3913382589817047
577  0.39133498072624207
543  0.39131006598472595
460  0.39130598306655884
459  0.39130446314811707
1339  0.3912961184978485
1609  0.3912959098815918
1051  0.3912510275840759
1560  0.3912474513053894
503  0.39124634861946106
1307  0.3912010192871094
430  0.39120036363601685
155  0.3911936283111572
1334  0.3911677896976471
1590  0.39114245772361755
391  0.3911422789096832
130  0.39113616943359375
1364  0.39112618565559387
548  0.3911171853542328
286  0.39109429717063904
1722  0.39108824729919434
1687  0.39107969403266907
552  0.39107242226600647
1272  0.39104732871055603
416  0.3910336196422577
1370  0.39101138710975647
244  0.3909408152103424
1365  0.3909367322921753
1369  0.3909262418746948
351  0.39090466499328613
190  0.39088645577430725
648  0.3908627927303314
1410  0.39085206389427185
623  0.3908480703830719
1563  0.3908373713493347
287  0.39082810282707214
606  0.39079031348228455
1463  0.3907730281352997
1445  0.39075642824172974
1688  0.3907472789287567
1157  0.3907445967197418
163  0.3907109797000885
1644  0.39069968461990356
166  0.3906601667404175
1295  0.3906227648258209
292  0.3906024694442749
1662  0.39059752225875854
1331  0.39058834314346313
291  0.3905681073665619
612  0.39053648710250854
1571  0.3904765546321869
1698  0.3904708921909332
289  0.39046281576156616
414  0.3904346823692322
539  0.39041656255722046
1403  0.3904041647911072
1600  0.3903995156288147
614  0.39035168290138245
1308  0.39034581184387207
285  0.39031150937080383
443  0.39030641317367554
1408  0.39029574394226074
624  0.3902907371520996
415  0.39027512073516846
620  0.3902232050895691
248  0.3902152180671692
615  0.39016976952552795
348  0.3901646137237549
1479  0.3901003301143646
1670  0.3900826871395111
1674  0.3900691866874695
1435  0.3900550305843353
95  0.3900148570537567
322  0.3899991810321808
1712  0.3899480700492859
1707  0.38992494344711304
1329  0.38990020751953125
495  0.38988351821899414
156  0.3898807466030121
347  0.38979026675224304
1299  0.38978368043899536
928  0.3896413743495941
621  0.3896026611328125
1702  0.38960155844688416
1598  0.38954487442970276
613  0.38953664898872375
284  0.3894575238227844
1394  0.3894195258617401
1296  0.3894137740135193
493  0.38940247893333435
645  0.38938891887664795
402  0.38920822739601135
611  0.38919737935066223
1701  0.3891437351703644
339  0.38908952474594116
1668  0.3890725374221802
1615  0.38905584812164307
1227  0.3890495300292969
1447  0.3890475630760193
1667  0.3889451026916504
619  0.38890206813812256
1614  0.3888915181159973
288  0.38884907960891724
610  0.38873979449272156
1433  0.38869330286979675
1402  0.3886345326900482
1671  0.3886295258998871
340  0.3885602653026581
1366  0.38853171467781067
1298  0.388528048992157
542  0.38851526379585266
164  0.38846325874328613
1504  0.3884086608886719
1434  0.3883233070373535
1716  0.388291597366333
408  0.38827747106552124
622  0.3882741928100586
1608  0.38822880387306213
541  0.3881605863571167
1492  0.3881579041481018
1446  0.3880215287208557
1596  0.38788414001464844
338  0.3877849876880646
1390  0.3877587616443634
227  0.3874432146549225
609  0.3870834708213806
1672  0.38701915740966797
1669  0.3858783543109894
608  0.38414084911346436
607  0.38328251242637634
