1768  0.4306611716747284
1  0.4231832027435303
823  0.4119974672794342
873  0.4111965298652649
1280  0.4110010266304016
874  0.41076722741127014
1187  0.4099859893321991
1246  0.40997314453125
1767  0.40969881415367126
767  0.40956398844718933
109  0.40943533182144165
869  0.4093296229839325
2  0.40915337204933167
25  0.4090418815612793
63  0.40898963809013367
29  0.4088573157787323
867  0.4088425636291504
16  0.4088210165500641
1067  0.40876147150993347
1065  0.4086936116218567
1171  0.4086798429489136
999  0.4086393117904663
875  0.40861859917640686
1188  0.4084957540035248
30  0.40834635496139526
1112  0.40829601883888245
27  0.4082534909248352
1130  0.4081808626651764
904  0.40817514061927795
1114  0.40814054012298584
28  0.4080753028392792
1273  0.40789592266082764
1068  0.407688707113266
1016  0.40766608715057373
822  0.4076462388038635
18  0.40760305523872375
739  0.40752536058425903
768  0.4074649512767792
738  0.4073569178581238
1305  0.4073432683944702
1241  0.40733152627944946
31  0.4073258936405182
24  0.40731751918792725
688  0.40729671716690063
1115  0.4072827398777008
23  0.4072710871696472
839  0.40724655985832214
890  0.4072246253490448
153  0.40720894932746887
1259  0.40703386068344116
1274  0.4069545865058899
1261  0.4069325923919678
17  0.4069262444972992
871  0.4069124758243561
727  0.4068092107772827
64  0.406794935464859
1161  0.40679147839546204
868  0.4067912995815277
935  0.4067853093147278
1262  0.4067592918872833
872  0.406742125749588
773  0.4066336452960968
806  0.40663057565689087
898  0.40661385655403137
903  0.4065994918346405
687  0.4065774977207184
740  0.4065471589565277
949  0.406521201133728
698  0.4064634144306183
1167  0.40639469027519226
684  0.40637069940567017
14  0.40635809302330017
717  0.40633881092071533
748  0.40632086992263794
15  0.40629538893699646
945  0.4062904417514801
742  0.40627238154411316
1147  0.40625718235969543
1148  0.4062480628490448
870  0.4062475860118866
849  0.40624043345451355
882  0.40623939037323
21  0.4062337875366211
471  0.40619656443595886
784  0.40618690848350525
759  0.40618032217025757
899  0.40615811944007874
1200  0.4061545133590698
984  0.4061534106731415
1308  0.4061305522918701
1144  0.4061153531074524
1186  0.4060593545436859
769  0.40601712465286255
689  0.40600866079330444
1234  0.40600746870040894
3  0.40600696206092834
741  0.4059912860393524
948  0.405986487865448
1043  0.40598365664482117
888  0.4059673845767975
1267  0.40595346689224243
838  0.4059523642063141
848  0.4059281647205353
206  0.40583428740501404
113  0.4058089852333069
1108  0.40580374002456665
1287  0.40578702092170715
1113  0.40578436851501465
690  0.4057742953300476
1150  0.40576449036598206
1172  0.40575307607650757
107  0.4057413339614868
1125  0.40572619438171387
22  0.40570688247680664
940  0.40568187832832336
835  0.4056408405303955
1164  0.4056338965892792
982  0.4056316316127777
154  0.40560731291770935
686  0.40560129284858704
110  0.40559813380241394
987  0.40558046102523804
1258  0.4055798351764679
808  0.40552493929862976
1183  0.40547171235084534
143  0.40546756982803345
1519  0.40546053647994995
880  0.405414342880249
198  0.40541017055511475
202  0.4054095447063446
1185  0.4054046869277954
1078  0.4053974151611328
916  0.405394971370697
1534  0.4053683876991272
634  0.4053613245487213
942  0.4053553342819214
470  0.40534672141075134
1242  0.4052864611148834
783  0.4052644670009613
1252  0.4052613377571106
1049  0.4052548408508301
881  0.40521323680877686
1107  0.40521183609962463
713  0.40517231822013855
1182  0.4051651060581207
906  0.40515390038490295
943  0.40515363216400146
536  0.40514498949050903
947  0.4051448404788971
152  0.4051333963871002
1650  0.4051177501678467
809  0.4050549268722534
805  0.40504515171051025
729  0.4050234854221344
944  0.4050041437149048
1247  0.40493953227996826
1251  0.40493741631507874
901  0.4049309492111206
66  0.4049251675605774
772  0.40492165088653564
699  0.40491223335266113
1105  0.40486758947372437
1532  0.4048595130443573
112  0.4048227071762085
1063  0.4048147201538086
1149  0.4047831594944
673  0.4047825336456299
1000  0.40478113293647766
1158  0.40477925539016724
933  0.404767781496048
1189  0.40476194024086
1257  0.4047462046146393
818  0.4047373831272125
472  0.40471479296684265
1272  0.4046977758407593
1560  0.40467846393585205
1173  0.4046632647514343
900  0.40465912222862244
1159  0.40465155243873596
915  0.4046420156955719
1146  0.4046366512775421
691  0.4046272337436676
1140  0.4046221077442169
850  0.40460139513015747
879  0.4045991599559784
919  0.4045615792274475
132  0.4045553505420685
204  0.40454384684562683
728  0.40453997254371643
995  0.40453609824180603
71  0.40452712774276733
932  0.4045160412788391
1034  0.40451300144195557
920  0.4044897258281708
905  0.4044755697250366
1139  0.40446558594703674
1315  0.4044485092163086
26  0.40444183349609375
261  0.40443679690361023
142  0.4044329822063446
1017  0.40442508459091187
1037  0.4044240117073059
746  0.4044155478477478
776  0.40440839529037476
725  0.4044027030467987
733  0.4043824374675751
770  0.4043700397014618
842  0.4043538272380829
757  0.4043327867984772
1089  0.40431657433509827
931  0.4042906165122986
878  0.4042794704437256
1201  0.4042370617389679
811  0.40423092246055603
146  0.4042268693447113
1133  0.4042249619960785
865  0.40422460436820984
219  0.4042186737060547
1697  0.4042183756828308
185  0.4042155146598816
1174  0.4042149484157562
853  0.40420207381248474
480  0.40419647097587585
1126  0.40419355034828186
1030  0.4041869342327118
749  0.4041852056980133
73  0.40418189764022827
32  0.40416765213012695
1032  0.40416640043258667
199  0.4041424095630646
1053  0.4041167199611664
1740  0.4041150212287903
914  0.40411415696144104
692  0.40411266684532166
13  0.4041113555431366
1754  0.4040890634059906
1243  0.4040861129760742
817  0.40407365560531616
1165  0.4040672779083252
824  0.4040643870830536
1015  0.4040537178516388
893  0.40404531359672546
145  0.4040299952030182
19  0.4040107727050781
918  0.40398240089416504
111  0.40398213267326355
220  0.4039793908596039
1099  0.40397417545318604
1134  0.4039720892906189
1088  0.403967946767807
1508  0.40395674109458923
703  0.4039532542228699
1250  0.4039428234100342
1170  0.40393996238708496
139  0.4039212763309479
4  0.4039174020290375
921  0.40391668677330017
1314  0.4039110839366913
1245  0.4039095640182495
886  0.40390944480895996
758  0.4038962423801422
1001  0.4038957357406616
1145  0.40389376878738403
1214  0.4038863480091095
1461  0.4038703143596649
971  0.403852641582489
1106  0.40384283661842346
1132  0.4038425087928772
844  0.40382421016693115
1090  0.4038012623786926
836  0.40377211570739746
866  0.40376928448677063
1691  0.40376290678977966
1240  0.40374523401260376
807  0.40374070405960083
1253  0.4037393629550934
1266  0.4037325084209442
69  0.4037324786186218
969  0.4037250876426697
1282  0.4036794602870941
1317  0.4036695659160614
810  0.4036451280117035
645  0.4036441147327423
894  0.40363162755966187
1047  0.4036296308040619
97  0.40362587571144104
11  0.40362298488616943
816  0.40361839532852173
1757  0.40361109375953674
1286  0.4036093056201935
1520  0.4036084711551666
1143  0.4036080837249756
1238  0.4036005139350891
118  0.4035889804363251
707  0.40358859300613403
864  0.4035874009132385
1175  0.40358325839042664
985  0.4035753011703491
983  0.40356484055519104
804  0.40355488657951355
996  0.40352320671081543
1533  0.403521865606308
1028  0.4035174548625946
537  0.4034974277019501
1199  0.4034934639930725
1117  0.40348711609840393
331  0.4034850299358368
678  0.40348169207572937
589  0.4034718871116638
726  0.40344879031181335
967  0.40342506766319275
151  0.40341708064079285
1288  0.4033937156200409
1163  0.40339192748069763
1409  0.40338921546936035
1137  0.40337783098220825
937  0.40335899591445923
186  0.40334126353263855
1168  0.40334033966064453
897  0.4033401906490326
1316  0.40332916378974915
1195  0.4033186137676239
709  0.40329861640930176
68  0.40329813957214355
697  0.4032878279685974
203  0.40328076481819153
1055  0.4032762944698334
592  0.4032660126686096
1086  0.4032500386238098
1118  0.40324223041534424
876  0.40324029326438904
1066  0.4032357931137085
747  0.4032266438007355
65  0.403224915266037
1082  0.40322327613830566
549  0.40321967005729675
1206  0.4032191336154938
1648  0.403211385011673
1197  0.40320998430252075
59  0.40318432450294495
885  0.40317991375923157
1181  0.4031789004802704
1039  0.4031418263912201
1334  0.4031396210193634
12  0.4031228721141815
889  0.4031105637550354
1006  0.40311044454574585
963  0.4031097888946533
780  0.40310683846473694
715  0.40310341119766235
1244  0.4030982255935669
820  0.403097003698349
1054  0.4030956029891968
679  0.40309327840805054
1281  0.4030725955963135
1307  0.40306034684181213
551  0.40305593609809875
1559  0.4030281901359558
1122  0.4030231237411499
1365  0.40300410985946655
1285  0.40300148725509644
1299  0.40299853682518005
771  0.4029981195926666
737  0.40298569202423096
716  0.4029677212238312
968  0.40296486020088196
1031  0.40296122431755066
1123  0.40294912457466125
1518  0.4029475748538971
821  0.40294092893600464
587  0.4029134213924408
1256  0.4029114246368408
1651  0.4028868079185486
934  0.4028836190700531
1304  0.40288257598876953
966  0.40287843346595764
1142  0.4028764069080353
1069  0.40287041664123535
119  0.40284329652786255
1306  0.40284091234207153
1040  0.40283867716789246
1048  0.4028327167034149
36  0.40283218026161194
1279  0.40283194184303284
1207  0.40281856060028076
1284  0.4028177559375763
1071  0.40281179547309875
556  0.4027937948703766
832  0.40278592705726624
765  0.4027828872203827
5  0.4027789533138275
1213  0.40276819467544556
1070  0.40275853872299194
779  0.40275660157203674
1530  0.4027545154094696
718  0.4027502238750458
1162  0.4027480185031891
33  0.40274661779403687
1129  0.40273958444595337
201  0.40272319316864014
550  0.40271955728530884
1135  0.40271350741386414
616  0.40271076560020447
1743  0.4027082622051239
633  0.4026947319507599
745  0.4026922285556793
834  0.4026913642883301
675  0.4026907980442047
1235  0.40268760919570923
1390  0.4026823937892914
140  0.4026758670806885
90  0.40266233682632446
177  0.4026518166065216
74  0.4026337265968323
144  0.402608186006546
263  0.40260612964630127
887  0.40259599685668945
1098  0.4025907516479492
974  0.40258774161338806
895  0.4025860130786896
950  0.4025800824165344
122  0.4025765359401703
1249  0.4025750756263733
1248  0.4025743007659912
677  0.40257367491722107
1492  0.40256616473197937
674  0.40256285667419434
1056  0.40255728363990784
924  0.4025481641292572
469  0.40254539251327515
998  0.40254393219947815
1535  0.40254175662994385
778  0.4025348424911499
187  0.4025346636772156
450  0.40251749753952026
766  0.40250352025032043
1580  0.4024933874607086
1271  0.40248391032218933
1695  0.4024825096130371
427  0.40246984362602234
388  0.4024668335914612
1208  0.4024598002433777
535  0.40245118737220764
1052  0.4024261236190796
148  0.40241602063179016
1233  0.4024026393890381
775  0.40240025520324707
777  0.40239524841308594
986  0.4023939371109009
734  0.40238675475120544
994  0.40237680077552795
992  0.40237516164779663
896  0.40237486362457275
1077  0.40237322449684143
1488  0.4023708403110504
819  0.40236273407936096
744  0.40236061811447144
685  0.40236034989356995
419  0.40235501527786255
474  0.4023423492908478
200  0.4023418128490448
1014  0.402341365814209
1531  0.40232548117637634
840  0.40231209993362427
756  0.40230950713157654
925  0.40229761600494385
774  0.4022800028324127
712  0.4022712707519531
188  0.4022696614265442
991  0.40226295590400696
812  0.4022602438926697
858  0.40225329995155334
1038  0.4022524356842041
205  0.40224689245224
1184  0.40224504470825195
1300  0.40222474932670593
1136  0.40222159028053284
683  0.4022211730480194
172  0.40219980478286743
1064  0.4021957218647003
1205  0.4021860957145691
1536  0.40218302607536316
973  0.4021769165992737
1626  0.4021718502044678
843  0.40215662121772766
468  0.40214863419532776
644  0.4021482467651367
1194  0.4021434187889099
190  0.4021410048007965
1002  0.4021278917789459
1204  0.4021258056163788
917  0.4021213948726654
61  0.40210190415382385
34  0.4020967483520508
732  0.40209126472473145
131  0.40208789706230164
1319  0.40207287669181824
39  0.4020664691925049
1239  0.4020611047744751
1368  0.4020533859729767
855  0.40204358100891113
1160  0.4020270109176636
183  0.40201717615127563
334  0.4020165801048279
961  0.4020163416862488
141  0.4020134210586548
10  0.4020063579082489
1079  0.40199318528175354
714  0.4019916355609894
54  0.4019738733768463
171  0.4019712507724762
1558  0.4019527733325958
730  0.40195223689079285
1576  0.40194135904312134
329  0.40190500020980835
328  0.4018867611885071
72  0.4018840193748474
581  0.40187758207321167
989  0.40187713503837585
946  0.4018755555152893
478  0.40187451243400574
763  0.40187376737594604
173  0.40187203884124756
1116  0.40185433626174927
711  0.40185418725013733
960  0.40185293555259705
1283  0.4018527865409851
35  0.4018450975418091
539  0.40183866024017334
1663  0.401836097240448
845  0.4018341600894928
1044  0.40181344747543335
1637  0.4018007516860962
1045  0.4017969071865082
214  0.4017932116985321
884  0.40178993344306946
60  0.4017859697341919
1103  0.4017857015132904
877  0.4017723500728607
1019  0.4017692804336548
1460  0.40176549553871155
262  0.4017621874809265
1059  0.4017602205276489
1565  0.40175387263298035
851  0.4017356336116791
1399  0.4017283320426941
682  0.40172702074050903
1710  0.4016949236392975
401  0.40169230103492737
390  0.4016786515712738
892  0.4016725420951843
104  0.4016541540622711
1018  0.4016515612602234
735  0.4016510844230652
1085  0.40164607763290405
792  0.4016443192958832
1310  0.40163639187812805
1191  0.4016311764717102
1422  0.4016296863555908
479  0.40160393714904785
70  0.40160101652145386
936  0.4015977382659912
1277  0.40159496665000916
1166  0.40159276127815247
325  0.4015924036502838
1036  0.4015817642211914
785  0.4015771746635437
1696  0.40157631039619446
972  0.4015730023384094
106  0.40156570076942444
660  0.4015652537345886
720  0.4015635848045349
1046  0.4015626609325409
1694  0.4015338718891144
442  0.40152719616889954
1010  0.4014925956726074
841  0.40149208903312683
179  0.4014887809753418
635  0.40147313475608826
447  0.4014684557914734
1733  0.4014583230018616
1677  0.4014554023742676
1057  0.40145343542099
1378  0.40143194794654846
387  0.4014316499233246
636  0.40142086148262024
588  0.40141889452934265
235  0.4014134407043457
800  0.4013979136943817
477  0.40139639377593994
1035  0.40138494968414307
1321  0.4013838469982147
1190  0.40138378739356995
891  0.40138325095176697
857  0.4013778567314148
197  0.4013751149177551
1468  0.4013732671737671
1539  0.40136799216270447
1349  0.4013676643371582
207  0.401363343000412
330  0.4013485312461853
1649  0.40134790539741516
155  0.4013420641422272
473  0.40133675932884216
1563  0.40133407711982727
929  0.4012947380542755
708  0.40129461884498596
584  0.4012913107872009
368  0.4012838900089264
1151  0.4012838900089264
1445  0.4012797176837921
1552  0.40127745270729065
215  0.40127724409103394
938  0.40127435326576233
1469  0.4012630879878998
1751  0.40126150846481323
446  0.40125736594200134
1081  0.40125200152397156
381  0.4012509882450104
760  0.40125036239624023
798  0.4012488126754761
147  0.4012449383735657
1110  0.40122559666633606
1475  0.4012249708175659
719  0.4012245833873749
856  0.40121299028396606
796  0.4012056291103363
883  0.4012032449245453
1459  0.4011951982975006
797  0.4011818468570709
582  0.4011802673339844
116  0.40117907524108887
1050  0.4011785387992859
696  0.4011777639389038
1169  0.4011768400669098
1607  0.40117377042770386
138  0.4011686444282532
481  0.4011630415916443
970  0.4011605381965637
814  0.4011583626270294
799  0.4011569917201996
164  0.40114808082580566
837  0.40112927556037903
693  0.40112513303756714
1221  0.40111979842185974
1033  0.40111783146858215
862  0.4011124074459076
1268  0.40110334753990173
1379  0.4011017680168152
1021  0.40109720826148987
137  0.40108901262283325
40  0.40107157826423645
1102  0.4010649025440216
637  0.40106284618377686
956  0.4010564088821411
860  0.4010505676269531
786  0.4010457396507263
163  0.4010441303253174
1007  0.4010312557220459
997  0.40101906657218933
176  0.40101295709609985
1292  0.4010128378868103
1111  0.4010123908519745
830  0.4010036289691925
543  0.40099626779556274
103  0.4009931683540344
1318  0.40099069476127625
764  0.4009847044944763
1681  0.40097174048423767
1335  0.4009678065776825
1222  0.40096011757850647
1396  0.4009563624858856
174  0.40094342827796936
476  0.4009217619895935
782  0.40091902017593384
1141  0.4009154736995697
1196  0.4009023904800415
902  0.4009018540382385
1203  0.4009004533290863
209  0.4008920192718506
1699  0.4008914828300476
1076  0.4008888900279999
701  0.4008886516094208
990  0.40085679292678833
1581  0.4008535146713257
438  0.40085339546203613
1326  0.4008501172065735
1360  0.4008500277996063
1131  0.40084996819496155
1669  0.40084412693977356
1218  0.40084221959114075
114  0.40083903074264526
1289  0.40082329511642456
1263  0.400814026594162
1219  0.40081143379211426
1290  0.40081021189689636
49  0.40079328417778015
108  0.40078604221343994
1278  0.40078526735305786
1449  0.40078139305114746
979  0.4007766544818878
234  0.4007725119590759
1138  0.40076324343681335
1393  0.4007616639137268
1413  0.4007607102394104
548  0.4007510840892792
1270  0.40075016021728516
1616  0.40071752667427063
509  0.4007170796394348
542  0.4007161557674408
1296  0.4007149636745453
1447  0.4007132947444916
101  0.40071216225624084
646  0.4007095992565155
976  0.4006884694099426
89  0.4006862938404083
1741  0.4006839096546173
639  0.40068355202674866
378  0.4006643295288086
1209  0.4006567597389221
1604  0.4006529152393341
1693  0.4006469249725342
923  0.40064525604248047
545  0.4006343185901642
1128  0.40063121914863586
1734  0.4006308615207672
1020  0.4006213843822479
583  0.40062031149864197
1377  0.4006197452545166
1398  0.4006158709526062
941  0.4006134271621704
304  0.40061286091804504
702  0.4005972146987915
449  0.4005940556526184
1646  0.4005912244319916
1752  0.4005887806415558
1653  0.4005821943283081
813  0.4005766212940216
1004  0.40057194232940674
1467  0.4005625545978546
1029  0.40055543184280396
1698  0.40055346488952637
1392  0.40054982900619507
1237  0.40053591132164
305  0.4005122184753418
7  0.40050965547561646
791  0.40050822496414185
724  0.40050676465034485
167  0.40049999952316284
1680  0.400499165058136
310  0.40049704909324646
121  0.40049391984939575
1462  0.40048468112945557
958  0.40047112107276917
520  0.40046584606170654
754  0.40045568346977234
475  0.40045368671417236
6  0.40045255422592163
632  0.4004448354244232
83  0.40044161677360535
369  0.4004334509372711
441  0.40042686462402344
1458  0.4004257917404175
1574  0.40042006969451904
1254  0.4004121422767639
1269  0.40040844678878784
1617  0.40039336681365967
613  0.4003928005695343
1301  0.400390088558197
1753  0.40037328004837036
1433  0.40037304162979126
1749  0.40036875009536743
1298  0.40036746859550476
1528  0.4003671705722809
1005  0.4003612697124481
464  0.40035951137542725
1496  0.40033766627311707
553  0.4003310203552246
1474  0.40031856298446655
189  0.4003168046474457
67  0.4003092050552368
1632  0.40030816197395325
975  0.40030789375305176
344  0.4002992510795593
852  0.40029776096343994
1311  0.4002821743488312
1084  0.4002757668495178
1448  0.4002724885940552
249  0.4002722501754761
242  0.4002721607685089
1517  0.40026935935020447
1477  0.4002689719200134
1400  0.4002663195133209
750  0.40026381611824036
58  0.4002467393875122
1367  0.40024346113204956
731  0.4002339839935303
590  0.4002314507961273
1529  0.4002152681350708
1212  0.40020206570625305
1087  0.4001888036727905
399  0.400185227394104
710  0.40018388628959656
1198  0.40016937255859375
1264  0.4001363217830658
1120  0.40013203024864197
631  0.40012627840042114
102  0.4001193642616272
1674  0.4001173675060272
1303  0.4001123607158661
854  0.4001096785068512
1613  0.40010783076286316
1644  0.40010684728622437
534  0.40010520815849304
123  0.40010011196136475
762  0.40008509159088135
237  0.4000827670097351
912  0.40008077025413513
700  0.40007027983665466
1353  0.4000489115715027
706  0.40004876255989075
736  0.40003880858421326
1736  0.40003544092178345
847  0.4000253975391388
1760  0.40001732110977173
1711  0.40000832080841064
1297  0.3999955356121063
1220  0.3999946713447571
1544  0.39998963475227356
260  0.3999885618686676
1313  0.39998236298561096
1109  0.39998191595077515
208  0.39998024702072144
1726  0.39997467398643494
389  0.39996278285980225
1352  0.39996081590652466
1491  0.3999584913253784
1346  0.3999577462673187
1100  0.39995285868644714
53  0.399946004152298
1363  0.3999350070953369
436  0.3999248743057251
630  0.3999246656894684
360  0.3999239504337311
1579  0.39992180466651917
723  0.39992082118988037
1744  0.39991000294685364
926  0.3999063968658447
1704  0.39989814162254333
117  0.3998868763446808
803  0.3998858630657196
519  0.3998801112174988
1121  0.3998796343803406
781  0.3998701870441437
1572  0.39986950159072876
1217  0.39985036849975586
175  0.39984822273254395
1440  0.3998337984085083
755  0.39983320236206055
993  0.3998267352581024
676  0.399821937084198
951  0.3998201787471771
500  0.3997916877269745
1091  0.39979061484336853
264  0.39978694915771484
695  0.39977481961250305
751  0.39977359771728516
1345  0.3997723162174225
1609  0.3997722864151001
1625  0.39976972341537476
1061  0.39976662397384644
1756  0.39976194500923157
658  0.39975666999816895
460  0.3997541666030884
1236  0.39972904324531555
178  0.39971601963043213
552  0.39971500635147095
793  0.3997051417827606
1042  0.3996957540512085
213  0.3996909558773041
461  0.39968234300613403
1027  0.3996753692626953
501  0.39966869354248047
124  0.3996676206588745
615  0.39966467022895813
647  0.3996585011482239
833  0.3996585011482239
601  0.3996453881263733
420  0.39964354038238525
977  0.39963674545288086
1003  0.3996354043483734
859  0.3996261954307556
488  0.3996248245239258
743  0.399624764919281
1742  0.39961451292037964
348  0.39960917830467224
649  0.3996054232120514
1094  0.3996029496192932
1463  0.39960038661956787
954  0.3995879888534546
861  0.39957693219184875
1427  0.3995761275291443
236  0.3995716869831085
1386  0.3995684087276459
1192  0.39956408739089966
417  0.3995610773563385
248  0.39956003427505493
1540  0.3995566666126251
1438  0.39955371618270874
1073  0.39954596757888794
1366  0.3995443284511566
416  0.399541974067688
1041  0.39953529834747314
9  0.39953410625457764
1766  0.39953264594078064
311  0.3995284140110016
1737  0.3995090425014496
1750  0.39950835704803467
607  0.3995031714439392
846  0.3994966447353363
1510  0.39949434995651245
1635  0.39948156476020813
1062  0.39947038888931274
338  0.3994656801223755
482  0.39945775270462036
1391  0.3994564116001129
1596  0.3994464874267578
1328  0.39943864941596985
1104  0.3994359076023102
1441  0.39943087100982666
1502  0.39943021535873413
439  0.39942967891693115
939  0.39942601323127747
1505  0.39938876032829285
1336  0.3993859887123108
753  0.3993634283542633
1026  0.3993602991104126
829  0.3993567228317261
1276  0.39932024478912354
955  0.39931127429008484
85  0.3993106484413147
1376  0.3993102014064789
1232  0.3992980718612671
1013  0.3992973566055298
1124  0.39929383993148804
981  0.39929044246673584
1202  0.39927858114242554
156  0.3992781937122345
1012  0.3992776572704315
484  0.39927488565444946
1507  0.39927348494529724
1748  0.39926907420158386
680  0.39926716685295105
1355  0.3992663621902466
1512  0.3992557227611542
523  0.3992546498775482
513  0.39925408363342285
105  0.39924898743629456
863  0.3992488384246826
75  0.3992404043674469
180  0.399239718914032
802  0.399226576089859
585  0.3992200493812561
608  0.39921775460243225
650  0.39921465516090393
1354  0.399214506149292
722  0.3992040157318115
794  0.39920324087142944
76  0.39920279383659363
547  0.3992019593715668
721  0.3991847038269043
1568  0.3991806209087372
230  0.399179607629776
522  0.39917945861816406
221  0.3991689682006836
62  0.3991616368293762
1361  0.39915359020233154
618  0.3991489112377167
466  0.3991182744503021
425  0.3991122245788574
978  0.39910829067230225
308  0.3991081416606903
222  0.3991053104400635
184  0.39909932017326355
1351  0.3990975618362427
126  0.3990952968597412
1025  0.3990849554538727
1388  0.39907893538475037
704  0.39906466007232666
1506  0.39906081557273865
1312  0.39906036853790283
1293  0.39905330538749695
1591  0.3990471661090851
1551  0.39904171228408813
346  0.39903512597084045
1295  0.39903387427330017
540  0.39902961254119873
922  0.3990130126476288
307  0.39901140332221985
1703  0.3990090489387512
1678  0.39900684356689453
1513  0.39900436997413635
218  0.39900287985801697
259  0.39900118112564087
752  0.3989948332309723
1575  0.39897608757019043
451  0.3989707827568054
406  0.39896249771118164
1387  0.39895662665367126
281  0.3989555239677429
1645  0.3989538252353668
162  0.398949533700943
651  0.3989475667476654
165  0.3989452123641968
426  0.398937463760376
486  0.39892956614494324
133  0.39892783761024475
1152  0.3989271819591522
1738  0.39892053604125977
1661  0.39890339970588684
1023  0.3988974988460541
92  0.3988870084285736
1739  0.3988852798938751
326  0.39888206124305725
379  0.39887961745262146
1555  0.3988795280456543
81  0.39887818694114685
610  0.39887741208076477
45  0.3988730311393738
483  0.398872435092926
1302  0.3988621234893799
959  0.3988610506057739
98  0.39885765314102173
115  0.3988547623157501
1484  0.39884883165359497
358  0.3988477885723114
1176  0.39884617924690247
555  0.3988451361656189
437  0.3988448679447174
694  0.39882344007492065
1683  0.39882177114486694
1362  0.3988196849822998
1470  0.3988144099712372
150  0.3988129794597626
252  0.3988097906112671
1229  0.398809015750885
1708  0.3988018035888672
1582  0.3988001346588135
226  0.39879852533340454
663  0.3987915813922882
48  0.3987807333469391
491  0.3987753391265869
1060  0.3987705409526825
77  0.3987666964530945
1406  0.39876648783683777
129  0.39876580238342285
1439  0.39876502752304077
1504  0.3987623155117035
246  0.398758202791214
345  0.39875519275665283
652  0.3987544775009155
1419  0.3987523913383484
82  0.3987498879432678
1495  0.39874982833862305
1587  0.3987484276294708
276  0.39873841404914856
1338  0.3987342119216919
681  0.3987249433994293
1584  0.39872175455093384
1755  0.39872121810913086
544  0.39867061376571655
1725  0.3986605703830719
405  0.39864715933799744
492  0.39864587783813477
669  0.3986455500125885
1080  0.39863452315330505
1553  0.39862892031669617
1421  0.39862194657325745
158  0.39862123131752014
1260  0.3985983729362488
192  0.39857399463653564
1647  0.39857035875320435
827  0.39856594800949097
489  0.3985646665096283
1397  0.39856261014938354
1633  0.3985610902309418
1573  0.3985576331615448
463  0.3985547423362732
1567  0.398546040058136
1389  0.3985441029071808
1489  0.3985310196876526
303  0.3985309302806854
988  0.3985265791416168
125  0.3985258936882019
1643  0.3985186815261841
324  0.39851322770118713
1727  0.3985109329223633
1119  0.39850232005119324
1058  0.3985006809234619
1226  0.39848950505256653
217  0.39848312735557556
1216  0.39847612380981445
529  0.39847084879875183
1503  0.3984663784503937
1509  0.3984387218952179
953  0.39843854308128357
1570  0.39843085408210754
911  0.3984282910823822
1735  0.39842504262924194
50  0.3984191417694092
365  0.39840105175971985
546  0.39838969707489014
367  0.3983887732028961
825  0.39838099479675293
1225  0.3983764350414276
653  0.3983685076236725
392  0.3983680307865143
265  0.39836585521698
168  0.39836129546165466
485  0.39835694432258606
1359  0.3983543813228607
1434  0.3983542025089264
1605  0.3983505666255951
394  0.39834579825401306
1606  0.3983392119407654
1655  0.3983365595340729
627  0.3983338177204132
448  0.3983270227909088
578  0.39832553267478943
1309  0.3983178734779358
1350  0.39829930663108826
1516  0.39829373359680176
518  0.3982880115509033
1543  0.3982803523540497
1009  0.3982783257961273
1157  0.398276686668396
952  0.3982647657394409
1450  0.39826440811157227
980  0.3982592225074768
600  0.3982582092285156
1097  0.39825576543807983
1603  0.3982534408569336
648  0.3982458710670471
8  0.3982276916503906
1329  0.3982267677783966
1747  0.3982267379760742
1024  0.39821451902389526
251  0.39821282029151917
136  0.39820846915245056
641  0.3982038199901581
1011  0.3982023596763611
508  0.3982011377811432
619  0.3981930911540985
462  0.39819058775901794
801  0.3981834948062897
37  0.3981623351573944
611  0.3981548249721527
191  0.3981471359729767
1156  0.398140549659729
790  0.398135244846344
965  0.3981287479400635
1679  0.3981211185455322
327  0.3981139361858368
409  0.39811190962791443
1407  0.3981057107448578
283  0.39810261130332947
458  0.3981005549430847
1590  0.39808762073516846
1322  0.3980503976345062
1578  0.39804965257644653
1347  0.3980395793914795
309  0.398037850856781
568  0.3980371356010437
286  0.39802640676498413
1426  0.3980242609977722
373  0.398019015789032
1405  0.3980179727077484
228  0.3980070650577545
1571  0.39800578355789185
626  0.3979991376399994
247  0.3979923725128174
166  0.3979889750480652
130  0.39798787236213684
638  0.3979877829551697
391  0.3979808986186981
596  0.3979800045490265
1761  0.3979656398296356
269  0.3979605734348297
418  0.3979552984237671
930  0.3979475498199463
402  0.39793601632118225
1425  0.39793288707733154
490  0.3979286551475525
1444  0.39792701601982117
1446  0.39792290329933167
815  0.397911012172699
55  0.39790189266204834
569  0.3978900611400604
525  0.39788419008255005
1709  0.3978769779205322
1546  0.3978698253631592
1356  0.39786389470100403
398  0.3978634178638458
343  0.3978567123413086
232  0.3978521227836609
216  0.397845983505249
421  0.39784395694732666
1690  0.3978436291217804
1682  0.3978396952152252
672  0.3978363871574402
913  0.3978288471698761
268  0.39782455563545227
1227  0.39782220125198364
91  0.39781680703163147
169  0.3978154957294464
909  0.39781323075294495
657  0.39781126379966736
907  0.39780956506729126
1527  0.3978058099746704
1686  0.39780473709106445
1652  0.39778900146484375
306  0.39776530861854553
372  0.3977639973163605
962  0.3977591395378113
1487  0.3977559506893158
1432  0.3977518081665039
1414  0.3977513611316681
1670  0.3977408707141876
538  0.3977384567260742
47  0.3977346122264862
467  0.3977232873439789
1320  0.3977201581001282
593  0.39771831035614014
628  0.3977055847644806
1096  0.3976963758468628
1631  0.39769235253334045
357  0.3976840078830719
1662  0.3976825773715973
1729  0.3976738750934601
1215  0.3976585268974304
1408  0.39764922857284546
1255  0.3976393938064575
1154  0.3976265490055084
1511  0.3976222574710846
459  0.3976174294948578
964  0.3976166844367981
292  0.3976117670536041
1337  0.39759907126426697
1561  0.3975963294506073
411  0.39758357405662537
1630  0.3975822329521179
407  0.3975767195224762
350  0.3975737690925598
531  0.3975672721862793
270  0.39756423234939575
642  0.3975629210472107
322  0.3975600302219391
1490  0.39755991101264954
1692  0.3975575864315033
212  0.397555947303772
541  0.3975471258163452
1731  0.397546648979187
336  0.3975282609462738
826  0.3975237309932709
1424  0.39751943945884705
586  0.39751896262168884
20  0.39751097559928894
1415  0.3975028693675995
1404  0.39748483896255493
294  0.39746972918510437
795  0.39746972918510437
554  0.39746689796447754
1700  0.3974575102329254
497  0.397455096244812
1265  0.3974545896053314
231  0.3974495232105255
1714  0.3974485397338867
609  0.3974420726299286
1051  0.3974386155605316
761  0.39743468165397644
1641  0.39742693305015564
1639  0.3974217474460602
1493  0.397413969039917
1095  0.39740848541259766
487  0.39739736914634705
629  0.3973918557167053
1348  0.3973831832408905
1223  0.3973802328109741
245  0.39737263321876526
957  0.3973505198955536
1701  0.39734336733818054
1375  0.3973385691642761
224  0.39733484387397766
1370  0.3973289728164673
1610  0.39731353521347046
1547  0.39731287956237793
1210  0.3973096013069153
1758  0.39730480313301086
43  0.39730051159858704
440  0.3972950577735901
351  0.39729493856430054
1600  0.39729082584381104
366  0.39728742837905884
1608  0.3972843289375305
1702  0.39728179574012756
521  0.3972649872303009
38  0.3972463309764862
400  0.3972335457801819
1291  0.3972323536872864
332  0.39723125100135803
157  0.39722952246665955
349  0.3972293436527252
57  0.3972236216068268
88  0.39722082018852234
288  0.39721962809562683
410  0.3972156345844269
456  0.39719998836517334
1437  0.39719268679618835
1093  0.39718854427337646
612  0.3971835970878601
337  0.3971804082393646
1713  0.3971785604953766
1471  0.39717841148376465
1732  0.39716005325317383
1358  0.39715883135795593
227  0.3971562087535858
1514  0.39714717864990234
643  0.3971397876739502
1564  0.39713793992996216
573  0.3971325159072876
1640  0.39713236689567566
1464  0.3971300423145294
361  0.39711329340934753
376  0.39710769057273865
293  0.3970922827720642
1554  0.3970883786678314
661  0.3970882296562195
1193  0.39708319306373596
614  0.3970774710178375
1465  0.3970719277858734
244  0.3970716893672943
1385  0.39706695079803467
1476  0.39705193042755127
193  0.39703842997550964
1515  0.39703643321990967
280  0.39702290296554565
1538  0.39700445532798767
444  0.3970036506652832
1675  0.3969871401786804
341  0.3969818651676178
656  0.3969769775867462
160  0.3969718813896179
1410  0.39696502685546875
910  0.39696112275123596
223  0.3969401717185974
1344  0.39693528413772583
1705  0.39693519473075867
1627  0.3969288468360901
408  0.3969276249408722
1601  0.39692604541778564
512  0.39692017436027527
93  0.39691492915153503
1275  0.3969059884548187
1327  0.396904855966568
533  0.3968982398509979
412  0.3968949317932129
1369  0.3968937397003174
1602  0.3968766927719116
1722  0.39687150716781616
335  0.3968656361103058
1499  0.39684030413627625
1008  0.3968287706375122
1556  0.3968003988265991
640  0.396792471408844
1411  0.3967822194099426
1723  0.39678147435188293
1557  0.39677974581718445
238  0.3967611491680145
377  0.396752268075943
495  0.3967510759830475
662  0.39674344658851624
182  0.3967432677745819
1634  0.3967425227165222
443  0.3967364430427551
1687  0.39673298597335815
1588  0.39669179916381836
1075  0.3966899812221527
1707  0.39668646454811096
1548  0.39668166637420654
595  0.3966681659221649
620  0.3966653048992157
128  0.39666497707366943
1728  0.39666271209716797
1619  0.39665910601615906
86  0.3966582417488098
571  0.39665329456329346
1583  0.3966518044471741
1452  0.3966332674026489
671  0.3966277837753296
1615  0.3966169059276581
493  0.3966103792190552
465  0.39660659432411194
1486  0.3965953588485718
504  0.3965938091278076
339  0.3965820372104645
95  0.3965767025947571
1494  0.3965737819671631
517  0.3965645730495453
432  0.39656153321266174
1423  0.3965558707714081
430  0.39651912450790405
597  0.3965127468109131
1598  0.3965095579624176
347  0.39650559425354004
1127  0.39650189876556396
233  0.3964976966381073
94  0.39648839831352234
1401  0.3964766263961792
1577  0.3964717388153076
927  0.39644908905029297
298  0.3964414596557617
1621  0.39640119671821594
1092  0.39639726281166077
1101  0.3963971436023712
1642  0.3963952362537384
572  0.39638251066207886
503  0.39637571573257446
831  0.39637133479118347
1597  0.39634883403778076
1671  0.3963460326194763
617  0.3963404893875122
267  0.3963351547718048
291  0.39632782340049744
149  0.39631760120391846
1629  0.3963150084018707
1483  0.396282434463501
577  0.3962807059288025
1614  0.39627698063850403
1395  0.3962721824645996
80  0.3962692618370056
323  0.3962653577327728
579  0.39623942971229553
170  0.39623767137527466
423  0.3962315320968628
333  0.3962130546569824
196  0.39620816707611084
580  0.39620381593704224
532  0.3961973190307617
1482  0.39617088437080383
96  0.3961666226387024
161  0.39616143703460693
1599  0.3961540460586548
1022  0.39615294337272644
282  0.39614424109458923
1380  0.3961399793624878
1333  0.3961312174797058
1521  0.39612674713134766
908  0.39611637592315674
87  0.3961087167263031
1759  0.39609837532043457
1638  0.39609619975090027
1589  0.3960830867290497
428  0.396053284406662
1762  0.39604872465133667
1716  0.3960479199886322
386  0.39602896571159363
1668  0.39601999521255493
1545  0.3960196077823639
382  0.39601901173591614
1417  0.3960043787956238
526  0.39599359035491943
250  0.39598947763442993
1542  0.395975798368454
570  0.3959727883338928
316  0.3959677517414093
99  0.3959658145904541
528  0.39596110582351685
1074  0.3959413766860962
370  0.39593783020973206
625  0.3959362506866455
599  0.39593514800071716
659  0.39593419432640076
1224  0.3959204852581024
375  0.395915687084198
1685  0.39591285586357117
380  0.3959106206893921
1443  0.39589881896972656
1211  0.3958914875984192
1763  0.39587780833244324
1330  0.39584478735923767
502  0.39584410190582275
159  0.3958013355731964
505  0.39578142762184143
598  0.39578014612197876
1765  0.39577916264533997
424  0.3957766890525818
134  0.3957764208316803
301  0.39577215909957886
1537  0.39576956629753113
359  0.3957352042198181
371  0.3957143723964691
1372  0.3957015872001648
1072  0.39569005370140076
506  0.3956700265407562
499  0.39566799998283386
413  0.3956630825996399
1231  0.3956594467163086
494  0.3956476151943207
395  0.395644873380661
396  0.39564037322998047
1436  0.39562591910362244
287  0.3956186771392822
1562  0.3956124782562256
1340  0.39560574293136597
1384  0.39560261368751526
602  0.3955965042114258
1715  0.3955787122249603
1294  0.39557358622550964
254  0.395568311214447
1689  0.3955595791339874
1324  0.3955498933792114
1457  0.3955451548099518
1412  0.39554113149642944
1364  0.39553964138031006
56  0.39553457498550415
445  0.39553216099739075
78  0.39552122354507446
1435  0.3955119848251343
787  0.39550817012786865
1331  0.395506888628006
1373  0.39550286531448364
46  0.39550161361694336
312  0.3954954147338867
510  0.39549070596694946
1636  0.39548560976982117
243  0.395480751991272
313  0.39547568559646606
210  0.39546990394592285
1566  0.39544638991355896
272  0.3954367935657501
415  0.3954332172870636
1178  0.39542752504348755
253  0.39540916681289673
279  0.39538753032684326
655  0.39537855982780457
928  0.3953670561313629
1684  0.39535069465637207
1403  0.3953474164009094
1453  0.3953283429145813
422  0.3953057527542114
1595  0.3953053951263428
594  0.39528998732566833
1153  0.3952862620353699
285  0.39528200030326843
127  0.39527952671051025
1523  0.39525359869003296
404  0.39525285363197327
1628  0.39524540305137634
256  0.3952363133430481
1585  0.39521732926368713
211  0.39521026611328125
317  0.3951992988586426
1497  0.39519643783569336
591  0.3951876759529114
403  0.39518746733665466
664  0.3951783776283264
393  0.39517632126808167
1323  0.39517563581466675
195  0.39517509937286377
1654  0.39516913890838623
565  0.39516645669937134
342  0.395156592130661
705  0.39515551924705505
225  0.3951503038406372
51  0.3951435983181
321  0.39514195919036865
1541  0.395141065120697
1325  0.39513954520225525
562  0.39511963725090027
431  0.39511868357658386
828  0.39511215686798096
1357  0.3951117694377899
563  0.3950921595096588
1611  0.39507120847702026
1454  0.3950648903846741
1472  0.39505964517593384
120  0.3950379192829132
1569  0.39502081274986267
1381  0.3949925899505615
1177  0.3949868083000183
1717  0.39498621225357056
300  0.3949565291404724
362  0.39494752883911133
299  0.3949430584907532
1673  0.39494216442108154
435  0.39494195580482483
1228  0.3949149549007416
557  0.3949129283428192
654  0.39490675926208496
603  0.3949023187160492
496  0.39488789439201355
240  0.394886314868927
277  0.3948574662208557
1664  0.39485740661621094
622  0.394843727350235
1456  0.3948420584201813
1179  0.39483293890953064
181  0.39483094215393066
1420  0.3948293626308441
100  0.3947769105434418
1730  0.39476269483566284
1429  0.3947508931159973
1341  0.3947488069534302
1549  0.3947419822216034
1416  0.39473700523376465
1500  0.39473122358322144
135  0.3947034180164337
574  0.39469799399375916
1676  0.394696444272995
507  0.39469635486602783
1724  0.3946838676929474
194  0.3946484625339508
352  0.3946050703525543
1442  0.39458978176116943
1451  0.3945883810520172
1431  0.39456862211227417
302  0.3945588767528534
567  0.39452698826789856
1180  0.394512802362442
524  0.3944910764694214
52  0.3944752514362335
1745  0.39447304606437683
1522  0.3944685161113739
1083  0.39444607496261597
1721  0.39444324374198914
575  0.3944118618965149
1382  0.3944043517112732
1618  0.3944026231765747
84  0.39439889788627625
1656  0.39438965916633606
1339  0.3943849802017212
1402  0.3943512439727783
1155  0.3943501114845276
452  0.394344687461853
1374  0.39430078864097595
1394  0.3942922353744507
315  0.3942728638648987
383  0.39426252245903015
274  0.3942592740058899
1524  0.3942415118217468
229  0.3942330777645111
275  0.3942217230796814
1481  0.3942089080810547
273  0.39417096972465515
433  0.39416733384132385
429  0.3941546380519867
498  0.3941500186920166
278  0.39413216710090637
296  0.39411312341690063
290  0.3941034972667694
42  0.3940984606742859
258  0.3940874934196472
374  0.3940391540527344
1665  0.3940173089504242
1526  0.39400121569633484
79  0.3939755856990814
1479  0.39396268129348755
44  0.39393186569213867
1660  0.3939305245876312
606  0.39391472935676575
397  0.39390137791633606
1455  0.3938988149166107
1718  0.39388203620910645
511  0.39388129115104675
455  0.3938765525817871
454  0.39386263489723206
1418  0.3938330113887787
295  0.3938145637512207
1480  0.3938012719154358
364  0.39377561211586
514  0.3937707245349884
1501  0.3937545418739319
1706  0.3937470614910126
559  0.3937263786792755
515  0.3937227725982666
1622  0.3936897814273834
1498  0.39368316531181335
314  0.3936811089515686
266  0.393676221370697
1383  0.39365875720977783
1478  0.3936477303504944
457  0.39364153146743774
1688  0.3935747444629669
670  0.3935663104057312
788  0.3935602009296417
340  0.3935375511646271
1623  0.3935074806213379
241  0.39341750741004944
1525  0.39341241121292114
1550  0.3934057056903839
558  0.39339983463287354
564  0.39338424801826477
1712  0.393368661403656
453  0.3933623433113098
319  0.3933368921279907
666  0.39330512285232544
624  0.3933013081550598
789  0.3932930827140808
1430  0.3932722210884094
434  0.3932301104068756
289  0.39321598410606384
318  0.3932074308395386
320  0.3931669294834137
668  0.39311283826828003
1473  0.3930828869342804
1230  0.3930780589580536
1485  0.3930712044239044
1612  0.3930228054523468
1667  0.39296793937683105
1332  0.3929567039012909
566  0.39291301369667053
414  0.39286744594573975
560  0.3928568661212921
1586  0.39282238483428955
1592  0.39281392097473145
530  0.39277487993240356
1719  0.3927589952945709
41  0.3927411139011383
385  0.392670601606369
1594  0.3926204741001129
516  0.3926083445549011
1342  0.3925993740558624
576  0.39259451627731323
356  0.39256513118743896
239  0.3925403654575348
1371  0.39250245690345764
363  0.3924029767513275
1620  0.3923661708831787
1746  0.3923504650592804
1343  0.392343133687973
527  0.392339289188385
284  0.3923235833644867
271  0.3922039270401001
1720  0.3922025263309479
1666  0.3921361267566681
665  0.3921302855014801
354  0.3921110928058624
1657  0.39202791452407837
353  0.3920038938522339
623  0.3919573128223419
1428  0.39186733961105347
1764  0.3918156027793884
1624  0.3917657732963562
561  0.3916662037372589
384  0.39165472984313965
255  0.39153099060058594
605  0.3914856016635895
1466  0.39146336913108826
1593  0.3911839425563812
604  0.3911326825618744
621  0.3909076750278473
1658  0.3907577693462372
257  0.39073002338409424
1659  0.3907102942466736
1672  0.39052072167396545
297  0.3902091085910797
355  0.38988178968429565
667  0.38959816098213196
