1701  128.7939415738375
1561  128.7909567940422
1560  128.7869762247062
958  128.7862814937755
1711  128.78442928570138
1381  128.77519152207617
1554  128.77361882633306
876  128.7695278057914
834  128.76385142066133
885  128.76382129042005
615  128.7566136879969
1423  127.86242634125814
1570  127.8614270931553
1716  127.8573080169589
1647  127.85386850699767
649  127.85339676810695
1760  127.85252936408124
1394  127.85101823177396
1657  127.85080568839425
1680  127.85030285715148
153  127.85004617916755
124  127.85000216358388
1489  127.84884544154538
1474  127.84862285299118
1643  127.84838746670297
159  127.84837610405735
156  127.84831582224058
983  127.84770403436848
1356  127.84744999033325
1434  127.84713626304293
1662  127.84711006928353
1115  127.84689728994016
1724  127.84592321970366
904  127.8456202587818
1179  127.84559310833377
1354  127.84534911324735
1622  127.84507330339568
681  127.8441798537508
1266  127.84412985893654
1562  127.84400977573837
643  127.84347442543358
1698  127.84239607353081
1769  127.84127957266497
151  127.84054413196218
1555  127.83974697834476
1616  127.83968083802876
1610  127.83966684451019
1580  127.83851901978846
1691  127.83838590259403
1750  127.83649691368562
1422  127.8361939639329
1454  127.83616358525661
1417  127.83568733419709
1710  127.83533259829882
1336  127.8339997716623
647  127.833534886619
1488  127.8330258701601
1568  127.83099866475965
1481  127.83069859188649
1399  127.8277186924257
1227  127.82596887280312
1083  126.87505898051332
1705  126.87449639641426
1383  126.8734455170612
453  126.87012172855832
1368  126.86966824880493
1697  126.86953128396358
1440  126.86939455843587
1428  126.86905232627004
1349  126.86895746787305
1579  126.8684543481409
1645  126.8677239530821
1669  126.86758710890926
1752  126.86758196529233
1177  126.86755887882686
1398  126.86753818474303
1676  126.86717011741813
231  126.86709511643951
1364  126.86673350916152
662  126.86559988624518
1557  126.86559235030731
235  126.86541998074206
667  126.86500359090132
1767  126.86498899753235
1380  126.86496280124095
1739  126.86417165059157
1390  126.86348935391769
1748  126.86348839698114
654  126.86298947468248
206  126.86297308717697
1624  126.86280287249248
1637  126.86265275352257
1665  126.86198421681401
1313  126.86184845228341
1614  126.86148685248276
646  126.86089463374375
1599  126.86078183602713
642  126.86078016140605
1512  126.86075396554921
214  126.86013064849293
1600  126.85946762072773
455  126.85941738236042
1575  126.85876320795715
216  126.85759708556189
1709  126.857589669476
233  126.85754756525057
1372  126.85748512661095
1352  126.85739242559387
1594  126.85735690018082
935  126.85730092075215
237  126.85652127691644
1707  126.85563649530611
1328  126.8555699902834
1696  126.85519607927512
1517  126.8551056517436
1681  126.85362269267004
658  126.85023565048174
1529  126.84681085700016
1740  126.84616281515548
1589  126.0533478257762
1578  125.87681141547057
1491  125.87666080555674
648  125.87298482710631
1359  125.87234914152569
1472  125.87194265768454
1470  125.87034388343498
670  125.84071725819774
520  125.83519853623747
1379  125.83366219055047
1376  125.83165628380182
619  125.82802760789869
1250  125.82615295005836
617  125.8190901579441
576  125.74472059918013
572  125.74155432863643
1730  125.74051413819188
1756  125.73900084812108
639  125.73707962728714
1508  125.7339415492501
100  125.69965563357142
1603  125.69907083260668
1456  125.69888470552041
183  125.69304777263791
1571  125.69051869231201
479  125.6839372497017
1048  124.94696480436808
624  124.93809705032174
1605  124.93387729838031
1685  124.93127057669261
1713  124.9303384574295
697  124.85032270231866
149  124.84505648543295
660  124.83986250583064
1747  124.77955683529746
52  124.77407614808942
1499  124.77376464031126
1574  124.77311448118402
1754  124.77237942194863
1384  124.7722542217383
1621  124.77178032695514
852  124.77102147536145
172  124.76771955311699
195  124.76653884521113
577  124.76586742022758
1717  124.7657035999804
1118  124.7636152001956
1131  124.76139875333075
675  124.746010798327
1672  124.73263719040163
211  124.7128603237743
209  124.7107859950512
851  123.97525413621598
1540  123.97523235428305
1501  123.97107778476756
554  123.96952651120557
573  123.96306876013072
556  123.96260597705283
1407  123.89424336768688
523  123.87936383834935
396  123.79339995712618
1757  123.79062182393811
406  123.78906988596478
423  123.78870573147283
428  123.78848987003177
412  123.7881669751527
220  123.78804953719371
1712  123.78801031149273
401  123.78796594340552
1377  123.78794298202658
408  123.78763754805304
1703  123.78751030394034
645  123.7874817218601
240  123.78688257524743
446  123.78677685771218
210  123.78669852630964
1632  123.78659807080678
426  123.7863525529457
431  123.78615427323368
440  123.78612234280033
1432  123.78586438810211
387  123.78583484949597
432  123.78567507798697
442  123.78557378577382
1538  123.78545862124179
1014  123.78537120147183
1525  123.78536354775883
404  123.78522649850048
202  123.7851176723546
402  123.7849761984365
443  123.784591241498
1731  123.78449772300311
1708  123.78449066726134
436  123.78440264988919
1564  123.78410822243961
1598  123.78404197033228
203  123.7839211858501
413  123.78383065732143
1486  123.78377851673075
1617  123.78372697409343
391  123.78363357551345
1406  123.78360379799665
417  123.78337753682128
398  123.78331463338114
1534  123.78322195248612
208  123.78300322571138
549  123.78264984305832
1728  123.78252702626116
451  123.78248696432006
448  123.78247201583622
1002  123.78247177666049
1644  123.78240133941691
1683  123.78198290194332
1521  123.78182612260906
207  123.78173738865915
212  123.78163071662131
481  123.78159352492386
1532  123.7815502342734
205  123.78134896872443
390  123.78115081260701
441  123.78098769568068
219  123.78065261271317
224  123.78065034056041
898  123.78038784726303
414  123.7803763669247
425  123.78035878765769
392  123.78026778208447
394  123.7800959359093
421  123.7800388930508
410  123.77968073116834
200  123.77967523018854
1684  123.77961770908104
1535  123.77960874009457
411  123.77908901778122
389  123.77874269629321
1536  123.77815062639081
400  123.77814703881745
485  123.77783276759293
967  123.77782822333917
430  123.77772466221064
1420  123.7774280901654
1682  123.77722527335838
1493  123.776747530416
1606  123.7764729631747
435  123.77623475003088
213  123.77223155982621
539  123.75856313109628
1457  123.08303654787552
911  123.0817067495507
1303  123.07839222317138
678  122.94506153051562
1429  122.94244579493248
840  122.94233234889116
869  122.9418934041526
674  122.93918711413811
50  122.88838858414209
1152  122.88639331367229
855  122.88406282668717
54  122.88050893340987
1142  122.87675781023972
90  122.8564896472989
695  122.85007150296772
1666  121.94852430848812
604  121.94806283973064
1526  121.94683425522584
1522  121.94582480044788
1282  121.94344688377355
1663  121.94044394442406
1654  121.93901243627728
147  121.89445906156377
893  121.89266720339002
96  121.88951939896357
1157  121.88912408670366
535  121.68707295403946
599  121.13437424618486
587  121.13206338754416
1582  121.13039535271446
764  121.12664803524154
584  121.12378428922099
679  121.083995843354
1528  120.96374083019734
1597  120.9593709766019
531  120.95868697856177
1482  120.95843013570267
191  120.95757906143014
189  120.95229327624044
860  120.94650758925012
818  120.94597370404391
193  120.94540870374503
92  120.87928191022804
1411  120.87719626346234
1619  120.32363310661312
568  120.32136325072942
559  120.31802419450717
563  120.31777439046935
1478  120.14006190697766
1714  120.13776347947129
492  120.13764418079604
506  120.13713871919471
1733  120.1369015598525
651  120.13129053392495
1761  120.12959153738306
505  120.12510713054839
1165  120.12383192670053
590  120.06059895478661
1485  120.05694453783894
597  120.05585157623538
595  120.05545093664824
592  120.05429476112167
1480  120.05142087005898
1447  120.05138195626304
1340  120.0511357817494
1363  120.05110105871087
1487  120.05059410292031
1362  120.04787986018859
1335  120.04767799043451
1207  119.96390280940261
1348  119.96096524835411
1458  119.95917230410552
1484  119.95006535959085
1576  119.8661166713606
1744  119.86202111034386
1051  119.12602249554836
503  119.12063859280866
1475  119.11997804003994
1467  119.1197430441929
1069  119.11847476530733
1671  119.11716972308392
500  119.1136753927472
1723  119.11063958890374
693  119.03382340680758
1361  119.02866068967062
1477  119.02199410169914
1460  118.27126197772479
1466  118.26317644621722
1462  118.26242917593666
1531  118.18036714189834
735  118.17216551206548
1430  118.14705524916856
677  118.14420205525751
1343  118.14149731482345
496  118.04364341361544
1661  118.04156090847108
1692  118.04007842793284
1635  118.03998826525395
965  118.03895816208531
1673  118.03748144525068
1507  118.03738086647851
1369  118.03706775545615
1506  118.03417446162727
1539  118.03388350580094
1626  118.03003597799467
1453  114.15541612793766
1337  114.15295054306632
1648  114.15208990709002
1350  114.15059437558182
1341  114.14577056844156
546  114.03136584455386
1409  114.02315016204818
1608  113.12081232319409
511  113.1185118530393
512  113.11510515872547
1702  113.11490580951462
521  113.1111892487913
1234  112.26632958158758
971  112.26390115649255
1741  112.26239982842512
1500  112.20398482702976
1373  112.19976756184279
1358  109.35163989067584
1473  109.34792785870808
1355  109.34575387945246
1345  109.34543289427792
1347  109.34321383925432
1463  109.33784118047882
665  107.56943081519502
915  107.55767230586864
1333  107.55585691405368
283  107.3423563302993
950  107.33783274098656
1699  107.33734954585341
1331  107.32426014592315
1329  107.32293024642884
946  107.31686105775573
1658  107.3147997701172
1530  107.31307542855426
484  107.31274521920524
1504  107.3054608318345
1375  107.30513363272425
659  106.6324755488875
1446  106.61305210368465
1533  106.6087824287814
1442  106.60860981775532
1439  106.43770463292678
1503  106.43769467104731
1659  106.43436526901355
1374  106.4325252386312
1636  106.42812392071748
1408  106.30382680824869
527  106.30357348003851
1646  105.58745223704192
1495  105.58432108556592
480  105.58028253566373
1628  105.57949688735269
1694  105.57838069764537
1082  105.57602606478356
1371  105.57563739193903
1638  105.57558130107772
1668  105.57342619817648
1365  105.57310707234136
483  105.57241705595386
1675  105.5699045505852
585  105.3761164757506
766  105.37387797382894
444  104.59393303708855
930  104.44540063808533
450  104.44466921853383
1774  104.44418808919623
198  104.44394128276048
899  104.43873020580986
736  104.43854738653076
449  104.4383129507491
1224  104.43790145836968
197  104.43647888696405
933  104.43614086112699
196  104.43608696430225
438  104.43544212408356
1403  103.58865660706999
1726  103.58801989758938
1397  103.58221199612287
1630  103.58061535030112
943  103.57996316889128
1631  103.57995283779688
1706  103.5797346836445
653  103.57935976176401
1314  103.57917788705583
1401  103.57768457440326
1392  103.57707757009295
222  103.57689894082364
1558  103.57480765641775
1074  103.5746671090242
1550  103.57377781862418
180  103.4950672622804
175  103.49391353908678
173  103.49060994929269
514  103.49040629849223
1418  103.48588352522104
181  103.48551885946809
179  103.48269749455324
759  102.65257790269114
249  102.56792092524616
250  102.56781593075561
247  102.56776331339958
641  102.56774036839238
239  102.56631682191765
1737  102.56556528946774
238  102.56205621235631
246  102.55834934860958
176  102.53335481360033
1414  101.69141543296429
226  100.68584891652212
583  100.68541504301268
1519  100.57350474815173
14  100.57101147056215
1288  100.56682399682727
1613  100.56458227077822
1513  100.56320057834874
1601  100.56280481532686
1231  100.08619195999422
1753  99.76964874122787
1502  99.7657596199612
1640  99.7620097339984
482  99.76200384046525
1541  99.76026441386222
194  99.75838392096843
536  99.7582300905783
1388  99.11184065236559
734  98.80618612626728
1391  97.86692926760969
1729  97.86524852798253
1742  97.86521867825422
630  97.86393887543456
532  97.8629369929388
634  97.86127145287344
188  97.86051692142972
192  97.8549588260165
1496  97.85369353284865
190  97.85356752150672
533  96.94349937139637
881  96.93015713778891
1572  96.92980131411284
544  95.52186423423949
543  95.51747701717056
251  95.10383377109196
872  94.9894334643212
1511  94.98252841669807
1762  93.99446159156795
1563  93.9940857695164
1387  93.99350281906791
1047  93.99098246481323
1357  93.99012926080023
1732  93.9898794815699
1490  93.98944065171429
504  93.98771269380961
1464  93.9869095078503
1479  93.98668612010616
1520  93.98535194413925
493  93.9845368399384
1385  93.98450274179093
1483  93.98371017245886
1524  93.98350811480405
1596  93.98088355380196
1360  93.97989015081792
217  92.51263535097186
215  92.50968779474496
1743  92.50748622277935
1577  92.50040006066833
234  90.77447911400506
602  90.77320711573269
606  90.77168874454081
611  90.77032245136103
1451  90.76996686571292
1552  90.76885664874693
1424  90.76880773639989
230  90.76855276284385
236  90.76854743576483
752  90.76802477743071
1415  90.76304961033654
1590  90.76293713976996
655  90.76279282887596
232  90.76114960562073
1339  90.75725329012023
1650  89.23071431717428
1404  89.23020339741888
1772  89.22856175164047
1400  89.22769336841932
664  89.22737211719598
758  89.22700366291605
1402  89.22573870673104
187  89.22525894806475
1396  89.22168482281597
464  87.00090259781113
1604  86.99790104603497
466  86.9968402456489
463  86.99321399253165
465  86.986588278055
462  86.02306367274235
461  86.01906488015688
633  83.91664938739429
168  83.91155345081576
165  83.90217007164465
228  83.90109840174978
167  83.89747020754687
1725  83.13090074480442
454  83.12923143837011
457  83.12881049921751
1262  83.12781040844935
456  83.12755279187475
458  83.12688651463237
452  83.12458755662826
1542  83.12319572975106
1438  82.78123684628528
185  82.77362323310254
1461  82.773322634317
629  81.99323692779296
166  81.02768909656497
1585  81.0233184033287
164  81.02111773167408
79  81.0211157877384
184  79.90940747597948
182  79.90868612079544
1641  79.35613796250458
1410  79.35055232662879
115  79.06904638831577
620  79.06794063058189
1652  79.06387842951725
1386  79.05927406313052
1586  79.00928235849146
459  78.45884749596401
113  78.1501114748615
87  78.14922912474326
409  78.14891395744885
78  78.1477522246521
1768  78.14697514498036
86  78.14666947360956
76  78.1449511784349
85  78.14154652500902
407  78.13791112331751
128  78.12032910175512
1678  77.4321460801463
1565  77.43001966244134
685  77.42610260870319
1547  77.42487616434232
1687  77.41841840851046
405  75.26883161818154
528  74.65056802763604
525  74.64529866887489
1688  74.64513597920639
518  74.64460733068115
437  74.64062987587529
524  74.63859015896116
137  74.63797340920264
433  74.63580967172942
682  74.63571555970016
986  74.6351809556104
478  73.52202704050279
1405  72.40043435501411
82  71.58373795428697
81  71.57827262539183
80  71.57745892872066
1195  71.57598320565944
1413  70.95398082467361
474  70.95192674562117
468  70.95092277991212
471  70.94785057120109
802  70.94688515279479
470  70.94597874497362
477  70.9459582591688
475  70.9456893679212
1186  70.9449966563655
382  70.57034829698866
384  70.56756266654506
131  70.56500133955478
386  70.56402629559429
99  68.43873391338307
97  68.43361134935236
516  68.42616590980711
656  66.18519160604585
74  66.18150107889821
77  66.18041243984587
557  64.31483632638947
571  63.53763165369754
637  63.53367904244923
121  62.16288721511996
160  62.162381592176516
118  62.1583869100102
116  62.158166687282126
177  62.157433581033885
886  62.156023778223215
157  62.155945661990856
119  62.153452817387226
154  62.153024976952125
72  62.15178533395695
1389  62.150145884822116
134  62.14857728832569
877  62.14594182177009
1425  58.40979461223474
125  58.409190329117386
123  58.40861388263498
753  58.401468637229925
369  57.80967513834233
1559  57.17802341178597
264  57.17612707336727
129  57.174341842763155
135  56.57556155096805
70  56.57529048260198
71  56.57505926677265
542  56.57126668585368
162  56.02119063061939
1426  56.018799118909236
161  56.013233115710655
64  54.60435878112187
1548  54.60374735767132
69  54.60258992301911
68  54.60085908840529
67  54.6003146423225
1689  54.59803604564098
987  54.59543654896389
1679  52.75791295131011
683  52.74470379978104
1551  52.44590672581116
334  52.440156151280846
261  52.44003322585526
130  52.43974931659476
652  52.43929718084281
339  52.43330219215329
89  50.46171749393498
93  50.45942544429719
91  50.456396198768175
95  50.449927191058094
403  37.82795064593591
1163  37.31076269452522
529  36.13852930663726
1537  33.235157009246876
1700  33.22777502101725
98  33.22562220851766
445  33.22449166026891
627  33.223499328950844
112  33.21585529145774
114  33.2158045197168
1653  31.459050328553968
666  31.454264535131188
661  31.449968567910776
218  31.449036796156665
598  31.301687396007218
73  31.293472537987906
133  31.04213387405568
33  31.00762934263601
594  30.992926474679454
111  30.992880551144633
555  30.514976639647085
1382  30.504579386260577
245  30.504399642167314
109  30.50359930455182
108  30.5035740112671
552  30.501757914993625
640  30.478419738153985
1509  30.47739592849723
644  30.47601413081719
1738  30.468378174084947
638  29.997561928047386
55  29.779436021291847
56  29.777308566131325
59  29.7746715387381
57  29.77231029335016
63  29.248649941121055
42  29.247912045217518
39  29.24725172005015
498  29.24700260847357
37  29.241758543871676
66  29.239182831537146
40  29.230755300772238
397  28.784075186769932
393  28.781544647582372
395  28.77757184377405
399  28.775854288493665
388  28.7747812674325
771  28.276530899711794
690  28.275001139010296
824  28.27183910998946
828  28.266999410983296
742  28.266210382056382
51  27.75859023884494
47  27.75618594566017
49  27.748072434744603
53  27.74046355665407
360  26.541475124658625
139  26.127151945941602
138  26.121972452300152
705  25.410617388369925
1721  24.502109911409853
288  24.49067070870041
35  24.483289465714247
494  24.482512660923053
1544  24.482208947681375
101  23.75195240253399
1035  22.23682435594761
703  22.227431281791727
995  22.22404833315715
704  22.222186556993172
672  22.222093531898135
487  22.221797245819616
968  22.219807522685205
701  22.219086454127083
1378  22.218395774312025
949  22.216151519879443
1105  21.40855713875877
882  21.40379501698106
174  21.39743736759917
871  21.397416403358708
878  21.39005660015627
874  21.387362636257283
706  21.386417120312217
717  21.381799848397065
296  19.59839183694011
83  19.59685448022861
299  19.59066333992613
618  18.247317440507533
1140  18.029627127567373
712  17.91411646214991
715  17.900498680857954
799  17.89799428376972
1066  17.576940520440782
1168  17.575211588555547
1058  17.570977829324804
1169  17.56073276260004
623  17.249610545967737
925  17.008091019046674
1746  17.008024670741822
75  17.00396244622107
1587  17.000836603792916
45  16.92278034720486
1416  16.916510702653305
46  16.907793549842136
1588  16.34719788079075
941  16.31610735201548
420  16.31286800723292
416  16.309606869682952
1238  16.30942546418061
127  16.14608323159965
141  16.142908862007943
201  16.140013031546125
1734  16.138151968366603
1556  16.13175369568092
199  16.130665874142366
126  16.129996513963246
501  16.129678672647813
1591  15.390931643395811
1595  15.311186684517025
1515  15.307015735061364
20  15.304436713524273
936  15.302258133412684
657  15.101508116207475
1745  15.099716424987738
635  15.099473761911298
960  14.399681041383722
1239  14.397386240505288
1286  14.39633882313459
1251  14.393831817408897
1246  14.391759663540011
1244  14.38951557557857
473  13.24615061916134
103  13.239580343615275
105  13.236303522256442
469  13.23612354294172
106  13.235864111653136
467  13.23500479800913
107  13.234808549104146
132  13.233276096956283
102  13.230758945125192
816  12.122019544092947
709  12.12154856812144
813  12.12118608768959
825  12.117983024505651
820  12.114516864115467
727  11.891041835603236
1110  11.890817197546331
1153  11.890471785507744
916  11.51023566329719
711  11.50301457832774
319  10.79497819806527
1078  10.79487656374323
317  10.793332198079225
84  10.620863282416689
372  10.617747141562315
374  10.617447360972996
376  10.61326658252133
364  10.595444636555918
1627  10.578075671115721
1137  10.577303704100418
1294  10.576683605697273
1693  10.576179814935887
1018  10.575917532674008
1448  10.57188457356484
1091  10.571581563135053
1298  10.570097347630622
1674  10.570090380256996
1219  10.569543054577196
1276  10.569221703102409
1122  10.568967312176008
1494  10.568739603748286
1277  10.568654749996437
1443  10.56518873288927
1005  10.56264668472067
663  9.739473661765441
429  9.739015646666529
424  9.734496388726328
1436  9.734478371802586
1775  9.729402910526474
418  9.72776482416579
1766  9.727615522233835
422  9.727072691429596
427  9.718685314593376
447  9.599082679164523
710  9.35429499353634
918  9.353771427982007
914  9.352576523663693
21  8.857480976490923
698  8.700320423067541
741  8.700221096405443
1259  8.698834629518178
841  8.698009786557092
738  8.697617131118808
737  8.691457897546686
1065  8.687340975603153
1121  7.8147535583133125
29  7.813785186447387
30  7.813255428304622
1455  7.812560101405648
1634  7.81033710256655
866  7.809153302604915
972  7.809043397299938
1010  7.808657622939211
1154  7.808348750676777
31  7.808314397188859
1136  7.799790013557352
1284  7.751581567431349
1275  7.747005407205006
1283  7.742678807169035
798  7.657165140800429
1476  7.187141968168572
1188  7.098305092265756
905  7.0945071593790265
719  7.090193823414723
901  7.086516539115283
43  7.036312560027533
1592  7.035315206059894
13  7.033602962000581
12  7.033435037697501
548  6.869162520691927
892  6.865250889498589
550  6.862412200898124
1067  6.86228851459592
754  6.861735441316517
778  6.824118878320851
857  6.821357564156469
1346  6.479054459367854
1217  6.4666593674391395
888  6.461659136377136
757  6.459601867895127
907  6.459600304986911
906  6.45625009801565
721  6.232757164037892
1660  6.089021923111326
1445  6.088382788377092
744  6.08643706290193
1332  6.082947226473644
1441  6.079938473678948
1338  6.079447120827569
1292  6.079186461317859
1452  6.078449377606669
1200  6.073435981497822
708  5.863864013428196
1054  5.859966631248819
966  5.859283423402608
994  5.8533401320882215
707  5.849793123182982
1050  5.462730796586895
88  5.345539853798996
908  4.980989876201294
1175  4.975331713793152
1183  4.961861394364105
1174  4.8602887774508785
985  4.855722910233315
1146  4.854100598068289
1145  4.853098461928421
1150  4.852512426727476
1124  4.852153985414917
1148  4.851974085909046
1189  4.851513911749623
143  4.851222242183158
977  4.851186380341386
1126  4.851039067018648
1243  4.851029768046184
1192  4.85074645450761
1184  4.850597025606302
684  4.850514542320024
926  4.850054092806787
1139  4.849224913274222
1204  4.849089743313908
984  4.847941541840034
1061  4.847745562107191
1114  4.847725023835498
979  4.847716980237752
939  4.847402443068652
1256  4.846714191090803
1176  4.845895077730349
927  4.844284575372628
1311  4.840464995644467
954  4.839470638504787
1309  4.837450620159868
1310  4.834717994476314
1073  4.825465927634649
1307  4.823082779723683
225  4.5350963733448735
221  4.53471961236602
1072  4.532887700298702
854  4.5328427497442
1690  4.532655126349186
223  4.530697215915602
1020  4.529934207744257
922  4.529062462881122
1260  4.528922875782765
1255  4.5279653887021265
1230  4.463711730027423
970  4.4636498601445
140  4.463371821059786
1218  4.463234652365127
1214  4.462481937163084
1080  4.4623348272459165
229  4.462019025161324
1233  4.461364987477383
903  4.4609592940986005
1223  4.460615423080097
929  4.459487459188479
1089  4.458937806572743
1211  4.458353719940991
910  4.458241657107943
1220  4.45809482288906
1302  4.456452513469032
932  4.4559399807713085
1196  4.453861798243253
982  4.453609541303612
1206  4.453246581135331
1164  4.452840684522342
937  4.450814657722239
22  4.431048182821122
24  4.427275458453374
23  4.4245577189979075
25  4.4182150131497
1181  3.712400264165647
989  3.700381074397638
293  3.6453138840578663
1670  3.617098241751699
1722  3.6102263280947287
1212  3.6096138787244163
1773  3.5711681358100056
1210  3.565490815960575
1667  3.5644169805585473
1523  3.5643084639215443
1655  3.563271437418577
1222  3.5628457426278013
1527  3.5623888575932576
1664  3.5611931180371914
1651  3.5572330592122983
171  3.483182785604561
1435  3.4745542509286778
1236  3.453617080154632
1141  3.450363316949766
1117  3.285178061830724
1130  3.2807707279364346
1151  3.2803820565723774
1203  3.2660941020587018
150  3.1987474523282633
158  3.1973597126088067
152  3.1934630169941722
155  3.1922090196697313
997  3.0755572153987445
847  3.0728650088028764
849  3.0727999223396902
702  3.069962946096262
1334  2.906917849907393
1330  2.9060994872012054
947  2.8965472050423977
1040  2.811146679002828
227  2.809297168098278
767  2.8082275946995554
1062  2.802934233040162
934  2.7525718703617197
1285  2.6906932863359914
1103  2.6873846387268387
1291  2.6862197207895147
1290  2.6816013783087715
513  2.67545558290592
522  2.671563325528076
1607  2.670482683438886
1306  2.6676341452374235
434  2.5559131444028163
942  2.344363979687699
975  2.286248197465229
1030  2.285598903165711
978  2.2832220211164995
1100  2.2161550689687823
897  1.9589537637898844
952  1.9576136310737566
928  1.9481944622404423
186  1.947508400232551
48  1.9466771868789645
1109  1.9458487235765882
959  1.9451474558471287
1138  1.9301275075208626
1123  1.9281769251709893
1125  1.9266661436579013
938  1.9260581291299428
1147  1.91952227406573
1581  1.8849042105064655
1510  1.8846838533124086
879  1.8843876220367997
1612  1.8842095285492437
1027  1.884204504319566
1272  1.8841751914918
1269  1.8841525015346843
1268  1.884108718216067
973  1.8836792931652155
1070  1.8835347363740964
1279  1.8832589501535726
1087  1.8829831475469052
1038  1.8829739230786
1569  1.8818647146427778
1102  1.8816634918351411
1611  1.8812165381601642
963  1.8810619284239791
1056  1.8809544756235705
1190  1.880947790057311
1289  1.8807716276113862
1265  1.8807019632279325
1567  1.8805478863978506
1113  1.8801615306197939
1264  1.8799012890267388
1322  1.8798814778239137
1049  1.879214881315369
883  1.8790493988017094
1395  1.8788167649997594
1297  1.8787619068186754
1252  1.8787275806149566
1433  1.878207505754976
1071  1.8781578004822777
1241  1.8781025569371486
1178  1.877948970178253
1427  1.8778986610412265
1225  1.8777250681870672
65  1.8774203355431183
1253  1.877392748767821
1296  1.8770544854127043
1076  1.8770468161715765
163  1.8768619191623874
1101  1.8760138349988946
957  1.875899649091107
1221  1.8279125567446681
1232  1.8222673393029059
1229  1.8202629792767955
1280  1.7802714951968674
1281  1.7801050534278553
1317  1.7777405088042268
1108  1.7617148887818588
1144  1.7606259793945895
1044  1.759537358018779
1119  1.7587907289219675
1012  1.7584611158104657
1135  1.7554531915979392
1003  1.7533778989218507
1193  1.643371529353065
1129  1.5055980301440663
204  1.4725678327801233
733  1.220861155476909
900  1.2165948879598873
902  1.215094451490305
981  1.2109200873374872
1301  1.2093684877805195
909  1.2069110330865724
1248  1.2066739121514707
1215  1.2062577330977717
1437  1.2017836240961424
889  1.2001055619343366
1161  1.1987563465987658
912  1.196369507421801
924  1.1486700819390754
920  1.1483197843558028
919  1.1448717117402933
917  1.1408622903410546
921  1.1383789237766733
1274  1.1197343885504587
1295  1.1189519152610883
1197  1.0895311905026628
1132  1.0894867864489823
1149  1.0859878069692506
1273  1.0858728924709244
1202  1.0845793288856438
1127  1.08278303541511
1155  1.0823569395677752
1032  1.0169600675841097
669  1.0152150813079022
1063  1.0147075989113965
1431  1.013922310401365
1344  1.0138472863161816
870  1.0136681373702712
1468  1.0136265251314165
680  1.0135393071349315
1021  1.0118523233865173
887  1.0115151074277213
1459  1.0111009490162823
873  1.009833318460955
880  1.0093073931703438
884  1.0089360186663872
868  1.0087469260387305
1057  1.0086420157817864
875  1.006957262954359
1465  1.0065630634760778
1085  1.005873617492173
998  1.005770698617322
1492  1.0056879361891642
1134  0.9883885594237289
1312  0.9852863082975936
1258  0.9805561835234091
1023  0.9796502009338433
1514  0.9764158282113355
1098  0.9762415451424317
1271  0.9753816534873765
1518  0.9751776902741177
1092  0.9742094481247978
1182  0.9736718078496964
1079  0.9723619410758859
689  0.9713248860514572
1299  0.9712580468034532
4  0.9712046145077626
1765  0.9703817697323706
687  0.9694642305259892
1300  0.9694026810981344
1267  0.9693890761524815
1421  0.9691826552590468
980  0.9675107476948882
1323  0.9668459838631864
1686  0.9657904197796492
1287  0.9656150824856387
460  0.9656034625970668
688  0.965041903670628
44  0.9645806849462532
1213  0.9642761322808135
1081  0.9638969443810816
1566  0.9638925883928879
1677  0.9637315014627379
1036  0.9630236687229382
1042  0.9618827127181396
1642  0.9618641844805764
1325  0.9611755493260908
1546  0.959370936170116
961  0.9586191494386602
1059  0.9585042908410396
1086  0.9584680272771051
41  0.9581017565141285
686  0.9551640925645537
596  0.9064684745084376
605  0.9045580372665908
1194  0.8892259788613838
1304  0.7997914786458928
1308  0.5231247456000225
1017  0.516329315369939
1096  0.513406090889304
1046  0.5121608821604673
1128  0.510743404960089
1133  0.5099411188880758
1090  0.5072871647543541
1143  0.5063949068240972
1045  0.5051966954151116
1270  0.5038662345820636
1107  0.5023860050333091
1120  0.5004370770196186
923  0.49971072334029926
913  0.49929488719517684
1263  0.4860391732069383
169  0.48507838649947893
1022  0.48356986663530016
1318  0.48017760339830357
60  0.4499473204561853
510  0.4487210690762436
1704  0.4445198486808291
61  0.4403348329715843
263  0.4367937058950437
1235  0.42545101104653943
1549  0.42387795882317425
62  0.4216219785134474
1158  0.4187796689323721
1573  0.4147152434083376
1602  0.4146951426952949
1615  0.4127034331077539
1097  0.41262415651508993
791  0.4103696076002339
700  0.4071895690388847
1028  0.4047105072464012
786  0.4043219831872666
1104  0.40378297679491054
763  0.4025160624718553
1009  0.40029886395974046
953  0.4001010228241338
1016  0.4000628874457078
729  0.3996524319936363
1106  0.3984331558821672
724  0.39814824678310634
1013  0.3979240622610247
1004  0.3974521352672853
1257  0.39719402264364817
769  0.39619384574231103
725  0.39589560435929855
976  0.3935638281788767
722  0.39316395711389446
792  0.3921107045892284
1026  0.3915196099394254
1116  0.3902861640616691
732  0.3896154062821486
1037  0.3894218386985419
1191  0.3883755728862632
1321  0.3867847825829654
962  0.38639596972795087
1112  0.38387923765717674
992  0.3825389191452458
676  0.38206697596349243
1084  0.38193673635906555
1278  0.38162998360149486
673  0.3813969582319707
178  0.37983084738813244
951  0.3795753401290051
671  0.3782611213117477
846  0.3778108860699396
668  0.3758882057833777
956  0.3750294879037445
170  0.3743938320269242
843  0.37418689544419914
940  0.3740472475134986
1006  0.37367553462439407
1015  0.3717378628406098
1024  0.37137826648558864
1172  0.3713306884580718
1007  0.37044929676388794
1093  0.3663267105941206
439  0.36549057315584393
1000  0.3592031093778367
419  0.3584370849301208
1011  0.3571095873131194
1075  0.3564918936118994
136  0.3524634038925866
1029  0.35149362361947256
298  0.3511596476004335
415  0.34693841221068444
301  0.3462823548908395
1305  0.3269376928119108
1055  0.3165896799081372
974  0.31275146869582515
1719  0.31222316234039127
1052  0.31205386645501026
148  0.3114737755253963
944  0.3110874556265389
948  0.30949238311565447
945  0.30935508338664947
142  0.3092040602544363
570  0.30910512456309963
716  0.30907124684908904
1584  0.30886080820037903
145  0.3086227188764686
996  0.30835332494288153
714  0.30815899114123246
146  0.30756777736233504
1245  0.3074839419164916
1034  0.3067920948887414
993  0.30671400202448745
1237  0.30431703922728737
1320  0.3035912682711291
144  0.3029280492571777
1735  0.3025188528688466
853  0.3024630062902335
969  0.302326475469995
850  0.30168095686142987
1545  0.3011131699874336
545  0.3006913874884922
1593  0.3003578236467755
1261  0.2999352994248316
1324  0.29964369723749773
1319  0.2989388831934268
1060  0.29740414539075216
1326  0.2973627692917864
94  0.2973612915015398
1180  0.291965340765673
1039  0.28835025948710985
472  0.2883174468243586
1053  0.2878719565592525
1171  0.2871360825328324
1695  0.28702125797985106
476  0.2869253234627016
1516  0.2862204240892668
36  0.2858589807417833
1412  0.28499048065001764
1187  0.28466205766896097
1043  0.2831689258014088
1111  0.27927878614809304
1201  0.27925588497796666
1293  0.279002918461812
867  0.27528517253848017
1228  0.2724313842865967
650  0.2708091350759854
1099  0.27043500943600374
1254  0.2672915042130371
1209  0.2655479666094665
1751  0.2636172718417949
999  0.2591424330031494
895  0.25864136973658597
896  0.2577207819909107
894  0.2573888012973489
931  0.2565326549786207
1315  0.25596229312422936
1316  0.2548976549122681
1208  0.24784476847787998
696  0.24609746638452115
1001  0.24536663294373198
1198  0.2447014334938159
1226  0.24345747358715078
845  0.24328733900107471
1156  0.24321002786694432
1240  0.24294544788580066
692  0.24213638706424323
691  0.24086454655589193
891  0.23769772877217665
694  0.23745495139337813
586  0.23223509410950263
955  0.23105652776544203
890  0.22982356317970284
1077  0.22787365570913842
1618  0.22640719114050487
1170  0.22456071415007864
1088  0.224130532055657
566  0.22368360404406853
1249  0.22347742830522346
564  0.2215266258861908
1025  0.22055960902702135
574  0.22024524325836692
1620  0.21984458899362044
1095  0.2183859795537305
580  0.2169592183515491
1064  0.21615259785739394
1094  0.2151324687620776
1041  0.21365201713134785
591  0.19682835340173177
1068  0.1451664927984288
1  0.0
2  0.0
3  0.0
5  0.0
6  0.0
7  0.0
8  0.0
9  0.0
10  0.0
11  0.0
15  0.0
16  0.0
17  0.0
18  0.0
19  0.0
26  0.0
27  0.0
28  0.0
32  0.0
34  0.0
38  0.0
58  0.0
104  0.0
110  0.0
117  0.0
120  0.0
122  0.0
241  0.0
242  0.0
243  0.0
244  0.0
248  0.0
252  0.0
253  0.0
254  0.0
255  0.0
256  0.0
257  0.0
258  0.0
259  0.0
260  0.0
262  0.0
265  0.0
266  0.0
267  0.0
268  0.0
269  0.0
270  0.0
271  0.0
272  0.0
273  0.0
274  0.0
275  0.0
276  0.0
277  0.0
278  0.0
279  0.0
280  0.0
281  0.0
282  0.0
284  0.0
285  0.0
286  0.0
287  0.0
289  0.0
290  0.0
291  0.0
292  0.0
294  0.0
295  0.0
297  0.0
300  0.0
302  0.0
303  0.0
304  0.0
305  0.0
306  0.0
307  0.0
308  0.0
309  0.0
310  0.0
311  0.0
312  0.0
313  0.0
314  0.0
315  0.0
316  0.0
318  0.0
320  0.0
321  0.0
322  0.0
323  0.0
324  0.0
325  0.0
326  0.0
327  0.0
328  0.0
329  0.0
330  0.0
331  0.0
332  0.0
333  0.0
335  0.0
336  0.0
337  0.0
338  0.0
340  0.0
341  0.0
342  0.0
343  0.0
344  0.0
345  0.0
346  0.0
347  0.0
348  0.0
349  0.0
350  0.0
351  0.0
352  0.0
353  0.0
354  0.0
355  0.0
356  0.0
357  0.0
358  0.0
359  0.0
361  0.0
362  0.0
363  0.0
365  0.0
366  0.0
367  0.0
368  0.0
370  0.0
371  0.0
373  0.0
375  0.0
377  0.0
378  0.0
379  0.0
380  0.0
381  0.0
383  0.0
385  0.0
486  0.0
488  0.0
489  0.0
490  0.0
491  0.0
495  0.0
497  0.0
499  0.0
502  0.0
507  0.0
508  0.0
509  0.0
515  0.0
517  0.0
519  0.0
526  0.0
530  0.0
534  0.0
537  0.0
538  0.0
540  0.0
541  0.0
547  0.0
551  0.0
553  0.0
558  0.0
560  0.0
561  0.0
562  0.0
565  0.0
567  0.0
569  0.0
575  0.0
578  0.0
579  0.0
581  0.0
582  0.0
588  0.0
589  0.0
593  0.0
600  0.0
601  0.0
603  0.0
607  0.0
608  0.0
609  0.0
610  0.0
612  0.0
613  0.0
614  0.0
616  0.0
621  0.0
622  0.0
625  0.0
626  0.0
628  0.0
631  0.0
632  0.0
636  0.0
699  0.0
713  0.0
718  0.0
720  0.0
723  0.0
726  0.0
728  0.0
730  0.0
731  0.0
739  0.0
740  0.0
743  0.0
745  0.0
746  0.0
747  0.0
748  0.0
749  0.0
750  0.0
751  0.0
755  0.0
756  0.0
760  0.0
761  0.0
762  0.0
765  0.0
768  0.0
770  0.0
772  0.0
773  0.0
774  0.0
775  0.0
776  0.0
777  0.0
779  0.0
780  0.0
781  0.0
782  0.0
783  0.0
784  0.0
785  0.0
787  0.0
788  0.0
789  0.0
790  0.0
793  0.0
794  0.0
795  0.0
796  0.0
797  0.0
800  0.0
801  0.0
803  0.0
804  0.0
805  0.0
806  0.0
807  0.0
808  0.0
809  0.0
810  0.0
811  0.0
812  0.0
814  0.0
815  0.0
817  0.0
819  0.0
821  0.0
822  0.0
823  0.0
826  0.0
827  0.0
829  0.0
830  0.0
831  0.0
832  0.0
833  0.0
835  0.0
836  0.0
837  0.0
838  0.0
839  0.0
842  0.0
844  0.0
848  0.0
856  0.0
858  0.0
859  0.0
861  0.0
862  0.0
863  0.0
864  0.0
865  0.0
964  0.0
988  0.0
990  0.0
991  0.0
1008  0.0
1019  0.0
1031  0.0
1033  0.0
1159  0.0
1160  0.0
1162  0.0
1166  0.0
1167  0.0
1173  0.0
1185  0.0
1199  0.0
1205  0.0
1216  0.0
1242  0.0
1247  0.0
1327  0.0
1342  0.0
1351  0.0
1353  0.0
1366  0.0
1367  0.0
1370  0.0
1393  0.0
1419  0.0
1444  0.0
1449  0.0
1450  0.0
1469  0.0
1471  0.0
1497  0.0
1498  0.0
1505  0.0
1543  0.0
1553  0.0
1583  0.0
1609  0.0
1623  0.0
1625  0.0
1629  0.0
1633  0.0
1639  0.0
1649  0.0
1656  0.0
1715  0.0
1718  0.0
1720  0.0
1727  0.0
1736  0.0
1749  0.0
1755  0.0
1758  0.0
1759  0.0
1763  0.0
1764  0.0
1770  0.0
1771  0.0
