223  inf
227  inf
279  inf
498  inf
545  inf
609  inf
672  inf
718  inf
725  inf
942  51.065982331019
929  51.064558538719
894  51.06399718638613
402  51.062493264021015
421  51.06241310634403
126  51.060396541201634
115  51.059283785494884
473  51.056199527185036
107  51.055297573974734
834  51.05515122500512
235  51.05481093762503
108  51.05421648107418
124  51.05407406964549
478  51.05312168341274
106  51.0521982887369
976  51.05216799409052
109  51.05094464652998
121  51.05045624190217
419  51.0496689552581
876  51.047117859060236
924  51.04368560818955
882  51.043606180837465
848  51.04226105342979
775  51.04165223973182
122  51.04116542990246
515  51.04109590286739
872  51.03718815415023
362  50.1627348611703
979  50.16063171653559
861  50.16060616480532
857  50.15815764671498
901  50.154646222425065
963  50.15262813439749
888  50.150867847497324
404  50.1460300830083
320  50.14422502460222
71  50.1426196004817
282  50.14004438578322
881  50.13819049179624
771  50.13294987526997
947  50.13239207168594
230  50.128184234188865
768  50.126574531189725
968  50.12566513084369
984  50.124447795793195
978  50.124376420003294
81  50.12402324188439
912  50.12343863278158
379  50.12338289338202
263  50.12316089094185
129  50.123031867168905
354  50.12149636572762
316  50.121069437247755
439  50.120527931752434
428  50.11959113534681
903  50.11930158837547
575  50.11909988467287
890  50.118967643649086
709  50.11877847245174
910  50.11786389143968
79  50.1173670398219
68  50.11685455601094
355  50.1168206610399
327  50.116152431187295
904  50.11608619325027
850  50.11535399843024
956  50.11533764793052
814  50.115279764796014
845  50.11447465563245
64  50.11428238993289
983  50.113165203429716
795  50.113104099260575
358  50.112802636658856
324  50.11079863753535
239  50.11021816313938
326  50.11011075665017
199  50.10862497869257
242  50.1081728053391
225  50.10809666761433
361  49.2567816568684
410  49.25599903492324
99  49.2543650866364
941  49.25368753970027
257  49.2523918591981
345  49.25229003169537
934  49.25192562873632
425  49.24974473687529
329  49.247834105899194
621  49.21467400562494
50  49.2001088063059
46  49.19072327705042
48  49.189473214815514
309  48.38114475322766
266  48.37700672914332
374  48.3743535369174
957  48.371810394208296
117  48.37066587614722
236  48.36724161736777
869  48.358221253240195
128  48.35648880878884
336  47.47323570289552
360  47.469880301314966
620  47.46924055170049
70  47.46402783124918
307  47.46387353371852
72  47.463767753801626
196  47.46302597993827
114  47.46256920250203
936  47.46253206622171
201  47.462407240508554
74  47.4619516639866
110  47.46168069103135
198  47.4612290711582
981  47.461090351214736
73  47.46086154760585
76  47.459868354668465
101  47.45979755817392
543  47.45961343961894
436  47.45951509146754
335  47.459131043511135
98  47.45888906774269
522  47.45829718802971
274  47.45802814212676
206  47.45765380303631
340  47.45762649131406
103  47.457581570735336
67  47.45637255631899
254  47.45601535318381
330  47.455991276159686
97  47.454914644129616
69  47.454852236261154
105  47.45436327622446
883  47.453255159800925
219  47.453242103485195
301  47.453219943687394
224  47.45298493036644
432  47.452893177107555
100  47.452058897302884
229  47.45197744611406
898  47.451610317726164
203  47.45101381198733
58  47.450689568372496
943  47.450166492811064
576  47.449766192828974
430  47.44814752244807
258  47.44698066915404
349  47.444973264707194
298  47.43928197698346
868  47.38147102934028
867  47.37810175698132
246  47.303979251749155
381  46.53391208381805
319  46.53168186715935
312  46.531533076046045
492  46.51557891767611
248  46.43474677761009
702  46.42405493106255
832  46.41662056339371
707  46.410155479113506
772  46.40273168317357
843  46.40135815085612
852  46.39623895277682
854  46.39588314081475
542  46.38637812694537
972  46.385742235483406
965  46.38380130909527
945  45.572974832002636
728  45.56669219854535
441  45.56498509861173
437  45.56310685780306
930  45.56121893972814
423  45.56066824934721
260  45.55881732552143
944  45.5568228655418
255  45.555447831476705
262  45.553974466645315
253  45.55353488463469
344  45.54792677194291
866  45.54570876084008
409  45.54406597549142
864  45.53837881860914
880  45.51122967754719
394  45.507742303516395
116  45.501760851110234
697  45.49909553503631
659  45.49741763064845
273  45.49371755206982
275  45.48564308367115
271  45.48467409494612
433  45.48216040533785
283  45.481781692031895
141  45.440278040816295
398  44.64007741766569
338  44.63385411845603
547  44.553839040293056
383  44.55183517776586
207  44.52377396235699
380  43.75172263886245
311  43.74464904730039
388  43.74349261492213
318  43.72954965817665
390  43.63717151317214
386  43.62929857625306
932  43.62160609097966
955  43.61323476250575
602  43.59122797461194
292  43.57575691271031
518  42.81863829956156
798  42.80481724741815
426  42.76552630817956
406  42.75617697724262
906  42.72341096884098
902  42.72007148281518
908  42.716815561518345
884  42.71606694078266
812  42.71525328752861
892  42.71452668056408
553  42.710093958929875
885  42.70837853947879
443  42.6694899594302
940  42.66486805738692
372  42.66437592793837
399  42.65865705362891
873  42.630247501271974
862  42.630245339465155
875  42.62915111195233
563  42.621948968906814
879  42.62119073229109
350  42.619071692457666
284  42.61592133024145
877  42.605756907472596
66  41.75744954593927
938  41.745962973996946
412  41.739886081609825
658  40.8736201774236
418  40.85191365229112
250  40.05766662001109
711  39.93124007212345
269  39.040664339031366
859  39.03579248075478
914  38.20267573877692
951  38.20152439510634
152  38.200128754847675
917  38.19455456368601
247  38.191877652716826
896  38.10481309827538
899  38.10043885329007
510  37.30267283734411
911  37.30188214488083
652  36.272994199930366
422  35.20481729776436
376  34.451309870109554
370  33.60195664208421
348  33.536810914618606
921  33.53299574114037
352  33.53244147720281
952  33.524841738398145
855  32.683562851305894
364  32.67845502909583
343  32.64481966783621
453  32.63547559675135
663  32.63025179823893
401  32.62958659200463
416  32.62805342691994
339  32.625983050796115
333  32.62516881135192
172  32.58182969764259
183  32.57529090324897
683  32.573719544445304
925  30.853338166694776
918  30.84921276658864
357  30.844203441977132
157  30.841209647543117
407  30.779250275651208
346  30.769493282559672
611  30.768194890062045
143  30.764356602238074
264  30.75719550809073
205  29.937305956350038
366  29.934017107657954
92  29.933198683017743
959  29.93231223328873
95  29.92473074021027
94  29.924621551047625
208  29.92430445994722
693  29.92385624659369
209  29.92224445622806
96  29.920573435667922
104  29.91659718587772
966  29.900844873300535
666  29.900004482136655
414  29.896300717689435
400  29.895160082791126
391  29.89354463118104
371  29.891064569869883
332  29.89071304628601
342  29.8894573578618
458  29.88830515299398
431  29.886827456585
444  29.88519129343586
281  29.862128561504115
420  29.855437321088765
403  29.84279242585158
382  29.026679715514565
384  29.023216232427938
958  29.021586407727384
251  29.020853267260932
820  29.0193338717792
377  29.018642037235363
819  29.018098264532764
245  29.005214072513215
961  28.989774507162817
214  28.986142774205494
204  28.982161494232546
212  28.981711434367146
842  28.981358083008384
895  28.978040686888445
210  28.97789125353692
690  28.976385332656633
408  28.97607387842417
841  28.975128658420815
840  28.974719652401372
916  28.974163571855065
975  28.973738765972435
347  28.973270989143884
216  28.972814453467407
334  28.971469564972672
341  28.968387343021565
891  28.96602488231527
252  28.965486418237614
953  28.964873629734182
442  28.964306284480838
367  28.964009217561344
331  28.956601434192642
197  28.95430204233797
927  28.947436507285502
194  28.94062078362977
823  28.113786647377903
825  28.111936568295796
937  28.054319472952194
655  28.049823536314133
920  28.04729594520586
969  28.045985887074114
836  28.045538312558563
84  28.043466640032328
735  28.04316554632443
839  28.042322443020353
827  28.041423889603625
86  28.039607018469002
477  28.036473066483985
837  28.03638010036685
87  28.036074588300494
297  28.035976918870293
878  28.03481764895668
804  28.03409969349017
829  28.031325748493785
835  28.030633583347694
90  28.02984352045036
830  28.029422314905297
838  28.0281108177025
91  28.027789136730707
826  28.02592344825052
606  28.016636402262556
803  27.741172784925773
802  27.73524116579119
800  27.726339267092076
801  27.72551325861008
397  27.135883318317816
175  27.118483647933772
174  27.09547154030189
525  26.218313939311624
521  26.198219830054
729  25.335176020769318
732  25.28827150108348
259  25.285146815753514
234  25.28487358605311
389  25.277978399639338
619  25.27353604280609
919  25.272278812231797
82  25.271381362919758
818  25.269371531633393
413  25.26718672970717
939  25.26692965262271
645  25.266784528032026
313  25.264161112141363
417  25.262659740419746
601  25.262628506564557
373  25.261986092913613
851  25.260847521614664
954  25.260658376467767
793  25.259509028845535
80  25.258850039693424
454  25.25711047455669
833  24.40791856492587
831  24.403999627791972
134  23.489042850701484
136  23.488818498638288
241  23.48626673479548
238  23.482908509417694
78  23.48150517036632
137  23.47892424530598
140  23.47618622481786
133  23.471264806771988
139  23.47044228910221
369  23.468227051567766
715  23.441775219152664
789  23.4317621240976
796  23.429859979213468
615  23.428263879083424
724  23.42585157438065
720  23.42561896270224
792  23.423059429169335
644  23.422611608585427
767  23.422022851264533
769  23.421099222833544
791  22.543014801583983
766  21.66594462508253
427  21.648887293807306
506  21.647491850704856
202  20.816012280056764
509  20.814878727213017
200  20.813140160053084
654  20.691040761127788
799  19.87747036866409
797  19.870245250452015
824  19.867923858033976
960  19.853729553000434
765  19.835222209818653
846  18.557411449145057
88  18.553274871443975
89  18.54615479539182
634  17.96454604406
774  17.960194209949805
625  17.96000572065392
447  17.086640467479494
337  16.70777034967554
599  16.7020353013359
554  16.700943868332825
594  16.69412978200329
396  16.69363793760553
587  16.691905430953657
497  16.686001556344497
805  15.133391227420795
570  14.330572660786396
779  13.515757500254114
782  13.513654105470508
781  13.50236953851594
780  13.494644263426755
539  13.431768896907101
639  13.430563424473709
445  13.096533906752597
787  11.191034845485259
786  11.185764698725192
783  11.179604198501611
788  11.179258894216103
753  9.40755939266476
751  9.403214509268787
817  9.274314207203506
815  9.271976454802235
538  8.50172951430265
534  8.497322502289647
928  8.494666942985647
730  8.494476363178666
523  8.49051790930362
614  8.489888270089132
727  8.485048279457686
195  8.484855033098539
640  8.482326333927462
526  8.457851113291296
588  8.456804114140452
726  8.453892659988325
448  8.452121947147049
232  8.450691571911447
449  8.44891696310542
450  8.448188863216155
595  8.44777999496364
604  8.443452892395918
758  6.700942097387852
762  6.698191375491685
759  6.6971401471089775
761  6.694102180665741
622  6.692463413769975
760  6.6916388760598595
626  6.690976687120493
755  6.685148042762916
565  6.683405897794312
790  6.5972651601445875
486  6.5789584083979875
742  6.578769497554074
494  6.576926650736503
495  6.576690485381227
267  6.576423498802399
496  6.576371834468123
501  6.576329239568035
664  6.575560975573503
507  6.565708337270688
756  6.563167303462109
822  5.624885711523152
821  5.6139404439158715
806  5.5984641834636
120  5.5832008527982
870  4.8401274681576885
710  4.826608938128351
946  4.797222410881587
438  4.785806294197351
261  4.785556179614106
931  4.776234146735681
532  3.954043966087928
537  3.9491728264190087
533  3.948205072729565
748  3.947737267704872
665  3.9465966996827295
524  3.9460184051035583
571  3.9453706610783406
548  3.9447660923785413
508  3.944674532080717
661  3.9442868322714104
585  3.9437227811392686
649  3.9437020383382517
530  3.9435023569363055
763  3.9431927151894226
667  3.943034419891441
754  3.942853949732974
935  3.942196585261875
750  3.9420309663719633
519  3.9417395715696912
687  3.941431327546226
752  3.941041746181068
743  3.9410075207514645
926  3.9406567247046156
513  3.9399926726726906
749  3.939927708684299
511  3.9391890406009384
647  3.9384388519103655
544  3.938365244640996
600  3.937808739445076
112  3.937356048129193
528  3.936959932889122
689  3.936934910798246
527  3.936017790769597
541  3.935682169769068
691  3.9353359673648
682  3.9352422236788986
598  3.9341079870260454
746  3.9334819613169145
856  3.9323218852520725
662  3.9315090122594096
630  3.931229634090231
610  3.927196619759506
514  3.925665465311649
915  3.9191814806081164
256  3.842837843487446
773  3.0589976045072924
701  3.0500989799482143
770  3.0489137157217767
535  3.01580347184256
512  2.87349869232228
351  2.861019295398657
591  2.85854258161877
816  2.854616025833723
776  2.135938487848321
778  2.135839688447877
669  2.135203723711996
777  2.1313479268214373
696  2.1076739589368167
451  2.1055200160094696
462  2.104300722349424
455  2.1038900396342277
828  2.10377449911539
467  2.103016904694208
469  2.101198504654126
679  2.09975808592001
459  2.098425203374199
461  2.098357797058673
465  2.0980518623000535
713  2.0947711270138796
457  2.093762541391983
531  2.088149754780539
328  2.0820429154944313
642  2.08123927940827
794  2.0791815103249958
977  2.0402449776977534
745  2.0321918487100845
470  1.3067441249621299
923  1.3061349304749428
315  1.3043685572591843
552  1.3037198330748239
463  1.3028860088507488
980  1.3009933267123786
747  1.3009210901105395
471  1.2999711861199528
310  1.2991464358630374
291  1.2991294520575705
922  1.298616293434158
476  1.2985408778483887
489  1.298188206090808
628  1.2974932175185085
637  1.294965416270287
472  1.294621262135412
353  1.2935408006635647
127  1.2916051485838576
474  1.2914554556986673
487  1.2541872500656
493  1.2520587285492795
490  1.2503175738689851
985  1.181121269877757
719  1.180798430719494
723  1.176461595482312
566  1.1495472180825081
740  1.1452811002193128
479  1.1433485728461674
909  0.5157789827196767
517  0.5145979391943544
813  0.5143396643925707
480  0.5137436107074883
905  0.5121844765057414
482  0.5107721781524677
810  0.5005458499068126
670  0.5004096832794378
933  0.5001394007646751
562  0.5000813077659716
567  0.49900159583774767
590  0.49848178341975197
557  0.4967315273065188
731  0.49608044734011314
607  0.49605391833042195
536  0.49557722212539385
734  0.4952793630452407
605  0.4950346977164935
551  0.4947834093906077
556  0.49417028669891083
808  0.4941201813406691
648  0.4940957249081755
629  0.4937615982505616
641  0.4936988693088523
736  0.4932451612709353
579  0.49324418446059604
577  0.49005285292235984
560  0.48996986613289273
623  0.489710424016459
578  0.4891473689426152
573  0.48851055563391704
580  0.4885071863900956
568  0.4877515120601658
807  0.4876778205777126
596  0.48758550896310926
586  0.4866280453123522
809  0.48603738553292286
681  0.4855943649678987
500  0.485063090218016
574  0.4850484849815462
558  0.4844632402321955
671  0.48379872822648595
546  0.48370499092460373
627  0.48214897936107604
504  0.4807375627042001
289  0.4804427023929714
491  0.4799047521311872
674  0.4796913764681032
299  0.4796775620194151
83  0.47935358705921416
488  0.4790239639997771
499  0.4788475881074125
722  0.47858384051304514
584  0.4783649213486324
636  0.47819005305070816
287  0.4781125757935718
77  0.477674930371887
886  0.4775511148381283
503  0.4775314188470926
694  0.47747240247866596
502  0.4772862677937872
464  0.47726097682168106
653  0.47672805964076087
593  0.47666084530947866
540  0.4765119783559091
893  0.4760603879766291
613  0.47604741833338615
633  0.47585048903343385
887  0.47576230348939114
85  0.4755362560030349
847  0.4754112141045521
569  0.4753128319793029
589  0.47528397491159347
900  0.4750233984053998
684  0.4749797359931897
698  0.4747284628788552
294  0.47396278490896293
714  0.47391003170020096
706  0.4737447839164748
700  0.4736647596885677
643  0.473079265136331
582  0.47302639625552717
688  0.47296243068955557
853  0.4724228450000405
913  0.4720046968526756
559  0.4716861099781402
784  0.47159098668635174
897  0.4713521624527832
581  0.47112452544667605
677  0.4709214569277314
561  0.4706103358653099
597  0.4694850398333298
603  0.4693093300564533
757  0.46893141286036977
656  0.46832200797664086
624  0.4660703048704128
632  0.46476902674795456
608  0.4520925228411096
849  0.45170411209693395
737  0.4514531374552445
907  0.4506850769602086
572  0.4481459270782453
962  0.4479454138106488
612  0.4478021312697668
249  0.44760731419292604
481  0.44725493875045286
549  0.44706468534997107
592  0.4469032858263257
583  0.4460897599429708
764  0.4459060104276892
650  0.4457687861459214
668  0.4455827632465152
618  0.44480468155577935
811  0.4444146295684084
657  0.4438857108069117
673  0.4436557810417878
564  0.44299049273733915
638  0.4424802143775629
520  0.4420818601286697
468  0.4419846847994321
635  0.441923663641573
889  0.4413027599340734
705  0.4406491639090499
555  0.4382863973624776
716  0.4356116475507091
703  0.43410376057693617
738  0.428057488816884
429  0.42729596477749643
865  0.4266543093047677
484  0.42620556761377887
863  0.42488123630441604
631  0.4243640565837552
483  0.42423000383997433
466  0.4241916995928299
739  0.4235979545941733
744  0.4235718526617085
270  0.4229118809438852
485  0.4228976661735364
680  0.42288370859100105
721  0.42283567934270083
860  0.4224726234049432
678  0.4216251271793617
505  0.4211808363747627
704  0.4209511353589138
699  0.42079117435895197
616  0.42077179906988094
982  0.42048621440506484
695  0.42041839924100194
874  0.4202312531209629
365  0.41994344165857844
733  0.41943421057796026
460  0.41914779098242144
858  0.4187725109475861
550  0.4186010530449692
529  0.4185993095509444
651  0.418236492995491
646  0.4181256909153763
617  0.4180077896819479
871  0.416616662804544
708  0.4157467156187684
660  0.4138415591490285
456  0.41348949601776175
741  0.41340028271380935
675  0.4124478948494113
686  0.411472132689799
452  0.4108216829576954
685  0.4103103590577876
676  0.40917173060125717
1  0.0
2  0.0
3  0.0
4  0.0
5  0.0
6  0.0
7  0.0
8  0.0
9  0.0
10  0.0
11  0.0
12  0.0
13  0.0
14  0.0
15  0.0
16  0.0
17  0.0
18  0.0
19  0.0
20  0.0
21  0.0
22  0.0
23  0.0
24  0.0
25  0.0
26  0.0
27  0.0
28  0.0
29  0.0
30  0.0
31  0.0
32  0.0
33  0.0
34  0.0
35  0.0
36  0.0
37  0.0
38  0.0
39  0.0
40  0.0
41  0.0
42  0.0
43  0.0
44  0.0
45  0.0
47  0.0
49  0.0
51  0.0
52  0.0
53  0.0
54  0.0
55  0.0
56  0.0
57  0.0
59  0.0
60  0.0
61  0.0
62  0.0
63  0.0
65  0.0
75  0.0
93  0.0
102  0.0
111  0.0
113  0.0
118  0.0
119  0.0
123  0.0
125  0.0
130  0.0
131  0.0
132  0.0
135  0.0
138  0.0
142  0.0
144  0.0
145  0.0
146  0.0
147  0.0
148  0.0
149  0.0
150  0.0
151  0.0
153  0.0
154  0.0
155  0.0
156  0.0
158  0.0
159  0.0
160  0.0
161  0.0
162  0.0
163  0.0
164  0.0
165  0.0
166  0.0
167  0.0
168  0.0
169  0.0
170  0.0
171  0.0
173  0.0
176  0.0
177  0.0
178  0.0
179  0.0
180  0.0
181  0.0
182  0.0
184  0.0
185  0.0
186  0.0
187  0.0
188  0.0
189  0.0
190  0.0
191  0.0
192  0.0
193  0.0
211  0.0
213  0.0
215  0.0
217  0.0
218  0.0
220  0.0
221  0.0
222  0.0
226  0.0
228  0.0
231  0.0
233  0.0
237  0.0
240  0.0
243  0.0
244  0.0
265  0.0
268  0.0
272  0.0
276  0.0
277  0.0
278  0.0
280  0.0
285  0.0
286  0.0
288  0.0
290  0.0
293  0.0
295  0.0
296  0.0
300  0.0
302  0.0
303  0.0
304  0.0
305  0.0
306  0.0
308  0.0
314  0.0
317  0.0
321  0.0
322  0.0
323  0.0
325  0.0
356  0.0
359  0.0
363  0.0
368  0.0
375  0.0
378  0.0
385  0.0
387  0.0
392  0.0
393  0.0
395  0.0
405  0.0
411  0.0
415  0.0
424  0.0
434  0.0
435  0.0
440  0.0
446  0.0
475  0.0
516  0.0
692  0.0
712  0.0
717  0.0
785  0.0
844  0.0
948  0.0
949  0.0
950  0.0
964  0.0
967  0.0
970  0.0
971  0.0
973  0.0
974  0.0
