540  87.94374340122296
333  87.94341186731425
1050  87.93218191257246
1365  87.93046346635893
684  87.92978698395638
1002  87.92728293733707
1074  87.92628163848715
834  87.9260852639917
871  87.9257885577974
1314  87.92508492522956
1322  87.9239717497016
415  87.92347450497806
481  87.9231987748651
308  87.92069494121262
1122  87.92036499977068
1212  87.9203237720284
1109  87.91902129015224
315  87.91858482802424
317  87.91795438464086
311  87.91759573235457
313  87.91733836106509
1309  87.91661057429086
1338  87.91632436951168
1319  87.91628278525906
434  87.91536412132683
1199  87.91317924559962
348  87.91254870244762
1158  87.90922909447009
1368  87.9077654890822
1170  87.90488680680525
1343  87.90357061857918
1234  87.90253800093153
1098  87.90168040985385
791  87.90003636774709
1204  87.89999562133748
1112  87.89861012988915
351  87.89830667905352
671  87.89730935767649
479  87.89478027801489
1192  87.89383706499751
1310  87.89022104500907
1163  87.88886612889657
1008  87.88301353070902
820  87.0612665950432
665  87.05602319624198
656  87.04808291375774
780  87.04646730831884
1348  87.04507016571552
475  87.03286111654667
1352  87.03160811406053
370  86.85692332530745
507  86.83514425020239
1018  86.83218151702982
1118  86.83118875011787
1288  86.82938651633897
1421  86.81897994377043
1144  86.81894874344921
1268  86.81890765906533
1407  86.81806441911904
503  86.81529131868935
1190  86.81525130691469
728  86.81523308727037
1210  86.81331503383929
350  86.8129792248389
139  86.81292909170698
830  86.81263603347482
644  86.81115634107243
701  86.81029801570428
385  86.80933847774531
1077  86.8090938904863
1321  86.80794300131478
1247  86.80782892497646
1000  86.80757159856374
987  86.80675282441729
1048  86.80559182930219
822  86.804761514173
1313  86.80455182242441
745  86.80434856098822
1329  86.80403920396911
1124  86.80355028287593
498  86.8034621676768
1299  86.80276736899077
1217  86.80186157477655
353  86.79956275767418
1161  86.79893596438396
882  86.79884058817173
753  86.79877319377621
669  86.79692069164284
1059  86.7968215062975
1103  86.79663409020547
1410  86.79659694040693
1177  86.79653669107108
1182  86.79620889218529
982  86.7954329174134
722  86.79514512774375
344  86.7949956963906
1376  86.79416221709927
712  86.79377857983327
1197  86.79310394230276
1183  86.79292665094768
1166  86.79275793261337
827  86.79199888073843
713  86.79103801512525
1121  86.7909059709356
661  86.78985093075202
523  86.78940908025665
1307  86.78726830612436
1102  86.78721937105102
720  86.7869620751868
1378  86.78624876874873
980  86.78541044990678
512  86.7850296894691
1360  86.78464297678384
1302  86.7835864268758
784  86.783518562159
1206  86.78311518435481
1021  86.78131166365499
548  86.78082399716251
1269  86.78035526237468
1284  86.77979163934033
872  86.77837520820594
1423  86.77791457591005
970  86.7775069250866
347  86.7773867968578
1245  86.77582418500494
796  86.77577013376859
1326  86.77521616909422
651  86.77478316591527
1305  86.77445886069502
1156  86.77391728185262
1013  86.7737248902152
391  86.77223290983166
506  86.77089285284384
803  86.7705756980135
355  86.77007734703733
1142  86.76824027055181
496  86.76728929854184
501  86.7667192892742
1175  86.76643023767099
1296  86.76221059146958
1272  86.75708727295623
1129  86.75702298988256
1425  86.7542888385309
742  85.985306413807
426  85.95167529140552
1125  85.94511693432545
983  85.94394143318151
1153  85.94054963785948
981  85.9360327503547
1304  85.93264230272266
1194  85.9291793533996
1181  85.92302126484184
1264  85.82301612148076
1260  85.81114038667876
1266  85.80117894049816
972  85.16600922159768
406  85.15416489274799
299  85.13646723183668
1404  85.13587607685425
1388  85.13414891390383
1101  85.13393977530906
1402  85.1325432180662
1393  85.12742976409474
1114  85.1261551824759
1424  85.12399566883198
1428  85.1224806137383
494  85.12101841941488
1391  85.12041359929454
417  85.12020280746168
1429  85.11939280618607
837  85.11909350035704
1408  85.11891635068221
1004  85.11740575457956
302  85.1159801067606
1200  85.1158898038074
489  85.11351164446485
476  85.11325648578266
1379  85.11299607878883
1437  85.11276501712193
1419  85.11245975853952
1400  85.11213994738011
1236  85.11184053501532
502  85.11067831902085
1389  85.11050105881634
844  85.1103938200608
490  85.11039048003393
1208  85.10981384923006
884  85.10928326472988
1065  85.1084704525632
993  85.10812691116477
329  85.10777633265391
964  85.10753835956103
1075  85.10581076838075
352  85.10572011297204
1440  85.10499713781554
1097  85.10487857066012
485  85.10425042853646
1196  85.10408820458949
1427  85.10402999485798
1383  85.1032846019204
1413  85.10295431123035
1420  85.10269797556052
1398  85.10255782011092
1439  85.10251058476835
1382  85.10236017130278
1422  85.09930827381937
1433  85.09891381893011
1405  85.09856576424124
295  85.09823190436373
873  85.09751599839554
1009  85.09723569614603
510  85.09510445992865
316  85.094847181875
486  85.09446549980443
1082  85.09432916794732
484  85.09427513619165
1099  85.09402692430712
1071  85.09394700993789
672  85.09372778235353
991  85.09303813572238
1193  85.09257034172552
290  85.0916259313484
1331  85.09140634893386
1084  85.08992879684914
300  85.08977123816919
1417  85.08944777220695
336  85.08814174885549
1426  85.08777821098806
1239  85.08745701495548
1411  85.08745272121388
1385  85.08684480005992
1392  85.08608469294956
1386  85.08551720895085
1396  85.08495569028688
1173  85.08432821803311
464  85.08327329223017
359  85.08077000153686
319  85.0792782300169
1434  85.07913535076386
1387  85.07882132691735
1394  85.0763901364604
1083  85.07577247530898
1100  85.07553573958637
1064  85.05910625030953
367  85.05672566465357
1316  85.0501503985249
536  85.04197638778912
1317  85.03326228757842
410  85.0323737684762
1318  85.02808624020409
1255  85.02677389185347
530  85.02135387049786
505  85.02095017762387
482  85.01983209881942
1115  85.01939252346534
534  85.01761468106241
538  85.01557683776672
477  85.0132815065179
499  85.01254509480445
1308  85.0124519855046
1038  85.01167897761398
988  85.0113160799954
1257  85.01074789165295
1252  85.01041789979863
1086  85.0092589992314
1312  85.0087542403594
1306  85.00783342288605
532  85.00666071111547
504  85.00438946191784
1063  84.99620489542004
1110  84.98114499715298
366  84.94736878451779
765  84.13395889512756
1330  84.13267995782637
733  84.12681784881057
1332  84.12532685347907
948  84.11786551390286
1327  84.11774097216643
1334  84.11504712357042
1323  84.11174088956821
1242  84.10866923739277
725  84.10758421203373
1233  84.10054758211211
1364  84.09785400883929
515  84.09050135309631
804  84.07814400007815
451  84.07682052462187
751  84.07382714946726
890  84.04333375329958
402  83.36360134318562
365  83.36041032690835
409  83.35588100459447
565  83.33169380931781
368  83.24977492942465
1030  83.24665414262269
497  83.24317490440114
358  83.23928363515763
360  83.23433644055402
812  83.19306214796978
808  83.15324841113993
974  83.14883389461052
590  83.04700741963177
1003  83.03842858128486
488  83.03430613645776
587  83.02849418057582
1113  83.00901127477144
404  82.37076506486545
977  82.32324385559996
1336  82.26542089052708
782  82.25583246775463
838  82.25490357645435
1367  82.24749866168023
1278  82.19914759034958
774  82.19460229635189
1168  82.19292757643
1289  82.19203806743423
1159  82.18289524901088
1195  82.1809702712508
1281  82.17377310683128
1128  82.1711612307113
1085  82.16809820340067
1361  82.16400280026247
1286  82.15942268052885
1283  82.15913045358113
994  82.15802169032165
1078  82.15239493949909
1091  82.15148512692761
1133  82.10532111046855
1095  82.10063670379324
1047  81.46841710146873
777  81.45327504154487
631  81.44526542142519
533  81.44105611773398
638  81.43325292495007
545  81.42723147091444
531  81.41736906883746
535  81.41315319580679
478  81.4069330253771
377  81.3240072259421
375  81.30878340215085
1300  81.30144480461787
1297  81.27712857997223
1303  81.27424048176607
1291  81.27215999859379
1294  81.24924193674502
1067  81.19954725255873
483  80.42649360264974
537  80.40816476026933
1258  80.40486372532573
1203  80.3935724059173
1347  80.38943828170032
542  80.3879324807008
439  80.37719033038076
563  80.37332607062244
567  80.36574001267704
441  80.36440039194673
443  80.3623159489998
544  79.49831966354775
985  79.49536618866902
573  79.4952879817634
577  79.4949801769764
1055  79.49059611614089
690  79.488066923662
546  79.48625283189536
1057  79.48415632673817
569  79.47726697958716
1355  79.46857468215966
446  79.46664663218202
1354  79.46413180913889
1353  79.46406736687298
447  79.45876071366246
772  79.45032825077445
817  79.44881584895576
444  79.44367850046375
398  79.44124891549282
403  79.4406656723968
394  79.43620254093406
1029  79.43535812712338
1045  79.42616418087404
395  79.42401551705503
649  79.4230098051129
998  79.42279596962945
809  79.41949500305046
706  79.4102273953826
405  79.40200103738894
1087  78.58648424128941
581  78.51069502908425
675  78.49219739706635
1223  78.48554670878754
1041  78.47347416231754
1092  78.3878668317005
511  77.53665466660352
396  77.53335738612891
390  75.80921689387966
374  75.7998285623269
376  75.79626194930582
1132  75.78792595829792
1089  75.78789432216726
387  75.78023126319817
379  75.77858891285496
384  75.77575684096192
388  75.7717753740915
382  75.76160063009847
741  75.75932707516418
1137  75.75434049407028
775  75.75388690436586
380  75.75099191744202
1363  75.72348211910632
513  75.70242790831209
452  75.61143520977465
730  75.60646415079533
845  75.6004676663014
454  75.5936216883172
453  75.59014705509375
1432  75.57019336618177
461  75.56362325058943
1022  74.73613636269884
1162  74.72637291992358
392  74.70792331201449
1180  74.68327464449905
737  73.84279126464516
614  73.83876690861776
1138  73.72004503103254
1235  71.66579549207576
455  71.65189062813204
951  71.64980558372697
541  71.0263411006681
1333  71.02154146272875
1243  71.0122101848211
539  71.0066231663815
1324  71.00657934326021
1328  71.00330669478842
1042  71.00263951982012
543  71.0010962770097
880  70.99893535705769
726  70.97333649894064
509  70.79295561657949
999  70.78028843019372
689  70.65540831416456
508  69.77392244213361
1356  69.7738975079347
1167  69.77042342640152
371  69.76522703029289
1136  69.76346485464445
976  69.76127681988864
500  69.75941736492886
1139  69.75767168374846
979  69.74458336664802
1093  69.74107609806768
1088  69.73311843463671
549  69.729340021771
674  69.08121220027598
547  69.07530114598461
1135  69.07211004835283
1176  69.06790454416834
971  69.0634311402963
1058  69.05913483867573
691  69.05123084335975
1056  69.0393735964818
1006  68.87580341046154
389  68.86868730625827
969  68.86328979775351
1023  68.86169705011231
605  68.85722733022611
1026  68.85392947532249
1146  68.85178288915547
1096  68.84700498077748
715  68.84628420657084
1184  68.83958235060311
973  68.83244880801928
1441  68.82576189728513
1033  68.82188530488678
1401  67.93501910473182
1397  67.92438485480028
1039  67.92326571064406
1390  67.91816282302572
855  67.91741267929947
1395  67.90798630628261
1174  67.90133671477636
1399  67.89619948981952
1036  67.8945147652446
514  67.0972586451126
516  67.0658155338186
697  67.06431945089335
793  67.05706759063989
1187  67.05261320821684
869  67.04963036509317
1262  67.04146185992796
875  67.03907818143959
149  67.03734223177412
1222  67.0304164380383
1384  67.02386604861918
1358  67.02277286657187
1010  67.00006372576613
412  66.99957175999148
1108  66.99485553815354
1149  66.99104011641313
1046  66.98937324550639
1028  66.98757092488971
1237  66.97877692807184
401  66.96733980738063
792  66.95708827382505
1001  66.95037649964998
1292  66.23556423215246
1290  66.21141107582241
529  66.20995767837152
318  66.1738155644487
338  66.14552636613318
1446  66.14491378785203
1451  66.14361660798893
321  66.1417100039579
1213  66.13987317239047
1117  66.13782761538498
301  66.13684976108689
1447  66.13671171730932
1442  66.13494493802429
1015  66.13441465632603
519  66.13189434425752
1444  66.12999752846534
337  66.12974466182865
1020  66.12956718653214
323  66.12868269937776
335  66.1275602653183
984  66.12580130345577
1081  66.12559088850323
1380  66.12550383692933
327  66.12297527823385
1450  66.12147716307923
1061  66.1135402012937
314  66.10730097647725
1211  66.10642361097808
340  66.1012130358481
312  66.09974401848471
480  66.0974269232135
1261  66.07284044655529
1265  66.06989500628171
1130  66.06546465028063
238  66.06515842602424
1079  66.05140298276633
1267  66.04281690692916
1250  66.02833184277615
334  65.25565259748736
1027  65.22525821668836
1229  65.20792295073946
493  65.2010714773108
1024  65.1967898652087
1070  65.1906609734313
520  65.18891897214338
1349  65.18874367846188
1054  65.17234339247366
1256  65.04814450147768
1253  65.0419406407417
1198  64.2808898538388
291  64.25115174038297
192  64.24401093175199
190  64.23047353337975
1219  64.22717862699336
1164  64.21499925664287
188  62.299779900627215
1051  62.28935017716235
283  62.24278865890101
292  61.45664090865375
293  61.44696269355977
1072  61.239868584217795
1068  61.2275653534035
997  60.36669044097929
1011  60.360466154372524
1147  60.35221518875921
1007  60.34933546541867
428  60.34721523239625
996  60.344288368932915
517  60.34166296877951
1152  60.33669250260765
1104  60.33079439329422
1214  60.33013428396999
1016  60.3106943819159
332  58.42716919649047
211  57.53771347440308
1362  57.468397123080095
356  57.39414289746797
574  57.3498357861806
345  57.345433809830396
557  57.34274686570505
354  57.33344220677393
349  57.332763116979955
1119  57.33112969934982
372  57.32427145679763
578  57.3196549390842
556  57.31750202677013
552  57.306986732904136
247  56.541078328911475
242  56.52430988331607
245  56.51931369522795
240  56.50444257217003
306  55.54935809048712
363  55.54370375982882
361  55.54349629355078
468  55.54221632223338
781  55.53514585573078
1116  55.53267316047527
495  55.53143417395826
467  55.52887283166289
492  55.52779188267121
310  55.518564715281705
457  55.51202925886287
307  55.51130889549089
309  55.5082098150382
471  55.50652367410712
304  55.50336852857453
1202  55.48883276425182
1366  54.61518340591757
442  54.595685979692
440  54.58577004729568
1371  54.583289511235996
1231  54.57925440534684
246  53.7508321005224
159  53.7329684070395
158  53.730899167304365
157  53.72533764679784
182  53.72415732843774
160  53.71760238084782
170  53.680424535369234
1372  53.639459345092185
986  53.634013820282796
161  51.8067134156629
1151  51.78717021355202
1248  51.760638671001686
823  51.74436981788639
175  50.84858078392523
165  50.84657563388122
173  50.84394332728961
172  50.84222690628645
167  50.84024677409364
174  50.831145729094196
1377  50.74454591979935
1373  50.73119983823225
1375  50.71561220347679
450  50.699778866960884
1374  50.699601464745705
1141  49.97949297157857
1157  48.930066430887436
1311  48.92197833596108
1155  48.90260959291498
1315  48.897793449527235
1370  48.855136167124385
1154  48.85449091777374
437  48.846657232944054
1126  48.846624055634244
435  46.99283646106718
1369  46.982735481728426
432  46.97765534488991
429  46.93613422583994
193  44.96039107506363
1014  44.17206740311694
343  44.109361098390906
1280  44.09657843047432
553  44.08417655930818
297  44.03333592251329
241  38.56115713813074
1320  38.51879960439503
1209  38.364230021136905
393  38.3603191502432
924  38.35627205822264
195  38.34948466270513
204  38.34414960421177
196  38.339147206330345
222  38.17518467637327
163  37.62856345099276
199  35.55497796407573
202  35.52176834211302
1165  33.448324926795024
191  33.444625952260346
189  33.40301163176266
1066  32.719884222427666
146  32.716668325465434
1227  32.703565215097
145  32.70136800346487
144  32.69581045611754
137  32.694866332370204
138  32.677606567954605
141  30.80990153338051
143  30.808902755375108
1359  29.700934708140228
975  29.699179520755006
147  29.66948892332524
978  29.660332369640173
171  28.982546021934063
1105  26.691163529048918
1345  25.83067077788351
1340  25.814192560382065
108  22.84897658839391
88  22.822365258264803
109  22.821482881362506
107  22.805883023721734
93  22.80256661575919
96  22.797605209322434
106  22.792692113747552
91  22.78508420061755
130  22.78315948873948
90  22.777860157925467
110  21.880740514097297
112  21.8714075046789
1049  21.869800527148286
114  21.864104915400944
1191  20.979279286665136
206  20.967609726876912
237  20.310940575143416
236  20.298523108987332
1325  20.063640803574664
1143  20.055325155046773
116  20.014496000086954
118  20.013091301946414
117  20.001595191514035
119  19.990925213481535
220  19.982098356740092
186  19.203437777416834
1449  19.18659180750283
180  18.952250146391115
177  18.951086490211477
378  18.944675805478706
179  18.93073905792159
229  18.278474073716815
228  18.2715303280926
185  18.235620914903343
187  18.197710812174993
1052  18.191983780904685
1448  18.185369730829755
342  18.177105093176124
719  17.23058216786692
721  17.224529071132796
740  17.21894464269039
723  17.21598340903762
732  17.19418741054261
754  17.18801660569718
209  17.129290966347778
339  15.39163749600654
103  14.427813575007692
105  14.40740916490385
256  14.177099143841883
205  13.405168318080214
1131  13.383983855292007
1107  13.380200836798068
800  13.3732776401754
1005  13.367534090270585
1251  13.365538359110161
151  13.34388592847613
153  13.318438646347012
156  13.291062649635027
155  13.275009428839608
1186  12.522859084567667
150  12.375160133393974
162  12.346747660726647
169  12.339563065844061
1351  11.738991587229098
131  11.72859573937309
133  11.720900602272609
326  11.60766925953243
1285  11.555858849192992
1169  11.548968206665503
1120  11.5472369150281
1282  11.54091817817488
1287  11.531676818017
995  11.52514296262503
1301  11.516601423677246
1295  11.510228031580963
1298  11.51020717009894
1232  10.74915862785215
134  10.746657084876714
1339  10.733726378013076
1207  10.730964661556008
135  10.685138663510259
1344  10.676771546252763
776  10.595861799025723
210  10.27971631459667
445  9.741069328985011
911  9.722893629524602
718  9.715775505161554
842  9.695553397687116
914  9.687534721382248
1178  9.54966433273968
1350  8.685902615917486
278  8.681386350880562
99  8.632826908387498
129  8.631633399212218
127  8.631371304215277
126  8.62762391039778
235  8.622094325128604
120  8.616102420183307
1277  8.611447853649894
121  8.61071240144874
181  8.601699174458828
128  8.601674638939091
101  8.597241518516567
100  8.59679291177063
122  8.596264660520175
125  8.596035626276251
123  8.579119128190765
1148  8.571959167780856
305  8.562489655984589
320  8.49709717353381
325  8.489070779359256
85  8.482604187911294
154  8.481184450776823
1062  8.479819193458448
1160  7.807575346725956
449  7.788007313654733
1134  7.787494502649048
1090  7.784622299966207
1094  7.768721663082003
115  7.765648717948544
263  7.643848122076901
152  7.6271155765394285
148  7.577923960255451
1414  7.000225386998636
1201  6.996939389522064
1188  6.987341107149234
1406  6.980438795722516
1409  6.97604360470829
1416  6.971637089451786
1403  6.958645601182914
868  6.889482612576813
850  6.877948987636775
863  6.8738139114212435
861  6.869402770391845
862  6.868035917090323
857  6.863339711223379
676  6.862768037247556
876  6.8625629805639035
895  6.861182548287713
848  6.856942115416981
709  6.853652228133836
888  6.851024357952032
854  6.850258295697806
856  6.850101591354033
874  6.850002777797569
849  6.848402814994399
858  6.844795359304808
865  6.844070369769936
759  6.842656379664301
852  6.8374919271291645
847  6.834835316423171
904  6.833260107935253
853  6.830238580672979
425  6.792915185476245
566  6.79003134854813
420  6.777144072890451
166  6.776883870803383
572  6.768071269150959
1271  6.767570264812851
1263  6.764108412042052
1205  6.763836588673027
1254  6.760750958713791
1225  6.75811310903419
1111  6.754154162762287
568  6.748693198655314
97  6.74454337608131
1259  6.734888734310338
1019  6.592433423741919
1435  6.0275713699291
747  5.8696578892728155
894  5.868274791192577
957  5.866610010863411
887  5.866006874372557
736  5.858474473237348
840  5.856132644583885
790  5.855915261174494
878  5.854421186106441
828  5.854319692802111
755  5.854050348471656
658  5.852104013184409
652  5.846989798355398
660  5.84527721819794
648  5.841565900976076
807  5.8402191812204585
954  5.839880685848689
643  5.839303049797968
694  5.83834981928107
836  5.8381496200802
818  5.837788475869774
835  5.837676192605346
1218  5.836734460986747
826  5.836453264721109
841  5.835849720486832
886  5.833421540684783
692  5.829004254461894
833  5.82521835624193
1438  5.103883458524429
655  5.1019170619005125
331  5.071462955432048
1073  5.063816325129153
111  5.059070101329462
564  5.0550684278959235
113  5.053708595382501
87  5.051115767108092
1069  5.046227561115645
296  5.044849905142569
1273  4.945325970705104
164  4.940134440912172
580  4.932612834527914
575  4.9205474712493364
673  4.919415916524192
1216  4.911051800287367
69  4.8240048310579455
341  4.805994227220029
1240  4.768879259779088
233  4.745327049846186
183  4.74186524999526
1179  4.740929272360526
1037  4.734600927565743
1040  4.723033780626216
908  4.104662181067459
662  4.072401645968857
907  4.050388604067558
667  4.049660225050244
664  4.045141615012902
819  4.036049351227482
843  3.9846151440384308
813  3.9750570961641034
201  3.9654225893371127
909  3.161555714634673
285  3.1520782892486707
225  3.143997310544365
956  3.1431300999964327
582  3.137751795997624
785  3.136746524164372
910  3.128323385772137
654  3.124970807451503
1224  3.122844257107631
650  3.1165848519958286
627  3.0716531890836225
124  3.053590447253105
779  2.996891588080513
635  2.9954371965080986
427  2.9894982297280874
657  2.972083048378391
54  2.87543677202713
801  2.4432675384628566
797  2.420678493575118
330  2.4055962013661354
328  2.3954330187223216
324  2.3916099596339744
487  2.3890769111190178
1221  2.3775636551175316
322  2.3765225145425366
560  2.2538155665912796
1044  2.199186906497077
770  2.1691591216628816
783  2.1653410567253175
839  2.159532688310032
688  2.1465651794226757
815  2.143895266353653
698  2.1413405236960847
787  2.140935396806882
773  2.138057679727507
950  2.1323844029302195
763  2.1292809163856274
806  1.3849956280774818
922  1.3841993460553157
744  1.3817503641467201
727  1.379153559603532
928  1.378869826403952
934  1.3767826579739857
936  1.375636960701948
939  1.3749992727591815
710  1.374293956966019
918  1.3713053258259587
832  1.3704286231786866
734  1.3701620122584524
931  1.3699591559311457
941  1.3688591079507757
898  1.3670352575493891
851  1.3589387581572503
798  1.3558484770213315
926  1.3550550451791932
750  1.3529437791815202
940  1.3523784924306541
739  1.3520991414472663
699  1.3451234637324665
200  1.3392669215222652
561  1.3317834522831424
942  1.3282091472965174
945  1.3242342004535537
943  1.3237179021451628
955  1.3216778559437168
816  1.2932968417594928
771  1.292371557930552
711  1.2913613551776855
702  1.2848591185792382
767  1.220500291861845
178  1.2057563005334897
176  1.1950641006666496
364  1.1947712259050136
84  1.1899273585815942
234  1.1839526168534749
953  0.5893731506586994
400  0.5867191584402041
1337  0.5802613344017136
760  0.576749295794661
758  0.5758476597963356
799  0.5750779090014336
207  0.5704086653894583
1335  0.5703452516862356
864  0.5696795087953461
679  0.5668752087253583
860  0.5665832408053815
846  0.5663369488942278
891  0.566260251992212
670  0.5660103669577212
1241  0.5645799988106169
902  0.5645650523548849
933  0.5645092095034747
925  0.5642199509481459
883  0.5638654856846462
927  0.5566071768659203
881  0.5562365614833862
705  0.5562023170087481
921  0.5528761716110453
917  0.551717693070342
184  0.5516118574531051
729  0.550278337556897
811  0.550214564977961
768  0.5455115969212603
870  0.5432523322401738
1076  0.5415163543539752
913  0.540654296390592
1346  0.539871712100854
896  0.5385398791449938
724  0.5362313812332349
919  0.5341555563204051
810  0.5326344405398182
903  0.5310544394689365
889  0.5288101397763046
1035  0.5284326136027708
958  0.5276362377477024
879  0.5257348493163263
298  0.5243749340920019
967  0.5238672625136837
683  0.5214627712822325
303  0.519511529643028
294  0.5190837937575741
824  0.518781843299543
1381  0.5186150701773867
962  0.5185398416175021
901  0.5166025094621427
1341  0.5164498758256921
92  0.5154216226110452
663  0.5150221081479289
746  0.5145110127975617
716  0.5142342807739394
885  0.5141025730447542
944  0.5136066837010989
659  0.5127847881125187
814  0.5123698559501034
786  0.5121317477672368
915  0.5111608815731549
825  0.5111070982172383
959  0.51040652775069
653  0.5101616090246325
677  0.5092035466914115
892  0.5077907150523401
794  0.507368423855232
1436  0.5070291969403549
968  0.5067937564254842
947  0.5062180966007634
1012  0.5051438131988736
491  0.5050594581190782
693  0.5049439014947761
1080  0.5044849902088108
764  0.5043522940348676
749  0.5041060335054193
905  0.5040243818949331
473  0.5038650877892522
1025  0.5035189107414156
695  0.5030293595097827
666  0.5024274045088296
1445  0.5012745009344027
966  0.5006897666075434
1443  0.5004458759774142
1017  0.5002874325422291
877  0.49984741257674165
219  0.4996994212452107
686  0.49899237429733134
930  0.4987368627169333
132  0.49832049656434785
990  0.4976199524782407
961  0.49717212698290686
963  0.49673230102285004
946  0.4959072321516591
867  0.494543853401583
821  0.4938602918861316
960  0.4938406205844075
829  0.4933207610926155
524  0.49323522208588094
938  0.4928557288403599
912  0.4919763166618769
752  0.4907904485292437
608  0.49005322633730425
965  0.48981090534524047
935  0.4886647312195138
678  0.48807144688893134
916  0.4879077022089739
680  0.48721975236290666
212  0.4869035538284003
518  0.48687245155733155
700  0.486362796662575
735  0.4845519107931858
748  0.4842568493436404
685  0.4842456345840567
717  0.48350315577261727
762  0.4834368858496555
788  0.4823704169256955
681  0.4823512342171535
214  0.4823072235064275
217  0.4821614963818837
707  0.48173109845328077
805  0.4805716802087548
743  0.4772815525849379
646  0.4760088998434804
668  0.47583366141312233
218  0.47345095842910984
1275  0.46506482576756225
1279  0.4602121807224841
102  0.4573607300057903
346  0.4567172562288941
761  0.456064067474542
1293  0.4560598403097839
104  0.44290409753103777
703  0.4427471614496154
1357  0.43802629513400193
98  0.43458796308703074
1032  0.4242992238597028
142  0.4235287240880284
949  0.42157379452731236
1145  0.4186176189757913
140  0.41823609138256435
647  0.41331373994173504
704  0.4111392736248752
900  0.4094121039351795
397  0.40933427857635346
642  0.40888541330731104
893  0.4074791935411654
1228  0.4074632610284156
714  0.4073508044493382
474  0.4072901064231631
645  0.4071801791006689
136  0.4062852155896457
682  0.40357531352417614
952  0.4035616425576738
897  0.40276042249290567
708  0.40267214069604834
757  0.3998419371639915
778  0.39955852929474445
696  0.39822247780899495
766  0.39688453829570935
769  0.3962932312311879
859  0.3947067549820032
687  0.39290952968748616
738  0.38873075495440296
756  0.38614305533837257
920  0.3819385553955145
1  0.0
2  0.0
3  0.0
4  0.0
5  0.0
6  0.0
7  0.0
8  0.0
9  0.0
10  0.0
11  0.0
12  0.0
13  0.0
14  0.0
15  0.0
16  0.0
17  0.0
18  0.0
19  0.0
20  0.0
21  0.0
22  0.0
23  0.0
24  0.0
25  0.0
26  0.0
27  0.0
28  0.0
29  0.0
30  0.0
31  0.0
32  0.0
33  0.0
34  0.0
35  0.0
36  0.0
37  0.0
38  0.0
39  0.0
40  0.0
41  0.0
42  0.0
43  0.0
44  0.0
45  0.0
46  0.0
47  0.0
48  0.0
49  0.0
50  0.0
51  0.0
52  0.0
53  0.0
55  0.0
56  0.0
57  0.0
58  0.0
59  0.0
60  0.0
61  0.0
62  0.0
63  0.0
64  0.0
65  0.0
66  0.0
67  0.0
68  0.0
70  0.0
71  0.0
72  0.0
73  0.0
74  0.0
75  0.0
76  0.0
77  0.0
78  0.0
79  0.0
80  0.0
81  0.0
82  0.0
83  0.0
86  0.0
89  0.0
94  0.0
95  0.0
168  0.0
194  0.0
197  0.0
198  0.0
203  0.0
208  0.0
213  0.0
215  0.0
216  0.0
221  0.0
223  0.0
224  0.0
226  0.0
227  0.0
230  0.0
231  0.0
232  0.0
239  0.0
243  0.0
244  0.0
248  0.0
249  0.0
250  0.0
251  0.0
252  0.0
253  0.0
254  0.0
255  0.0
257  0.0
258  0.0
259  0.0
260  0.0
261  0.0
262  0.0
264  0.0
265  0.0
266  0.0
267  0.0
268  0.0
269  0.0
270  0.0
271  0.0
272  0.0
273  0.0
274  0.0
275  0.0
276  0.0
277  0.0
279  0.0
280  0.0
281  0.0
282  0.0
284  0.0
286  0.0
287  0.0
288  0.0
289  0.0
357  0.0
362  0.0
369  0.0
373  0.0
381  0.0
383  0.0
386  0.0
399  0.0
407  0.0
408  0.0
411  0.0
413  0.0
414  0.0
416  0.0
418  0.0
419  0.0
421  0.0
422  0.0
423  0.0
424  0.0
430  0.0
431  0.0
433  0.0
436  0.0
438  0.0
448  0.0
456  0.0
458  0.0
459  0.0
460  0.0
462  0.0
463  0.0
465  0.0
466  0.0
469  0.0
470  0.0
472  0.0
521  0.0
522  0.0
525  0.0
526  0.0
527  0.0
528  0.0
550  0.0
551  0.0
554  0.0
555  0.0
558  0.0
559  0.0
562  0.0
570  0.0
571  0.0
576  0.0
579  0.0
583  0.0
584  0.0
585  0.0
586  0.0
588  0.0
589  0.0
591  0.0
592  0.0
593  0.0
594  0.0
595  0.0
596  0.0
597  0.0
598  0.0
599  0.0
600  0.0
601  0.0
602  0.0
603  0.0
604  0.0
606  0.0
607  0.0
609  0.0
610  0.0
611  0.0
612  0.0
613  0.0
615  0.0
616  0.0
617  0.0
618  0.0
619  0.0
620  0.0
621  0.0
622  0.0
623  0.0
624  0.0
625  0.0
626  0.0
628  0.0
629  0.0
630  0.0
632  0.0
633  0.0
634  0.0
636  0.0
637  0.0
639  0.0
640  0.0
641  0.0
731  0.0
789  0.0
795  0.0
802  0.0
831  0.0
866  0.0
899  0.0
906  0.0
923  0.0
929  0.0
932  0.0
937  0.0
989  0.0
992  0.0
1031  0.0
1034  0.0
1043  0.0
1053  0.0
1060  0.0
1106  0.0
1123  0.0
1127  0.0
1140  0.0
1150  0.0
1171  0.0
1172  0.0
1185  0.0
1189  0.0
1215  0.0
1220  0.0
1226  0.0
1230  0.0
1238  0.0
1244  0.0
1246  0.0
1249  0.0
1270  0.0
1274  0.0
1276  0.0
1342  0.0
1412  0.0
1415  0.0
1418  0.0
1430  0.0
1431  0.0
