953  inf
978  inf
1609  111.21886839387074
1265  111.21385278874281
606  111.21103628125746
1298  111.18613147824242
1344  111.18508382665725
603  111.18442906183648
1521  111.17521734080991
1330  111.16733964218894
1296  111.16074428852195
1728  111.15894758513309
1300  111.14994412601938
1226  111.14850704669453
1511  111.12022244033173
1730  111.09246175939987
1413  110.3180186002541
1533  110.28264273308497
1123  110.2738348034917
1649  110.26262991811362
1479  110.25586458135055
1248  110.25561407035167
1146  110.25491481319044
1529  110.2515802737833
1389  110.24926701144969
1148  110.24185060517709
1319  110.23924900270845
1513  110.23001535187765
1331  110.22918192577005
142  110.2281339422583
934  110.22518441212728
1054  110.22228157935685
1694  110.22181583612986
830  110.21863131484065
1407  110.21862880895901
139  110.21628510612076
1676  110.21569551502685
1569  110.21317548133229
1550  110.21261370114874
1336  110.20978859379083
1329  110.20660508150108
1623  110.20304623647489
1580  110.20110635245766
1470  110.2011019376839
1333  110.20091639794704
1297  110.19756787998644
1150  110.19146195313515
1672  110.19096394127718
1320  110.19095260656903
1543  110.18575051430983
1019  110.18459523959626
1312  110.1798145689051
1325  110.17033740763968
885  110.16632962771955
1410  110.1560061781753
1640  110.15430970767434
1596  109.2892132017911
837  109.28324157429614
1626  109.27548495691904
1514  109.26714019249636
1415  109.26602637185387
1152  109.26462109445791
1281  109.26387047903843
1255  109.26359954677262
1532  109.26334890488752
1322  109.26205846178927
1278  109.25670437399053
1477  109.25291541569075
1731  109.2527908169242
960  109.24855939428693
1416  109.24752395837265
928  109.24667088507509
1471  109.24653483284258
1551  109.246527075481
881  109.24610710427048
1431  109.2447394286854
1438  109.24435920207245
1610  109.24332056382137
1643  109.24325910256057
1544  109.24289296088368
619  109.24053405891085
1269  109.23912452987487
1127  109.23782539872856
1384  109.23748635612803
1495  109.23321919017683
615  109.23249004383261
1277  109.2275103138416
1646  109.22748489577893
1720  109.22671388261655
1559  109.22620456911494
1280  109.2246874949549
841  109.21887156485244
1505  109.21834102913877
1637  109.2179368634578
1582  109.21578848542275
1286  109.2156989900177
1657  109.21462146821945
1493  109.21242551195525
1273  109.21217552539787
1712  109.21204438697933
1294  109.21146291612298
1484  109.21140516289444
1433  109.2097986985273
1290  109.20878898152047
1570  109.20837242390266
1311  109.20812781152111
1534  109.20751508853861
1289  109.20710974966411
1515  109.2063799745347
1131  109.20495968830018
795  109.19999550071265
1602  109.19946644266645
1386  109.19771772045388
1414  109.19389601888803
1187  109.19248929637465
1616  109.18886276218757
1342  109.18879010087439
1292  109.18749663809545
1480  109.18747766752412
1613  109.18725634431365
1276  109.18502761419019
1499  109.18482848518065
774  109.18446244143551
794  109.18323402792808
802  109.18254060253105
865  109.17954572687476
1383  109.1769562937584
1715  109.17574510244721
1308  109.17536726271857
775  109.17528160163955
580  109.1752435433158
1284  109.17457722546195
1446  109.1682935365051
1593  109.16723831921327
945  109.1625226518449
1271  109.15900720288359
1483  109.15829643723316
1578  109.1580417408068
571  108.57022670962857
1304  108.53512845921747
1443  108.53283303354227
1708  108.53076133949774
562  108.49641050124426
1518  108.49220605673646
1590  108.49100121744144
233  108.48139201521724
567  108.48012068895798
1600  108.47579051753463
1726  108.47215204085352
1393  108.46313096068913
1260  108.46032212682952
1547  108.44173829225396
1704  108.42999806879992
1724  108.42994169012178
1395  108.41240098837906
1399  108.3923138646094
931  108.38961999787855
592  108.38327234028745
1603  108.25589920004641
1347  108.24811160484218
660  107.79129541621246
1722  107.78545290183673
1718  107.77458405205985
1210  107.76571352711451
1641  107.75131652525097
1327  107.74731503656315
1429  107.7372293418467
1301  107.73447895375001
563  107.72283484090664
1546  107.7188152221007
1530  107.71291678317436
585  107.7077233243581
1716  107.70013896090757
1629  107.69754667537833
572  107.69445546799201
583  107.69152288640095
589  107.68549890711932
588  107.67944077480321
1425  107.67591776544513
889  107.66834911079296
1612  107.64315713658694
568  107.64174254375881
586  107.63679985172122
861  107.63155705633335
578  107.62323257261772
1673  107.61688065824637
1606  107.5409899649727
1686  107.53165450336495
1398  107.52918793261345
412  107.52860224572059
390  107.52822222528853
594  107.5273504513943
1697  107.52263910942929
1679  107.52032105951741
374  107.518532170157
1560  107.517178264456
1684  107.51603444185194
376  107.5140914391305
371  107.5123656946089
409  107.51104588341549
378  107.50577496450991
395  107.50564806542317
1387  107.50150357285914
1402  107.50137524243432
1380  107.50002670221079
382  107.49892216254123
1382  107.49615295215973
373  107.4961253510449
1664  107.49515752198613
1647  107.49454958418308
403  107.49395873432958
358  107.49372179742284
577  107.49230842580785
388  107.49188868167774
175  107.49177182735181
415  107.49168520225345
607  107.49134252565477
392  107.49077582005157
866  107.48559225963054
1674  107.48448444871072
449  107.48444968036291
384  107.48269669384062
187  107.48221400376956
1332  107.4817403950602
360  107.48146428309788
396  107.48090501110123
356  107.47681344485386
183  107.47608034993046
770  107.47434272423145
406  107.4743145285507
372  107.47386447341869
1719  107.47317929705387
171  107.4707543756825
405  107.46964234028728
1670  107.46919289228975
1597  107.46858574473276
894  107.46771337633402
1487  107.46677064421023
599  107.46460862418456
440  107.46284600318523
1519  107.46221199359533
362  107.4606549924898
416  107.45870496397072
1531  107.45853711635876
581  107.4577307328621
1678  107.45761927298123
1302  107.45751856490709
1667  107.4573741331251
949  107.45708479199776
1504  107.45514411395177
1500  107.45504448220001
414  107.45470616465383
1326  107.4543772851486
190  107.4523074941903
413  107.45193358163885
368  107.4511304483484
179  107.44894887489922
354  107.44837141030844
447  107.44829483723451
408  107.44683302545326
359  107.44546009973689
365  107.44534219553594
417  107.44436372456698
381  107.44425537748792
1707  107.44308315398305
1291  107.44042635273067
1642  107.43980387686685
370  107.43892493589496
1696  107.4354434905685
1496  107.43378777820554
402  107.43304479621192
944  107.43304384060971
394  107.4292831010878
1682  107.42924439987983
1699  107.42895139373823
1318  107.42791852937256
1492  107.4258099343279
364  107.42426024423513
177  107.42369359604709
173  107.42359433721182
1658  107.42156867865232
426  107.41768654826195
164  107.41764510198344
434  107.4148947352563
1213  107.41296650157624
393  107.41010631219831
1426  107.40427246565679
1405  107.39251794617626
400  107.37563236315994
537  107.36782373901042
1636  107.33180707594187
542  106.97760576800344
1456  106.96983375137987
1523  106.95041913451281
558  106.92749841031865
527  106.92531898181531
1419  106.90721907754266
576  106.84772698270412
1011  106.7448902401673
144  106.73807074909888
540  106.08237662020206
230  105.92748268657645
1662  105.9132501894943
1180  105.76388111811454
1173  105.76144473979002
1448  105.74279261172452
1349  105.72602076353445
1219  105.69300611003025
74  105.64663431169085
137  105.57229432651431
641  105.53864754884258
656  105.53567990096275
210  105.50841202540373
1424  105.50588000705302
1335  105.50518848417444
1439  105.45495069704296
1436  105.45391420156216
995  105.44376575109075
535  105.27549742848042
1668  105.20471814138831
1317  105.19958172102426
63  105.1952892560821
1378  104.98003950487717
214  104.6938717736861
1538  104.61274466756198
616  104.54586646904532
620  104.52591625645677
1557  104.52114952204305
1685  104.49213449354592
621  104.48593742320129
1310  104.46386961197797
617  104.46327343333977
239  104.44979809939329
72  103.89746467112896
70  103.86302634972206
1408  103.86019803588343
1126  103.85958717686454
225  103.8548051094223
1411  103.84912863459103
1091  103.84454131549185
1524  103.84322608884509
636  103.82528810508636
223  103.80805727919645
227  103.80579852689866
638  103.80526669327831
1509  103.79286341281987
1371  103.78809460886136
1634  103.77914916377499
744  103.75568876673432
1263  103.7512667052031
601  103.7183389501569
609  103.71355355646303
604  103.7101429362886
614  103.70978048941927
1688  103.67771111418735
1469  103.61179761709374
743  103.59425264677533
936  103.56780736011984
748  103.48278586799951
1299  103.39879313312562
553  103.38929177907421
549  103.31200082482938
548  103.26558840383714
1482  103.05055626140388
1475  103.04813515998725
1403  103.04407341465885
500  103.03853035600264
1293  103.02491183676139
1666  103.01776656870679
1661  103.01758446890423
981  103.00899840631273
1158  102.99666898148968
503  102.99574575982061
1510  102.98374868661749
1404  102.95942763180119
492  102.76432076219514
612  102.74477782665537
582  102.74167177962441
963  102.72986472005411
608  102.72421569009053
610  102.71801622743496
1705  102.69534483698256
1619  102.66722543495315
496  102.22106854662935
1615  102.20757700203507
1197  102.18767631775101
1459  102.1848270803346
1070  102.04593124962747
1575  102.00169114939463
717  101.96021456575625
1088  101.91889420337552
1369  101.84803381983023
1363  101.84082282016125
1365  101.82043442033644
1417  101.68113828207629
1503  101.67028594449704
1437  101.65404553859545
1421  101.64737226673857
1441  101.6384239682573
1274  101.61893103816719
1427  101.61692136804109
1440  101.61388077384315
1430  101.61191384009256
1572  101.5599471736265
1435  101.55677546259855
1577  101.49050385617605
1507  101.28851111732048
1573  101.16570252326186
1442  101.09794389311574
153  98.42319198758965
1695  98.38444206078097
1701  98.0175763546022
812  98.00015869170426
1394  97.9947987544135
903  97.9335050995658
684  97.92324787622847
512  96.71067477656663
1598  96.68764463150183
516  96.68717019263254
507  96.64276029306944
515  96.61989091733899
1272  96.22816162396555
1270  96.20558248492
1036  95.71608064784316
221  95.70612982798019
1168  95.68710353096691
1370  94.24819368405106
1391  94.24045212471466
1385  94.1682683421126
1151  94.14313756291322
1381  94.11136459470545
630  94.10754282359387
629  93.9871387998616
1501  93.59566760059059
1542  93.56107886118616
1390  93.55775983543707
1153  92.6032639256612
1283  91.94241615502017
639  91.87924025691414
829  91.87615140849834
1585  91.84629276869826
644  91.83936636662561
1288  91.81854164809556
642  91.81489983476153
1489  91.53459249067818
150  91.48828136502787
1541  91.48625774622191
1491  91.46344496575243
297  91.43952748013675
1677  91.01753377022006
597  91.01014209925974
1690  91.00002466666297
645  90.97084154849915
1379  90.96697970417219
1586  90.7702351590758
1595  90.7424719255368
1698  90.71416671259183
1285  90.67868624767533
1287  90.6629705088285
1564  90.61820184930826
1422  89.95266477194292
1455  89.88953673399548
1275  89.85326720274358
458  89.83312245602956
1644  89.80879358471665
1624  89.80866725833398
454  89.80022672558522
1592  89.78862294259325
1428  89.78649381284359
1282  89.78449343966629
1576  89.78203605568046
235  89.75645326138478
1556  89.7102018675988
1432  89.70907838900156
1614  89.70646588359894
459  89.69657666897452
1295  89.69495482589699
1418  89.69100903576145
1656  89.66596469115696
1558  89.66565402798045
453  89.65561155887256
366  89.65483996888035
1665  89.56369543382674
1671  89.54253499708376
1571  89.51475403390542
1589  88.9951474086202
1462  88.92723910813216
943  88.89524482420961
1314  88.86474399916726
1653  88.84380982628865
964  88.83590221815643
1517  88.83222641791289
1467  88.82741160902293
1681  88.81536213461068
1631  88.79873299748428
984  88.79314144210828
1526  88.78202329645946
215  88.76228209722932
1468  88.73186015676289
1368  88.6875553961042
1350  88.65480167510806
1618  88.65248568001137
271  87.90672192846793
1227  87.80563475749929
1625  87.68974741671019
1568  87.01658791590386
1732  86.91973008371752
622  86.91235524438801
1258  86.82105069230272
1323  86.80300952294517
1536  86.77347539546534
1525  86.74632805669641
1520  86.73348901717239
1337  86.64660036908286
853  86.14868603393903
1702  86.11170028145068
1687  86.10690485525659
587  86.102735466132
1444  86.06701962239076
573  86.05457947369
491  86.02894880233464
1434  86.02263975991625
584  85.98732456058403
579  85.96851796304793
261  85.94315679222872
1252  85.9407447916274
1305  85.91652792065096
1611  85.91650900009094
505  85.83643584782757
1334  85.24906832217376
1567  85.20405080298161
1703  85.11737778589688
1141  83.23844766753164
999  83.20646336527244
1608  82.10171857959259
532  82.069333498889
1423  81.60753145445831
543  81.59612118821143
1535  81.57683821299756
1522  81.56171317816461
1358  81.54247583251687
1645  81.53292693317837
1709  81.51983300988059
1420  81.51321953898186
1303  81.51159606965113
1376  81.50773756153387
1374  81.46724488265373
1457  81.4671126971364
1622  81.3929885055316
613  79.31757507569243
247  79.2786091814114
611  79.27224951693162
245  79.27194818948927
216  78.62476244561927
1632  77.9453884552845
905  77.92102957532661
1106  77.91384720101645
890  77.8919185186633
255  77.88878683550942
1211  77.88770618338786
814  77.87661782447216
1659  77.8757188591268
1339  77.86660708465024
1340  77.85075522994308
1163  77.81314987888005
1587  77.32313706617894
1307  77.31123662936238
1630  77.19265602529796
224  77.1788782299663
1652  77.17396346371915
222  77.16794576332033
226  77.14242649184625
1313  77.06278954791742
1639  77.05770750055335
474  75.17745355493555
469  75.03362140838819
472  75.0166483863376
471  74.99070350014394
468  74.21041048103879
466  73.94873732180196
1502  72.25842717571395
1157  72.2415175518237
220  72.19376318915036
1669  71.55910006236789
1663  71.51916852640299
463  71.49643080350059
465  71.4178358832501
464  71.38948218260535
462  71.37151644347506
750  68.97955648348187
218  68.97873738114515
194  68.01185746827612
195  67.99585421995438
845  67.96950849801142
1473  67.94146916933786
193  67.8006249786401
1140  67.67938657688295
998  67.58388339963975
89  67.2134321171144
489  66.34359279442891
92  66.21940174004615
266  66.21527940971981
1591  66.1913871525976
94  66.16046637070359
1324  66.13694626416404
93  66.10828925666863
502  66.0605456552139
1655  65.93055662975388
156  64.14639412370376
91  63.82588431754693
528  63.74249260400532
526  63.73848695312968
90  63.72168832866358
1132  63.35933329516285
401  63.35690255968166
391  63.31801866287582
1711  63.309348946788504
1710  63.29861877595799
125  63.298090578905764
1306  63.23548190941943
399  63.21753845985247
1648  63.21618954436522
1488  63.21572153024902
128  63.155650242403595
129  63.07506706101965
1706  63.06611703241204
1316  62.93253535254797
488  62.69566499845713
176  62.560563384865354
178  62.54891885503064
172  62.53271936309331
383  62.525579948283124
385  62.49464071808051
174  62.47765096859338
182  62.466815825733796
186  62.466186120250235
169  62.313131523378104
1508  60.31827551318354
397  60.30877956319888
273  57.11955271351147
270  56.99190265871955
157  56.826776780652594
1633  56.37734019198618
481  56.310088223126854
486  56.28052104792542
1660  56.277562684556656
375  56.2546919188598
476  56.245175498728
478  56.23779206450557
480  56.215561029895
377  56.133533913621534
161  56.125503717365326
379  56.11847832130238
279  53.31500999237634
282  53.253171428365896
95  53.24105508000229
284  53.22819675279246
339  52.49787284325933
342  52.43566053016503
159  52.42096503864339
337  52.408561700010786
1583  52.394480593319265
160  52.369589933613966
166  51.3841665412866
1527  51.36968109533223
130  51.36215612396854
1607  51.345004849787394
155  51.33280832287432
1620  51.285068590374884
141  51.28304132754743
138  51.278875155089686
170  51.27821915568243
168  51.23071415849821
132  51.20448147935072
135  51.187019917896166
134  47.242050535746074
531  47.16911833412118
880  47.12559141020292
554  46.91124216771462
1452  46.59074218685798
330  46.51284233375769
595  45.96203942332129
1691  45.95030382198865
75  45.35383300698591
204  45.34258525015059
68  45.315884871144696
140  45.30697910427389
73  45.30081179320272
136  45.20399835576151
202  45.19703303179152
163  41.160534878897884
80  40.86378708131196
76  40.86261462280243
590  40.826311527522314
78  40.79391585933379
145  40.61808459111285
363  40.59348240961569
151  40.33810437301549
148  40.3026246074998
154  40.271654929476
209  39.957117098680094
1355  39.944003724227606
1545  39.932486998102355
101  35.384442263821356
146  34.77143673664834
143  34.57537064576812
149  34.48262820764002
152  34.474566153658074
1447  34.38425010147347
126  34.37872692529749
127  34.27468152270539
71  32.94820196180304
69  32.89110646448413
97  31.634685063270513
96  31.32738450040302
100  31.25687587315608
51  31.07235328441771
1223  30.99645547898088
523  30.906030226785404
508  30.81904129983942
53  30.783888476197784
518  30.779488259558825
184  30.74761655074491
188  30.73544830880333
81  29.245163699855283
82  29.06116553658158
115  28.770959931927006
121  28.744104791496202
123  28.70993090534347
119  28.69289076235472
1549  28.668377798552456
117  28.646526938973448
158  27.273164122336766
1584  27.257055453883375
1713  27.255782354365508
77  27.177875456744637
1476  27.170424642095465
79  27.142072011636927
47  26.496667206251924
31  26.43465609043525
34  26.37351104610085
295  26.192188203173117
180  26.16737821572727
49  26.11100281785536
389  24.8001568783528
38  24.785773289707013
387  24.742112506921522
380  24.741344597920826
386  24.729525775311526
452  23.977194586237598
167  23.786862611984915
191  23.621181689639087
102  23.284995165321245
1506  23.02138838794995
433  22.49679940224525
439  22.39255691248843
1200  22.181642626119576
437  22.115296227401494
1017  22.008253367919515
1080  20.811124376163452
1651  20.79380479467561
675  20.6308733896202
1605  19.881111274821738
940  17.23054444705331
446  17.21471304158516
1185  17.17898342151481
1002  17.172585272007378
56  17.15928506962126
1234  17.149703452448726
1243  17.117482247848127
1172  17.04098401575665
445  17.031911133304586
448  17.023741145797096
443  17.010641098387506
1225  17.006589225797473
44  17.00629955542911
1218  16.992862690838574
1198  16.940526087212277
1221  16.90269852879685
1179  16.874402763885833
450  16.8603942625816
55  16.85684326115192
58  16.821348187827773
206  16.767997984056027
46  16.695099316278142
54  16.614166662908108
45  16.487413371377396
1020  16.22887363560703
1044  16.21827359719115
994  16.16907557137312
1024  16.083648737462244
1135  15.92636782200823
1136  15.861176583772899
87  14.281775779129575
85  14.264258942894386
1445  14.22594462686934
1253  14.209155939581342
62  13.750188367784945
1351  13.723414397967213
213  13.661666633982687
541  13.650036513536437
192  13.641236952110244
506  13.594888738513983
522  13.563586025359335
504  13.556259893081657
511  13.54506598509397
514  13.521719427561724
1169  13.494531871947919
1599  13.447451535446792
357  13.384120947127817
35  12.862565355252153
162  12.824081238498914
275  12.759651565732751
37  12.714355214934114
36  12.690270915225994
83  12.664343349968144
165  12.595724745654314
263  12.53705938629915
189  12.149451650558959
536  12.047649001821286
1450  11.86978861299139
538  11.75728570668156
60  11.749877681903387
103  11.723319510543176
113  11.692349672904871
111  11.689462823143366
106  11.662361985584027
110  11.644171947392378
108  11.630960743278562
105  11.627049085512418
114  11.592842444435659
664  11.545583083490703
788  11.521559064853747
792  11.45326686233186
217  11.43937377498256
668  11.413726736691824
634  11.395630426060851
818  11.355418568524536
1472  11.00115152886529
361  10.919316241057494
674  10.630712047690599
680  10.532781683541865
803  10.505663130852154
797  10.412706028966966
699  9.588024773684882
99  9.5232406548054
1186  9.444290077816406
1232  8.48459122737053
918  8.341671064902068
947  8.3181812852198
367  8.237241732198326
1555  8.153590259049615
1516  8.072720517342848
369  8.067984631347997
1683  7.9653568919243645
1574  7.9459193978121485
1628  7.927109344020633
1566  7.904192007509941
411  7.903499587319403
422  7.9032814406086835
425  7.89597380902353
427  7.8904006591330536
672  7.861763938336334
859  7.85355786268336
631  7.8501306258247885
435  7.844286977791929
39  7.8061489337358125
1680  7.749196276673465
710  7.743622257978057
501  7.739923236309193
1635  7.703707540034805
1372  7.702276178264249
887  7.7015513910739735
923  7.682717904661678
980  7.679684232142908
1075  7.580537443107031
43  7.335560988962371
41  7.305499572165289
42  7.214410229284341
418  6.970474573972436
1238  6.864894471866396
1129  6.860534339587313
991  6.818418788887925
952  6.816481251272555
708  6.799905763559534
1345  6.790413889838295
800  6.749503684960143
883  6.714947821280248
899  6.671450874464011
1215  6.612340345296904
1268  6.609365460010156
819  6.024479107467171
1124  6.01192989252271
1154  5.950853220954637
793  5.947928833407341
892  5.900093859178918
908  5.833442035852607
926  5.83199374413157
1051  5.825090307962771
1085  5.754739191834421
913  5.683267936296949
1115  5.620514346844138
677  5.609058090917053
1100  5.587511420642349
914  5.579575538650759
1133  5.56857262335777
874  5.535459316345832
985  5.5050938946935135
954  5.49545376035353
965  5.478924183980994
897  5.411440665355443
906  5.405917354006547
1360  5.395997794205505
1205  5.38193902257287
879  5.375863493475298
1045  5.359055849736008
1240  5.357780891841237
197  5.330679973061486
1174  5.328339637965747
870  5.323032199551683
877  5.319819598508449
706  5.286102553701351
878  5.271100536149225
1485  5.266172231689153
976  5.257194110694895
1038  5.253191387396202
982  5.243509985998914
1203  5.240344643174392
873  5.230636514043757
921  5.2286014647459504
1041  5.224853187833365
876  5.217621695620185
1076  5.199341247699114
1122  5.1972865346692725
935  5.196342126914147
1030  5.184647975972108
1065  5.181562468671419
907  5.180685238020235
1581  5.18020709127784
704  5.152159000768252
705  5.1454794777550115
959  5.141588076228229
685  5.08833659183397
1354  4.955136332693109
652  4.879111750793523
689  4.8530688630662375
1321  4.727014794109928
780  4.550073492443267
686  4.523553551157026
1257  4.449966657671277
1087  4.432140867763947
909  4.430815303136959
1043  4.40742470755908
687  4.378515314822035
681  4.204752186872479
683  4.1275050203201795
682  4.028457151661031
1167  3.754601793513031
1254  3.7465848367906465
1055  3.68085120755692
1561  3.6401937521796546
420  3.6126007686474866
300  3.604778538325618
1490  3.6037617285229304
1032  3.5853815545840644
517  3.555177236243008
1727  3.5355485596721943
1497  3.52925683114334
1147  3.4648067793304693
1149  3.4593279877509295
1235  3.454735685279321
1481  3.452514259438257
1723  3.4505790516558403
1236  3.4501780892755494
1721  3.44978902325791
836  3.4390637983911105
1594  3.434545352590446
1725  3.4197109070342724
1717  3.4094833831547215
1001  3.4032490467828436
1714  3.3852878310088643
1601  3.3709255900016144
1562  3.369367653839384
1498  3.367158213723114
1007  3.3651215858935943
1193  3.357297712051497
1010  3.3544267320479553
1458  3.34642039927189
1082  3.340301519230573
1052  3.334335729453639
1244  3.307337139862234
1191  3.3029047568271723
1040  3.2865570477772366
205  3.2574651280116553
1022  3.2568591621594924
203  3.235315040008552
1189  3.231137294149261
133  3.195146747033795
207  3.0998516061266295
1013  3.0674457148430347
1092  3.047685894752111
942  3.0178753242170573
927  3.011390443152322
1079  2.934455227855214
1095  2.9058472950581096
40  2.8038234435762592
902  2.766993310941426
1121  2.6090435057725903
1035  2.596044352484314
1166  2.5540688105942837
1178  2.547857449658523
884  2.516069744048533
1164  2.4816400125147275
1183  2.45341724173822
948  2.4348183259843292
823  2.42792628467175
219  2.409022854972237
1093  2.400526062204058
1604  2.3809828946917153
564  2.3750415978743367
559  2.3604300995228433
1199  2.3583394595599656
569  2.319360198801588
211  2.3073984449420166
1049  2.1062461884487487
1241  2.0628756966576556
1192  1.8588121728017768
1084  1.7940133580354345
1083  1.7746369209346529
1026  1.764793271438154
1078  1.760981336788171
1397  1.7543650476626904
872  1.752268042882779
789  1.747023686734926
118  1.7415910907059593
1548  1.7325217960699941
246  1.7306768556546739
122  1.714804818278773
591  1.7121349675211224
1021  1.7082633654756723
1251  1.704618001379313
688  1.7033969695771554
1006  1.6939349405958275
1401  1.6876522419370215
901  1.6708330295391238
600  1.670245327615352
1494  1.667366145324334
124  1.6651534795224194
116  1.6573534372323178
785  1.6533591805998349
120  1.6422407386895466
977  1.4838899306591327
848  1.4620041602533498
1217  1.4449442508558066
1233  1.4386038647375496
1145  1.4146277414138855
966  1.4061370368007087
1208  1.3837879700051374
835  1.3494595730314167
429  1.0518967549520675
1109  1.0487296906745653
849  1.0481787201779278
50  1.043590908832339
1170  1.0350533825809753
484  1.0139047729927082
52  1.013010382542886
1014  1.0103842773792298
487  1.0038361229881618
974  1.0029754932785893
1309  0.9754537187758068
825  0.97506926537995
1692  0.972370556252875
822  0.9696339458492823
950  0.9664496907689578
575  0.9579231101705924
48  0.957698257238742
805  0.9566527760129768
181  0.9526569015324972
1097  0.9524554484234546
979  0.9522180232517653
967  0.9498378057870204
185  0.9494145255208628
519  0.9483410942402446
1259  0.9442965946206325
596  0.9435802569527509
955  0.9405978281771583
941  0.9378089194187382
1134  0.9368367020627261
1231  0.9351706279053884
791  0.9323369228377962
1177  0.9320879965666803
1315  0.9312052161557847
1230  0.9300951875645957
787  0.9252830649627457
1061  0.9245466803495859
816  0.9240969810970681
1214  0.9237566394993177
956  0.920739558216021
784  0.9197850076221881
1073  0.9174241569909998
919  0.9155982780118141
886  0.9150660478880153
1207  0.9143086306374668
1028  0.9115150873237983
989  0.9098888007991915
1156  0.9096128484384526
1201  0.908713748322012
824  0.904971723806381
1338  0.9022572934750677
1512  0.9015686736064102
911  0.8996962770611516
1206  0.8980712330103126
862  0.8974400131994925
993  0.8953666631832199
1537  0.8802648865615167
1216  0.8781890477782308
929  0.8755149536042337
798  0.8641644258990773
1089  0.8640678777794207
1004  0.8589694781677697
896  0.8587330296728778
1693  0.8584522912808253
782  0.8576225229554156
1729  0.8564095492083323
1264  0.8555346899073494
88  0.8550955235678945
1478  0.8546925027122788
1239  0.8541501368968821
1037  0.8534164554119156
1015  0.850455074825274
777  0.8483201138312504
970  0.8465458200774425
1160  0.8423375220285714
779  0.8409285381198766
1182  0.8385906915522883
355  0.8384769130547253
1675  0.8381802571779544
1204  0.835083475651282
1579  0.8337401091535336
1165  0.8328608904598562
1188  0.8308737471935642
846  0.8301047643404232
1086  0.8216245755503397
1224  0.8206915615688285
1237  0.8202991897196155
1202  0.8177015170170921
1654  0.8175886799746208
1588  0.8161865552863937
860  0.8151202802145402
1171  0.8146439472097988
1343  0.805273873651697
662  0.8033418761540253
1650  0.7834999206239573
893  0.7785494106758079
1266  0.7772310695657454
973  0.7700322901073258
1029  0.7627479076668108
1356  0.7607974508367856
891  0.7591207315371302
98  0.7572751325486385
971  0.7557227897653631
1064  0.7536060781935257
925  0.7075983867952648
900  0.7012242294200309
932  0.5306264371042134
801  0.48086629788957297
840  0.47813089120932745
821  0.4690552529854061
826  0.453326203375324
1267  0.4497809324555308
1392  0.4487765485552874
1474  0.44469972571064514
958  0.44306417764579303
839  0.4379317856771303
969  0.42725512177695485
832  0.4262053986198966
1406  0.4252896081876731
1181  0.4250499685907703
1056  0.42342862891741523
1400  0.4223511844862033
1388  0.42114037246588537
772  0.41974383826660183
1176  0.41535878442615853
1003  0.4128500253797078
990  0.41167716252067726
1261  0.4115403883173139
1396  0.41135938797865973
1005  0.40990384922041995
1412  0.40979598670622747
1242  0.4095805344738679
871  0.40957685481338896
1057  0.40765978480762394
477  0.4067529990296979
933  0.4065316427650223
1539  0.4052832760983927
961  0.4032565975307257
479  0.4006370791960708
831  0.39868883478821676
1367  0.39808229903537007
1190  0.3972285800246081
1144  0.3964773743094849
1638  0.3963834930018937
198  0.39551847601748147
713  0.39539436444722426
1142  0.39334410802978836
773  0.39330494601268745
147  0.39256445899601244
1058  0.38603884964672436
1059  0.3855869755205143
1099  0.38269140368997107
196  0.3801801991204778
1096  0.38003099564633325
1689  0.3798285412740056
473  0.3786963611674588
962  0.3782058357661364
1409  0.37807896475993163
1039  0.3770492130305519
1108  0.3760279077473809
1104  0.3757063737076094
605  0.3751830572131578
996  0.37469699773790616
602  0.3736328376645835
1262  0.37358612340384817
1352  0.37357629088990135
997  0.3721564218424683
1617  0.37208260328902937
828  0.3720119233916587
200  0.37098876615551135
1074  0.37081072536579235
1071  0.3705218939843374
968  0.3699764044125746
1025  0.36826391629600735
986  0.3657906065351808
868  0.36277447790541467
475  0.3584370664198057
1053  0.3580085843481788
1247  0.3578149166671097
1256  0.35759015171324365
1128  0.356503894010328
1195  0.3558665092363522
882  0.3530031560202027
808  0.3517683011961395
1050  0.3517162002815735
1009  0.35029903876957974
810  0.346912694969748
432  0.34328759663663283
1031  0.3423201188848892
975  0.3392902713836514
598  0.33879987604870476
838  0.3375907557494122
404  0.33514748127107913
1118  0.33370636667327297
807  0.3320732128387836
438  0.3258135265869953
1175  0.32574766789403914
813  0.32020831843620895
1138  0.3164236854825561
1246  0.3152127426759927
850  0.31448277760889237
1700  0.3133926577748026
1000  0.3101652358478846
1098  0.3089598455581941
659  0.30726192367965016
806  0.307213431210099
771  0.30367841748761354
1105  0.2993173320143667
815  0.2981623549995098
930  0.29405048439937687
809  0.293076870808564
1119  0.2914283840100808
1528  0.290831532970149
781  0.29050108186778684
1143  0.2893925529252133
1068  0.2892193248947265
988  0.2890730523893647
827  0.28780795109543217
854  0.28767592833766537
67  0.28759275622867314
1229  0.28627953476706647
811  0.28572484537848325
790  0.2856155828868949
1245  0.2853348233058219
1184  0.2852883450108282
858  0.2832960525690535
856  0.2829031986067068
852  0.2821717109873029
1209  0.2816448511822989
1161  0.2811271263168178
857  0.28085601140172617
436  0.28082684945150377
1155  0.2799098784159398
904  0.27989198951899924
833  0.2797648041453206
1460  0.27938511733159066
1621  0.27914751092104745
804  0.2785409495701881
817  0.27588799034244044
428  0.2752639812238963
847  0.27509213479550004
1194  0.274524999702168
786  0.27437292908340477
66  0.273984017670393
1125  0.27390991386433494
957  0.2725021999019659
1034  0.2718382069444473
65  0.26752822038306356
1212  0.26531157207669026
851  0.264512721411893
842  0.2642737340050135
864  0.26366319098092245
863  0.2628895615173386
1046  0.26188132819398446
237  0.26076881403447066
1090  0.2579330237454525
1137  0.25737605482882914
1328  0.25643828967281185
855  0.2563746913436871
1162  0.2557877743413029
987  0.25578262225322673
820  0.2547067229535062
1060  0.25104907274902827
924  0.2504669094043774
844  0.24918905457813503
1346  0.24904980079056074
951  0.2465603088009912
776  0.24533161436849146
1196  0.24422434672644192
1012  0.24374113878232676
1110  0.2426463727942277
843  0.24137716525981842
1130  0.2412792682392428
1066  0.24062674242238477
834  0.2385616068842007
1008  0.23737997736775004
1117  0.23728681539250804
799  0.23611948831177343
992  0.23514794834681876
1114  0.23424780125581976
1112  0.2322088065899157
1465  0.23195471437013715
1018  0.23162698910721113
131  0.22844472633570068
912  0.22782516267910083
888  0.2259066585084523
1139  0.22533831438845406
895  0.22400537885871372
1228  0.22239704358953438
1016  0.22152116882306808
1220  0.221338144093042
1159  0.21467191805294739
1027  0.21309070523351936
867  0.21271217392688538
1102  0.21254397688538162
1063  0.21240557385615066
593  0.21204183911874408
910  0.21101954313624086
778  0.20399233553693363
938  0.20155709943167213
112  0.20040953594536207
234  0.19924499493918102
1116  0.19783350366867514
1111  0.1970409439208909
1081  0.19603628872092801
1249  0.19505349179478895
917  0.19285925900511458
922  0.1923548999474268
983  0.19174559895253385
107  0.19104642682575226
946  0.19096888769652345
920  0.18902563772538938
1449  0.18705479519166443
1023  0.1840955189864103
937  0.18392654331319047
972  0.18332515778506842
939  0.1831414630533276
783  0.18249452733655389
1107  0.17842809578186689
1101  0.17429109841850157
796  0.1706125692607855
109  0.16651417864995868
1069  0.1562886496744579
1072  0.15113716684006254
916  0.1294156512970756
915  0.12500426659389943
64  0.12337250269759592
1  0.0
2  0.0
3  0.0
4  0.0
5  0.0
6  0.0
7  0.0
8  0.0
9  0.0
10  0.0
11  0.0
12  0.0
13  0.0
14  0.0
15  0.0
16  0.0
17  0.0
18  0.0
19  0.0
20  0.0
21  0.0
22  0.0
23  0.0
24  0.0
25  0.0
26  0.0
27  0.0
28  0.0
29  0.0
30  0.0
32  0.0
33  0.0
57  0.0
59  0.0
61  0.0
84  0.0
86  0.0
104  0.0
199  0.0
201  0.0
208  0.0
212  0.0
228  0.0
229  0.0
231  0.0
232  0.0
236  0.0
238  0.0
240  0.0
241  0.0
242  0.0
243  0.0
244  0.0
248  0.0
249  0.0
250  0.0
251  0.0
252  0.0
253  0.0
254  0.0
256  0.0
257  0.0
258  0.0
259  0.0
260  0.0
262  0.0
264  0.0
265  0.0
267  0.0
268  0.0
269  0.0
272  0.0
274  0.0
276  0.0
277  0.0
278  0.0
280  0.0
281  0.0
283  0.0
285  0.0
286  0.0
287  0.0
288  0.0
289  0.0
290  0.0
291  0.0
292  0.0
293  0.0
294  0.0
296  0.0
298  0.0
299  0.0
301  0.0
302  0.0
303  0.0
304  0.0
305  0.0
306  0.0
307  0.0
308  0.0
309  0.0
310  0.0
311  0.0
312  0.0
313  0.0
314  0.0
315  0.0
316  0.0
317  0.0
318  0.0
319  0.0
320  0.0
321  0.0
322  0.0
323  0.0
324  0.0
325  0.0
326  0.0
327  0.0
328  0.0
329  0.0
331  0.0
332  0.0
333  0.0
334  0.0
335  0.0
336  0.0
338  0.0
340  0.0
341  0.0
343  0.0
344  0.0
345  0.0
346  0.0
347  0.0
348  0.0
349  0.0
350  0.0
351  0.0
352  0.0
353  0.0
398  0.0
407  0.0
410  0.0
419  0.0
421  0.0
423  0.0
424  0.0
430  0.0
431  0.0
441  0.0
442  0.0
444  0.0
451  0.0
455  0.0
456  0.0
457  0.0
460  0.0
461  0.0
467  0.0
470  0.0
482  0.0
483  0.0
485  0.0
490  0.0
493  0.0
494  0.0
495  0.0
497  0.0
498  0.0
499  0.0
509  0.0
510  0.0
513  0.0
520  0.0
521  0.0
524  0.0
525  0.0
529  0.0
530  0.0
533  0.0
534  0.0
539  0.0
544  0.0
545  0.0
546  0.0
547  0.0
550  0.0
551  0.0
552  0.0
555  0.0
556  0.0
557  0.0
560  0.0
561  0.0
565  0.0
566  0.0
570  0.0
574  0.0
618  0.0
623  0.0
624  0.0
625  0.0
626  0.0
627  0.0
628  0.0
632  0.0
633  0.0
635  0.0
637  0.0
640  0.0
643  0.0
646  0.0
647  0.0
648  0.0
649  0.0
650  0.0
651  0.0
653  0.0
654  0.0
655  0.0
657  0.0
658  0.0
661  0.0
663  0.0
665  0.0
666  0.0
667  0.0
669  0.0
670  0.0
671  0.0
673  0.0
676  0.0
678  0.0
679  0.0
690  0.0
691  0.0
692  0.0
693  0.0
694  0.0
695  0.0
696  0.0
697  0.0
698  0.0
700  0.0
701  0.0
702  0.0
703  0.0
707  0.0
709  0.0
711  0.0
712  0.0
714  0.0
715  0.0
716  0.0
718  0.0
719  0.0
720  0.0
721  0.0
722  0.0
723  0.0
724  0.0
725  0.0
726  0.0
727  0.0
728  0.0
729  0.0
730  0.0
731  0.0
732  0.0
733  0.0
734  0.0
735  0.0
736  0.0
737  0.0
738  0.0
739  0.0
740  0.0
741  0.0
742  0.0
745  0.0
746  0.0
747  0.0
749  0.0
751  0.0
752  0.0
753  0.0
754  0.0
755  0.0
756  0.0
757  0.0
758  0.0
759  0.0
760  0.0
761  0.0
762  0.0
763  0.0
764  0.0
765  0.0
766  0.0
767  0.0
768  0.0
769  0.0
869  0.0
875  0.0
898  0.0
1033  0.0
1042  0.0
1047  0.0
1048  0.0
1062  0.0
1067  0.0
1077  0.0
1094  0.0
1103  0.0
1113  0.0
1120  0.0
1222  0.0
1250  0.0
1279  0.0
1341  0.0
1348  0.0
1353  0.0
1357  0.0
1359  0.0
1361  0.0
1362  0.0
1364  0.0
1366  0.0
1373  0.0
1375  0.0
1377  0.0
1451  0.0
1453  0.0
1454  0.0
1461  0.0
1463  0.0
1464  0.0
1466  0.0
1486  0.0
1540  0.0
1552  0.0
1553  0.0
1554  0.0
1563  0.0
1565  0.0
1627  0.0
