898  121.63361860472371
858  121.6298197788331
1562  121.62149266457659
1561  121.61129489859601
1715  121.60430306453924
1700  121.59398269365175
1377  121.57985049516296
948  121.5767612213399
1553  121.57154444908959
1577  120.57463024692856
1648  120.57381768657743
1525  120.57174495311705
1645  120.56424378093256
166  120.56170811344697
1445  120.56097840153512
1063  120.55995331954526
505  120.55977922690681
1763  120.55865868031768
1399  120.55847048922276
122  120.55786959305276
1698  120.55697655585621
173  120.55437369510447
1482  120.5531249675776
1740  120.55144120896165
1623  120.54889348898487
1758  120.54736604083375
1267  120.54400662090215
1489  120.54322773728805
666  120.54177284822069
1428  120.54042884295527
1395  120.53934733575801
998  120.53388527284187
1691  120.53374524914484
1391  120.53350725683612
1490  120.53340427027736
1442  120.53312302878537
1255  120.53262912459732
1752  120.53254358154614
679  120.5323974654828
170  120.53234704769574
1654  120.53043464430226
875  120.53013751645554
653  120.5300044243261
1420  120.52912284016439
1672  120.52100916762575
648  120.51971067563426
1687  120.51944306935842
1749  120.51106463438818
1479  120.51061091484104
1710  120.50782757078129
1619  120.5077990195409
1714  120.5061957354403
1421  120.50303112930095
1669  120.49898055141647
1009  120.4984378594273
1345  120.4968138522895
168  120.48454151431228
1641  120.48351066542104
1580  119.53385560369921
1576  119.52259999820166
645  119.52128785442001
1582  119.51705387134082
1252  119.51398798396372
496  119.513954055492
205  119.51110216962162
1757  119.50885325127928
972  119.50774725712822
1049  119.50757630515128
1708  119.50749172518275
452  119.50570193405298
1613  119.50513317463995
235  119.50490082109987
1673  119.50398944787821
1764  119.50314306492741
1748  119.50102526903375
1320  119.50036967356718
1668  119.50013314357426
1741  119.49681290836959
659  119.49648033788058
1357  119.49241510721265
230  119.49067834745735
1394  119.49013005052043
1335  119.48878834096864
1144  119.48876671982048
1389  119.48754052917701
1747  119.48650630527226
1722  119.48578373684946
642  119.48504552240003
1605  119.48456329519574
213  119.48429058700442
1737  119.483976429465
1530  119.48299645171802
1571  119.48254516638883
1767  119.48183228542425
1245  119.4817301553664
1706  119.48141922634785
996  119.48093951491
1694  119.4808996186336
647  119.47926124915583
1765  119.47766613119292
1499  119.47759195380823
1053  119.47669155447574
1343  119.4765208636078
1373  119.47617757107679
665  119.47602503659269
1364  119.47470681780969
1608  119.47440569255676
1660  119.47071087718054
1754  119.47042182087591
1526  119.47032041236264
1709  119.4697209205115
1398  119.46892148093913
1358  119.46802398092179
1517  119.46745328064128
1643  119.46744396407203
1642  119.46722526368552
1704  119.46584307231784
1684  119.46502154895231
628  119.46230855917267
640  119.46193172429511
1602  119.46174217239596
215  119.45574825342192
1354  119.45558139950741
1723  119.4546064351198
1353  119.45074232837214
1514  119.44885610133194
1356  119.4459619965804
1380  119.44564072349563
1361  119.44435706865701
1728  119.44368180305409
1750  119.4387889910956
873  119.4384040721652
634  118.68560682407683
1745  118.68103508090731
577  118.6772486347684
1755  118.6579655001616
1732  118.64697083512569
635  118.6435568021745
581  118.64139300895563
1593  118.56912263325874
619  118.51414858391142
621  118.48875376264102
618  118.4757237501378
1661  118.41042716339416
1473  118.36358473293792
105  118.36166382991259
1718  118.3590312545914
1491  118.35562829142619
1434  118.35373252440803
1347  118.34471843697902
651  118.34453816828255
1368  118.33471862647785
1475  118.32624877223243
1371  118.32113890515845
1611  118.29204021655416
481  118.27582246266945
1418  118.27028117519598
1569  118.2445740683669
1456  118.24049829287155
1408  117.76477330364952
624  117.76304678946525
539  117.76208463046466
203  117.76205807995505
1554  117.75961484789703
702  117.75709689469494
623  117.7539456042836
93  117.74011486810014
1136  117.71525059837381
1537  117.70209696686996
210  117.66741007264166
208  117.65523003755631
1614  117.55491846600125
1626  117.55041940930819
1083  117.54392656625593
1570  117.54027808751331
1721  117.53450635399717
578  117.53035895643042
1382  117.52410490243159
1126  117.51227803259658
1070  117.50820366371065
1621  117.5034344337075
493  117.50330696406999
732  117.49924457758199
1753  117.45714934286309
1043  117.39378593183145
1234  117.27395160705684
993  117.23314635154222
1403  117.00545644108537
528  116.96033351766431
553  116.63447989106906
557  116.62562097208436
1374  116.6075314765291
570  116.60127379678168
1378  116.57165903601538
1381  116.57121030393672
544  116.53668538033156
888  116.21758044670025
437  116.2072817181827
209  116.20130908710252
1635  116.19799543955367
1369  116.19380109980445
1583  116.19266862315499
1707  116.18963618520121
407  116.1878830992947
891  116.1868651845149
1616  116.18656501265338
1682  116.18450462246355
211  116.18310363915177
201  116.18112870010106
1565  116.1803741141322
1402  116.18027521284851
388  116.17941134950529
1604  116.17917739949642
409  116.17790803690492
420  116.1778717695042
1424  116.17448484870866
398  116.17424302993994
406  116.17307533633918
408  116.1713333507246
199  116.17107340206678
1539  116.1701631665163
1674  116.16894288384835
660  116.16825025191913
1536  116.16819346716773
1587  116.1680235901792
436  116.1677413369743
1436  116.16770041863873
1724  116.16740826431811
1556  116.16603684984462
423  116.16545922623399
1729  116.16507032721421
1486  116.16499946654268
649  116.16498312325956
1533  116.16463645505763
430  116.16329523811476
1422  116.16304400684184
404  116.16285707472721
441  116.16249836112885
412  116.1616431529253
204  116.16159412378768
425  116.16154354386092
223  116.16111719368952
627  116.16097237318817
418  116.16072925627273
443  116.16064909216405
447  116.16022381725843
386  116.15986439197744
1731  116.15970287147137
1524  116.15909090779574
144  116.1571258353364
394  116.15645304071802
396  116.15609994361283
1264  116.1559174307925
392  116.15529426391664
220  116.15262184651718
1372  116.15227304958535
1701  116.15173243923344
1535  116.15160384763593
984  116.15068187898113
1675  116.15066040737797
1628  116.14856192560391
426  116.14837440871455
212  116.14826657464317
1494  116.14405869923844
1555  116.14402911698473
236  116.14357703381799
390  116.14254738488688
416  116.14092001926764
1746  116.14037370982966
405  116.1383097929971
402  116.13810260314494
397  116.13613854317933
484  116.13602296164241
438  116.136012942193
442  116.1331027875507
142  116.13246787342065
206  116.13143040146473
428  116.13033818634106
646  116.13015044561072
1534  116.12811166738831
207  116.1274084224669
400  116.11927915640489
202  116.11572158128915
421  116.11431767323757
59  116.08166186191048
1198  116.06471809721204
1076  116.06163645687646
55  116.04994738569732
1500  116.03676231985315
806  115.94292135246414
845  115.94021741279192
815  115.93081802647767
1433  115.92458425635354
1458  115.83439832910882
1317  115.82892888674085
882  115.82495956610705
675  115.81236402144529
95  115.77508063025459
1274  115.0426700767943
1292  115.03187110582911
1527  115.0161024459438
244  115.00229032470438
603  115.00004224412933
605  114.99852382037497
1734  114.9984523414404
1521  114.99194461876044
1649  114.97585054735043
1679  114.74367414944028
51  114.73386856107224
164  114.72217463820407
1538  114.70014646776451
542  114.37650626584033
587  114.07384981302312
601  114.06347806667674
736  114.06320367621464
193  114.03506489634297
590  114.03464096752185
1579  114.02578235273539
1529  114.0113450150237
1598  114.01047533373047
526  114.00901761019608
530  114.00697389126609
540  114.0061357179533
1350  113.99767848214384
944  113.95283302762303
663  113.94746453897841
780  113.89031113273616
673  113.49273133303457
97  113.48327855235543
599  113.13137355688254
594  113.11959092182134
499  113.11597503735564
597  113.11113881333897
592  113.0931692935628
1476  113.09297918747698
1717  113.08847921824099
1563  113.08436312928568
1572  113.08146267436533
503  113.07628868767044
1155  113.07296695358171
1742  113.06870741486716
511  113.05688336930984
655  113.05563189159564
1759  113.05551607426472
1338  112.800766583886
1483  112.80055351461091
572  112.77089518249161
1617  112.75606448847132
566  112.74181197508017
563  112.74029516962563
1196  112.67297062625433
1459  112.66580760683489
1484  112.57995948936674
1352  112.57127873949118
1481  112.56569456716305
1444  112.5625477722897
1487  112.55210992088864
1349  112.55004755183222
1331  112.54798998169362
1325  112.53969488329578
1726  112.11585427226589
1662  112.08629983792767
509  112.0786762166945
506  112.07033511589749
1544  111.94539675646631
1085  111.87384300406454
1471  111.87378184881685
1027  111.84792125948834
1046  111.84540869407033
1480  111.61895226649038
1348  111.60680398436091
502  111.13473136443173
866  111.04404753455738
1532  111.01297957650986
811  110.99670963755324
1336  110.96971609440263
1462  110.96017329319042
1461  110.94866098402997
1469  110.92755878986769
1466  110.92229780017068
1630  110.87096373159444
1653  110.85735434492432
1665  110.85450471085159
1360  110.84828798761849
1543  110.8412060252513
1006  110.83856600856015
1504  110.83505177893639
1506  110.82594684720789
1505  110.82439311948747
1498  110.82427693435591
1636  110.81960457164351
1688  110.789058775734
158  106.86260758073932
1405  106.81910347372742
1332  106.75324805340979
697  106.74786431802173
1450  106.74753545793277
1340  106.74603471870455
1326  106.72744568715335
1702  105.95142222434815
517  105.94685400106992
521  105.93988851531711
1612  105.93023636148986
516  105.90996348076035
1240  104.99264120766608
923  104.98805356515612
957  104.9454597036509
1376  104.86718228236808
1365  104.82600508281934
1719  101.90977000122713
1035  101.90854249911152
1478  101.89983129029348
1467  101.89196769353293
1472  101.88289165962668
1344  101.87934375542916
1346  101.87293666012955
1474  101.87181916553472
1062  101.85913745606776
1337  101.84370243774214
279  100.13747857891371
630  100.13223072751467
298  100.12484102390931
281  100.12083859643545
1658  99.96152737324374
1362  99.95713879261447
1502  99.95514930731406
960  99.94652152594664
1651  99.94465755246075
1324  99.94134731158607
1157  99.94022718170288
1367  99.93761887963268
1042  99.80907419574032
885  99.78607532856411
1153  99.76913846452683
1652  99.09186107118148
872  99.08494316609277
1366  99.0818280779563
1637  99.07802957784011
916  99.05506956062133
588  99.0448030582559
1501  99.03258950897205
1574  99.02844803131501
1404  99.02806624320314
550  99.01887574935336
1441  98.85713055836725
937  98.85221596414219
1443  98.827790514585
1771  98.69142765752197
1659  98.16446876002841
487  98.15928732836359
482  98.15386620085776
1644  98.14972217979361
1496  98.14107707272382
1363  98.13736522309567
1253  98.13534049842595
1355  98.13025215993079
1690  98.12880974662015
1639  98.12611331346147
1667  98.12602818499977
1631  98.08722232481058
377  97.15244143020111
1683  97.13039105840191
375  97.13023097985308
439  97.08842094196132
924  97.06736484546154
446  97.05092726620923
867  97.03950757964743
921  97.03735107726463
433  97.03447753582658
927  97.03430698955543
652  97.01419544572587
197  97.01354197386267
1235  97.01246715944161
48  97.00943844136657
488  97.00175193636046
445  96.99780754403879
1738  96.10342319425583
644  96.10195251141731
234  96.09721645200028
1397  96.095627720304
658  96.09502045443202
1705  96.0896372732453
233  96.08907990080556
221  96.08744016338206
639  96.08724534283698
1393  96.08698710101581
1634  96.08590426350867
1551  96.0807824480569
1633  96.07853796533145
1594  96.0728232964274
1657  96.06913664653958
1559  96.06452966237471
1321  96.06016888699179
1542  96.05235586886292
179  96.01220401418686
1008  95.99837610480867
532  95.99309029758847
536  95.98690042006695
667  95.98682960238914
186  95.98658911006399
796  95.97543967981808
249  95.1865808213581
1414  95.12806669725468
185  94.97866544860045
1270  94.23625896375526
226  94.22994268198714
224  94.22657349296833
1512  94.19918819771081
1697  94.19414893839344
1609  94.19079898470125
1518  94.1902894725574
1160  93.31890915733322
196  93.24019089258682
492  93.21414440171064
558  93.21155208389845
554  93.20757236304345
1615  93.20671612281485
543  93.19962613448324
195  93.19602041073111
865  93.13555514483944
242  92.21366540603628
1670  92.1643514621343
629  92.15905764353487
194  92.15753408079783
191  92.15651629991989
192  92.14846254515034
1692  92.14338570310703
1090  92.14208970449948
633  92.14121211565306
541  92.13695690061988
1730  92.12007879291457
214  90.1122480120995
857  90.10929698045226
1591  90.08508276134086
549  88.49116662697963
548  88.47482390277993
1091  88.34484170684559
1477  88.28373520127539
1597  88.24971979759502
656  88.24633971227604
1564  88.24333739404143
1384  88.24221617508506
1386  88.2401050996396
1520  88.23860956971967
1488  88.23856514942135
1383  88.23607703029447
1509  88.23417023637393
1468  88.2329182200157
1585  88.23241604738207
1760  88.22735538429293
1485  88.2262168601398
1716  88.22190436436576
1492  88.22078940376225
1523  88.21993230059468
510  88.20910398895974
1351  88.2076304478901
711  88.19193900722995
1756  85.58701647071436
216  85.57313418513904
218  85.55565144482918
1573  85.55356567630099
1330  83.55793198369481
1595  83.55512901143638
1448  83.55233065882182
613  83.54587025928086
1429  83.5415208300011
1287  83.5337091797738
232  83.53246099558234
606  83.5297213758758
229  83.52835651578904
1415  83.52059937972675
231  83.51064298134577
1334  83.50498213020786
1294  83.50355479738157
228  83.50098298253631
766  83.32626266557939
1646  83.31407167901614
1400  83.30742908908009
1392  83.30450656316793
1341  83.29469845888404
837  83.28875418671642
1720  83.28716723311953
1250  83.28678590516452
1396  83.28229365365125
465  80.65584301181838
464  80.6465206479757
519  80.62887338565102
466  80.61308961944066
467  80.6118082332048
461  79.71023597673494
462  79.6902905582371
453  76.74637878208421
458  76.73587726909034
448  76.73473549232696
450  76.72751689610523
455  76.72166493012598
451  76.71901169443171
457  76.71642831212189
1452  76.42604764046868
498  76.40648999338765
189  76.37945918747785
187  73.56903328731836
188  73.55248554697059
1663  72.63041435546343
1411  72.60766609689932
459  71.88259016516741
152  71.63937469659709
153  71.63926914279651
150  71.63888778404439
151  71.62762386492493
632  71.59694243550891
76  70.74741055782984
1546  70.73418286094024
1406  70.72283588962355
1677  70.71956491080937
690  70.7175889397816
1712  70.69532765324337
1584  69.78830195390137
79  69.781742853843
149  69.77876005227756
80  69.74787171498335
1588  67.71752105264068
114  67.68301663908136
133  67.66508462342341
1385  67.65973060482852
1733  67.65934301584912
395  66.87537025531486
78  66.87314372647072
112  66.85588241507503
1762  66.852441964526
89  66.8494257725401
403  66.84930512627595
90  66.84536746779986
401  66.82177101414575
126  66.7526589758785
479  66.72802260004323
1401  66.00184034810786
475  64.01894441362145
477  64.01071733137573
474  64.00687754510832
471  64.00344713790905
1410  64.00279957135463
1681  64.00024815588718
676  63.99087210609452
476  63.988281447924855
469  63.98291954614456
399  63.91457372999935
145  62.68740333868061
434  62.67454486463027
143  62.670639237034536
431  62.66857307954946
141  62.66679621827058
1170  62.66563513857902
520  62.65997170029942
535  62.655918507275096
524  62.647459781207246
529  62.61545152387871
83  60.10637397120527
82  60.10171044345477
1607  60.09600450059941
81  60.0883376458385
127  59.9964945558952
1560  59.98191742497598
260  59.973389706783415
380  58.796761396243106
129  58.79338904126267
378  58.792148479804574
130  58.78650591849432
100  56.99516943177145
1540  56.99332196991751
444  56.982011139217995
257  55.043951062606986
1550  55.023248448956544
657  55.02276683836405
128  55.02125645859014
75  54.02325731719379
661  54.01780460423392
1050  54.008604051935826
564  51.80656172158253
576  50.805077208856076
636  50.80201340097167
134  50.41267296711113
1388  50.410251533549484
171  50.40892658261694
1592  50.40226725029699
175  50.39864701320011
853  50.3963820198153
180  50.3938687342452
119  50.391265112954535
183  50.39004376378359
115  50.37307336726827
155  46.50623499251891
121  46.50098715141903
1430  46.493968323628366
123  46.47080761175769
365  45.18394268786588
135  44.04571773694693
72  44.03493961625179
547  44.03249991931592
1387  44.03210270069266
174  43.2248216540707
1431  43.221064389340505
176  43.21360115907456
1412  42.40527090887978
1678  42.40451372416205
71  42.38539005587863
69  42.37905025068077
70  42.374917740925845
823  42.3744228944726
139  42.35512888184762
182  40.94188507362789
1171  40.46314958154038
1547  40.44146944183013
88  39.54000227844878
98  37.384578474462074
92  37.37456096091691
96  37.35225722866684
94  37.32153627667778
625  34.60264905169945
113  34.595675101114765
111  34.58502684869275
1770  33.041253387548466
219  33.03593031123343
1768  33.0346730216809
217  33.02730939393518
1142  33.02018731210917
74  32.55801818617062
602  32.55251528621534
1739  32.148711327051345
1508  32.12500205108748
643  32.122713528866285
638  32.10129723976651
561  31.51923129399751
1379  31.51542894826602
555  31.513307200481126
109  31.502816135742023
108  31.496128391424417
559  31.476096945566937
45  31.161587753448636
43  31.14564015408712
1211  31.145418580634434
41  31.144762422061522
67  31.116975416183983
86  30.686766135177187
320  30.66636235177535
387  30.191020917799396
389  30.186741619499898
391  30.1840745585847
393  30.177398173762526
147  27.887009851039853
146  27.879182590955224
504  26.32408635305712
38  26.309002655876156
500  26.287911559992157
284  26.283450814250326
101  25.048018207980416
1685  24.03790839553249
85  21.45141585988053
292  21.424975281509933
84  21.405433341564798
1699  20.27231675633684
1541  20.27160810112712
440  20.270008887993278
37  20.245791206407706
620  19.499350874637372
1181  18.513739284381785
1081  18.348210562472577
1032  18.346060217493044
1002  18.338757801858755
1033  18.305945430075752
598  18.301807461242554
596  18.299326189742803
46  18.298124466484833
1507  18.240081693759688
1744  18.233830052375737
1589  18.23257899738935
895  18.218397128185426
49  18.09540399280682
1416  18.07996029609655
47  18.0670545884353
148  17.871123001279248
1225  17.86168347647223
124  17.857651248749693
507  17.852934432410997
125  17.850528900573543
200  17.841448159179265
1557  17.806661243486634
198  17.801956986727504
1601  17.523343367709373
928  17.45436461387678
1249  17.453382670412246
1246  17.42584305209171
415  17.404746493000417
637  17.31016248032397
132  17.297884052411305
1510  16.62351036067758
26  16.60073500223568
1515  16.59877349768216
1603  16.584716483706426
1596  16.51313702869456
58  16.35230443086228
62  16.35123549599914
61  16.33550698258202
60  16.321121153905
662  16.188598896146306
1743  16.184994676518162
338  16.18391070534857
1219  15.474348271439482
1257  15.459864223530328
1254  15.438816369492372
1216  15.437614628696922
103  14.78851766635266
468  14.773763786523665
463  14.769634707479588
107  14.764873323466006
104  14.758529393213061
106  14.744309035684623
470  14.742166846577717
473  14.735840851673204
131  14.734697247339499
27  14.422701909247074
50  14.315098774187945
52  14.292051816113004
54  14.289386636167198
56  14.287621130249486
682  14.04147989726825
787  14.033550889422262
791  14.03133641193765
680  14.029381296443178
669  14.02739285663711
788  13.554212359074626
695  13.550253553321763
781  13.535640173417653
783  13.525746450509732
712  12.796606337223182
1141  12.764152663954304
1277  12.760942599562384
698  12.577203341023193
886  12.557199580964925
692  12.230575506147025
932  11.87756562920104
313  11.86224304054727
311  11.857741340364571
1280  11.637450022814255
1282  11.635010617651824
1065  11.633991445479039
1281  11.633770357014852
1228  11.632397186064841
1329  11.626414441172054
1308  11.626237489330313
1078  11.616583848259992
1446  11.615638913591654
1638  11.615426170483348
1495  11.61525941404086
1307  11.61495193708427
1258  11.608606719149089
1231  11.607473753293903
1304  11.605648402301346
360  11.604956850806564
1689  11.60243719615346
1666  11.599937808212166
1095  11.599925220935337
973  11.591998736323106
1102  11.581694190169603
1725  11.394586475501564
87  11.36341590740094
1766  11.16107778958828
419  11.125863948222513
868  11.12437365869523
413  11.11501416760443
417  11.11082640718697
1769  11.101106968417486
422  11.100994922819067
424  11.09490369907551
1761  11.077144477189908
1037  10.972435013291813
1080  10.129726723784676
724  10.12888208840388
748  10.10470276450348
1261  10.074218920616685
429  10.008734943506358
1503  9.136243934948878
725  9.124801030212925
1457  9.122319973004009
844  9.121701128532822
1064  9.117216995839009
1202  9.109674016005492
935  9.109089812603461
1455  9.108000729134217
34  9.103399969150566
979  9.093151948813592
1077  9.092781016945246
36  9.082630143985188
35  9.074407386450815
1293  8.683161124486437
1291  8.682905476852724
1279  8.679994007189267
769  8.552047461156036
936  8.38354333795492
688  8.378524639862169
533  8.371990215930573
703  8.355092506413914
1370  8.35213090117972
491  8.349125642858954
941  8.339195722394779
552  8.0851443890421
1686  8.081131213807621
1082  8.069118426404112
1044  8.054366438577642
730  8.03807909826554
1417  7.9384992234598455
21  7.9191521402324465
705  7.9109471062616805
874  7.905951852079423
869  7.9031195498992135
1188  7.889666608183283
1197  7.748064620603914
752  7.7306798682289
896  7.493757360244596
848  7.488155070658941
701  7.476547671923534
684  7.4724728952887265
693  7.470337551525401
854  7.468409215906954
686  7.464565644265511
851  7.462723232039704
740  7.13042852756838
1084  7.071688750559754
1327  7.03224930076088
729  7.022481577507816
1333  7.007409965978204
1664  6.9995584236567945
1300  6.99875361556531
1302  6.997981591254488
1440  6.989470414455942
1497  6.9780009712956605
1359  6.976150322290102
1449  6.947950176469831
878  6.700300225483933
859  6.6995841699668865
877  6.683554834595892
1438  6.681339432101191
733  6.6701070552570805
694  6.666205304556464
1057  6.66044337786307
958  6.65798665903328
713  6.639100322629926
950  6.609893535022003
770  6.527750118160181
1531  6.526180974570497
699  6.48280724309004
1025  6.09306340968565
1034  6.059740427439789
91  6.04885059180883
1671  5.982527805234431
704  5.98183376710619
1311  5.966909919685739
1319  5.963459350227036
1052  5.959423569442184
1092  5.919959861772552
879  5.827267800487515
1182  5.826411697354428
1183  5.823754005268444
1165  5.632709166895753
1067  5.615881929664989
1146  5.61277812624025
1115  5.611704101361656
1163  5.608822056880529
1023  5.607211937864921
1135  5.603604556618775
678  5.602769938985405
1193  5.602221901896924
1149  5.601446177553491
988  5.600405366585127
1184  5.598753386710661
1413  5.598317409440375
1038  5.598017553642163
990  5.597197324431931
835  5.5957844848395375
1087  5.59412690027034
1116  5.5926489385510925
160  5.592073633159808
1173  5.5909768823452595
991  5.585617210879997
842  5.583798720080247
1179  5.583404599125791
1164  5.583183231971655
963  5.57455304359687
1167  5.572709447869875
30  5.423876758200584
29  5.422302174742863
432  5.382393483846711
889  4.823566554234668
884  4.776112075502608
696  4.77187490310142
881  4.756864523977994
1222  4.735257259901494
1316  4.7323606872604005
1218  4.730511495303509
995  4.730424363650623
1229  4.724984781927658
1237  4.720175492560306
922  4.720129422997974
934  4.716161334437209
1159  4.714418551881571
926  4.708720780355309
1236  4.708038090734715
1239  4.696185501184265
1224  4.693032996486411
920  4.690772538702056
1154  4.688976792025568
1242  4.679824604157237
1248  4.6755939260398955
871  4.6702799397005625
1004  4.663495467426563
956  4.663389300585839
1019  4.655156813685932
836  4.647535773486582
222  4.6439466817839845
989  4.642587766553226
650  4.633598534960604
1089  4.631340244847256
1147  4.618899835892554
1220  4.3946914484533295
1061  4.381960797395863
1139  4.3688727504630975
172  4.25354562264304
169  4.246351134033852
165  4.239466977460271
167  4.229785045843555
962  4.195586700396162
1121  3.9742539282249734
1069  3.9728284954391047
1244  3.9663432830273817
1112  3.9579308921086533
289  3.8456112042416226
980  3.7622695335598824
1125  3.7433860462058792
731  3.723031014441276
1528  3.7138139135609367
1075  3.713758063368091
1128  3.713402634914608
929  3.709311440540804
1312  3.7070318686938832
1522  3.7068327756766326
1204  3.7021621178555293
1735  3.693765602215534
1647  3.691633663896871
154  3.690884685125292
1206  3.671847028348369
919  3.6507475036290313
427  3.4472785847476537
961  3.304534265836524
1017  3.2935105360471426
1140  3.285666042850525
531  3.268837090573546
522  3.2525142776133165
1703  3.245628018737694
527  3.2213242433881577
1109  3.1156006796984674
1299  3.1102623680280903
1297  3.0977093802440425
1295  3.079369703712614
225  3.0581531028164473
1039  3.0508835611301754
840  3.033258077671699
1107  3.0297974108606693
227  3.011807802164287
1727  2.9161623088171433
178  2.8804554539346245
1166  2.8749527049648043
177  2.870113231217595
1158  2.703200475404701
918  2.6845357415190394
1238  2.6745698178265136
1073  2.5297315358723105
1233  2.500416261902452
102  2.476275038540666
1453  2.4721554580760916
53  2.4664621510881957
1048  2.4617421124026513
1269  2.460830295720282
899  2.4532511145150986
1015  2.275181565445027
930  2.227062957458618
1152  2.225218773216311
1132  2.2194412334800884
1156  2.215113068190373
1162  2.2097542139978112
1114  2.199488699708335
1066  2.189593223791546
1266  2.065752783422734
1086  2.0637585843044564
1030  2.0601421393907793
1578  2.059488672396059
855  2.0508689062678007
1276  2.0491745424823935
1622  2.048287768108742
1751  2.0471607880086067
1122  2.0468563008588228
1096  2.0441047839913526
1566  2.043723203283757
1195  2.0427436280672633
1313  2.041603818614485
1262  2.0397881098339585
1286  2.039687782352521
1012  2.0385362786550343
1618  2.0370889441125084
1289  2.0368665355466944
1018  2.0360445783311305
1390  2.0354121180828786
1265  2.034758807149873
1432  2.034397144556337
1105  2.0342078912325046
1290  2.0339918986386443
1259  2.0333353668196903
1060  2.031790324491274
1056  2.031379270841521
1036  2.0304264862087558
1047  2.028673623672382
1306  2.02848922490394
1068  2.0272296002507963
140  2.0270007348549433
1305  2.0247884426252973
912  2.023368505231756
1108  2.0225391836919284
1268  2.0209984042824107
1590  2.020640333795328
1285  2.020623736498045
1298  2.0200439501822665
1696  2.019058635912571
1272  2.01814236924314
1296  2.0160834837000454
1711  2.0150796079441333
908  2.0093939062062445
1284  2.0092158088257426
981  1.8809576655806552
1118  1.8708328248083763
1014  1.8559984920403967
967  1.8501985476128158
970  1.8443969338146524
1120  1.8360469615933632
1055  1.8344879721728835
1189  1.5792454854889615
870  1.5706557076178802
1185  1.5687559102917055
876  1.5680253751396156
190  1.5571880420563786
864  1.5515144145170776
847  1.5507291271125292
1256  1.5487726321325492
1465  1.5482150161296129
942  1.544187794832485
838  1.5432803648358868
880  1.5425492831253285
849  1.5420130614113614
843  1.540829851126403
846  1.5403811778026675
1026  1.539736445126902
1463  1.5396326903461526
1470  1.5388983136428058
856  1.5380250676449216
839  1.536314998995002
841  1.5327109333573727
1217  1.532640798115019
1148  1.530415417340327
1223  1.530256397723756
1315  1.528870463482806
1460  1.5282289833712601
1493  1.5121168104389948
860  1.5091554251952728
1040  1.509143960690379
852  1.5070009416162655
897  1.506510849975039
834  1.5049582604041378
850  1.5031928577633646
1074  1.4784733320805212
1203  1.465908737825937
1278  1.4618769901608182
1127  1.4520354406966112
1072  1.4503475372809886
1143  1.4410386686902115
1123  1.430960078177997
894  1.4230934281397556
893  1.4150439698416415
887  1.4041038259936585
890  1.40294971612375
892  1.4014786889813031
1093  1.3022738646695624
1097  1.2981358708741235
1310  1.2849730191143582
1519  1.2825586991729259
933  1.2735485481374396
1273  1.2735158356327256
1425  1.2716645367399484
953  1.269472039353728
668  1.2661632223345676
460  1.2613970079653922
1271  1.2569618894552632
1309  1.2561945396848935
1426  1.2555811539162391
1260  1.254626231048607
1099  1.2495209210227645
1247  1.2492077053690087
683  1.2476008224904633
1419  1.2430562104719287
1548  1.24246866452806
1151  1.2399233152781863
1175  1.23716588987063
1079  1.2309173923253016
1407  1.1932968952761847
1221  1.1874333341227052
726  1.1799232632310561
1251  1.166148681298749
910  1.165418209182073
1137  1.1631843019925365
1021  1.1626277842892534
914  1.1593147990649328
1226  1.156414177226988
1713  1.141538043043705
1545  1.1405718332579107
1676  1.139357857097279
1227  1.1365578955272586
742  1.1336785003053917
480  1.1308929019723541
411  1.1224390609031618
1016  1.1197311660861824
600  1.1168143641158153
689  1.1067114397551303
1650  1.106010685805259
1318  1.0609700372298285
1045  0.7807780007793372
986  0.7623561702356416
1427  0.7558821538399894
1024  0.750643998860972
1117  0.7369371587928576
1113  0.7261790304032872
992  0.718584007943648
1106  0.717882666553652
734  0.7148497027305475
571  0.7018926764426968
1031  0.6927936296853071
940  0.6920650262112519
952  0.6901853644693344
1005  0.6846611860553411
978  0.6789297105656205
1022  0.6779421543759218
1000  0.677806800029178
1011  0.6775233370342095
1625  0.6721047261012669
717  0.6708478332564644
1041  0.6700134103163602
861  0.6697118090248434
909  0.6668229048968249
913  0.6652934540554979
573  0.6632622524829931
1180  0.6630354510550792
1586  0.6626762905166572
1568  0.6610480293325761
905  0.6607118951379305
915  0.6546974209677369
1020  0.651545513865838
1620  0.6506626142874143
997  0.6504931339238215
593  0.6503895249217546
1150  0.649157790157264
906  0.6447596113081498
1575  0.6374561043823856
595  0.6360991106654937
719  0.6191789547693581
449  0.6134251747507189
747  0.6116101641354306
833  0.6099027344903922
751  0.6073684415629962
1001  0.605641243027033
1010  0.5948565074815608
435  0.5926500256336799
985  0.5886289800746903
982  0.5849395409428618
1003  0.5847436360228448
975  0.5799807844301589
294  0.5798153624359974
943  0.5756750271181833
1288  0.5695223532915855
1177  0.5690032558164672
631  0.5687203486108349
414  0.5679526536417333
969  0.5678656120948188
138  0.5625998164056992
64  0.5587737442764664
136  0.5586934392634271
1100  0.5582768164647061
654  0.5582339399825872
954  0.5577271264203564
911  0.5553760191191278
883  0.5541498805971349
118  0.5535705106759335
715  0.5533133853928334
994  0.5530240595967577
917  0.5513002282460019
1110  0.5508779123999779
1007  0.5497685055211863
999  0.5488688317652567
964  0.5483123984721893
907  0.5472169478595131
974  0.5471481275593274
687  0.5467372000851805
1322  0.545308039860959
664  0.544762072779511
1435  0.5440194696592735
410  0.5438997153713133
901  0.5438130421039853
66  0.5436758069245072
904  0.5419010878372335
968  0.5417254229544279
1301  0.5412493787111754
1283  0.5407483788612801
670  0.539062105232796
672  0.538987827517668
184  0.5381121181230756
1314  0.5379150514551965
1192  0.5373525665181383
1029  0.5371584888227543
1516  0.5367397214545386
1208  0.535219011606894
945  0.5340101297829928
514  0.528591609789883
156  0.5283993465026472
181  0.5260563464215368
65  0.5252731432058374
1423  0.5248239227428372
1213  0.5234281016617535
1098  0.5225433712140742
1161  0.5211383155096614
1243  0.5199801732196438
714  0.5190323360196065
966  0.5182316460806873
1241  0.517332207636622
1104  0.516848019978676
99  0.5163239785230881
1205  0.5156087974605089
1054  0.5153011892667723
1323  0.5145584771750857
39  0.5143045335883296
1199  0.5131148966138734
478  0.5127579815452482
1303  0.5114123002791339
674  0.5110773447143685
1059  0.511010812767282
1232  0.5106812138858746
1088  0.5098345689563759
1210  0.5097692583947486
1051  0.5096490622746149
1101  0.5082281924001282
706  0.5035882600090759
708  0.502720499104292
472  0.5021679943375542
1275  0.4994994344552078
709  0.4980159625824871
971  0.49775035440223386
1124  0.4967193818492238
987  0.4958621078358141
1119  0.4953257215020608
1013  0.49529040359982046
1212  0.4946543839534063
764  0.493962822612915
671  0.4932337869479833
1129  0.4932055806452021
1680  0.49042773953979835
983  0.48854087935115736
1094  0.484059435946217
1693  0.4820966111115181
1375  0.47906425294006705
903  0.47625492133144154
1071  0.47466596833204605
1028  0.47081995670628235
1176  0.4680846456078124
1599  0.46384966742569866
902  0.46280607659510564
1736  0.4596639041271326
1409  0.45765797243007467
1513  0.45625696248984277
976  0.4546498692037414
755  0.45077693452560635
1263  0.44684616751573164
1610  0.4432209138933448
1103  0.43627942178687196
750  0.43352998979987123
641  0.43027742857524015
1552  0.42498161574858356
259  0.40711959715529894
163  0.39597862126618383
159  0.3923072447327159
157  0.3858051846383745
161  0.3803827261599178
946  0.35471967965062207
955  0.31316149424518136
938  0.3126220018688435
1131  0.30648723777161535
900  0.30534017781657014
949  0.2996235585202575
162  0.2992644434542904
760  0.29741503636878247
1215  0.29669897006246754
1581  0.29651296411026684
1655  0.29642740816797736
1138  0.2937783466693636
951  0.29340267696679573
959  0.2932765870542366
939  0.29095694209788414
1058  0.28374138310877267
931  0.2814907713411173
1230  0.2204750657936694
925  0.21824851597807657
863  0.2159881413953582
862  0.2076186879216867
1  0.0
2  0.0
3  0.0
4  0.0
5  0.0
6  0.0
7  0.0
8  0.0
9  0.0
10  0.0
11  0.0
12  0.0
13  0.0
14  0.0
15  0.0
16  0.0
17  0.0
18  0.0
19  0.0
20  0.0
22  0.0
23  0.0
24  0.0
25  0.0
28  0.0
31  0.0
32  0.0
33  0.0
40  0.0
42  0.0
44  0.0
57  0.0
63  0.0
68  0.0
73  0.0
77  0.0
110  0.0
116  0.0
117  0.0
120  0.0
137  0.0
237  0.0
238  0.0
239  0.0
240  0.0
241  0.0
243  0.0
245  0.0
246  0.0
247  0.0
248  0.0
250  0.0
251  0.0
252  0.0
253  0.0
254  0.0
255  0.0
256  0.0
258  0.0
261  0.0
262  0.0
263  0.0
264  0.0
265  0.0
266  0.0
267  0.0
268  0.0
269  0.0
270  0.0
271  0.0
272  0.0
273  0.0
274  0.0
275  0.0
276  0.0
277  0.0
278  0.0
280  0.0
282  0.0
283  0.0
285  0.0
286  0.0
287  0.0
288  0.0
290  0.0
291  0.0
293  0.0
295  0.0
296  0.0
297  0.0
299  0.0
300  0.0
301  0.0
302  0.0
303  0.0
304  0.0
305  0.0
306  0.0
307  0.0
308  0.0
309  0.0
310  0.0
312  0.0
314  0.0
315  0.0
316  0.0
317  0.0
318  0.0
319  0.0
321  0.0
322  0.0
323  0.0
324  0.0
325  0.0
326  0.0
327  0.0
328  0.0
329  0.0
330  0.0
331  0.0
332  0.0
333  0.0
334  0.0
335  0.0
336  0.0
337  0.0
339  0.0
340  0.0
341  0.0
342  0.0
343  0.0
344  0.0
345  0.0
346  0.0
347  0.0
348  0.0
349  0.0
350  0.0
351  0.0
352  0.0
353  0.0
354  0.0
355  0.0
356  0.0
357  0.0
358  0.0
359  0.0
361  0.0
362  0.0
363  0.0
364  0.0
366  0.0
367  0.0
368  0.0
369  0.0
370  0.0
371  0.0
372  0.0
373  0.0
374  0.0
376  0.0
379  0.0
381  0.0
382  0.0
383  0.0
384  0.0
385  0.0
454  0.0
456  0.0
483  0.0
485  0.0
486  0.0
489  0.0
490  0.0
494  0.0
495  0.0
497  0.0
501  0.0
508  0.0
512  0.0
513  0.0
515  0.0
518  0.0
523  0.0
525  0.0
534  0.0
537  0.0
538  0.0
545  0.0
546  0.0
551  0.0
556  0.0
560  0.0
562  0.0
565  0.0
567  0.0
568  0.0
569  0.0
574  0.0
575  0.0
579  0.0
580  0.0
582  0.0
583  0.0
584  0.0
585  0.0
586  0.0
589  0.0
591  0.0
604  0.0
607  0.0
608  0.0
609  0.0
610  0.0
611  0.0
612  0.0
614  0.0
615  0.0
616  0.0
617  0.0
622  0.0
626  0.0
677  0.0
681  0.0
685  0.0
691  0.0
700  0.0
707  0.0
710  0.0
716  0.0
718  0.0
720  0.0
721  0.0
722  0.0
723  0.0
727  0.0
728  0.0
735  0.0
737  0.0
738  0.0
739  0.0
741  0.0
743  0.0
744  0.0
745  0.0
746  0.0
749  0.0
753  0.0
754  0.0
756  0.0
757  0.0
758  0.0
759  0.0
761  0.0
762  0.0
763  0.0
765  0.0
767  0.0
768  0.0
771  0.0
772  0.0
773  0.0
774  0.0
775  0.0
776  0.0
777  0.0
778  0.0
779  0.0
782  0.0
784  0.0
785  0.0
786  0.0
789  0.0
790  0.0
792  0.0
793  0.0
794  0.0
795  0.0
797  0.0
798  0.0
799  0.0
800  0.0
801  0.0
802  0.0
803  0.0
804  0.0
805  0.0
807  0.0
808  0.0
809  0.0
810  0.0
812  0.0
813  0.0
814  0.0
816  0.0
817  0.0
818  0.0
819  0.0
820  0.0
821  0.0
822  0.0
824  0.0
825  0.0
826  0.0
827  0.0
828  0.0
829  0.0
830  0.0
831  0.0
832  0.0
947  0.0
965  0.0
977  0.0
1111  0.0
1130  0.0
1133  0.0
1134  0.0
1145  0.0
1168  0.0
1169  0.0
1172  0.0
1174  0.0
1178  0.0
1186  0.0
1187  0.0
1190  0.0
1191  0.0
1194  0.0
1200  0.0
1201  0.0
1207  0.0
1209  0.0
1214  0.0
1328  0.0
1339  0.0
1342  0.0
1437  0.0
1439  0.0
1447  0.0
1451  0.0
1454  0.0
1464  0.0
1511  0.0
1549  0.0
1558  0.0
1567  0.0
1600  0.0
1606  0.0
1624  0.0
1627  0.0
1629  0.0
1632  0.0
1640  0.0
1656  0.0
1695  0.0
