1  0.44610631465911865
1775  0.438453733921051
2  0.43718791007995605
1041  0.42718878388404846
691  0.42675861716270447
945  0.42674458026885986
3  0.42663151025772095
1181  0.4260701835155487
845  0.4259711802005768
1105  0.4257495403289795
1088  0.4257396161556244
1311  0.42551663517951965
1241  0.42542725801467896
21  0.42541107535362244
844  0.4253647029399872
777  0.42534223198890686
980  0.42525580525398254
1124  0.4252033829689026
1100  0.4251844584941864
1548  0.4251437783241272
1254  0.425138384103775
972  0.4249774217605591
1290  0.42477947473526
1264  0.424753338098526
1000  0.4247435927391052
1242  0.4245345890522003
716  0.42450910806655884
1063  0.4244536757469177
800  0.4244350492954254
1185  0.4243744909763336
1278  0.42437222599983215
712  0.42432472109794617
1310  0.4243219494819641
1547  0.4243139922618866
31  0.4242904782295227
774  0.4242623746395111
879  0.4242612421512604
952  0.4242432415485382
775  0.42424002289772034
33  0.424184650182724
1104  0.42417892813682556
780  0.424163818359375
828  0.4241541922092438
776  0.4240863621234894
856  0.4240604639053345
227  0.4240332841873169
38  0.42400285601615906
1245  0.4239718019962311
1156  0.4239466190338135
822  0.4239392876625061
1089  0.4239332377910614
1289  0.42392706871032715
779  0.4239238202571869
787  0.4239007830619812
700  0.42385783791542053
783  0.42381006479263306
1316  0.4237755537033081
1255  0.42377158999443054
1072  0.42375481128692627
791  0.42374181747436523
852  0.42371025681495667
1435  0.42365944385528564
820  0.4236505627632141
29  0.4236477315425873
942  0.42363467812538147
1015  0.4236319363117218
1042  0.42348945140838623
1116  0.4233902096748352
1001  0.4233739674091339
1265  0.42331352829933167
717  0.4232989251613617
616  0.42327338457107544
1040  0.4232710301876068
1247  0.42325741052627563
982  0.42324143648147583
918  0.4232257902622223
1244  0.42321133613586426
1034  0.42315474152565
1094  0.4231189787387848
843  0.42308586835861206
973  0.4230767786502838
829  0.42307519912719727
1591  0.4230651557445526
718  0.4230443835258484
760  0.4230215847492218
1182  0.42301827669143677
781  0.42300859093666077
928  0.42297276854515076
849  0.42296531796455383
1291  0.42296189069747925
1111  0.42294588685035706
1276  0.42292481660842896
802  0.42292162775993347
857  0.4228835105895996
126  0.4228709638118744
1071  0.42284920811653137
924  0.4228053092956543
981  0.42279481887817383
77  0.42279478907585144
632  0.4227903187274933
772  0.4227887690067291
867  0.42278486490249634
1257  0.4227825105190277
784  0.4227723181247711
870  0.42276835441589355
1023  0.42273256182670593
953  0.4227201044559479
1056  0.422717422246933
773  0.4227082431316376
1263  0.4227064549922943
1113  0.42267560958862305
919  0.42266276478767395
769  0.42265164852142334
1202  0.42264989018440247
321  0.4226222038269043
1037  0.42261940240859985
910  0.42260292172431946
146  0.4225728213787079
1256  0.42255932092666626
1295  0.4225449860095978
1273  0.4225195646286011
36  0.4225033223628998
1351  0.42249995470046997
1277  0.4224877655506134
1634  0.42248743772506714
704  0.4224666655063629
705  0.4224579930305481
907  0.42245739698410034
1117  0.42243286967277527
1315  0.4224320352077484
1058  0.4224269390106201
1312  0.42242497205734253
1087  0.4224109351634979
826  0.422391802072525
692  0.42238956689834595
859  0.42238056659698486
1544  0.4223545789718628
1298  0.4223461151123047
1092  0.42233559489250183
862  0.4223126769065857
107  0.42231065034866333
41  0.4223009943962097
177  0.4222888648509979
62  0.4222811460494995
1271  0.422268807888031
936  0.4222671091556549
1719  0.42226511240005493
95  0.4222630262374878
885  0.4222308099269867
1014  0.4222279191017151
938  0.4222177565097809
1259  0.42221513390541077
1280  0.4222142994403839
801  0.4222138822078705
858  0.42218753695487976
671  0.4221706986427307
797  0.4221585690975189
1248  0.42214542627334595
1012  0.42213672399520874
714  0.42213091254234314
148  0.4220700263977051
1518  0.4220528304576874
1112  0.4220462441444397
761  0.4220331609249115
709  0.4220145642757416
293  0.42201370000839233
1297  0.4220045506954193
1025  0.42198827862739563
4  0.4219816029071808
1024  0.4219657778739929
846  0.4219563901424408
944  0.4219118356704712
1222  0.4219067394733429
1540  0.42189884185791016
917  0.4218866229057312
974  0.42187732458114624
13  0.42187604308128357
1183  0.42185506224632263
1774  0.421846866607666
1246  0.4218389391899109
152  0.4218352735042572
1191  0.4218340218067169
1293  0.42182472348213196
971  0.42182186245918274
1308  0.4218176305294037
1122  0.421798974275589
1261  0.4217681884765625
1091  0.4217641055583954
1304  0.42174768447875977
225  0.42173752188682556
1046  0.4217338562011719
147  0.42170682549476624
1106  0.42170533537864685
729  0.42169567942619324
978  0.42169421911239624
32  0.4216756522655487
1314  0.42167073488235474
1239  0.42164918780326843
543  0.4216432571411133
1174  0.4216417968273163
912  0.42162376642227173
763  0.42161622643470764
1292  0.4215985834598541
98  0.4215794503688812
1720  0.42156511545181274
1186  0.4215473234653473
1258  0.4215449392795563
63  0.4215429127216339
1184  0.4215417802333832
1047  0.4215339720249176
1016  0.42152470350265503
1305  0.421478271484375
785  0.42146599292755127
66  0.4214593470096588
874  0.4214567542076111
929  0.42145422101020813
423  0.4214474558830261
1102  0.42143872380256653
861  0.42142966389656067
15  0.42142733931541443
30  0.421416699886322
1061  0.42140814661979675
1050  0.4214079976081848
1235  0.42140552401542664
713  0.42140302062034607
1502  0.42139604687690735
1268  0.42139536142349243
946  0.42138269543647766
69  0.42136889696121216
979  0.4213520884513855
1095  0.4213182330131531
1309  0.42131179571151733
1155  0.42130914330482483
1431  0.4212990999221802
1154  0.4212944507598877
831  0.4212918281555176
941  0.4212864637374878
842  0.4212792217731476
830  0.42127859592437744
1118  0.4212707281112671
911  0.421196848154068
279  0.4211863577365875
97  0.42117905616760254
35  0.42117607593536377
472  0.4211641252040863
1179  0.4211638271808624
792  0.4211573004722595
1324  0.42115676403045654
1642  0.42113375663757324
715  0.4211233854293823
1026  0.42110675573349
1641  0.4211004972457886
794  0.42109692096710205
533  0.42108702659606934
939  0.42106661200523376
895  0.421064555644989
64  0.42105671763420105
1077  0.4210490882396698
78  0.42101919651031494
1190  0.42101436853408813
1130  0.4210030138492584
905  0.42100080847740173
37  0.4209994375705719
72  0.4209948182106018
1200  0.42098501324653625
1543  0.42098045349121094
178  0.42097973823547363
1038  0.42097947001457214
25  0.42095881700515747
1129  0.4209539294242859
61  0.4209529757499695
883  0.42095035314559937
998  0.420949786901474
1123  0.42093050479888916
1125  0.4209296703338623
1128  0.4209107458591461
1590  0.42089271545410156
298  0.420878529548645
196  0.42087501287460327
888  0.42086994647979736
1055  0.4208659827709198
1269  0.4208545684814453
762  0.420853853225708
1187  0.4208533763885498
683  0.42085132002830505
868  0.420798659324646
966  0.42079803347587585
141  0.42079663276672363
1060  0.4207897186279297
795  0.42078810930252075
1076  0.42076346278190613
1170  0.42075929045677185
1066  0.42073729634284973
1203  0.4207324683666229
368  0.4207119345664978
1109  0.42068275809288025
1695  0.42068031430244446
866  0.4206761121749878
1442  0.4206726551055908
1171  0.4206676781177521
1301  0.42066749930381775
703  0.42066624760627747
690  0.4206562638282776
1546  0.42064961791038513
443  0.4206487536430359
1520  0.42064473032951355
1279  0.4206331670284271
1294  0.4206162989139557
1313  0.42061132192611694
788  0.42060574889183044
821  0.4206050634384155
923  0.4206034541130066
786  0.4205859303474426
56  0.420585036277771
1065  0.4205699861049652
1307  0.42054450511932373
565  0.42054304480552673
969  0.4205215275287628
1057  0.42051205039024353
1270  0.42051148414611816
1119  0.4205060601234436
1090  0.4205036163330078
728  0.42049938440322876
719  0.4204973578453064
1004  0.4204753637313843
226  0.4204719364643097
937  0.42047029733657837
1615  0.42046821117401123
908  0.42045584321022034
1103  0.42044755816459656
752  0.4204443395137787
863  0.42044147849082947
839  0.4204360842704773
1465  0.4204317033290863
1070  0.42042917013168335
999  0.42042404413223267
996  0.42040786147117615
824  0.4204028844833374
960  0.42039963603019714
1243  0.42039597034454346
1588  0.4203789532184601
741  0.4203774333000183
1592  0.42035314440727234
1096  0.42033153772354126
1062  0.4203178584575653
1317  0.4203096032142639
121  0.42030125856399536
930  0.4202965497970581
254  0.4202865958213806
951  0.4202823042869568
567  0.42027851939201355
970  0.4202677309513092
163  0.4202607572078705
1233  0.4202576279640198
984  0.4202471077442169
1045  0.42023760080337524
1051  0.4202313721179962
873  0.4202086329460144
847  0.4201871454715729
122  0.4201861321926117
1283  0.42018041014671326
770  0.42017459869384766
1697  0.420168936252594
1300  0.4201687276363373
505  0.4201628267765045
1234  0.4201478958129883
799  0.42014431953430176
1178  0.4201401472091675
1201  0.42012840509414673
84  0.4201218783855438
1253  0.42011576890945435
1589  0.4201109707355499
1086  0.4201049208641052
1519  0.42010194063186646
860  0.42009785771369934
11  0.42007312178611755
323  0.420067697763443
274  0.4200676381587982
473  0.4200596809387207
891  0.4200555384159088
108  0.42004746198654175
642  0.4200455844402313
702  0.4200376570224762
853  0.42002901434898376
796  0.4200248122215271
20  0.42002397775650024
759  0.4200232923030853
793  0.42002278566360474
1048  0.4199927747249603
1320  0.4199889302253723
40  0.4199853539466858
1180  0.41998016834259033
129  0.41997408866882324
1655  0.4199676215648651
1097  0.4199622869491577
985  0.4199571907520294
259  0.4199448227882385
906  0.4199441969394684
920  0.4199396073818207
947  0.41993391513824463
1436  0.41993018984794617
1549  0.41992801427841187
887  0.41991952061653137
1306  0.4199189245700836
469  0.41991153359413147
1173  0.4199073612689972
1272  0.4199042320251465
848  0.41988641023635864
1318  0.41988641023635864
710  0.4198826849460602
566  0.4198801815509796
1101  0.41987377405166626
517  0.4198577404022217
1121  0.41985243558883667
1523  0.4198506772518158
1426  0.41985008120536804
1691  0.4198456406593323
326  0.4198402762413025
696  0.41983580589294434
1013  0.41983386874198914
1445  0.41981878876686096
128  0.4198065400123596
1690  0.41980645060539246
1299  0.4197985529899597
915  0.419778048992157
968  0.4197779893875122
815  0.4197772145271301
23  0.4197688698768616
1542  0.419765442609787
292  0.4197504222393036
631  0.41973862051963806
1188  0.4197341501712799
1005  0.4197337031364441
1043  0.41971486806869507
790  0.419708788394928
1696  0.4197060763835907
1504  0.4197033643722534
1500  0.4196982979774475
730  0.4196847379207611
22  0.4196842610836029
1059  0.4196625053882599
105  0.41965848207473755
894  0.4196486175060272
1322  0.41964191198349
1773  0.4196377098560333
99  0.4196352958679199
1212  0.4196300506591797
1028  0.41959959268569946
541  0.419592022895813
544  0.4195907711982727
814  0.41959068179130554
990  0.4195879101753235
708  0.41958120465278625
645  0.4195801019668579
149  0.4195699989795685
778  0.4195646643638611
422  0.4195623993873596
1036  0.4195577800273895
605  0.41955530643463135
652  0.41955164074897766
644  0.4195398688316345
707  0.419528990983963
437  0.41952869296073914
96  0.4195159673690796
1093  0.41951027512550354
427  0.41950884461402893
827  0.4195053279399872
75  0.4194971024990082
754  0.41948848962783813
1079  0.41947779059410095
1067  0.4194759428501129
611  0.4194539785385132
1107  0.4194497764110565
1528  0.41943463683128357
475  0.4194285273551941
1114  0.41941866278648376
882  0.4194154739379883
1027  0.4194110929965973
1415  0.41940003633499146
299  0.4193963408470154
1296  0.4193945825099945
228  0.419393926858902
896  0.41939306259155273
1204  0.41939249634742737
1031  0.41938385367393494
665  0.4193667769432068
1593  0.4193654954433441
424  0.4193524122238159
1595  0.41934695839881897
1223  0.41934120655059814
880  0.4193194508552551
1192  0.41931334137916565
276  0.41931039094924927
1492  0.41929948329925537
1552  0.41929522156715393
757  0.41926997900009155
297  0.4192622900009155
832  0.4192342758178711
1219  0.4192277491092682
1165  0.41921818256378174
1054  0.4192163944244385
875  0.41921189427375793
699  0.41919422149658203
42  0.41919079422950745
1286  0.41917914152145386
1064  0.4191710948944092
1694  0.41914424300193787
1395  0.4191155731678009
1713  0.419114887714386
1169  0.41911062598228455
798  0.41910961270332336
1742  0.41910865902900696
73  0.4190959632396698
76  0.4190952181816101
1052  0.4190930426120758
956  0.41908499598503113
1126  0.41908398270606995
1020  0.41907376050949097
165  0.4190698266029358
1262  0.41906121373176575
746  0.41905826330184937
6  0.4190520942211151
854  0.4190423786640167
127  0.41902294754981995
872  0.41901782155036926
1319  0.4189999997615814
1099  0.41898903250694275
1267  0.4189831018447876
1654  0.4189738929271698
1120  0.41897228360176086
686  0.41896852850914
86  0.41896766424179077
1236  0.4189659357070923
43  0.4189620316028595
1541  0.4189613163471222
1338  0.418960839509964
1496  0.4189595878124237
840  0.41895580291748047
1240  0.41895100474357605
28  0.41894760727882385
884  0.4189421534538269
1281  0.4189388155937195
886  0.41893765330314636
962  0.41893279552459717
150  0.4189196527004242
991  0.4189164638519287
670  0.4189164340496063
1501  0.4189164340496063
612  0.41891077160835266
67  0.4189074635505676
1303  0.4189067780971527
471  0.4188992381095886
1068  0.4188966453075409
1614  0.4188869297504425
1545  0.41888248920440674
1002  0.4188721179962158
940  0.41886627674102783
106  0.4188229441642761
768  0.4188203513622284
255  0.41881880164146423
57  0.41881808638572693
651  0.41881299018859863
550  0.41881102323532104
638  0.41880956292152405
153  0.4188079535961151
55  0.41879522800445557
921  0.4187842905521393
261  0.41878220438957214
698  0.4187794625759125
682  0.41877904534339905
976  0.4187590479850769
1049  0.4187520146369934
1081  0.41873815655708313
838  0.4187209904193878
680  0.4187186658382416
1285  0.41870975494384766
1587  0.41870734095573425
416  0.41870445013046265
1287  0.4187025725841522
731  0.4186975061893463
1699  0.41868749260902405
1498  0.41868120431900024
997  0.41868090629577637
1455  0.4186802804470062
1718  0.41867774724960327
280  0.41866302490234375
79  0.41866153478622437
916  0.4186483323574066
1168  0.41864150762557983
922  0.41864013671875
1521  0.41863495111465454
672  0.41863101720809937
186  0.41862934827804565
161  0.4186287820339203
434  0.4186207056045532
160  0.4186080992221832
613  0.4186004102230072
687  0.4185979664325714
1237  0.4185976982116699
564  0.4185919165611267
1735  0.4185904562473297
1566  0.4185888171195984
162  0.418582946062088
963  0.41858235001564026
1145  0.4185815453529358
925  0.418578565120697
1355  0.41857776045799255
871  0.418577641248703
1437  0.4185732901096344
320  0.41857072710990906
954  0.4185505211353302
903  0.4185349941253662
1417  0.4185333847999573
1550  0.41853171586990356
420  0.41852980852127075
1039  0.41852837800979614
1700  0.4185257852077484
1198  0.41852572560310364
169  0.4185214936733246
361  0.41852062940597534
1127  0.41851943731307983
977  0.41851818561553955
1098  0.4185102581977844
1033  0.418506383895874
442  0.4184986650943756
744  0.4184947609901428
1224  0.41849204897880554
711  0.4184894561767578
263  0.41848596930503845
722  0.41848254203796387
1432  0.4184822738170624
1551  0.4184759855270386
1199  0.4184645414352417
366  0.418461412191391
841  0.41844913363456726
819  0.4184444546699524
807  0.4184395372867584
1453  0.4184269309043884
685  0.4184263348579407
1692  0.418423593044281
869  0.4184226393699646
1454  0.4184223413467407
524  0.418404221534729
1217  0.4183961749076843
85  0.4183959662914276
864  0.4183894097805023
701  0.4183838665485382
369  0.41838276386260986
893  0.418372243642807
1260  0.4183681607246399
438  0.41836005449295044
818  0.41834262013435364
143  0.41833895444869995
26  0.41833552718162537
1559  0.418328195810318
1653  0.418325275182724
1144  0.4183047413825989
1218  0.4182816743850708
751  0.4182799756526947
34  0.41827887296676636
1074  0.4182741940021515
684  0.41826102137565613
725  0.4182411730289459
733  0.41823530197143555
865  0.4182208180427551
1741  0.4182180166244507
1441  0.4182177484035492
1030  0.41820505261421204
1274  0.4182024598121643
507  0.41816964745521545
542  0.4181681275367737
892  0.41816478967666626
932  0.4181476831436157
1334  0.41814759373664856
367  0.4181463122367859
1321  0.41813385486602783
909  0.41812801361083984
809  0.4181198477745056
721  0.4181176722049713
1640  0.41811689734458923
1108  0.4181152582168579
109  0.4181130826473236
641  0.418100506067276
965  0.41809701919555664
771  0.41809624433517456
934  0.4180905818939209
1378  0.4180867671966553
623  0.4180659055709839
986  0.4180607199668884
537  0.418056845664978
327  0.4180503189563751
1282  0.4180489182472229
1153  0.41804659366607666
522  0.4180433452129364
1717  0.4180409908294678
100  0.41803282499313354
1073  0.41802990436553955
810  0.41802820563316345
142  0.41802194714546204
388  0.41802141070365906
88  0.41801542043685913
931  0.41800495982170105
694  0.4180029332637787
1230  0.41799646615982056
1017  0.41799601912498474
1221  0.41799184679985046
60  0.41798391938209534
902  0.4179806411266327
1557  0.4179767966270447
203  0.41797593235969543
724  0.41797152161598206
643  0.4179701805114746
1468  0.41796475648880005
1531  0.4179541766643524
736  0.4179348945617676
1158  0.41793400049209595
360  0.41792985796928406
1722  0.41792893409729004
281  0.41792136430740356
576  0.4178946316242218
1078  0.41788822412490845
1459  0.41788730025291443
881  0.4178805649280548
572  0.41786685585975647
959  0.417860746383667
950  0.4178507626056671
125  0.41784119606018066
70  0.41784000396728516
1639  0.4178333580493927
1325  0.4178258180618286
650  0.41781550645828247
123  0.4178134500980377
223  0.41779622435569763
743  0.41778090596199036
574  0.41777005791664124
1564  0.41776901483535767
850  0.41775429248809814
1288  0.41774487495422363
1616  0.4177437126636505
913  0.417740136384964
1133  0.4177344739437103
689  0.4177343249320984
185  0.4177314043045044
948  0.41772958636283875
256  0.4177224934101105
1029  0.41771334409713745
1172  0.4177074432373047
1196  0.4176918864250183
457  0.41769087314605713
506  0.4176870584487915
136  0.4176754057407379
1499  0.41767236590385437
1702  0.4176517128944397
1733  0.4176240861415863
466  0.4176212549209595
324  0.4175953269004822
439  0.41758668422698975
476  0.4175865352153778
927  0.4175834357738495
604  0.4175833463668823
1620  0.41758111119270325
74  0.41757872700691223
551  0.41757580637931824
68  0.41756439208984375
1687  0.41756317019462585
992  0.41755175590515137
1553  0.4175497889518738
803  0.41754963994026184
1302  0.4175492227077484
71  0.41754430532455444
585  0.4175414443016052
624  0.4175339639186859
1494  0.4175284802913666
706  0.41752246022224426
24  0.4174976348876953
767  0.4174955487251282
549  0.4174908995628357
1220  0.4174858331680298
1131  0.41745567321777344
1080  0.4174538254737854
1368  0.41743195056915283
515  0.4174283444881439
1533  0.417409211397171
1138  0.4174043536186218
456  0.4173997640609741
1069  0.41739898920059204
192  0.41739189624786377
1527  0.4173872768878937
1458  0.4173722267150879
159  0.41736578941345215
1746  0.4173620045185089
520  0.417344331741333
45  0.41733744740486145
825  0.4173353314399719
1284  0.41733404994010925
640  0.41733023524284363
666  0.4173254072666168
283  0.4173012375831604
1044  0.4172919988632202
1115  0.41728678345680237
1638  0.41728678345680237
94  0.41728147864341736
1530  0.41727593541145325
1670  0.4172755777835846
433  0.4172723889350891
904  0.4172547459602356
54  0.41724616289138794
58  0.417240709066391
557  0.4172345697879791
588  0.41723108291625977
1421  0.4172244071960449
1164  0.41722410917282104
1493  0.417219877243042
1766  0.417217880487442
575  0.41720694303512573
1472  0.41720402240753174
1446  0.4172031879425049
851  0.4171978831291199
877  0.41718900203704834
82  0.4171885550022125
117  0.4171883463859558
288  0.417178213596344
1529  0.4171768128871918
301  0.41717568039894104
626  0.41716283559799194
168  0.4171544909477234
1343  0.4171535074710846
1382  0.4171469509601593
688  0.4171433746814728
1748  0.41712844371795654
935  0.4171237051486969
116  0.4171190559864044
224  0.4171167314052582
430  0.41711607575416565
548  0.41710901260375977
1359  0.4171016812324524
755  0.4170999228954315
1422  0.41707733273506165
118  0.4170687794685364
1644  0.4170675575733185
1647  0.41706550121307373
1391  0.41706347465515137
1252  0.4170459806919098
65  0.4170435070991516
633  0.41703611612319946
1419  0.4170334041118622
519  0.4170118570327759
889  0.41700902581214905
1147  0.417007714509964
955  0.4170028567314148
1652  0.41699889302253723
504  0.416995644569397
440  0.4169791042804718
994  0.4169723391532898
1423  0.41696828603744507
578  0.41696158051490784
594  0.41695547103881836
734  0.4169538915157318
1430  0.4169437885284424
201  0.41694176197052
1743  0.416930228471756
1019  0.41692954301834106
47  0.4169289171695709
195  0.4169268012046814
1625  0.4169248938560486
319  0.41692328453063965
1706  0.4169181287288666
1166  0.4169161915779114
14  0.4169060289859772
1162  0.41689983010292053
87  0.41689974069595337
804  0.4168960750102997
1567  0.41689369082450867
119  0.4168815314769745
1734  0.4168805181980133
949  0.41687479615211487
83  0.41686686873435974
673  0.41686347126960754
179  0.4168628454208374
1715  0.4168544113636017
1565  0.41684621572494507
630  0.4168398380279541
155  0.41681352257728577
1350  0.41681206226348877
39  0.41679802536964417
171  0.416795551776886
758  0.4167904555797577
458  0.4167878031730652
975  0.4167811870574951
914  0.416778028011322
426  0.41676998138427734
737  0.4167689085006714
1022  0.4167664349079132
111  0.41676434874534607
1249  0.4167517423629761
667  0.4167420268058777
1689  0.41673338413238525
531  0.41672345995903015
1163  0.41671377420425415
1075  0.4167119264602661
138  0.4167107343673706
1619  0.4167097806930542
81  0.41670796275138855
1514  0.41670629382133484
236  0.41670265793800354
1011  0.41669994592666626
1427  0.4166853725910187
957  0.4166814684867859
198  0.416665256023407
144  0.4166581928730011
697  0.4166567027568817
610  0.4166533946990967
260  0.41664981842041016
1157  0.41664230823516846
562  0.4166371822357178
154  0.41663599014282227
1656  0.4166322648525238
1238  0.41662344336509705
1444  0.41660621762275696
1197  0.41660407185554504
425  0.41660159826278687
1175  0.4165838062763214
988  0.41657692193984985
1626  0.4165744185447693
1671  0.416573703289032
983  0.4165671169757843
495  0.41656509041786194
1189  0.41656434535980225
593  0.41655784845352173
943  0.4165571630001068
987  0.4165535569190979
1003  0.4165494740009308
1193  0.4165487289428711
1750  0.4165438413619995
1491  0.4165382385253906
1332  0.4165365397930145
5  0.4165237247943878
322  0.4165055751800537
1658  0.4164978265762329
474  0.4164971709251404
989  0.4164903163909912
176  0.4164828360080719
421  0.4164760708808899
382  0.4164755940437317
278  0.41647326946258545
837  0.41647136211395264
747  0.416465163230896
735  0.41646507382392883
808  0.4164602756500244
194  0.4164573848247528
813  0.4164532721042633
693  0.41644906997680664
1161  0.41644763946533203
130  0.41644287109375
540  0.41644051671028137
1660  0.41643935441970825
494  0.41642963886260986
284  0.4164260923862457
1738  0.41642019152641296
615  0.41642001271247864
1490  0.416412353515625
397  0.4164108335971832
1266  0.4163908362388611
1032  0.4163890480995178
897  0.4163777232170105
833  0.41634270548820496
901  0.4163416028022766
750  0.4163355231285095
1148  0.4163326323032379
723  0.416328102350235
518  0.4163256883621216
1569  0.41631683707237244
649  0.4163155257701874
1142  0.41631263494491577
7  0.4163103997707367
823  0.4163013994693756
739  0.4163004159927368
513  0.4162834584712982
392  0.4162784218788147
1381  0.41627469658851624
1327  0.41626879572868347
1438  0.416266530752182
1526  0.4162616431713104
1357  0.41625577211380005
967  0.4162512421607971
415  0.4162178337574005
510  0.4162129759788513
742  0.416206955909729
890  0.41620638966560364
629  0.41620343923568726
1082  0.41620224714279175
782  0.41619646549224854
120  0.4161633551120758
740  0.41615551710128784
124  0.41615188121795654
1146  0.41615021228790283
1084  0.4161455035209656
726  0.41613972187042236
132  0.41613468527793884
678  0.4161226451396942
306  0.41611170768737793
383  0.4160941541194916
235  0.4160919785499573
444  0.4160856604576111
277  0.4160832166671753
296  0.4160768985748291
1443  0.4160699248313904
393  0.4160592257976532
197  0.41605615615844727
1352  0.41605448722839355
1396  0.4160538613796234
1021  0.4160507321357727
681  0.4160480201244354
1765  0.41604331135749817
579  0.4160277843475342
1143  0.4160265028476715
555  0.41602563858032227
1136  0.41602176427841187
10  0.4160139262676239
639  0.4159967601299286
1149  0.41599535942077637
1110  0.41599270701408386
1737  0.41598159074783325
580  0.41598111391067505
1753  0.41597628593444824
210  0.4159678816795349
300  0.415944904088974
1633  0.4159427881240845
174  0.4159381687641144
532  0.4159364402294159
12  0.4159267842769623
587  0.4159248471260071
1721  0.4159245789051056
1693  0.41592344641685486
1635  0.4159117043018341
1008  0.4159111976623535
961  0.4159093499183655
753  0.41590774059295654
1525  0.4159072935581207
1344  0.4158899188041687
1010  0.4158875644207001
1705  0.4158778488636017
1400  0.4158758819103241
1675  0.41586488485336304
538  0.4158608317375183
1698  0.41585561633110046
1134  0.41585466265678406
140  0.415846586227417
1714  0.4158453643321991
1456  0.4158330261707306
1434  0.4158312976360321
401  0.4158298969268799
464  0.41582900285720825
878  0.4158201217651367
789  0.41580384969711304
1584  0.4158025085926056
1674  0.4157991409301758
1772  0.41579195857048035
133  0.4157852828502655
435  0.41578298807144165
1337  0.41578084230422974
635  0.41578006744384766
1006  0.41577431559562683
113  0.41576799750328064
748  0.41576483845710754
764  0.4157610535621643
1424  0.4157573878765106
459  0.4157482087612152
1409  0.41574621200561523
1606  0.4157406985759735
220  0.41573798656463623
204  0.41573286056518555
1477  0.41572752594947815
318  0.41571786999702454
816  0.4157163202762604
59  0.4157153069972992
1736  0.41571342945098877
167  0.41570451855659485
151  0.4157028794288635
621  0.41569846868515015
1176  0.41569384932518005
477  0.41569310426712036
371  0.4156883656978607
1524  0.4156847596168518
1730  0.415678471326828
529  0.41567251086235046
1406  0.4156648516654968
805  0.41565829515457153
958  0.41565656661987305
1420  0.41565221548080444
370  0.41564998030662537
145  0.41563498973846436
1481  0.41563209891319275
199  0.41562747955322266
200  0.4156273305416107
521  0.4156271517276764
1433  0.41561776399612427
158  0.4155923128128052
449  0.4155777394771576
1326  0.4155721068382263
1398  0.4155651926994324
581  0.41555657982826233
561  0.41555163264274597
899  0.41554948687553406
44  0.41554588079452515
53  0.41552454233169556
219  0.41551828384399414
1140  0.4155178964138031
1580  0.4154987037181854
727  0.4154896140098572
304  0.4154784381389618
170  0.41547805070877075
668  0.41547659039497375
429  0.41546741127967834
156  0.4154655337333679
221  0.4154570400714874
1469  0.4154509902000427
1563  0.41544511914253235
1377  0.41543832421302795
110  0.4154273569583893
1744  0.4154227375984192
405  0.41542208194732666
1159  0.41542068123817444
262  0.41541993618011475
1225  0.41539710760116577
182  0.4153810143470764
586  0.41536951065063477
512  0.41535788774490356
1333  0.41533878445625305
358  0.41532278060913086
964  0.4153200685977936
1573  0.41530731320381165
608  0.4153066575527191
428  0.4152893126010895
264  0.4152866005897522
164  0.4152652621269226
528  0.4152635931968689
1394  0.41526302695274353
93  0.4152577221393585
46  0.4152531921863556
232  0.41524556279182434
470  0.4152451455593109
1503  0.4152427613735199
577  0.4152417778968811
1425  0.4152408242225647
1392  0.41523873805999756
1617  0.41523846983909607
325  0.41523775458335876
1676  0.41522079706192017
1568  0.4152148365974426
139  0.41520410776138306
1648  0.41519930958747864
1555  0.4151824116706848
765  0.4151821732521057
1659  0.41518086194992065
1418  0.41518068313598633
817  0.4151795506477356
419  0.41517847776412964
354  0.41517552733421326
305  0.4151718020439148
617  0.41516047716140747
1387  0.41515982151031494
1467  0.415158748626709
460  0.41515758633613586
720  0.4151541590690613
1673  0.4151540696620941
1731  0.4151487350463867
134  0.4151320457458496
995  0.415126770734787
1393  0.4151245653629303
1177  0.41512423753738403
614  0.4151118993759155
1452  0.415110319852829
233  0.415107786655426
1226  0.4150956869125366
1596  0.41509199142456055
267  0.41508668661117554
1532  0.4150810241699219
187  0.4150792062282562
1586  0.4150750935077667
395  0.415060818195343
1449  0.4150559604167938
1740  0.4150521755218506
268  0.415034681558609
404  0.41503411531448364
27  0.41503041982650757
1137  0.41503024101257324
900  0.41502606868743896
1516  0.41502541303634644
493  0.41502195596694946
1275  0.415017694234848
1346  0.4150157868862152
270  0.4150136709213257
396  0.41500693559646606
811  0.4150049388408661
157  0.41500014066696167
1664  0.41499945521354675
364  0.41498857736587524
1361  0.41498467326164246
436  0.41498416662216187
1018  0.41498154401779175
1618  0.41498032212257385
1495  0.41497915983200073
1451  0.4149777591228485
1216  0.41497695446014404
732  0.4149760603904724
175  0.4149666130542755
414  0.4149587154388428
282  0.4149529039859772
1474  0.41494980454444885
1354  0.41494640707969666
1476  0.41494303941726685
104  0.41494011878967285
1397  0.41492021083831787
399  0.4149163067340851
993  0.41490891575813293
1636  0.41488420963287354
1035  0.41488343477249146
560  0.4148832857608795
1360  0.41488105058670044
184  0.41487547755241394
193  0.4148699939250946
855  0.41486793756484985
1195  0.41485661268234253
1139  0.4148556590080261
234  0.4148535430431366
1460  0.41485142707824707
446  0.4148411452770233
50  0.41482311487197876
926  0.41482090950012207
229  0.4148097634315491
1331  0.41479605436325073
19  0.41478636860847473
1558  0.41478461027145386
398  0.41478440165519714
1411  0.4147831201553345
357  0.41477739810943604
1716  0.41476529836654663
89  0.41475802659988403
191  0.4147360920906067
1505  0.41473230719566345
1401  0.4147322177886963
1574  0.41472652554512024
658  0.41472211480140686
309  0.4147200584411621
545  0.4147191047668457
365  0.41471290588378906
606  0.41471269726753235
1512  0.41471269726753235
285  0.41470280289649963
806  0.41468876600265503
468  0.4146844148635864
1712  0.41468071937561035
500  0.4146783649921417
589  0.41467830538749695
391  0.41466212272644043
1729  0.4146612882614136
1329  0.4146583378314972
1594  0.41465407609939575
1622  0.41464969515800476
1414  0.41464170813560486
450  0.41462522745132446
674  0.41461679339408875
603  0.4146132469177246
222  0.41460996866226196
1053  0.4146057069301605
1251  0.4145987927913666
756  0.4145843982696533
1083  0.41456925868988037
112  0.4145606458187103
253  0.4145578444004059
51  0.41455718874931335
1471  0.4145568013191223
530  0.41455620527267456
1475  0.414545476436615
627  0.41454482078552246
1769  0.4145399034023285
634  0.4145377278327942
1135  0.41453713178634644
1399  0.4145258069038391
1448  0.41452571749687195
1450  0.41452446579933167
1416  0.41451430320739746
1611  0.41450804471969604
403  0.4145062267780304
1534  0.41449669003486633
1621  0.41448912024497986
595  0.4144863188266754
1562  0.4144841432571411
275  0.41447463631629944
310  0.4144698679447174
1250  0.41444775462150574
653  0.4144343137741089
745  0.4144338071346283
1366  0.41442662477493286
1703  0.4144214391708374
1497  0.41442111134529114
1215  0.4144143760204315
1556  0.4144105613231659
1388  0.4144064784049988
607  0.4143972098827362
600  0.4143901765346527
1323  0.4143866002559662
9  0.4143780469894409
329  0.4143729507923126
1554  0.41436150670051575
1763  0.4143582880496979
347  0.4143555462360382
1585  0.4143553078174591
1739  0.4143400192260742
137  0.4143383502960205
563  0.41432058811187744
1009  0.41431862115859985
387  0.4143144190311432
1582  0.41430872678756714
1560  0.4143016040325165
455  0.41429275274276733
1439  0.41429251432418823
173  0.4142915606498718
289  0.4142912030220032
1380  0.41428342461586
1210  0.41428178548812866
539  0.41427335143089294
202  0.4142591953277588
445  0.4142574071884155
1751  0.41425490379333496
102  0.41423851251602173
554  0.4142206609249115
568  0.4142064154148102
1356  0.41420623660087585
583  0.41420021653175354
1205  0.4141974151134491
1231  0.41418224573135376
569  0.4141786992549896
591  0.4141682982444763
625  0.4141603410243988
1345  0.41415905952453613
441  0.4141506552696228
546  0.41414719820022583
1609  0.4141468107700348
447  0.41414186358451843
536  0.414134681224823
302  0.414127916097641
402  0.41412606835365295
207  0.4141187071800232
1461  0.4141181707382202
1511  0.41411203145980835
933  0.41410499811172485
417  0.41410133242607117
1581  0.4140976369380951
502  0.41408947110176086
570  0.4140677750110626
381  0.41406160593032837
602  0.41406044363975525
1353  0.4140472114086151
1194  0.414043128490448
1643  0.4140399694442749
307  0.4140383005142212
1726  0.414033442735672
1612  0.4140317142009735
1707  0.41402730345726013
1678  0.41401827335357666
573  0.41401082277297974
180  0.4140101671218872
657  0.4140092432498932
679  0.41400396823883057
646  0.41399210691452026
237  0.41398152709007263
481  0.4139810800552368
48  0.41397547721862793
1358  0.4139683246612549
482  0.41396138072013855
648  0.41395705938339233
812  0.41394513845443726
1513  0.4139414131641388
1704  0.41393235325813293
8  0.4139162600040436
330  0.41391289234161377
1464  0.41389405727386475
250  0.4138815402984619
1440  0.4138807952404022
556  0.41386678814888
135  0.4138614535331726
1335  0.4138498306274414
749  0.4138479232788086
1749  0.4138436019420624
1457  0.41382890939712524
1211  0.4138266146183014
1602  0.41382554173469543
584  0.41382020711898804
1232  0.4138188362121582
1679  0.41381800174713135
362  0.41381263732910156
1688  0.4138110876083374
18  0.4138098657131195
266  0.41380783915519714
1214  0.413785457611084
1651  0.41378235816955566
1489  0.4137762784957886
1613  0.41376304626464844
465  0.4137623608112335
695  0.41375744342803955
1686  0.41375505924224854
497  0.4137495458126068
379  0.4137483239173889
516  0.4137455224990845
1482  0.4137408137321472
1330  0.41373318433761597
534  0.4136812090873718
431  0.41367650032043457
1677  0.4136764109134674
217  0.41367220878601074
230  0.4136520028114319
214  0.41362762451171875
1767  0.4136156141757965
1522  0.4136025607585907
1379  0.41359376907348633
432  0.41359245777130127
101  0.4135873317718506
1428  0.4135836362838745
1141  0.4135808050632477
188  0.4135757386684418
1709  0.41354984045028687
311  0.413510262966156
1728  0.4135081470012665
337  0.4135025143623352
1362  0.41349565982818604
508  0.4134886562824249
1515  0.41346630454063416
501  0.4134480655193329
407  0.4134305417537689
172  0.4134296476840973
592  0.4134187400341034
571  0.4133884012699127
676  0.41337209939956665
16  0.4133671224117279
384  0.41336601972579956
1701  0.4133545160293579
1632  0.41334253549575806
1342  0.4133129417896271
1603  0.4133041501045227
1373  0.4133029282093048
345  0.4133026897907257
1167  0.4132920205593109
1669  0.413291335105896
317  0.41328516602516174
406  0.4132843315601349
514  0.41328027844429016
675  0.4132777750492096
52  0.41326475143432617
876  0.41324764490127563
1570  0.4132462441921234
294  0.41324540972709656
336  0.4132327735424042
1462  0.4132244288921356
552  0.4132095277309418
211  0.41320765018463135
1374  0.41318729519844055
1085  0.4131823480129242
215  0.41318005323410034
1607  0.4131649136543274
1007  0.41316086053848267
448  0.4131580889225006
1229  0.4131428301334381
1757  0.4131397604942322
166  0.41313716769218445
1412  0.4131197929382324
363  0.4131155014038086
1665  0.41310980916023254
1770  0.4131050109863281
628  0.41310054063796997
1732  0.41308122873306274
409  0.4130793511867523
189  0.41307732462882996
1723  0.41307276487350464
1383  0.4130553901195526
553  0.4130333364009857
80  0.4130244851112366
213  0.41302019357681274
636  0.41299325227737427
1629  0.4129931628704071
1152  0.41298624873161316
287  0.4129631519317627
314  0.4129505455493927
400  0.41294997930526733
547  0.4129469394683838
654  0.41294655203819275
834  0.4129445254802704
1367  0.41293346881866455
91  0.4129175841808319
559  0.41289031505584717
677  0.4128893315792084
620  0.4128425121307373
1579  0.4128390848636627
637  0.4128318727016449
1768  0.41281431913375854
1160  0.41280537843704224
265  0.4128012955188751
1649  0.4127948582172394
1447  0.4127897620201111
1213  0.41278135776519775
1645  0.4127766191959381
1132  0.4127703607082367
1745  0.4127630293369293
898  0.4127313494682312
1473  0.4127132296562195
669  0.41269415616989136
1657  0.41269204020500183
1466  0.4126881957054138
1681  0.4126817286014557
240  0.41267937421798706
181  0.41267240047454834
1661  0.4126705229282379
1771  0.41266489028930664
1336  0.4126575291156769
484  0.41265299916267395
622  0.4126509428024292
1535  0.41264158487319946
355  0.41264134645462036
1725  0.41263842582702637
1506  0.4126359820365906
1724  0.4126273989677429
1389  0.41261881589889526
1539  0.41261523962020874
1429  0.4126102030277252
523  0.4125950336456299
1624  0.4125889837741852
1583  0.4125877618789673
231  0.4125664532184601
491  0.41256120800971985
619  0.4125349521636963
463  0.41252002120018005
115  0.41251978278160095
238  0.412501722574234
1228  0.4124899208545685
356  0.412484735250473
290  0.41247913241386414
338  0.41247448325157166
766  0.4124727249145508
377  0.4124580919742584
1369  0.4124473035335541
655  0.4124354124069214
454  0.4124348759651184
1623  0.41243264079093933
1627  0.41241326928138733
1328  0.41240817308425903
1727  0.41240450739860535
1663  0.41239985823631287
1151  0.4123997688293457
346  0.41238781809806824
1364  0.4123554229736328
1150  0.4123419225215912
114  0.41234126687049866
618  0.4123210906982422
1479  0.41231539845466614
1341  0.4122953712940216
353  0.41227784752845764
1402  0.41227272152900696
1509  0.4122706651687622
1517  0.4122607409954071
328  0.41226068139076233
582  0.41223248839378357
601  0.41223007440567017
1747  0.4122031629085541
394  0.41220104694366455
1711  0.41218996047973633
1470  0.4121888279914856
663  0.41218459606170654
461  0.4121358096599579
1684  0.4121350347995758
1680  0.41213107109069824
1480  0.412121057510376
1410  0.41210684180259705
836  0.4120950698852539
1668  0.41208693385124207
342  0.4120778739452362
503  0.41207727789878845
660  0.41207557916641235
49  0.41206902265548706
1575  0.4120435416698456
738  0.4120403230190277
308  0.4120313823223114
374  0.4120294749736786
1537  0.41202297806739807
208  0.41201892495155334
535  0.4120067059993744
659  0.41200369596481323
1405  0.41196388006210327
1538  0.4119468033313751
131  0.41192927956581116
1637  0.41192764043807983
526  0.41192626953125
92  0.4119214713573456
1646  0.4118850827217102
1578  0.4118820130825043
1408  0.41187751293182373
1349  0.41184884309768677
258  0.4118371903896332
483  0.41183018684387207
609  0.4118192493915558
183  0.4118150472640991
103  0.41178277134895325
1371  0.4117773473262787
1597  0.41176190972328186
17  0.4117596745491028
352  0.4117482900619507
1764  0.4117414951324463
349  0.4117373824119568
295  0.411736398935318
1608  0.41173139214515686
478  0.41171547770500183
498  0.4117104709148407
1662  0.4117027819156647
1209  0.41168439388275146
1508  0.4116823375225067
1667  0.41166773438453674
1577  0.4116610288619995
209  0.4116440415382385
1510  0.41164371371269226
418  0.4116393029689789
343  0.41162797808647156
558  0.41162237524986267
248  0.41161927580833435
1386  0.4116174876689911
376  0.4116116762161255
344  0.4115925133228302
1363  0.41158655285835266
1463  0.4115832448005676
1683  0.411577433347702
1576  0.4115670323371887
467  0.4115222990512848
1752  0.4115094244480133
205  0.4114764630794525
1208  0.4114730954170227
331  0.41144928336143494
664  0.41144901514053345
190  0.41144564747810364
216  0.4114009141921997
479  0.41139253973960876
590  0.41139042377471924
661  0.41136929392814636
1672  0.41136887669563293
218  0.41136428713798523
485  0.41136085987091064
390  0.41132208704948425
1601  0.41129422187805176
1385  0.4112565517425537
1507  0.4112390875816345
273  0.41120195388793945
313  0.41119807958602905
1404  0.4111732244491577
269  0.4111629128456116
206  0.41115015745162964
598  0.41114696860313416
527  0.4111456573009491
451  0.41111868619918823
511  0.4111180901527405
332  0.4111163914203644
1483  0.41111430525779724
1758  0.4111132025718689
257  0.411112517118454
647  0.411112517118454
291  0.4111078381538391
413  0.4110652208328247
525  0.4110601544380188
1610  0.41102123260498047
90  0.4110030233860016
1375  0.41099345684051514
385  0.4109709858894348
1347  0.410969078540802
1682  0.41095656156539917
496  0.4109533727169037
1630  0.41092368960380554
1666  0.41088351607322693
386  0.4108525514602661
490  0.41083401441574097
312  0.4108307361602783
597  0.4107953906059265
389  0.41077810525894165
1390  0.4107714295387268
1376  0.41076499223709106
462  0.41074222326278687
316  0.410727322101593
1484  0.4107210636138916
373  0.4106594920158386
315  0.4106390178203583
359  0.4106289744377136
286  0.41062700748443604
249  0.41062432527542114
1761  0.4106150269508362
1631  0.41059884428977966
1650  0.41058894991874695
1754  0.41054385900497437
1685  0.4105207324028015
1340  0.4104996621608734
1478  0.4104846715927124
380  0.4104577600955963
492  0.41045016050338745
408  0.4104292690753937
334  0.4104064702987671
372  0.41038599610328674
1600  0.41036659479141235
411  0.41036131978034973
1762  0.41034552454948425
378  0.41030871868133545
1372  0.4102741479873657
1348  0.41027021408081055
1339  0.41026973724365234
375  0.41026878356933594
1384  0.4102497398853302
1708  0.4102497100830078
1536  0.4102316200733185
1403  0.4102170765399933
1571  0.4102075695991516
271  0.4101578891277313
1365  0.4101308584213257
303  0.4100984036922455
499  0.4100848138332367
1605  0.410072386264801
1599  0.4100557863712311
348  0.41003838181495667
453  0.4099835455417633
1756  0.4099353849887848
835  0.40989091992378235
1227  0.40986496210098267
212  0.4097706377506256
1488  0.40973755717277527
333  0.4097357988357544
335  0.40968793630599976
596  0.40965497493743896
656  0.4096392095088959
1628  0.40961191058158875
339  0.40958449244499207
1370  0.409401535987854
1407  0.40938618779182434
1598  0.40937677025794983
247  0.40936726331710815
452  0.4093475639820099
1760  0.40928447246551514
1572  0.40926116704940796
272  0.40925332903862
1206  0.4092385470867157
1561  0.4092210829257965
489  0.40914538502693176
252  0.4091182053089142
1207  0.40910667181015015
487  0.4090971350669861
244  0.40904906392097473
1710  0.4090323746204376
1486  0.4090084433555603
351  0.4089674651622772
1485  0.40896075963974
1755  0.4089076519012451
245  0.4088937044143677
1413  0.40887391567230225
341  0.4088459610939026
1759  0.408834308385849
410  0.4087558090686798
480  0.4085507094860077
662  0.4084812104701996
251  0.4084272086620331
350  0.4083854556083679
488  0.4082483947277069
509  0.4080423414707184
1604  0.40791499614715576
246  0.4078446626663208
340  0.40766772627830505
243  0.4075179696083069
242  0.40746966004371643
599  0.4072704017162323
241  0.40695980191230774
412  0.406707763671875
1487  0.40669482946395874
239  0.4062131941318512
486  0.4056120216846466
