1  0.4235185384750366
1069  0.4170544445514679
2  0.4091763496398926
746  0.4044395387172699
740  0.40147167444229126
3  0.4014016091823578
241  0.40136128664016724
556  0.4011196792125702
696  0.40110212564468384
677  0.4008804261684418
411  0.3999742865562439
575  0.39982470870018005
641  0.3996177911758423
743  0.3996090590953827
682  0.39960038661956787
653  0.39957934617996216
557  0.3994336426258087
675  0.39939212799072266
679  0.3992782533168793
742  0.3991035521030426
808  0.39892661571502686
720  0.3989022374153137
120  0.3988066017627716
646  0.3986663520336151
470  0.3985207676887512
416  0.39849770069122314
603  0.398380845785141
412  0.39837947487831116
1068  0.39829424023628235
678  0.39828231930732727
741  0.3982413709163666
633  0.39819037914276123
763  0.39814674854278564
776  0.39811643958091736
601  0.39795035123825073
716  0.39792898297309875
791  0.3978995680809021
652  0.39789241552352905
818  0.39787557721138
698  0.3978019058704376
827  0.397800475358963
681  0.3977886736392975
634  0.39772194623947144
863  0.39763912558555603
806  0.397630512714386
703  0.39759179949760437
403  0.39756256341934204
655  0.39749690890312195
654  0.39745065569877625
851  0.39737460017204285
807  0.39736828207969666
417  0.3973056674003601
636  0.39730000495910645
469  0.3972187340259552
1009  0.3971903622150421
719  0.3971879184246063
644  0.397173672914505
1058  0.3970773220062256
1001  0.3970670998096466
777  0.3970557451248169
946  0.39703238010406494
809  0.39701494574546814
191  0.3969862163066864
774  0.3969629406929016
928  0.3969419300556183
673  0.396934449672699
672  0.39686012268066406
668  0.39685559272766113
516  0.39684295654296875
754  0.3967691659927368
640  0.3967231512069702
739  0.3967205286026001
804  0.3967043161392212
324  0.39669403433799744
817  0.39666786789894104
635  0.39663559198379517
824  0.39663103222846985
4  0.39662808179855347
669  0.3965968191623688
237  0.3965694010257721
1036  0.39655113220214844
738  0.3965138792991638
744  0.39650121331214905
674  0.39646443724632263
671  0.39645060896873474
845  0.3964361548423767
1046  0.39643096923828125
658  0.396411269903183
418  0.3963899314403534
697  0.39636266231536865
632  0.39632752537727356
826  0.3963007926940918
419  0.39622369408607483
836  0.39621803164482117
844  0.3961706757545471
755  0.3961297273635864
196  0.3961280882358551
737  0.3960757553577423
651  0.39605575799942017
1010  0.396014541387558
747  0.3959891200065613
680  0.3959504961967468
119  0.39584192633628845
415  0.3957054316997528
638  0.39570340514183044
939  0.3956685960292816
729  0.3956416845321655
656  0.3956301212310791
468  0.39560699462890625
609  0.3956020176410675
82  0.3955763280391693
577  0.39556172490119934
559  0.3955529034137726
823  0.3955394923686981
745  0.39548709988594055
865  0.39541003108024597
1000  0.3953936994075775
768  0.39535197615623474
188  0.3952086865901947
794  0.39519909024238586
600  0.39519214630126953
596  0.39519208669662476
828  0.3951103687286377
121  0.3951013386249542
240  0.3950461745262146
762  0.39501887559890747
796  0.39499178528785706
825  0.39497002959251404
691  0.39495086669921875
784  0.39492267370224
728  0.39490067958831787
413  0.3948962688446045
701  0.394890695810318
821  0.39488720893859863
458  0.3948773145675659
795  0.3948454260826111
536  0.39482393860816956
323  0.3948114514350891
581  0.39475831389427185
643  0.3947565257549286
478  0.3947346806526184
699  0.39472508430480957
405  0.3946220874786377
760  0.39459899067878723
554  0.3945572078227997
884  0.3945387303829193
645  0.39450910687446594
414  0.3944857716560364
822  0.394478976726532
355  0.3944685161113739
683  0.3944668769836426
135  0.3944643437862396
695  0.3944401741027832
277  0.39443135261535645
1037  0.3944303095340729
749  0.3944297134876251
829  0.39442187547683716
106  0.3944185674190521
947  0.3943799138069153
780  0.3943745195865631
190  0.3943646550178528
218  0.3943565785884857
642  0.3942987322807312
83  0.3942846953868866
730  0.39420291781425476
647  0.39419838786125183
500  0.3941945731639862
731  0.3941780924797058
948  0.3941609859466553
242  0.39415520429611206
694  0.39414113759994507
1011  0.3941144347190857
615  0.39409521222114563
587  0.39407458901405334
84  0.3940736949443817
840  0.39405572414398193
67  0.3940293788909912
611  0.3940235376358032
353  0.3940035402774811
663  0.39397478103637695
812  0.3939427137374878
667  0.39390504360198975
757  0.39388802647590637
97  0.39388394355773926
118  0.39387619495391846
1002  0.3938608765602112
676  0.3938089609146118
199  0.3938062787055969
929  0.393783301115036
576  0.39376768469810486
461  0.3937218487262726
718  0.39370426535606384
769  0.39368653297424316
748  0.39368125796318054
363  0.39367833733558655
459  0.393642783164978
637  0.3936280310153961
782  0.3935687839984894
670  0.39355406165122986
710  0.39353129267692566
602  0.3935055434703827
369  0.3935001492500305
582  0.3934566080570221
599  0.39343178272247314
604  0.3934035897254944
831  0.39339327812194824
814  0.3933776915073395
837  0.3933620750904083
239  0.3933342695236206
852  0.3933230936527252
717  0.3933106064796448
1035  0.39330440759658813
999  0.3932785987854004
866  0.393263578414917
890  0.3932432234287262
105  0.3932335674762726
937  0.39321935176849365
278  0.39317700266838074
96  0.39315271377563477
627  0.3931358754634857
404  0.39311549067497253
534  0.3930872678756714
970  0.3930843472480774
362  0.39308038353919983
1057  0.3930579721927643
410  0.39303356409072876
880  0.39302513003349304
778  0.39300909638404846
371  0.39300838112831116
283  0.3929755985736847
524  0.39296045899391174
580  0.39294806122779846
693  0.3929380774497986
496  0.39292433857917786
662  0.3929094672203064
217  0.3928968906402588
781  0.39289623498916626
521  0.39287614822387695
838  0.3928162455558777
810  0.39281153678894043
194  0.3927910625934601
25  0.39277535676956177
775  0.39275723695755005
368  0.3927237391471863
702  0.3927132487297058
574  0.3926919400691986
467  0.39267876744270325
944  0.39265814423561096
832  0.39262741804122925
291  0.39261752367019653
712  0.3925909996032715
910  0.3925510048866272
843  0.39252662658691406
666  0.39251449704170227
1029  0.39250847697257996
733  0.39249879121780396
631  0.39244580268859863
552  0.39244017004966736
5  0.3924395740032196
883  0.392421156167984
687  0.39241859316825867
727  0.3923814296722412
261  0.3923804759979248
724  0.39236506819725037
75  0.3923446536064148
462  0.39233267307281494
783  0.39233100414276123
779  0.39232897758483887
564  0.392326682806015
330  0.3923202157020569
85  0.39231401681900024
573  0.3922502100467682
1045  0.39223113656044006
864  0.3922218084335327
1034  0.3922047019004822
898  0.39218857884407043
764  0.3921847641468048
331  0.3921680450439453
572  0.3921620547771454
770  0.39210811257362366
561  0.3921019434928894
590  0.3920993506908417
451  0.39209604263305664
700  0.39205822348594666
558  0.3920443058013916
214  0.3920416533946991
875  0.39203375577926636
365  0.3920043408870697
714  0.392001748085022
583  0.39199087023735046
166  0.3919700086116791
420  0.39196088910102844
789  0.39195936918258667
630  0.39195379614830017
619  0.3919532299041748
37  0.3919491469860077
785  0.3919459581375122
263  0.39193809032440186
900  0.39189398288726807
606  0.39188116788864136
793  0.39187583327293396
553  0.3918715715408325
566  0.39186498522758484
380  0.3918360471725464
1038  0.39180412888526917
498  0.39180004596710205
659  0.3917851746082306
482  0.3917800486087799
953  0.39173343777656555
811  0.3917228877544403
98  0.39170825481414795
568  0.3917040228843689
460  0.3916979432106018
126  0.39168938994407654
364  0.3916889429092407
532  0.3916844129562378
715  0.3916589617729187
591  0.39164769649505615
555  0.391614705324173
614  0.3916117250919342
492  0.39160865545272827
224  0.39160317182540894
969  0.39158502221107483
304  0.3915761113166809
34  0.39154988527297974
65  0.3915424048900604
721  0.3915368318557739
927  0.3915311396121979
284  0.39152705669403076
354  0.3915187120437622
549  0.3915080428123474
886  0.39149782061576843
38  0.39148494601249695
882  0.3914746344089508
981  0.39147064089775085
980  0.39147019386291504
452  0.3914671838283539
750  0.39146098494529724
1066  0.39145535230636597
481  0.39144834876060486
932  0.39144372940063477
497  0.3914436399936676
820  0.39142826199531555
876  0.39141249656677246
322  0.3914014399051666
800  0.3913731276988983
8  0.3913416266441345
649  0.39133936166763306
164  0.3913195729255676
592  0.3913165032863617
226  0.3912915587425232
579  0.39127516746520996
282  0.3912723958492279
341  0.39126524329185486
689  0.391253799200058
523  0.39124470949172974
786  0.3912237882614136
276  0.3912215232849121
141  0.39121854305267334
589  0.391217440366745
1013  0.391213059425354
168  0.39121049642562866
1012  0.39120545983314514
839  0.3911961615085602
297  0.3911943733692169
608  0.3911902904510498
327  0.39118972420692444
275  0.3911730647087097
758  0.39117226004600525
913  0.3911471664905548
474  0.3911348581314087
945  0.3911227285861969
938  0.3911088705062866
692  0.39110392332077026
790  0.3910839557647705
243  0.39106568694114685
421  0.39104780554771423
525  0.39103442430496216
499  0.39102452993392944
819  0.3910220265388489
167  0.39099425077438354
479  0.39098668098449707
192  0.390968382358551
406  0.3909132778644562
767  0.390901654958725
855  0.39087313413619995
453  0.3908720016479492
172  0.39086365699768066
686  0.3908418118953705
571  0.3908274471759796
366  0.3908233046531677
881  0.39080867171287537
899  0.3908001482486725
874  0.39079156517982483
813  0.39077022671699524
352  0.3907557427883148
515  0.39074933528900146
761  0.3907446563243866
244  0.3907429277896881
578  0.39072972536087036
1048  0.39072704315185547
891  0.3907221555709839
548  0.39069032669067383
563  0.3906848132610321
879  0.39066818356513977
198  0.39065122604370117
333  0.39064934849739075
348  0.3906489908695221
772  0.3906364440917969
842  0.39061060547828674
639  0.39060303568840027
431  0.390581876039505
189  0.39057376980781555
995  0.39054596424102783
151  0.39048442244529724
101  0.3904726803302765
1031  0.39045584201812744
390  0.3904498219490051
443  0.3904482126235962
816  0.3904428780078888
916  0.3904200792312622
867  0.3904172480106354
815  0.3904106020927429
535  0.39039501547813416
154  0.3903791010379791
982  0.3903738856315613
885  0.39036980271339417
375  0.39036768674850464
1063  0.39036622643470764
1047  0.39036208391189575
307  0.3903322219848633
131  0.3903185725212097
1015  0.39030131697654724
723  0.39030125737190247
193  0.3902945816516876
79  0.3902893364429474
449  0.390252023935318
974  0.39024245738983154
1064  0.3902418911457062
648  0.3902227580547333
942  0.39021432399749756
111  0.39019155502319336
344  0.39018529653549194
133  0.39018523693084717
359  0.3901665210723877
1030  0.3901642858982086
50  0.3901544213294983
887  0.3901337683200836
805  0.39013269543647766
100  0.39013147354125977
983  0.3901233673095703
585  0.39012062549591064
292  0.390110045671463
759  0.3901057243347168
400  0.39010322093963623
657  0.3900950849056244
565  0.39008384943008423
259  0.3900740444660187
325  0.3900481164455414
266  0.3900414705276489
1028  0.390024870634079
401  0.3900177478790283
495  0.39000535011291504
215  0.3899988532066345
902  0.38998809456825256
569  0.3899841010570526
660  0.38998329639434814
287  0.38998013734817505
503  0.3899697959423065
1067  0.38994184136390686
560  0.3898807466030121
246  0.3898806869983673
736  0.38987720012664795
734  0.3898707926273346
185  0.38986578583717346
486  0.38985565304756165
661  0.38982751965522766
756  0.3898232579231262
1008  0.3898122310638428
848  0.3898041844367981
707  0.3898007869720459
1040  0.3897969722747803
936  0.3897911608219147
930  0.38978034257888794
36  0.3897784650325775
539  0.38976529240608215
926  0.38975071907043457
610  0.38973936438560486
211  0.38973796367645264
830  0.38973334431648254
444  0.38972023129463196
618  0.38970938324928284
372  0.3896993100643158
835  0.38968855142593384
81  0.3896874189376831
24  0.3896854519844055
381  0.3896816372871399
35  0.38967373967170715
10  0.3896702229976654
622  0.38965824246406555
402  0.3896443545818329
182  0.38963693380355835
527  0.3896324038505554
732  0.38960763812065125
688  0.3896036744117737
1025  0.38959938287734985
385  0.3895938992500305
361  0.38958975672721863
771  0.3895856738090515
165  0.38957953453063965
846  0.3895629644393921
1042  0.38956013321876526
471  0.38954606652259827
528  0.3895280063152313
841  0.38952112197875977
541  0.3895110487937927
613  0.3895002603530884
862  0.3894914984703064
722  0.3894905745983124
155  0.38948702812194824
30  0.3894747793674469
33  0.38946568965911865
607  0.3894370496273041
279  0.38942772150039673
163  0.3894113004207611
792  0.38939887285232544
128  0.389384001493454
594  0.38937413692474365
803  0.38937219977378845
99  0.38937026262283325
567  0.3893607556819916
396  0.38934630155563354
533  0.3893435001373291
288  0.3893403708934784
175  0.3893272280693054
490  0.3893248438835144
339  0.38931724429130554
545  0.38930752873420715
1043  0.38929206132888794
665  0.38928690552711487
978  0.3892737627029419
684  0.3892665207386017
934  0.38926222920417786
289  0.3892618417739868
248  0.3892616033554077
149  0.3892536163330078
95  0.3892419636249542
427  0.3892343044281006
475  0.3892333507537842
993  0.38923171162605286
370  0.38923129439353943
9  0.3892270028591156
257  0.3892228901386261
725  0.3892148435115814
570  0.3892141878604889
409  0.3892105221748352
463  0.38920706510543823
122  0.38919785618782043
949  0.38917991518974304
440  0.3891746401786804
274  0.38915377855300903
918  0.38913658261299133
272  0.3891066312789917
931  0.38910311460494995
446  0.3891027271747589
1041  0.3890976309776306
223  0.38908451795578003
386  0.38906553387641907
391  0.38905057311058044
132  0.3890365958213806
597  0.38903307914733887
227  0.3890312612056732
184  0.3890311121940613
798  0.3890264332294464
787  0.3890213370323181
308  0.3890058696269989
286  0.3890053629875183
519  0.38899943232536316
225  0.3889937400817871
685  0.38896772265434265
773  0.38894885778427124
78  0.38894814252853394
94  0.38892415165901184
150  0.3889237940311432
77  0.3889208137989044
788  0.3889123797416687
285  0.3888983726501465
142  0.3888968527317047
351  0.38889527320861816
968  0.3888952136039734
76  0.38888978958129883
428  0.3888850212097168
967  0.3888815641403198
1065  0.38885006308555603
911  0.3888058066368103
44  0.3887980580329895
506  0.38879743218421936
228  0.3887782692909241
868  0.3887685239315033
384  0.3886939585208893
975  0.38866570591926575
873  0.388656884431839
493  0.388643354177475
110  0.3886423707008362
996  0.3886324465274811
753  0.38862985372543335
797  0.38861769437789917
422  0.38861724734306335
605  0.38861390948295593
213  0.3885961174964905
708  0.38858938217163086
584  0.38858628273010254
148  0.3885800242424011
1044  0.3885791599750519
197  0.3885791301727295
735  0.3885750472545624
834  0.3885537385940552
940  0.38853296637535095
994  0.3885282576084137
925  0.3885171711444855
765  0.3884980380535126
709  0.38849708437919617
664  0.3884943723678589
505  0.3884918689727783
1039  0.3884802460670471
711  0.38846924901008606
256  0.3884422183036804
23  0.3884385824203491
326  0.38843515515327454
260  0.38843435049057007
441  0.38842445611953735
878  0.38842326402664185
485  0.3884190320968628
514  0.38840556144714355
178  0.38840413093566895
332  0.3883865177631378
650  0.3883836269378662
935  0.38837942481040955
625  0.38833630084991455
480  0.3883266746997833
221  0.3883208930492401
992  0.38829663395881653
302  0.388284832239151
367  0.3882733881473541
1004  0.38826897740364075
123  0.388265460729599
1014  0.38824722170829773
544  0.38824379444122314
373  0.38822221755981445
186  0.38822054862976074
586  0.38821378350257874
252  0.3882092833518982
943  0.3882041871547699
383  0.3881630003452301
262  0.38816049695014954
388  0.3881556987762451
501  0.388154536485672
72  0.38811343908309937
704  0.38811251521110535
356  0.38811221718788147
713  0.3881068527698517
889  0.38808849453926086
258  0.3880850076675415
588  0.388039231300354
176  0.38802361488342285
1016  0.38801881670951843
971  0.38800114393234253
265  0.387982040643692
626  0.3879811763763428
892  0.38798031210899353
705  0.3879680633544922
320  0.38796597719192505
295  0.3879445791244507
914  0.3879382014274597
802  0.3879358172416687
296  0.3879357576370239
235  0.3879351019859314
343  0.38793325424194336
917  0.3879315257072449
912  0.387907475233078
162  0.38790181279182434
187  0.38788822293281555
212  0.38786017894744873
954  0.3878473937511444
136  0.38784149289131165
271  0.3877917230129242
595  0.38778039813041687
247  0.3877768814563751
19  0.3877747654914856
624  0.38776838779449463
236  0.38776203989982605
179  0.3877524137496948
350  0.3877326250076294
117  0.3877173662185669
430  0.38771721720695496
253  0.3877091705799103
1026  0.38769155740737915
507  0.3876880407333374
310  0.3876761198043823
955  0.38766053318977356
877  0.3876442015171051
107  0.38764292001724243
181  0.38764140009880066
245  0.38763099908828735
220  0.38761869072914124
68  0.387582004070282
254  0.38757649064064026
752  0.38755157589912415
526  0.38753896951675415
55  0.3875315189361572
906  0.38752707839012146
690  0.3875061571598053
508  0.3874821066856384
26  0.38746321201324463
973  0.3874503970146179
312  0.387440949678421
294  0.3874363601207733
171  0.3874360918998718
108  0.3874278664588928
494  0.38742509484291077
538  0.38741955161094666
858  0.3874189555644989
1018  0.38741153478622437
300  0.38741040229797363
338  0.3873840868473053
346  0.3873649537563324
620  0.3873388469219208
134  0.38733431696891785
434  0.3873315453529358
801  0.38731831312179565
20  0.38729366660118103
1006  0.387288898229599
109  0.3872615396976471
140  0.3872419595718384
445  0.3872286081314087
382  0.3872014880180359
347  0.3871861696243286
502  0.38718563318252563
138  0.38718554377555847
153  0.3871837258338928
267  0.38716134428977966
305  0.3871537744998932
116  0.3871471881866455
71  0.38712984323501587
961  0.3871293365955353
893  0.3871254026889801
850  0.38712120056152344
457  0.38706961274147034
562  0.3870687186717987
299  0.38704031705856323
847  0.38703617453575134
18  0.38703131675720215
86  0.3870071768760681
854  0.38697299361228943
1059  0.38696444034576416
311  0.3869590163230896
306  0.38695868849754333
543  0.3869563639163971
269  0.3869531750679016
28  0.3869388699531555
616  0.38692349195480347
180  0.3869229853153229
628  0.38692134618759155
972  0.38691607117652893
328  0.3868982195854187
859  0.38689175248146057
487  0.38688164949417114
329  0.3868407607078552
408  0.3868255615234375
66  0.3868246376514435
129  0.3868049383163452
293  0.38679611682891846
751  0.3867934048175812
550  0.3867821991443634
726  0.38677021861076355
426  0.3867694139480591
103  0.38676485419273376
69  0.38675230741500854
986  0.38674938678741455
504  0.3867217004299164
238  0.3867206275463104
387  0.38670986890792847
389  0.3867020308971405
522  0.3866705000400543
962  0.3866420090198517
621  0.38663914799690247
593  0.3866249918937683
130  0.3866242468357086
904  0.3866143524646759
70  0.38660380244255066
394  0.3865993022918701
542  0.38658562302589417
1054  0.38657718896865845
509  0.38656532764434814
357  0.38654863834381104
335  0.3865319788455963
520  0.38652563095092773
280  0.3865077793598175
529  0.3865020275115967
318  0.3864850103855133
17  0.3864796757698059
799  0.3864375948905945
856  0.3864300549030304
46  0.3864138126373291
849  0.3863990008831024
47  0.38638031482696533
448  0.38635772466659546
466  0.3863425850868225
1056  0.3863343596458435
303  0.38633057475090027
905  0.38632702827453613
546  0.3863234221935272
833  0.38632142543792725
249  0.38628634810447693
909  0.3862859010696411
998  0.38627949357032776
517  0.38627544045448303
540  0.3862629234790802
979  0.3862569034099579
537  0.38625502586364746
301  0.3862544000148773
250  0.38625407218933105
137  0.3862481713294983
222  0.38623014092445374
456  0.3862152099609375
156  0.3862082362174988
64  0.3861950635910034
281  0.38619279861450195
39  0.38618212938308716
395  0.38617417216300964
139  0.3861585855484009
270  0.38612648844718933
894  0.3861110210418701
143  0.386107474565506
472  0.3860868513584137
399  0.3860838711261749
41  0.38608208298683167
442  0.3860791027545929
617  0.386069118976593
251  0.3860684633255005
147  0.38605815172195435
376  0.3860437273979187
450  0.3860417902469635
334  0.38602349162101746
857  0.3860125243663788
398  0.3859395682811737
6  0.3859209716320038
125  0.3859182596206665
612  0.3859102427959442
1053  0.3859090507030487
903  0.38587790727615356
32  0.3858640193939209
987  0.3858635723590851
923  0.3858589828014374
1032  0.3858548402786255
483  0.3858451843261719
425  0.38583073019981384
340  0.38582560420036316
455  0.385798841714859
977  0.3857968747615814
205  0.38577771186828613
957  0.3857749402523041
321  0.38575509190559387
510  0.38573604822158813
169  0.3857172429561615
124  0.38570237159729004
895  0.38570085167884827
766  0.3856987953186035
1062  0.3856775462627411
513  0.38567376136779785
1027  0.3856651186943054
869  0.3856329917907715
173  0.3856322765350342
464  0.3856167495250702
1003  0.3856017291545868
206  0.3855975568294525
379  0.3855533301830292
358  0.3855161666870117
997  0.38551467657089233
950  0.385498583316803
1060  0.3854924142360687
1033  0.385483056306839
407  0.3854648172855377
298  0.38545843958854675
1005  0.3854154050350189
345  0.3854067623615265
473  0.3853919506072998
924  0.3853600323200226
888  0.38532182574272156
349  0.38531693816185
231  0.38526955246925354
342  0.38523027300834656
11  0.3851996660232544
901  0.38519948720932007
319  0.38519832491874695
360  0.38519516587257385
518  0.3851800262928009
374  0.3851797580718994
915  0.3851540684700012
127  0.3851519525051117
941  0.38515061140060425
53  0.3851274847984314
115  0.3851146101951599
491  0.38511383533477783
144  0.38510626554489136
871  0.3850644826889038
989  0.3850523829460144
454  0.3850235342979431
255  0.3850207030773163
152  0.3849979639053345
112  0.3849848210811615
48  0.3849312365055084
1050  0.38490962982177734
439  0.3848978877067566
1007  0.3848579227924347
990  0.38485589623451233
1020  0.3848506510257721
209  0.3848351836204529
530  0.3848200738430023
896  0.3848154842853546
378  0.38479796051979065
860  0.38477835059165955
377  0.3847689628601074
907  0.3847665786743164
861  0.3847627341747284
870  0.3847487270832062
706  0.38473430275917053
92  0.3847214877605438
7  0.3846795856952667
45  0.3846651315689087
1055  0.3846416175365448
183  0.3846324682235718
598  0.3845905065536499
1017  0.38458532094955444
51  0.38456863164901733
40  0.3845663070678711
195  0.3845239579677582
437  0.3845070004463196
201  0.38448747992515564
1019  0.38446247577667236
511  0.38446083664894104
208  0.38444650173187256
933  0.3844422399997711
1061  0.38443616032600403
207  0.3844220042228699
392  0.3844054639339447
309  0.38440003991127014
429  0.3843991756439209
146  0.3843948245048523
919  0.3843728005886078
290  0.38433346152305603
964  0.3843230605125427
908  0.38430148363113403
88  0.3842985928058624
966  0.38429826498031616
985  0.3842962384223938
29  0.38427993655204773
229  0.3842044174671173
74  0.38419994711875916
56  0.3841959536075592
432  0.3841879963874817
853  0.38416266441345215
951  0.38415682315826416
336  0.3841179609298706
73  0.3840946853160858
960  0.384037584066391
337  0.38402557373046875
897  0.3840121626853943
920  0.38401198387145996
963  0.3839530646800995
22  0.38392212986946106
268  0.38391539454460144
31  0.3838472366333008
273  0.38377702236175537
204  0.3837292194366455
465  0.3836502432823181
42  0.3836383521556854
547  0.38363611698150635
219  0.38361790776252747
216  0.3835659921169281
1024  0.38354724645614624
1022  0.3835301995277405
551  0.38352248072624207
922  0.38348886370658875
102  0.3834792375564575
21  0.3834449052810669
484  0.3834225833415985
52  0.3833952248096466
965  0.383317232131958
872  0.3833163380622864
170  0.38327181339263916
623  0.38323578238487244
1021  0.38321033120155334
203  0.3830639123916626
956  0.3830142021179199
436  0.3830028474330902
1049  0.3829526901245117
988  0.38291633129119873
177  0.38289767503738403
62  0.38288256525993347
104  0.3828750550746918
49  0.382860392332077
145  0.3827880620956421
531  0.38263896107673645
952  0.38263019919395447
264  0.38262495398521423
54  0.38256487250328064
202  0.3825576603412628
113  0.3825392425060272
158  0.38253548741340637
12  0.3824843168258667
27  0.38231050968170166
314  0.38229286670684814
91  0.3822692334651947
393  0.3822499215602875
488  0.38223350048065186
629  0.3821989595890045
232  0.38219234347343445
438  0.3821900188922882
447  0.3821008503437042
114  0.3820953667163849
959  0.38209185004234314
43  0.3820916414260864
63  0.3820914328098297
210  0.382064551115036
161  0.382050096988678
991  0.38204652070999146
87  0.38198718428611755
89  0.3819867968559265
200  0.3819628357887268
958  0.38193902373313904
1051  0.3818863034248352
1052  0.38187989592552185
90  0.381856769323349
93  0.3818052411079407
489  0.3817712664604187
234  0.38174110651016235
435  0.38170090317726135
477  0.3815818428993225
57  0.381562739610672
424  0.38155439496040344
976  0.3815357983112335
315  0.3814711570739746
397  0.3813271224498749
80  0.38128718733787537
423  0.3812829554080963
60  0.38122889399528503
433  0.38120129704475403
984  0.3811386227607727
230  0.3811376392841339
61  0.3809558153152466
316  0.38035282492637634
317  0.38013026118278503
14  0.38010653853416443
13  0.37977972626686096
476  0.37963300943374634
313  0.37941741943359375
16  0.3794015645980835
174  0.37918365001678467
58  0.3790004551410675
157  0.3787975013256073
921  0.37869518995285034
59  0.37861064076423645
512  0.3782868981361389
15  0.37789300084114075
159  0.3777084946632385
1023  0.3775930404663086
233  0.37561526894569397
160  0.3755946755409241
