1  0.4461771249771118
1289  0.4451795816421509
25  0.4413122534751892
24  0.4398217797279358
568  0.4387025237083435
567  0.4385722279548645
107  0.438273161649704
32  0.4381924867630005
74  0.4374714493751526
669  0.4372609853744507
27  0.4371609091758728
1288  0.4371219575405121
617  0.43699660897254944
264  0.4369858205318451
569  0.436864972114563
3  0.4368288516998291
88  0.43654707074165344
31  0.43649283051490784
163  0.43631428480148315
1193  0.43622398376464844
33  0.4362103343009949
2  0.436206191778183
537  0.436154305934906
116  0.43611544370651245
23  0.43595102429389954
7  0.4358797073364258
687  0.43585607409477234
29  0.4357030391693115
4  0.435621052980423
616  0.4355250597000122
1074  0.43549633026123047
146  0.4354950189590454
1041  0.4354002773761749
536  0.4352759122848511
60  0.4352266788482666
578  0.43518632650375366
645  0.4351810812950134
287  0.43517935276031494
670  0.4350532591342926
87  0.43496909737586975
1196  0.4349578619003296
1134  0.4349572956562042
78  0.43493765592575073
195  0.434871643781662
1136  0.43484634160995483
34  0.43483999371528625
138  0.43482714891433716
77  0.43471625447273254
286  0.43459317088127136
271  0.4345833659172058
115  0.4345802962779999
466  0.43457868695259094
884  0.4345245659351349
534  0.43449389934539795
904  0.4344821572303772
11  0.4344373345375061
592  0.43438154458999634
319  0.4343332350254059
1280  0.43433234095573425
667  0.43425095081329346
8  0.4342111349105835
1046  0.4341900050640106
1206  0.434186726808548
105  0.4341820776462555
46  0.4341183602809906
26  0.4340820908546448
671  0.43401092290878296
41  0.43396762013435364
1236  0.4339529871940613
686  0.4338555634021759
605  0.4337905943393707
72  0.4337008595466614
1197  0.43369659781455994
66  0.43360665440559387
557  0.4335825443267822
976  0.4335825443267822
1204  0.43356853723526
1154  0.43356549739837646
533  0.4335455596446991
646  0.4335387945175171
106  0.4335237741470337
45  0.43351423740386963
114  0.43347543478012085
608  0.43343716859817505
1198  0.4334357976913452
56  0.43343475461006165
482  0.4333610534667969
629  0.43335598707199097
1267  0.43334901332855225
1207  0.4332672655582428
470  0.43323785066604614
350  0.4332273602485657
164  0.4332173764705658
68  0.43319442868232727
265  0.43318840861320496
475  0.43313613533973694
484  0.43313267827033997
1260  0.43312782049179077
22  0.433088093996048
110  0.43308791518211365
1272  0.433083176612854
255  0.43307819962501526
988  0.43306899070739746
473  0.4330499470233917
10  0.43303588032722473
593  0.4330195486545563
465  0.4330037832260132
5  0.4329477548599243
636  0.43293502926826477
1018  0.4329213500022888
1279  0.4329146444797516
857  0.43290311098098755
9  0.4328784644603729
481  0.43287262320518494
560  0.4328295886516571
672  0.4328227937221527
571  0.4328169822692871
1285  0.43280163407325745
167  0.4327884912490845
76  0.43277016282081604
318  0.43276113271713257
1269  0.432754248380661
641  0.4327342212200165
35  0.43266913294792175
765  0.43265634775161743
766  0.43265360593795776
150  0.4326458275318146
1088  0.4326310157775879
1270  0.4326304793357849
144  0.43256935477256775
973  0.4325564503669739
28  0.43253380060195923
111  0.43253010511398315
1263  0.43250903487205505
1091  0.4324803352355957
47  0.4324635863304138
6  0.43244361877441406
1069  0.43243688344955444
48  0.432429701089859
49  0.4323982894420624
1131  0.4323863685131073
444  0.4323849678039551
18  0.432372510433197
67  0.4323568344116211
349  0.4323382079601288
468  0.43232327699661255
38  0.4322689175605774
109  0.43226876854896545
108  0.43226358294487
863  0.4322548806667328
647  0.4322364330291748
1237  0.43220219016075134
17  0.43220019340515137
162  0.432195246219635
1242  0.43218690156936646
558  0.4321863055229187
288  0.4321793019771576
425  0.432176411151886
630  0.43216821551322937
615  0.4321373999118805
1205  0.4320930540561676
113  0.4320751130580902
457  0.43205344676971436
158  0.43203306198120117
166  0.43202945590019226
73  0.43201854825019836
723  0.4319719672203064
20  0.4319593012332916
624  0.4319193363189697
251  0.43191659450531006
488  0.43186503648757935
635  0.4318370223045349
599  0.4318295121192932
1264  0.4318235516548157
532  0.4318191111087799
40  0.43181827664375305
1271  0.4318154752254486
42  0.4318121075630188
1195  0.4318116009235382
503  0.43177831172943115
12  0.43175143003463745
590  0.4317488968372345
487  0.43172550201416016
1232  0.43172410130500793
253  0.43172141909599304
30  0.4317149221897125
474  0.4317054748535156
104  0.43170374631881714
1248  0.43166935443878174
147  0.4316632151603699
133  0.43161123991012573
351  0.4315962791442871
1209  0.4315832555294037
1226  0.4315703809261322
1152  0.4315498173236847
117  0.4315392076969147
85  0.43152931332588196
86  0.43151354789733887
327  0.43150752782821655
1155  0.43149784207344055
1180  0.43149659037590027
586  0.431467205286026
254  0.4314497709274292
140  0.43143704533576965
98  0.43137598037719727
607  0.4313616156578064
75  0.43135493993759155
1278  0.43134284019470215
443  0.43131470680236816
148  0.4313046336174011
1089  0.4312744140625
561  0.43127351999282837
1151  0.4312564730644226
1135  0.4312392473220825
618  0.4312220811843872
649  0.43121910095214844
472  0.4312177300453186
81  0.4312075972557068
270  0.43118780851364136
830  0.4311809837818146
231  0.43117770552635193
125  0.4311671257019043
157  0.4311513304710388
14  0.4311503469944
69  0.43114230036735535
714  0.4311410188674927
814  0.4311390519142151
165  0.43113285303115845
950  0.43110737204551697
644  0.43110692501068115
623  0.43109700083732605
1039  0.43108636140823364
693  0.43108007311820984
1181  0.43106475472450256
70  0.43106377124786377
768  0.43106237053871155
102  0.4310612976551056
707  0.4310411512851715
1146  0.4310287833213806
689  0.43102002143859863
668  0.4310130178928375
600  0.43100157380104065
535  0.43099966645240784
1075  0.43099769949913025
643  0.4309884309768677
208  0.4309542775154114
151  0.43093448877334595
379  0.43092089891433716
589  0.4309001863002777
1073  0.4308888018131256
55  0.4308835566043854
634  0.4308743476867676
99  0.430868923664093
1273  0.43086278438568115
196  0.43083760142326355
570  0.4308258593082428
396  0.4308241605758667
198  0.4308226406574249
485  0.43082180619239807
1189  0.4308154284954071
1194  0.4308129549026489
588  0.43080371618270874
1040  0.4308009743690491
540  0.4307997524738312
1274  0.4307969808578491
139  0.430785208940506
513  0.4307745397090912
294  0.43077024817466736
159  0.430751770734787
1120  0.43074655532836914
514  0.4307403564453125
585  0.4307246506214142
664  0.4307129383087158
591  0.4306916892528534
160  0.4306727349758148
112  0.43065938353538513
130  0.4306570589542389
1231  0.4306294322013855
493  0.4306166470050812
642  0.4306113123893738
13  0.4306064546108246
1137  0.4305897057056427
1149  0.4305833578109741
836  0.4305824339389801
974  0.4305795729160309
1139  0.4305787682533264
577  0.43057435750961304
792  0.4305632710456848
16  0.4305630326271057
252  0.43055686354637146
945  0.4305247664451599
1228  0.43051761388778687
587  0.4305121600627899
39  0.430502325296402
555  0.43049779534339905
856  0.4304904341697693
361  0.43048331141471863
946  0.43046441674232483
65  0.4304603338241577
1259  0.43045562505722046
1241  0.43044108152389526
972  0.43043702840805054
627  0.43042507767677307
320  0.4303913116455078
263  0.43038076162338257
1150  0.43037933111190796
865  0.4303767681121826
1227  0.4303341209888458
82  0.43033137917518616
833  0.4303252100944519
241  0.43030846118927
136  0.43029507994651794
1251  0.43029284477233887
821  0.4302927851676941
674  0.43026843667030334
1133  0.43026578426361084
556  0.4302547872066498
1261  0.43025457859039307
62  0.43024569749832153
631  0.4302442967891693
1282  0.43023598194122314
57  0.4302152395248413
246  0.43021276593208313
84  0.4301903247833252
471  0.43018776178359985
957  0.4301784932613373
242  0.43016526103019714
566  0.4301631450653076
673  0.4301580786705017
621  0.43015486001968384
149  0.4301477372646332
564  0.4301452338695526
1042  0.4301433265209198
762  0.4301357865333557
648  0.430134117603302
400  0.43013128638267517
458  0.43012210726737976
958  0.4301188588142395
708  0.43010830879211426
348  0.430101215839386
1284  0.43006566166877747
1192  0.4300592243671417
297  0.43005454540252686
1233  0.4300514757633209
890  0.4300433397293091
902  0.4300364851951599
101  0.42999041080474854
977  0.42999008297920227
825  0.42996224761009216
1266  0.42995914816856384
440  0.4299581050872803
1235  0.42994940280914307
1019  0.4299488961696625
168  0.42994433641433716
897  0.42993131279945374
94  0.42989403009414673
1178  0.4298580586910248
598  0.42984968423843384
1157  0.4298025667667389
1087  0.4297875463962555
1160  0.42978644371032715
975  0.42977747321128845
89  0.4297683835029602
690  0.4297533333301544
511  0.4297431707382202
831  0.4297357201576233
971  0.4297262132167816
779  0.4297208786010742
796  0.42971882224082947
882  0.42971062660217285
1038  0.42967647314071655
1179  0.42965561151504517
1036  0.4296413064002991
1281  0.4296412467956543
886  0.4296166002750397
1287  0.4296085238456726
1132  0.4296075999736786
126  0.4296054244041443
21  0.429600328207016
1090  0.4295943081378937
956  0.42957374453544617
1176  0.42956456542015076
826  0.42955878376960754
135  0.42955175042152405
735  0.42954885959625244
1201  0.4295486807823181
245  0.4295477867126465
1140  0.4295461177825928
283  0.4295392632484436
688  0.4295386075973511
767  0.4295288026332855
761  0.4295232594013214
538  0.4295157790184021
750  0.4295017123222351
123  0.4294993281364441
467  0.4294925630092621
1211  0.42949074506759644
455  0.42948436737060547
71  0.42947694659233093
544  0.4294661581516266
1153  0.42946290969848633
764  0.42945483326911926
156  0.4294518232345581
745  0.4294457733631134
418  0.4294435679912567
61  0.4294069707393646
1025  0.4294053912162781
1202  0.4293951988220215
1203  0.4293936789035797
565  0.42938780784606934
753  0.42938193678855896
839  0.42936474084854126
423  0.42935827374458313
952  0.4293377101421356
1068  0.42933189868927
422  0.4293220341205597
1268  0.4293213486671448
987  0.4293132722377777
409  0.42930716276168823
145  0.42930036783218384
134  0.42929962277412415
1191  0.4292994439601898
1213  0.4292929768562317
721  0.42929235100746155
720  0.4292905032634735
289  0.42929020524024963
161  0.42926427721977234
546  0.4292641580104828
247  0.4292609393596649
401  0.4292536973953247
124  0.4292173385620117
832  0.42921099066734314
849  0.4292105734348297
1190  0.4292094111442566
797  0.42920494079589844
740  0.4291974604129791
1113  0.4291858673095703
1234  0.4291703402996063
931  0.42915311455726624
1265  0.42914384603500366
694  0.4291287958621979
1215  0.4290880560874939
995  0.42908111214637756
550  0.4290716350078583
1283  0.42907068133354187
1086  0.42906495928764343
660  0.42906197905540466
153  0.42906180024147034
1144  0.42905721068382263
476  0.42905592918395996
744  0.42902010679244995
152  0.4290042221546173
1014  0.42898666858673096
268  0.42895227670669556
898  0.42892754077911377
19  0.42890626192092896
726  0.4289044737815857
741  0.4288930594921112
903  0.4288899004459381
243  0.428873211145401
806  0.42886847257614136
774  0.4288613200187683
848  0.42885586619377136
495  0.428819477558136
1047  0.42881011962890625
142  0.42880240082740784
295  0.42877131700515747
1148  0.4287664592266083
489  0.42876091599464417
358  0.4287557005882263
885  0.4287339746952057
743  0.4287165403366089
469  0.4287146329879761
342  0.4287123680114746
919  0.4287061393260956
15  0.42868807911872864
685  0.42868122458457947
549  0.4286710023880005
706  0.428658127784729
997  0.428657591342926
1081  0.428653359413147
178  0.4286499619483948
1094  0.42863577604293823
90  0.42861056327819824
899  0.4285631775856018
411  0.4285624623298645
137  0.4285604655742645
1240  0.4285452961921692
421  0.42854201793670654
554  0.42853689193725586
219  0.4285329580307007
1199  0.42852985858917236
1212  0.4285188615322113
628  0.4285182058811188
663  0.428516149520874
1117  0.4285041391849518
1121  0.4284985065460205
652  0.4284936785697937
633  0.42848509550094604
439  0.428477019071579
820  0.4284714162349701
44  0.42847058176994324
391  0.4284675121307373
529  0.42845624685287476
1275  0.42845240235328674
531  0.4284505844116211
244  0.4284485876560211
930  0.42844322323799133
1114  0.4284280240535736
572  0.4284236431121826
194  0.4284231662750244
828  0.428405225276947
530  0.42839670181274414
858  0.42836707830429077
1252  0.4283559322357178
154  0.42834994196891785
1256  0.42834532260894775
802  0.4283424913883209
1021  0.42833051085472107
445  0.42832255363464355
780  0.4283157289028168
43  0.4283129572868347
559  0.42828169465065
640  0.42827486991882324
1077  0.42827296257019043
1246  0.4282703399658203
1238  0.4282662272453308
483  0.428255558013916
728  0.42824891209602356
1262  0.42823368310928345
486  0.42823246121406555
1084  0.42822039127349854
424  0.4282183349132538
464  0.42821192741394043
407  0.4282107651233673
889  0.4282015562057495
742  0.4281550943851471
603  0.4281514286994934
420  0.4281451106071472
864  0.4281402826309204
171  0.4281294643878937
906  0.4281144440174103
59  0.42811301350593567
880  0.4281051754951477
1276  0.42809775471687317
298  0.42809632420539856
1253  0.42809587717056274
824  0.4280909299850464
1230  0.4280901551246643
951  0.4280897080898285
692  0.42808181047439575
778  0.4280736446380615
887  0.4280722439289093
397  0.4280708432197571
525  0.42806747555732727
437  0.4280672073364258
594  0.4280615746974945
837  0.4280465543270111
132  0.4280419945716858
450  0.4280410408973694
921  0.4280325770378113
193  0.42800959944725037
326  0.4280066192150116
696  0.4280024468898773
1159  0.4279978573322296
954  0.4279960095882416
1243  0.4279917776584625
1182  0.42798033356666565
883  0.4279652237892151
545  0.42796269059181213
143  0.4279405474662781
119  0.4279259741306305
1060  0.42792224884033203
953  0.4279164969921112
1051  0.4279140532016754
80  0.42788857221603394
58  0.42788439989089966
381  0.4278639853000641
201  0.42786088585853577
736  0.4278426468372345
724  0.42782995104789734
620  0.4278199374675751
1067  0.42781388759613037
835  0.4277881979942322
83  0.4277696907520294
52  0.4277478754520416
207  0.42773520946502686
240  0.4277269244194031
322  0.4277118444442749
604  0.4276944696903229
547  0.42768195271492004
1092  0.427680104970932
36  0.4276793897151947
380  0.427667498588562
499  0.4276661276817322
678  0.4276404082775116
340  0.4276247024536133
382  0.4276220500469208
97  0.42760732769966125
1138  0.42760413885116577
1071  0.42759969830513
1225  0.4275931417942047
430  0.42758116126060486
508  0.4275791049003601
362  0.4275735318660736
512  0.4275664687156677
325  0.42756155133247375
249  0.42755696177482605
1229  0.4275357127189636
619  0.4275161325931549
775  0.42748716473579407
209  0.4274756610393524
50  0.4274744987487793
1239  0.4274632930755615
197  0.4274582862854004
509  0.42745745182037354
456  0.42745718359947205
1016  0.4274534583091736
192  0.42743733525276184
928  0.4274117052555084
1170  0.42740505933761597
1078  0.4274000823497772
344  0.4273984730243683
929  0.42739760875701904
460  0.42739683389663696
346  0.42739659547805786
520  0.42739254236221313
1219  0.42739245295524597
398  0.4273889362812042
1286  0.4273882806301117
1223  0.4273867905139923
410  0.4273829758167267
715  0.4273759126663208
390  0.42737242579460144
131  0.4273626208305359
868  0.4273587167263031
725  0.42735761404037476
1161  0.42734211683273315
256  0.4273207187652588
896  0.4272918999195099
517  0.427284836769104
915  0.42722034454345703
1093  0.4272159934043884
360  0.4272148907184601
408  0.42721059918403625
812  0.42719659209251404
1208  0.42719587683677673
506  0.4271843433380127
1045  0.42718327045440674
262  0.42717674374580383
507  0.4271508455276489
731  0.42714932560920715
613  0.42713144421577454
459  0.42712098360061646
500  0.4271203577518463
419  0.42711782455444336
852  0.4271138906478882
93  0.4271058738231659
713  0.4270784258842468
339  0.4270460903644562
804  0.42703208327293396
1156  0.4270135760307312
205  0.427012175321579
542  0.42701125144958496
795  0.42700886726379395
1247  0.4270040988922119
266  0.42700281739234924
907  0.426994264125824
1050  0.4269939661026001
441  0.42699292302131653
810  0.42699235677719116
838  0.42698755860328674
1017  0.4269731342792511
477  0.42696866393089294
224  0.42696613073349
519  0.42695704102516174
908  0.42695358395576477
199  0.42694637179374695
759  0.4269389808177948
155  0.42693018913269043
1214  0.42692533135414124
291  0.4269207715988159
200  0.42690151929855347
378  0.4268932640552521
225  0.4268808364868164
539  0.42687657475471497
614  0.42686405777931213
656  0.4268612861633301
436  0.4268609285354614
1245  0.42684826254844666
352  0.4268459975719452
1187  0.42684125900268555
479  0.4268404245376587
932  0.4268300235271454
417  0.42681771516799927
314  0.4268101155757904
1169  0.4267991781234741
452  0.4267919063568115
516  0.4267818033695221
273  0.42677441239356995
1026  0.42677414417266846
186  0.4267621338367462
272  0.42675891518592834
79  0.42674610018730164
185  0.42671945691108704
181  0.42671719193458557
927  0.42671141028404236
1080  0.42670607566833496
429  0.4267030358314514
428  0.42670103907585144
438  0.426697313785553
701  0.426690936088562
543  0.4266747832298279
1257  0.42666900157928467
353  0.42666012048721313
777  0.42665764689445496
63  0.4266471266746521
323  0.4266453981399536
854  0.42664480209350586
1158  0.42660969495773315
1035  0.42660850286483765
541  0.42660000920295715
206  0.4265780448913574
305  0.4265633821487427
406  0.4265577495098114
257  0.4265453517436981
579  0.42653581500053406
491  0.4265243411064148
790  0.4265243113040924
239  0.4265177249908447
118  0.4265168011188507
771  0.4265120327472687
442  0.42651116847991943
1210  0.42650604248046875
730  0.4264678955078125
763  0.42646512389183044
53  0.42646029591560364
275  0.42645999789237976
639  0.4264528453350067
1012  0.42644473910331726
274  0.42643266916275024
654  0.4264116883277893
729  0.4264042377471924
492  0.426401287317276
229  0.42639660835266113
258  0.4263956546783447
179  0.42638668417930603
434  0.4263840317726135
822  0.4263797998428345
1250  0.42637407779693604
881  0.426373690366745
480  0.42636922001838684
376  0.4263659119606018
815  0.426340788602829
1097  0.4263388514518738
393  0.42633867263793945
709  0.4263348877429962
1255  0.42633432149887085
269  0.4263209104537964
433  0.42631834745407104
1115  0.4263154864311218
91  0.4263128936290741
1254  0.4263036847114563
1142  0.42630279064178467
827  0.4262886941432953
866  0.4262758791446686
1164  0.42627447843551636
606  0.4262738823890686
96  0.4262722432613373
920  0.42626747488975525
601  0.4262554347515106
1119  0.4262431263923645
632  0.4262380301952362
798  0.4262334406375885
789  0.4262215495109558
553  0.4262213408946991
819  0.42621371150016785
1082  0.4262115955352783
746  0.42620158195495605
1244  0.42618465423583984
1141  0.4261801540851593
365  0.426174521446228
449  0.42616838216781616
316  0.4261668920516968
900  0.4261491596698761
1220  0.42613840103149414
935  0.42612430453300476
355  0.4261232316493988
1031  0.4261159896850586
985  0.4261106252670288
853  0.426094114780426
788  0.4260927140712738
675  0.42608749866485596
122  0.42607468366622925
719  0.42605867981910706
776  0.4260559678077698
878  0.4260546863079071
597  0.42605286836624146
637  0.4260510504245758
203  0.42602381110191345
748  0.4260183572769165
51  0.42600321769714355
1015  0.42597630620002747
891  0.42597606778144836
494  0.42597123980522156
879  0.42596927285194397
399  0.42596226930618286
95  0.4259573817253113
226  0.4259553551673889
1032  0.4259331226348877
501  0.4259326756000519
794  0.4259248673915863
427  0.42592447996139526
551  0.4259161949157715
230  0.42590925097465515
416  0.4259068965911865
37  0.4259061813354492
760  0.4258967936038971
877  0.42589515447616577
248  0.42588919401168823
498  0.42588919401168823
576  0.42588338255882263
54  0.4258810579776764
310  0.42587482929229736
626  0.42587006092071533
1079  0.4258584678173065
1249  0.42585673928260803
92  0.42585527896881104
174  0.42585310339927673
446  0.42583444714546204
221  0.42581525444984436
527  0.4258119463920593
966  0.42580845952033997
204  0.4258057475090027
1222  0.425802618265152
846  0.42579951882362366
862  0.4257947504520416
1056  0.4257882833480835
1258  0.42578524351119995
313  0.42576882243156433
293  0.42576268315315247
528  0.42576220631599426
341  0.42575883865356445
463  0.42572492361068726
808  0.42571887373924255
522  0.4257146418094635
453  0.4257020950317383
306  0.4256914556026459
175  0.4256748855113983
575  0.42563220858573914
901  0.425611287355423
949  0.42559781670570374
691  0.42558565735816956
1177  0.4255713224411011
573  0.42552968859672546
276  0.42552632093429565
1102  0.4255235493183136
622  0.4255180358886719
859  0.42550697922706604
1112  0.4254937767982483
922  0.4254922568798065
1057  0.4254918396472931
813  0.42549005150794983
448  0.425483763217926
284  0.4254663288593292
754  0.4254627823829651
944  0.42545562982559204
710  0.42544102668762207
702  0.4254385232925415
334  0.4254223108291626
1221  0.4254167675971985
638  0.4254094064235687
1096  0.4254031479358673
1200  0.42538174986839294
955  0.4253549873828888
311  0.42535147070884705
895  0.42534464597702026
909  0.4253422021865845
64  0.4253380000591278
747  0.42533499002456665
653  0.42532140016555786
923  0.42531973123550415
1027  0.42531877756118774
867  0.4253186285495758
1143  0.4253081679344177
602  0.4253078103065491
1020  0.4252953827381134
515  0.4252893626689911
170  0.42528435587882996
722  0.42528313398361206
1277  0.425274521112442
354  0.42526382207870483
727  0.4252595901489258
924  0.4252530634403229
800  0.42522355914115906
1224  0.42522096633911133
968  0.4252203702926636
989  0.42520520091056824
236  0.425202876329422
250  0.42519885301589966
435  0.42519035935401917
855  0.42519012093544006
1024  0.4251878559589386
1048  0.42515799403190613
347  0.42513507604599
426  0.42511847615242004
676  0.42510324716567993
405  0.42509496212005615
925  0.425091415643692
996  0.4250789284706116
129  0.42507824301719666
807  0.42507144808769226
337  0.4250647723674774
1217  0.4250631630420685
394  0.42505764961242676
315  0.4250401556491852
1013  0.42503440380096436
518  0.42499494552612305
1188  0.42498779296875
717  0.4249752163887024
911  0.4249688386917114
751  0.42494267225265503
317  0.42493394017219543
233  0.4249207675457001
526  0.4249080717563629
1183  0.42490512132644653
769  0.424887478351593
413  0.42488497495651245
704  0.4248742163181305
100  0.4248654544353485
335  0.4248493015766144
502  0.42484918236732483
1122  0.42484813928604126
580  0.42483967542648315
552  0.42483600974082947
665  0.42482224106788635
141  0.4247896373271942
752  0.4247836172580719
1028  0.42476266622543335
338  0.4247601330280304
548  0.4247575104236603
169  0.42473116517066956
625  0.42472290992736816
290  0.4247177243232727
1064  0.4246944487094879
103  0.42469263076782227
783  0.4246923327445984
504  0.4246911406517029
120  0.4246889054775238
698  0.42468786239624023
415  0.4246765077114105
402  0.42465969920158386
1043  0.4246554374694824
1186  0.4246484935283661
210  0.4246183931827545
1108  0.4245947599411011
1053  0.4245913028717041
1184  0.42456138134002686
981  0.4245411157608032
583  0.4245269298553467
1147  0.42446473240852356
387  0.4244646430015564
705  0.4244612455368042
386  0.42445388436317444
734  0.4244529902935028
280  0.42444682121276855
505  0.42444321513175964
332  0.42443859577178955
773  0.4244227111339569
711  0.42441636323928833
738  0.42440399527549744
861  0.424389123916626
1173  0.42438367009162903
478  0.4243685305118561
510  0.4243483543395996
307  0.4243348240852356
232  0.424325555562973
296  0.42432060837745667
1095  0.4243178963661194
180  0.4243168830871582
301  0.4243038296699524
1172  0.4242517948150635
308  0.42424121499061584
809  0.42424091696739197
869  0.42423349618911743
781  0.4242244362831116
1100  0.4242025911808014
905  0.4241904020309448
190  0.4241887927055359
918  0.4241858720779419
940  0.4241727292537689
651  0.42412009835243225
377  0.42411482334136963
223  0.4241001605987549
913  0.4240933060646057
304  0.42408111691474915
933  0.42407554388046265
914  0.42406758666038513
279  0.4240518808364868
1098  0.4240460693836212
847  0.4240318238735199
994  0.4240291118621826
237  0.4240255355834961
177  0.42400452494621277
979  0.4240037798881531
703  0.42400091886520386
978  0.42398348450660706
1052  0.42397189140319824
333  0.4239690601825714
801  0.4239542782306671
188  0.4239392578601837
1054  0.42393848299980164
1099  0.42392492294311523
260  0.42391687631607056
1106  0.4238995313644409
267  0.4238984286785126
176  0.42389804124832153
375  0.4238796830177307
1083  0.4238738417625427
611  0.423871248960495
960  0.4238668382167816
700  0.423810213804245
695  0.42379823327064514
521  0.42379462718963623
336  0.4237861931324005
562  0.4237706661224365
936  0.4237688481807709
184  0.423761248588562
215  0.4237537086009979
303  0.4237067997455597
496  0.42369553446769714
414  0.42369505763053894
934  0.42368409037590027
850  0.4236674904823303
321  0.4236561954021454
970  0.42364397644996643
916  0.4236386716365814
432  0.4236120879650116
1130  0.4235880970954895
1059  0.42358553409576416
733  0.4235813319683075
967  0.4235702157020569
860  0.42356976866722107
1055  0.4235513508319855
309  0.4235398471355438
657  0.42349928617477417
1110  0.4234970808029175
211  0.42348381876945496
845  0.42347851395606995
829  0.4234781265258789
1166  0.4234764575958252
805  0.42347389459609985
1037  0.4234466254711151
312  0.4234452247619629
677  0.42344340682029724
888  0.4234410226345062
121  0.42340877652168274
851  0.4233921766281128
574  0.4233852028846741
234  0.4233769476413727
1116  0.4233691692352295
793  0.4233367443084717
739  0.42333102226257324
843  0.42327433824539185
816  0.423272967338562
770  0.42326587438583374
609  0.42325976490974426
462  0.4232510030269623
917  0.42324990034103394
183  0.42322736978530884
356  0.4232015907764435
454  0.4231951832771301
218  0.4231870174407959
697  0.4231831133365631
1066  0.4231783151626587
1118  0.4231736361980438
874  0.4231700301170349
451  0.42314356565475464
841  0.423125296831131
984  0.4230947494506836
834  0.4230746030807495
1167  0.4230722486972809
328  0.42307108640670776
447  0.423056960105896
756  0.4230186641216278
737  0.4230160415172577
1085  0.4229901134967804
259  0.4229786694049835
261  0.4229455888271332
990  0.42293381690979004
712  0.4229242205619812
732  0.4229222536087036
392  0.42290255427360535
782  0.4229004681110382
596  0.42289474606513977
412  0.4228833317756653
389  0.42286989092826843
238  0.4228515326976776
612  0.42282262444496155
1107  0.42279407382011414
359  0.42279350757598877
1101  0.4227800965309143
959  0.42277991771698
374  0.42277368903160095
610  0.42275333404541016
285  0.42274245619773865
366  0.42273083329200745
684  0.4227270781993866
894  0.4227256774902344
222  0.4227140545845032
563  0.4226866066455841
942  0.42268314957618713
666  0.42266806960105896
1058  0.4226522743701935
755  0.42265209555625916
716  0.42259398102760315
182  0.42254841327667236
662  0.422527939081192
803  0.42252346873283386
172  0.4225044250488281
998  0.42247849702835083
395  0.42247840762138367
324  0.4224783182144165
682  0.4224713444709778
1185  0.4224667549133301
1103  0.42245543003082275
1034  0.4224124550819397
595  0.42241233587265015
523  0.4224105179309845
403  0.4223951995372772
524  0.42239251732826233
584  0.42239221930503845
220  0.4223812520503998
1168  0.4223749339580536
699  0.4223496913909912
772  0.42234739661216736
357  0.422311931848526
986  0.42230767011642456
173  0.4222778081893921
1044  0.4222322404384613
679  0.4222085177898407
1001  0.42218074202537537
941  0.4221784770488739
791  0.42217227816581726
363  0.42216789722442627
718  0.42216476798057556
1076  0.4221341609954834
872  0.42212727665901184
212  0.4221152365207672
431  0.42211487889289856
818  0.42210841178894043
948  0.4221082627773285
876  0.4220964014530182
999  0.422068327665329
202  0.42205095291137695
1163  0.42200979590415955
278  0.42200377583503723
1126  0.4219909906387329
1011  0.4219856560230255
581  0.4219757914543152
404  0.42197519540786743
331  0.4219719469547272
1111  0.4219689667224884
1165  0.4218120276927948
191  0.42180490493774414
786  0.4217832684516907
343  0.4217780530452728
127  0.42177626490592957
217  0.4217682480812073
1129  0.4217648208141327
369  0.4217422306537628
1145  0.4217377305030823
661  0.42170652747154236
300  0.42165276408195496
650  0.4216449558734894
1162  0.4216423034667969
683  0.4216027557849884
281  0.42155593633651733
235  0.421514630317688
1123  0.4215085208415985
497  0.42148256301879883
992  0.4214755594730377
947  0.42137810587882996
1125  0.42137494683265686
1010  0.4213607907295227
1128  0.42135289311408997
1033  0.42134854197502136
1104  0.42132052779197693
228  0.42131924629211426
1072  0.421231210231781
214  0.42122405767440796
969  0.42122402787208557
216  0.4212181270122528
388  0.42121419310569763
330  0.42120879888534546
870  0.42116302251815796
371  0.42111074924468994
875  0.4211084246635437
823  0.421107679605484
1023  0.4211035668849945
1070  0.4210582971572876
749  0.42104172706604004
292  0.421006977558136
926  0.4210062325000763
871  0.4210006594657898
811  0.42095044255256653
461  0.4208995997905731
963  0.42088982462882996
1063  0.42085689306259155
189  0.4208543300628662
1062  0.4208435118198395
1124  0.4208310842514038
490  0.42078423500061035
345  0.4207614064216614
680  0.42076101899147034
892  0.42075687646865845
364  0.4207507073879242
1218  0.4207461476325989
582  0.4206909239292145
370  0.42057499289512634
213  0.42048826813697815
983  0.42046216130256653
128  0.42044755816459656
840  0.4204403758049011
817  0.42040982842445374
1216  0.4203559458255768
1105  0.42030295729637146
385  0.420294851064682
299  0.420274555683136
965  0.4201549291610718
1005  0.42012685537338257
939  0.4200953245162964
910  0.4200882017612457
658  0.4200308620929718
991  0.4199889004230499
893  0.4199836850166321
784  0.4199671149253845
655  0.41995513439178467
1174  0.4199259877204895
302  0.4199202358722687
962  0.4198625087738037
1000  0.41983991861343384
659  0.419809490442276
785  0.4197770655155182
1049  0.41971075534820557
384  0.4197023808956146
799  0.4196830987930298
372  0.4196717143058777
758  0.4196460545063019
912  0.4196299612522125
1109  0.41952285170555115
842  0.4194749593734741
980  0.4194524586200714
1171  0.4194435775279999
1029  0.41943806409835815
937  0.41938477754592896
383  0.4191851317882538
1175  0.4190884530544281
943  0.41904884576797485
982  0.4189586639404297
787  0.41895827651023865
329  0.41892826557159424
187  0.4189065098762512
757  0.41890621185302734
1127  0.41876620054244995
1004  0.41869646310806274
961  0.4186873137950897
1022  0.41867318749427795
681  0.41864803433418274
1009  0.41814661026000977
367  0.418037086725235
1030  0.4179965853691101
227  0.417704313993454
1007  0.41758283972740173
373  0.4175110161304474
993  0.41748759150505066
938  0.4174550771713257
282  0.41744664311408997
844  0.41734492778778076
1065  0.4172000586986542
1061  0.41698601841926575
964  0.4168761968612671
1002  0.4167366027832031
1003  0.416501522064209
873  0.4161963164806366
277  0.41616418957710266
368  0.41579297184944153
1008  0.4150151014328003
1006  0.4144543707370758
