1  0.4347483217716217
2  0.42316994071006775
1451  0.42188921570777893
700  0.41727662086486816
11  0.4162796139717102
1069  0.4156525433063507
73  0.41528937220573425
683  0.41502031683921814
717  0.4149087369441986
601  0.4148055613040924
80  0.41474637389183044
3  0.4146631360054016
10  0.41449329257011414
699  0.41444340348243713
957  0.41430118680000305
904  0.4140026271343231
1049  0.4139082133769989
31  0.41381967067718506
234  0.4137236475944519
1438  0.4136601686477661
682  0.41355225443840027
35  0.413504958152771
61  0.4134550094604492
934  0.41343486309051514
944  0.41318291425704956
38  0.41317883133888245
117  0.41309258341789246
896  0.41303178668022156
474  0.41298577189445496
198  0.41298145055770874
12  0.4129655063152313
1017  0.4129091501235962
82  0.41285908222198486
33  0.41285794973373413
879  0.412720650434494
696  0.41270911693573
686  0.41266387701034546
76  0.412646621465683
1225  0.4125773310661316
197  0.4125627279281616
857  0.4125548303127289
710  0.4125252962112427
25  0.4125055968761444
918  0.41247960925102234
643  0.4124082922935486
83  0.41238075494766235
685  0.4123483896255493
687  0.412312775850296
684  0.4121859073638916
36  0.41217902302742004
106  0.41216039657592773
116  0.4121454060077667
29  0.41206657886505127
916  0.41202685236930847
77  0.4120084345340729
13  0.41200321912765503
1285  0.4119795858860016
72  0.4119739234447479
958  0.4119541049003601
21  0.4119086265563965
122  0.41189509630203247
30  0.41187912225723267
40  0.41186633706092834
1344  0.4118615388870239
24  0.41185644268989563
770  0.4118425250053406
105  0.4118261933326721
781  0.4117906093597412
28  0.4117840528488159
1279  0.41176554560661316
833  0.4117288589477539
81  0.4117012917995453
678  0.4116644263267517
760  0.4116447865962982
756  0.4115971624851227
680  0.41153961420059204
688  0.41151419281959534
41  0.41150033473968506
815  0.41147592663764954
697  0.411459356546402
208  0.4114440977573395
623  0.4114135801792145
296  0.41137880086898804
599  0.41134169697761536
681  0.411333292722702
859  0.4113278090953827
278  0.4112665057182312
769  0.4111737906932831
476  0.41114476323127747
749  0.4111372232437134
762  0.4111209809780121
205  0.4111061990261078
1111  0.41110530495643616
79  0.4110499620437622
1437  0.4110047519207001
301  0.41098394989967346
78  0.4109087586402893
943  0.4109034538269043
168  0.4109025001525879
908  0.4108866751194
691  0.4108785390853882
1340  0.4108574390411377
560  0.41083216667175293
757  0.41081908345222473
1341  0.41079825162887573
735  0.4107903242111206
34  0.410778671503067
1345  0.410771906375885
1016  0.4107414782047272
148  0.4107002019882202
200  0.41065144538879395
816  0.41060692071914673
912  0.41058745980262756
226  0.4105866253376007
15  0.4105595350265503
473  0.41051650047302246
959  0.41051411628723145
767  0.41050392389297485
216  0.41048967838287354
46  0.410488486289978
214  0.41044172644615173
945  0.4104381203651428
1160  0.4104307293891907
129  0.4103984236717224
147  0.4103979468345642
854  0.4103769361972809
849  0.41035032272338867
580  0.4103401303291321
1050  0.41032302379608154
642  0.4103139638900757
858  0.41030433773994446
922  0.4103040397167206
1145  0.4102955758571625
107  0.41029107570648193
801  0.4102418124675751
1037  0.4102379381656647
666  0.41022396087646484
1295  0.41022077202796936
206  0.41022032499313354
85  0.4102136492729187
98  0.41020479798316956
1118  0.41019943356513977
911  0.41018763184547424
74  0.4101828336715698
184  0.4101610779762268
619  0.4101095497608185
1076  0.4101015627384186
632  0.41008973121643066
676  0.4100785553455353
1041  0.4100668430328369
127  0.4100542664527893
909  0.4100445508956909
331  0.41004297137260437
656  0.4100252389907837
920  0.41002434492111206
207  0.4100150465965271
23  0.4100113809108734
705  0.4099772274494171
759  0.40996769070625305
607  0.40995267033576965
802  0.4098798632621765
895  0.4098707437515259
427  0.40985745191574097
902  0.40985623002052307
856  0.4098512828350067
905  0.4098418354988098
903  0.40983152389526367
43  0.4098290801048279
641  0.4097749590873718
141  0.40974393486976624
368  0.40972116589546204
140  0.4097166061401367
608  0.4097096621990204
45  0.40969520807266235
718  0.40968918800354004
471  0.40967345237731934
235  0.4096318483352661
118  0.40961647033691406
746  0.409556120634079
1353  0.4095095694065094
164  0.40950289368629456
1107  0.4094787538051605
1229  0.4094776511192322
850  0.409477561712265
805  0.40946659445762634
894  0.40945348143577576
113  0.4094526469707489
32  0.4094519019126892
90  0.40942463278770447
1040  0.409355491399765
259  0.40934839844703674
7  0.4093482494354248
935  0.40934643149375916
9  0.40933868288993835
124  0.409336656332016
364  0.40932497382164
668  0.40932297706604004
1075  0.40931352972984314
367  0.4093116521835327
233  0.4093029797077179
330  0.4093017280101776
761  0.40929123759269714
693  0.40928706526756287
20  0.40928271412849426
91  0.40927818417549133
711  0.40927231311798096
848  0.4092646837234497
950  0.40925875306129456
145  0.40925586223602295
782  0.4092475175857544
14  0.4092384874820709
365  0.40923815965652466
357  0.40923425555229187
219  0.40923136472702026
860  0.40920373797416687
75  0.40918034315109253
294  0.4091756343841553
154  0.4091735780239105
1077  0.40916597843170166
880  0.40914809703826904
215  0.409146249294281
201  0.4091399610042572
917  0.4091395437717438
956  0.40913739800453186
1019  0.40913715958595276
139  0.4091350734233856
1439  0.4091295003890991
1278  0.4091014862060547
1066  0.4091013967990875
1039  0.40910109877586365
1015  0.4090673625469208
50  0.4090639054775238
293  0.4090614318847656
227  0.4090612828731537
1183  0.40904638171195984
662  0.4090462625026703
655  0.40903469920158386
806  0.40902799367904663
968  0.4090249240398407
84  0.40900978446006775
398  0.4089999496936798
961  0.40896740555763245
606  0.4089590907096863
475  0.40895402431488037
571  0.4089389741420746
1232  0.4089345335960388
39  0.40892311930656433
150  0.4089096188545227
960  0.4089066982269287
66  0.4088965654373169
591  0.408892422914505
1018  0.40888985991477966
1038  0.4088886082172394
356  0.4088440239429474
645  0.4088115096092224
719  0.4088051915168762
832  0.4088015556335449
135  0.40877678990364075
191  0.40877223014831543
1443  0.40875932574272156
210  0.4087511897087097
1413  0.4087277948856354
174  0.4087183475494385
230  0.40871432423591614
1436  0.4087134897708893
788  0.4086722731590271
972  0.4086662828922272
1346  0.40863922238349915
409  0.4086074233055115
790  0.4086061120033264
907  0.40857958793640137
883  0.4085778295993805
644  0.4085754156112671
257  0.4085632562637329
659  0.4085615277290344
114  0.40855714678764343
787  0.40855613350868225
153  0.40852195024490356
923  0.40851736068725586
1070  0.4084942638874054
893  0.4084940254688263
196  0.40847572684288025
834  0.40845999121665955
818  0.4084547460079193
813  0.40845251083374023
804  0.4084482192993164
795  0.40844646096229553
1282  0.4084455370903015
142  0.40842315554618835
1110  0.4084172248840332
698  0.4083915054798126
1233  0.4083669185638428
598  0.40836167335510254
758  0.40835341811180115
736  0.40833964943885803
209  0.4083395004272461
260  0.4083371162414551
851  0.4083339273929596
1230  0.4083302319049835
764  0.4083278775215149
786  0.4083254635334015
441  0.40830761194229126
131  0.4082931876182556
730  0.40828078985214233
410  0.4082784056663513
472  0.4082603454589844
1343  0.4082561731338501
342  0.4082520604133606
602  0.4082489609718323
1105  0.40824639797210693
302  0.4082409143447876
715  0.40823185443878174
120  0.40823012590408325
845  0.4082213044166565
258  0.4082198143005371
1224  0.4082126319408417
143  0.40820929408073425
173  0.40817633271217346
701  0.40816789865493774
1068  0.40816643834114075
165  0.4081612229347229
1051  0.4081576466560364
100  0.4081551134586334
1042  0.4081494212150574
152  0.4081476628780365
37  0.4081474840641022
349  0.40814247727394104
149  0.40810683369636536
739  0.4081001579761505
134  0.4080967307090759
618  0.40808820724487305
407  0.40808629989624023
1352  0.4080687463283539
1325  0.4080629348754883
151  0.40806177258491516
115  0.40804892778396606
202  0.4080421030521393
144  0.4080188572406769
878  0.40800750255584717
622  0.407990425825119
5  0.4079707860946655
784  0.4079665541648865
419  0.4079567790031433
518  0.4079453945159912
276  0.40792083740234375
562  0.4079180657863617
936  0.40791377425193787
555  0.40790441632270813
446  0.4079040586948395
445  0.4078804850578308
332  0.4078650176525116
919  0.4078541100025177
1186  0.40784862637519836
572  0.4078454375267029
421  0.40784138441085815
600  0.40783339738845825
166  0.4078277051448822
779  0.40782660245895386
766  0.4078141450881958
195  0.4077729880809784
172  0.4077664017677307
273  0.40775546431541443
329  0.40773364901542664
605  0.40772542357444763
242  0.40772247314453125
745  0.40772122144699097
612  0.4077170491218567
940  0.40771305561065674
753  0.40769192576408386
1092  0.4076833724975586
183  0.4076695442199707
1281  0.40766796469688416
884  0.4076557159423828
624  0.40765559673309326
1215  0.4076543152332306
369  0.4076489508152008
1085  0.4076433777809143
603  0.40764227509498596
881  0.40763816237449646
885  0.4076348841190338
71  0.4076325297355652
65  0.40762144327163696
22  0.40761974453926086
1409  0.4076075851917267
1249  0.40760400891304016
1213  0.4075770676136017
921  0.4075658619403839
351  0.4075634181499481
796  0.4075317680835724
180  0.40751704573631287
1033  0.40751633048057556
503  0.4075106978416443
225  0.40749669075012207
49  0.40748363733291626
1421  0.40747976303100586
1159  0.40747714042663574
1205  0.40747693181037903
224  0.4074741303920746
714  0.40746408700942993
137  0.40745821595191956
677  0.40740707516670227
99  0.40740537643432617
63  0.40740126371383667
400  0.4073975384235382
125  0.4073760509490967
747  0.40736958384513855
661  0.40736934542655945
639  0.4073575437068939
646  0.40735727548599243
1073  0.40735647082328796
130  0.4073539078235626
955  0.4073496460914612
928  0.40734410285949707
1106  0.40733835101127625
765  0.40732717514038086
343  0.40732383728027344
570  0.4073179066181183
712  0.40730422735214233
104  0.40729591250419617
1250  0.40729567408561707
1014  0.40728759765625
18  0.40728500485420227
358  0.40727099776268005
716  0.40726974606513977
827  0.4072694182395935
1442  0.407260000705719
26  0.40725889801979065
325  0.40725550055503845
675  0.4072529971599579
1079  0.4072524607181549
366  0.4072484076023102
556  0.4072436988353729
477  0.4072384536266327
965  0.4072108268737793
967  0.4071994423866272
478  0.4071976840496063
199  0.4071928560733795
1043  0.4071909189224243
704  0.4071771502494812
443  0.4071671664714813
667  0.4071617126464844
231  0.4071585536003113
755  0.4071401357650757
119  0.40713950991630554
62  0.40711790323257446
108  0.4071149230003357
132  0.4071047306060791
942  0.4070955812931061
664  0.40709182620048523
86  0.4070838391780853
679  0.4070729613304138
621  0.40706443786621094
51  0.4070499837398529
138  0.4070468246936798
561  0.40703803300857544
1226  0.4070355296134949
830  0.4070208966732025
1361  0.4069926142692566
817  0.40697723627090454
773  0.40697675943374634
785  0.4069706201553345
695  0.40694692730903625
861  0.40694570541381836
613  0.4069446921348572
467  0.40694460272789
47  0.406944215297699
620  0.40693235397338867
346  0.40692803263664246
768  0.40691399574279785
966  0.4069012701511383
348  0.4068956673145294
359  0.40688595175743103
1220  0.406885027885437
791  0.4068847894668579
1262  0.40687718987464905
361  0.40686488151550293
1251  0.40684813261032104
543  0.4068361222743988
136  0.40681901574134827
1280  0.4068155288696289
1150  0.4068150222301483
930  0.40681207180023193
507  0.4068094491958618
939  0.4068082869052887
810  0.40680694580078125
87  0.40680432319641113
1241  0.4068022668361664
493  0.40680038928985596
926  0.4067998230457306
835  0.40679967403411865
408  0.40679699182510376
552  0.40679386258125305
126  0.40678492188453674
4  0.406782329082489
1450  0.40675029158592224
609  0.40674570202827454
694  0.4067363142967224
1337  0.4067196846008301
1201  0.4067143201828003
167  0.4067111909389496
213  0.4066990911960602
175  0.40668782591819763
220  0.4066856801509857
1181  0.4066818654537201
660  0.4066791832447052
914  0.4066636860370636
995  0.40665769577026367
6  0.4066517651081085
97  0.4066266119480133
232  0.4066074788570404
469  0.40660059452056885
1408  0.40659594535827637
1335  0.4065869152545929
297  0.40658003091812134
525  0.4065663814544678
931  0.40655961632728577
814  0.4065561890602112
855  0.40653517842292786
631  0.4065147042274475
932  0.40650081634521484
457  0.4064902663230896
843  0.4064864218235016
913  0.40647757053375244
750  0.4064764678478241
771  0.4064749777317047
737  0.4064731299877167
295  0.4064430892467499
1371  0.40644213557243347
298  0.4064275920391083
927  0.4064253568649292
360  0.4064035415649414
155  0.40640178322792053
128  0.40639781951904297
925  0.4063919186592102
553  0.4063846468925476
1304  0.40638333559036255
799  0.40637362003326416
825  0.40636372566223145
185  0.40635403990745544
1191  0.4063534438610077
862  0.4063491225242615
261  0.4063490033149719
973  0.4063469171524048
1060  0.4063192903995514
800  0.4063083529472351
546  0.40630441904067993
406  0.4063016474246979
236  0.40629300475120544
1144  0.40629178285598755
304  0.4062868654727936
27  0.4062788784503937
279  0.40627217292785645
789  0.4062715172767639
876  0.4062693119049072
277  0.40626728534698486
792  0.40625911951065063
67  0.4062507748603821
744  0.4062404930591583
772  0.40623238682746887
566  0.4062274396419525
1370  0.406218945980072
731  0.4062175154685974
670  0.40621477365493774
975  0.406211793422699
780  0.4062114655971527
1090  0.4062090218067169
326  0.40620681643486023
743  0.4062001407146454
211  0.4061989486217499
282  0.4061897397041321
840  0.40618959069252014
653  0.4061737060546875
1190  0.40616685152053833
413  0.406158447265625
221  0.40615537762641907
906  0.40614908933639526
763  0.4061485230922699
962  0.40612879395484924
1240  0.4061286747455597
734  0.4061140716075897
748  0.4061134457588196
281  0.40610796213150024
614  0.40610361099243164
92  0.4061029255390167
640  0.4060956835746765
1180  0.4060891568660736
1089  0.40608882904052734
657  0.4060872197151184
370  0.406082421541214
69  0.4060785472393036
842  0.4060666263103485
650  0.40606510639190674
428  0.40606367588043213
146  0.4060633182525635
933  0.4060567617416382
1218  0.4060508906841278
399  0.40603435039520264
1342  0.40603041648864746
702  0.40602484345436096
1048  0.40601202845573425
658  0.40601053833961487
1071  0.4060104489326477
375  0.4060085713863373
1440  0.4060068428516388
1054  0.40599972009658813
271  0.40599489212036133
1334  0.4059928357601166
793  0.4059905707836151
133  0.40596792101860046
783  0.40596023201942444
777  0.40595656633377075
864  0.40594369173049927
470  0.40594223141670227
708  0.4059281349182129
238  0.4059179723262787
1273  0.4059150516986847
982  0.40591001510620117
490  0.40590840578079224
1185  0.4059072434902191
738  0.40590327978134155
449  0.4058936536312103
17  0.4058898389339447
867  0.405888170003891
722  0.4058828353881836
1283  0.40588098764419556
575  0.40587106347084045
1324  0.40587058663368225
539  0.4058665335178375
583  0.40586188435554504
1242  0.4058466851711273
430  0.40582457184791565
540  0.4058243930339813
839  0.405822217464447
344  0.4058210551738739
821  0.405820369720459
863  0.4058138132095337
692  0.4058065712451935
822  0.4057769477367401
1109  0.40575703978538513
1115  0.40575680136680603
448  0.40575069189071655
1067  0.40574392676353455
892  0.4057408571243286
192  0.4057396948337555
1182  0.40573757886886597
189  0.4057352542877197
1435  0.4057348072528839
435  0.4057210385799408
663  0.40571993589401245
218  0.4057084619998932
963  0.4056888520717621
941  0.40568506717681885
778  0.40567997097969055
870  0.40567564964294434
1254  0.40565723180770874
397  0.4056512415409088
1065  0.4056432247161865
946  0.4056265950202942
463  0.405617892742157
64  0.40561437606811523
615  0.4056095778942108
547  0.40560203790664673
412  0.4056014120578766
454  0.4056003987789154
186  0.4055832326412201
321  0.40557628870010376
187  0.40556415915489197
256  0.4055600166320801
194  0.40555718541145325
1217  0.4055469334125519
1222  0.4055463671684265
1212  0.40553194284439087
1097  0.40553024411201477
1078  0.4055178165435791
70  0.40551650524139404
217  0.40551429986953735
844  0.4055022895336151
568  0.40549659729003906
1417  0.40548646450042725
1253  0.40548622608184814
424  0.4054805040359497
652  0.4054710566997528
897  0.40546491742134094
582  0.4054603576660156
1023  0.4054315686225891
286  0.40543055534362793
323  0.405411958694458
740  0.40540194511413574
418  0.4053957164287567
1336  0.4053941071033478
819  0.4053925573825836
724  0.4053880274295807
665  0.40537312626838684
1381  0.40537068247795105
111  0.4053615629673004
1412  0.40535858273506165
237  0.40535688400268555
1382  0.4053490459918976
1284  0.4053482711315155
102  0.4053480923175812
1184  0.4053284525871277
94  0.4053259491920471
654  0.40532049536705017
564  0.4053157567977905
1422  0.4053157567977905
852  0.4053126275539398
626  0.4053076505661011
630  0.4052993953227997
1189  0.40529873967170715
1276  0.40529394149780273
1315  0.4052848219871521
8  0.4052819311618805
48  0.4052816927433014
869  0.40527456998825073
52  0.4052739441394806
559  0.40526631474494934
1062  0.4052629768848419
378  0.4052565395832062
565  0.4052535891532898
1449  0.40524938702583313
57  0.4052351713180542
579  0.40523362159729004
610  0.4052312672138214
954  0.4052276909351349
411  0.40522342920303345
604  0.40522077679634094
1411  0.40518951416015625
938  0.40518617630004883
713  0.4051796495914459
436  0.40517863631248474
363  0.40517058968544006
952  0.4051693379878998
1024  0.40515509247779846
1188  0.405129075050354
1362  0.4051082134246826
563  0.405107706785202
901  0.405105859041214
229  0.4051003158092499
1359  0.4050956070423126
414  0.4050799608230591
345  0.4050794839859009
1351  0.4050769805908203
312  0.4050731956958771
1021  0.4050711393356323
976  0.40507063269615173
915  0.4050685465335846
121  0.40506547689437866
249  0.40505945682525635
158  0.40504470467567444
545  0.4050411581993103
841  0.40504077076911926
178  0.4050388038158417
1006  0.40503641963005066
262  0.40503206849098206
651  0.40503066778182983
991  0.4050261378288269
181  0.40502581000328064
1234  0.40501660108566284
169  0.40501242876052856
727  0.40500396490097046
581  0.404999703168869
265  0.40499335527420044
733  0.40498772263526917
248  0.40498268604278564
1221  0.40497177839279175
1104  0.40496325492858887
1013  0.4049632251262665
557  0.40495565533638
1347  0.4049505889415741
444  0.4049489498138428
1157  0.4049278795719147
182  0.4049217998981476
910  0.4049200415611267
1272  0.40491336584091187
1394  0.4049091041088104
101  0.40490350127220154
846  0.40487024188041687
1211  0.4048677980899811
1338  0.40486758947372437
511  0.4048650860786438
1228  0.4048616886138916
754  0.40485692024230957
89  0.40485602617263794
42  0.4048543870449066
1256  0.40485191345214844
625  0.40485066175460815
577  0.404849112033844
1296  0.404844731092453
877  0.4048352837562561
112  0.4048108160495758
647  0.4048057496547699
1416  0.40479776263237
1410  0.4047895669937134
1302  0.40478846430778503
637  0.40475887060165405
1357  0.4047579765319824
1179  0.4047527313232422
1261  0.4047527313232422
1045  0.404748797416687
1171  0.4047470688819885
1373  0.40474531054496765
1247  0.4047408103942871
19  0.4047362208366394
616  0.4047260284423828
272  0.4047190248966217
929  0.4047151207923889
16  0.40471234917640686
44  0.4047042727470398
1032  0.40469762682914734
826  0.40468931198120117
212  0.4046742022037506
1372  0.40465861558914185
1119  0.4046560823917389
554  0.40464359521865845
1400  0.4046420753002167
994  0.404641330242157
529  0.40463292598724365
468  0.40463241934776306
455  0.40462568402290344
1152  0.40461844205856323
1297  0.40461286902427673
1098  0.40461161732673645
1320  0.4046044647693634
1108  0.40459921956062317
947  0.4045964479446411
1044  0.40459588170051575
193  0.40458792448043823
250  0.4045751392841339
548  0.4045681953430176
882  0.4045596122741699
456  0.4045586884021759
492  0.4045586585998535
1138  0.4045396149158478
1216  0.40453431010246277
1161  0.4045338034629822
453  0.40453049540519714
538  0.40452390909194946
1277  0.40451231598854065
1130  0.40450790524482727
1010  0.4045039117336273
586  0.4044908583164215
241  0.40448951721191406
109  0.4044882357120514
1209  0.4044869542121887
648  0.4044782817363739
1093  0.4044639468193054
1314  0.40445464849472046
1386  0.40444716811180115
593  0.4044412076473236
60  0.4044370949268341
385  0.40443119406700134
723  0.4044245183467865
1029  0.4044015407562256
1031  0.4043689966201782
275  0.404365211725235
868  0.4043431878089905
725  0.40434134006500244
1165  0.40433675050735474
824  0.40433475375175476
1333  0.40432029962539673
1356  0.4043002724647522
584  0.404299259185791
176  0.4042958915233612
627  0.40428850054740906
300  0.4042764902114868
1399  0.4042432904243469
254  0.4042338728904724
420  0.40423130989074707
347  0.404219388961792
1303  0.4042138457298279
491  0.4042041003704071
1420  0.40420061349868774
239  0.40418845415115356
847  0.4041864275932312
807  0.40417981147766113
68  0.40417784452438354
1287  0.40417084097862244
319  0.40415650606155396
1311  0.4041556119918823
350  0.40415510535240173
324  0.4041457772254944
633  0.4041436016559601
1339  0.40414220094680786
980  0.40414008498191833
393  0.40411993861198425
439  0.40411993861198425
720  0.4041169583797455
517  0.4041164815425873
551  0.4041082262992859
638  0.4041070342063904
190  0.40407031774520874
204  0.4040672779083252
794  0.4040640890598297
964  0.4040595293045044
1310  0.4040408134460449
636  0.40402936935424805
971  0.40402477979660034
1223  0.4040091037750244
251  0.404007226228714
1198  0.40399375557899475
1378  0.40398257970809937
709  0.4039822816848755
95  0.4039750397205353
996  0.40397411584854126
873  0.40396615862846375
1158  0.4039632976055145
1326  0.4039629399776459
1419  0.4039626717567444
1036  0.4039493501186371
828  0.4039432108402252
486  0.4039236009120941
170  0.4039192497730255
1005  0.4039174020290375
526  0.40391409397125244
336  0.4039135277271271
1074  0.40390199422836304
812  0.4038960635662079
405  0.4038954973220825
1174  0.40389183163642883
1350  0.4038812518119812
703  0.4038756489753723
506  0.4038666784763336
1141  0.40385201573371887
482  0.40385010838508606
171  0.40383198857307434
1087  0.40382736921310425
287  0.40382257103919983
541  0.40382111072540283
721  0.4038102626800537
1380  0.40380942821502686
1135  0.4038088917732239
829  0.40380701422691345
1035  0.4037899971008301
516  0.40378451347351074
188  0.4037800431251526
1203  0.40377679467201233
505  0.40376684069633484
1309  0.4037529230117798
803  0.40373244881629944
1094  0.4037320017814636
573  0.4037289023399353
320  0.4037253260612488
1170  0.4037253260612488
1153  0.40371954441070557
88  0.4037086069583893
1275  0.4036996066570282
1246  0.4036917984485626
1263  0.4036797881126404
597  0.4036792814731598
246  0.4036608338356018
924  0.40366074442863464
1407  0.40365639328956604
574  0.4036562144756317
255  0.40364933013916016
524  0.40364110469818115
54  0.40363526344299316
809  0.403635174036026
56  0.40363144874572754
1137  0.40362629294395447
689  0.4036161005496979
374  0.40361353754997253
671  0.4036044180393219
1348  0.40360191464424133
510  0.4036000669002533
501  0.40359553694725037
889  0.40358564257621765
1052  0.40357816219329834
1172  0.40357694029808044
103  0.40355750918388367
974  0.40355053544044495
1020  0.40351322293281555
1391  0.4035078287124634
874  0.4035043716430664
315  0.40350040793418884
487  0.40349462628364563
1146  0.4034803509712219
485  0.4034729599952698
1274  0.403465211391449
669  0.40344107151031494
179  0.4034354090690613
431  0.4034118950366974
836  0.4034076929092407
292  0.4034039378166199
1103  0.403401643037796
987  0.4033985435962677
512  0.40337619185447693
156  0.40335315465927124
798  0.4033491015434265
305  0.40334391593933105
576  0.4033374786376953
569  0.40333637595176697
797  0.40333324670791626
1366  0.40333205461502075
426  0.40333133935928345
542  0.4033161401748657
1114  0.4033116400241852
316  0.4032958745956421
811  0.4032893180847168
831  0.40328526496887207
240  0.4032665193080902
383  0.40326371788978577
1301  0.4032433331012726
123  0.40323835611343384
1327  0.4032320976257324
1317  0.40323084592819214
1288  0.4032248258590698
590  0.40320780873298645
340  0.4031982123851776
1004  0.4031951129436493
303  0.40319299697875977
1210  0.40317901968955994
1007  0.40317875146865845
1377  0.40317246317863464
1316  0.40316125750541687
820  0.40316078066825867
900  0.4031522274017334
589  0.4031386077404022
751  0.4031316339969635
1148  0.40313151478767395
951  0.4031243324279785
335  0.4031217098236084
1418  0.40311238169670105
1214  0.4031088352203369
1112  0.40310025215148926
354  0.403099000453949
203  0.4030943512916565
1134  0.4030802249908447
480  0.40307265520095825
992  0.4030647277832031
1219  0.4030629098415375
1403  0.40306010842323303
887  0.40305814146995544
1239  0.4030313789844513
1328  0.4030308425426483
93  0.4030296206474304
1164  0.4030044376850128
1116  0.40298938751220703
266  0.402981162071228
993  0.4029655456542969
1369  0.4029605984687805
774  0.4029589593410492
1117  0.4029509127140045
337  0.4029483497142792
1175  0.4029432535171509
1026  0.40293365716934204
437  0.4029116630554199
1167  0.4029110372066498
1012  0.4029037654399872
223  0.40289929509162903
990  0.4028927683830261
328  0.4028887450695038
157  0.40288859605789185
1264  0.4028865396976471
479  0.4028725326061249
228  0.40286844968795776
1312  0.4028642177581787
1178  0.4028608798980713
299  0.40285107493400574
1308  0.40284958481788635
953  0.40284472703933716
1025  0.4028382897377014
313  0.40281957387924194
392  0.40281447768211365
886  0.40280866622924805
1147  0.4028068780899048
322  0.4028016924858093
243  0.40278422832489014
1001  0.40277478098869324
937  0.40275514125823975
1448  0.4027511775493622
1415  0.40274617075920105
1305  0.4027388095855713
977  0.40272969007492065
741  0.40272775292396545
1011  0.4027273952960968
729  0.4027257263660431
496  0.4027118682861328
362  0.40270349383354187
1423  0.40269556641578674
1206  0.40265288949012756
458  0.40264958143234253
395  0.40262967348098755
245  0.4026252329349518
270  0.40262463688850403
891  0.40261194109916687
327  0.40260374546051025
728  0.40258291363716125
1131  0.4025730490684509
1088  0.4025684893131256
401  0.4025671184062958
53  0.402556449174881
726  0.40255188941955566
311  0.40254512429237366
1245  0.4025091528892517
452  0.4025053083896637
269  0.4024922251701355
264  0.40248143672943115
596  0.40247640013694763
949  0.40247002243995667
1139  0.4024612009525299
1441  0.40246036648750305
459  0.4024502635002136
674  0.4024411737918854
384  0.40241679549217224
504  0.4023940861225128
732  0.4023841321468353
1375  0.4023818075656891
1321  0.4023743271827698
1173  0.40237200260162354
1255  0.4023633599281311
160  0.4023571014404297
1000  0.4023497700691223
1383  0.40234634280204773
1231  0.4023444652557373
222  0.40233710408210754
339  0.4023326337337494
508  0.40232908725738525
402  0.4023202061653137
1445  0.4023011326789856
1143  0.40229690074920654
58  0.4022909104824066
355  0.40227049589157104
1072  0.40226879715919495
979  0.40226635336875916
1271  0.4022603929042816
466  0.4022536873817444
481  0.40224596858024597
853  0.4022408723831177
268  0.4022376239299774
1269  0.4022311568260193
1063  0.40222999453544617
1331  0.402229368686676
558  0.40222471952438354
429  0.40222224593162537
280  0.4022176265716553
1002  0.4022134244441986
434  0.4022122919559479
1034  0.40220707654953003
422  0.40220189094543457
1379  0.40219974517822266
1376  0.40219512581825256
509  0.40219011902809143
263  0.4021872580051422
1096  0.4021871089935303
306  0.4021741449832916
447  0.4021623432636261
163  0.4021417200565338
649  0.4021393060684204
515  0.4021391272544861
494  0.40212976932525635
391  0.402121365070343
1091  0.40211769938468933
386  0.4021155536174774
1354  0.40211108326911926
1252  0.40210720896720886
1084  0.40210452675819397
617  0.4020908772945404
488  0.40206998586654663
423  0.40206652879714966
544  0.40206173062324524
706  0.4020600914955139
981  0.40204480290412903
1363  0.40204399824142456
1099  0.402042955160141
948  0.40204185247421265
1294  0.4020225703716278
1022  0.40201711654663086
1149  0.40201494097709656
403  0.40200647711753845
1140  0.40198665857315063
707  0.40198466181755066
1405  0.40197664499282837
1136  0.40196648240089417
502  0.40195828676223755
450  0.4019559621810913
595  0.40193408727645874
742  0.4018949866294861
376  0.40187811851501465
594  0.4018668830394745
415  0.40184277296066284
1166  0.40183427929878235
1227  0.4018332362174988
338  0.4018320143222809
1396  0.4018230438232422
592  0.40181422233581543
483  0.4017764925956726
1086  0.401763916015625
776  0.4017619490623474
440  0.4017486274242401
585  0.40174809098243713
1358  0.40173816680908203
1155  0.4017380177974701
1384  0.4017278552055359
1129  0.40172770619392395
1163  0.4017045497894287
1192  0.40170082449913025
984  0.4016985297203064
307  0.4016978144645691
465  0.40168458223342896
690  0.40167853236198425
519  0.4016730487346649
1414  0.4016716778278351
1365  0.40165531635284424
274  0.4016464650630951
291  0.40161699056625366
451  0.40161415934562683
1028  0.4015933871269226
285  0.40158790349960327
611  0.4015388786792755
1202  0.4015219509601593
1286  0.40152111649513245
1426  0.40152084827423096
978  0.4015134572982788
1056  0.4015091061592102
389  0.40148770809173584
1064  0.40148699283599854
888  0.40146493911743164
462  0.4014621675014496
59  0.4014551639556885
1244  0.40144795179367065
1236  0.40144649147987366
530  0.4014417231082916
635  0.4014384150505066
1265  0.40142956376075745
1330  0.4014034569263458
1299  0.40139108896255493
983  0.40138548612594604
1187  0.4013791084289551
1401  0.40137019753456116
394  0.401370108127594
1444  0.40136316418647766
396  0.40134352445602417
1427  0.40132391452789307
1128  0.40130698680877686
865  0.40129852294921875
527  0.40128371119499207
1323  0.401274710893631
567  0.40125706791877747
1257  0.40124067664146423
318  0.401233971118927
673  0.401227205991745
1162  0.4012250304222107
1306  0.4012238383293152
752  0.40121644735336304
1169  0.4012100100517273
1307  0.4011940360069275
1238  0.4011934697628021
244  0.4011925160884857
1424  0.4011884331703186
1027  0.4011625051498413
1367  0.4011524021625519
379  0.40114980936050415
442  0.4011475443840027
1003  0.40113839507102966
875  0.401134192943573
489  0.40112704038619995
1061  0.4011269509792328
388  0.40111684799194336
341  0.40111538767814636
1156  0.40111133456230164
110  0.4011102616786957
898  0.40110450983047485
628  0.401092529296875
1390  0.4010900855064392
1402  0.40107911825180054
55  0.4010678231716156
1237  0.4010336101055145
1235  0.4010200798511505
334  0.40099573135375977
1008  0.40098559856414795
969  0.4009822607040405
460  0.4009687602519989
1355  0.40096381306648254
1430  0.40096163749694824
1059  0.40095770359039307
96  0.40093204379081726
1266  0.4009310007095337
1199  0.40092599391937256
283  0.4008997082710266
1121  0.40089771151542664
1113  0.40089255571365356
284  0.4008919298648834
1127  0.40088415145874023
372  0.4008442163467407
1292  0.4008423388004303
1425  0.40083667635917664
1433  0.4008300304412842
1100  0.40081772208213806
513  0.400817334651947
1193  0.4007733464241028
550  0.40075767040252686
1030  0.40075036883354187
1313  0.40074485540390015
161  0.40073361992836
1319  0.40072816610336304
823  0.40070733428001404
425  0.4007047116756439
1046  0.4006854295730591
1243  0.4006741940975189
267  0.40065667033195496
159  0.40064939856529236
520  0.400628000497818
1132  0.40062621235847473
500  0.40061432123184204
578  0.4006060063838959
461  0.4005976617336273
497  0.40058380365371704
432  0.4005584120750427
177  0.4005524516105652
1332  0.4005434811115265
528  0.4005371034145355
1431  0.4005239009857178
1248  0.40052297711372375
1374  0.40051817893981934
1349  0.4005095362663269
387  0.4005034565925598
495  0.4004933834075928
871  0.4004877209663391
837  0.40046823024749756
1270  0.40043917298316956
1360  0.4004230499267578
1080  0.40036073327064514
838  0.40032196044921875
377  0.40031954646110535
872  0.40028494596481323
537  0.4002746045589447
310  0.40026429295539856
381  0.40019774436950684
1368  0.4001915752887726
1398  0.40018555521965027
433  0.40017083287239075
1208  0.4001684784889221
1053  0.40016043186187744
1057  0.4001586139202118
1009  0.40015584230422974
890  0.40014275908470154
970  0.4001365005970001
417  0.4001363217830658
1258  0.40013614296913147
1267  0.4001038670539856
1133  0.4000685214996338
808  0.4000663459300995
1329  0.40006548166275024
634  0.4000408351421356
1142  0.4000401794910431
1447  0.40000006556510925
247  0.3999895751476288
549  0.39998871088027954
1388  0.3999707102775574
1434  0.3999449908733368
253  0.39994484186172485
1168  0.39986664056777954
1406  0.3998386561870575
588  0.3998169004917145
1300  0.3997897803783417
252  0.39976781606674194
866  0.3997644782066345
333  0.3997631072998047
1195  0.39975932240486145
464  0.3997402489185333
1404  0.39972370862960815
1293  0.39965689182281494
1197  0.39965277910232544
1120  0.3996393084526062
986  0.3996349275112152
1055  0.39963123202323914
416  0.39960479736328125
536  0.39956650137901306
775  0.39955365657806396
985  0.39953774213790894
1393  0.3995269238948822
997  0.3995041847229004
1207  0.39950233697891235
1126  0.3994918167591095
371  0.3994815945625305
390  0.3994442820549011
1154  0.3993789553642273
1446  0.39937490224838257
535  0.3993573486804962
484  0.39935410022735596
290  0.3993428945541382
998  0.399332731962204
1176  0.3992229402065277
514  0.39920058846473694
999  0.39918965101242065
1122  0.39914390444755554
1387  0.3991437554359436
289  0.3991358280181885
899  0.39906513690948486
1204  0.39903151988983154
1151  0.39899346232414246
1259  0.3989160656929016
1428  0.39887866377830505
1429  0.3988061845302582
534  0.39877474308013916
1194  0.3987294137477875
522  0.3987247943878174
373  0.39861977100372314
1095  0.3986074924468994
352  0.3986053466796875
1289  0.39848560094833374
1047  0.3984855115413666
1322  0.3983995020389557
1102  0.398386687040329
309  0.3983708322048187
288  0.39836129546165466
672  0.39835721254348755
317  0.3983388841152191
533  0.39833706617355347
438  0.3982594907283783
1318  0.3981829583644867
1432  0.3981730043888092
1364  0.3981698751449585
1291  0.3981572687625885
1392  0.3981196880340576
1196  0.398095041513443
988  0.39801710844039917
532  0.3979957103729248
404  0.39790552854537964
1200  0.39781057834625244
1123  0.39778342843055725
523  0.39775732159614563
498  0.3977367877960205
314  0.3977285921573639
162  0.3977270722389221
1290  0.39772656559944153
308  0.3977057933807373
1058  0.39765214920043945
1268  0.39762985706329346
1395  0.39756593108177185
531  0.3975507915019989
1260  0.39731550216674805
1385  0.39728447794914246
1083  0.39728301763534546
629  0.39725905656814575
1389  0.397169828414917
353  0.3971676528453827
380  0.3969143331050873
989  0.3968448340892792
499  0.3967903256416321
1082  0.39653274416923523
587  0.3963892459869385
1081  0.39632323384284973
1177  0.39627689123153687
1298  0.39620015025138855
1125  0.3961530029773712
382  0.395908385515213
1101  0.3958551585674286
521  0.3957217335700989
1397  0.39557161927223206
1124  0.39462587237358093
