1  0.439603716135025
1732  0.4283480942249298
2  0.4260145425796509
3  0.42053818702697754
4  0.41745126247406006
966  0.41730472445487976
1060  0.41520124673843384
1133  0.41515547037124634
967  0.4150179624557495
762  0.41485726833343506
1731  0.41482582688331604
1017  0.41466695070266724
64  0.4144628643989563
844  0.4143071472644806
65  0.4140942096710205
761  0.4140419661998749
957  0.413870245218277
66  0.4136258363723755
1216  0.41362255811691284
724  0.41362154483795166
847  0.4135660231113434
1029  0.41351139545440674
782  0.4134597182273865
114  0.4134403467178345
959  0.4134252369403839
677  0.41341227293014526
1629  0.4133112132549286
920  0.4131737947463989
728  0.4131428599357605
917  0.4131147861480713
675  0.41307613253593445
67  0.41305115818977356
111  0.4130427837371826
760  0.4130306541919708
842  0.4130026698112488
777  0.4129965603351593
958  0.4129408001899719
1108  0.412865549325943
1106  0.4128170609474182
1121  0.41277700662612915
1030  0.412765234708786
1117  0.41276368498802185
683  0.412733793258667
723  0.4126928448677063
1081  0.4126887917518616
725  0.41266682744026184
678  0.4126206636428833
110  0.4125646650791168
1107  0.4125373959541321
1104  0.4124821722507477
1136  0.41247686743736267
843  0.4124406576156616
1014  0.4124014377593994
466  0.41240110993385315
428  0.41234296560287476
389  0.4123026728630066
1018  0.4122629165649414
671  0.4121876358985901
845  0.4121677577495575
1109  0.4121289849281311
1116  0.4121122658252716
852  0.41205987334251404
1061  0.4120575785636902
759  0.4119409918785095
726  0.4119361340999603
707  0.41193467378616333
446  0.4119342565536499
1028  0.4118868112564087
1019  0.41186392307281494
5  0.4117756485939026
1420  0.411751389503479
1217  0.4116726815700531
81  0.4116610288619995
1103  0.4116605520248413
1192  0.4116570055484772
1114  0.4116218388080597
853  0.41157814860343933
786  0.4115610718727112
850  0.4115532636642456
814  0.4115258455276489
722  0.4115256369113922
669  0.41150590777397156
1185  0.41148310899734497
1422  0.41147154569625854
1118  0.4114478528499603
672  0.4114384651184082
710  0.41142529249191284
1115  0.41142287850379944
418  0.41137468814849854
840  0.41136589646339417
197  0.411358505487442
293  0.4113539159297943
1184  0.41135114431381226
1188  0.4113260805606842
772  0.4113190770149231
871  0.4113171696662903
907  0.4113006293773651
960  0.4112977981567383
147  0.4112870693206787
974  0.41127777099609375
727  0.4112272262573242
870  0.4111931324005127
1421  0.41118863224983215
23  0.41116130352020264
24  0.4111385941505432
295  0.41113436222076416
7  0.4111136496067047
729  0.41110527515411377
1132  0.4110966622829437
1110  0.41108787059783936
839  0.4110451638698578
272  0.4110409617424011
849  0.41103604435920715
990  0.4110233187675476
1100  0.41099315881729126
323  0.4109790325164795
813  0.4109633266925812
708  0.4109325110912323
885  0.41092410683631897
1027  0.4109118580818176
429  0.4108903706073761
325  0.41088852286338806
1425  0.410833477973938
872  0.41082292795181274
1002  0.41077664494514465
784  0.4107573330402374
955  0.4107312858104706
1101  0.4107055068016052
1474  0.4106760323047638
276  0.41066983342170715
273  0.4106459319591522
467  0.41063863039016724
956  0.41063687205314636
1352  0.4106333255767822
1012  0.4106230139732361
1078  0.41060906648635864
234  0.4105779826641083
874  0.4105698764324188
969  0.41054150462150574
275  0.4105371832847595
1266  0.41052624583244324
682  0.41051796078681946
1111  0.4105076193809509
465  0.4104962646961212
899  0.41047266125679016
1527  0.4104624390602112
991  0.4104376435279846
1172  0.4104284346103668
741  0.4104262888431549
1203  0.4104193150997162
1051  0.41040685772895813
1424  0.41040679812431335
1423  0.41040557622909546
1204  0.4103998839855194
1065  0.4103879928588867
1112  0.4103699326515198
965  0.4103374183177948
76  0.4103274941444397
464  0.4103086590766907
886  0.4102877974510193
973  0.410268098115921
416  0.41025009751319885
1015  0.41022711992263794
1134  0.41020750999450684
1050  0.4102018475532532
1003  0.410194456577301
1171  0.41019105911254883
74  0.41017335653305054
740  0.41013580560684204
858  0.4101253151893616
856  0.4101121127605438
595  0.410103976726532
1080  0.4100662171840668
1033  0.41006436944007874
33  0.41006267070770264
951  0.4099953770637512
868  0.40998318791389465
918  0.4099578261375427
1631  0.40995079278945923
788  0.40994325280189514
1409  0.40994197130203247
112  0.4099310636520386
1259  0.40992313623428345
436  0.4099062383174896
737  0.4098997712135315
51  0.40989813208580017
775  0.40988802909851074
783  0.4098834693431854
968  0.4098808765411377
721  0.40986642241477966
785  0.4098567068576813
1010  0.40983816981315613
1075  0.40982431173324585
35  0.4098227620124817
430  0.4098146855831146
1285  0.4097571074962616
79  0.40975654125213623
1406  0.40974244475364685
821  0.4097391664981842
711  0.40971699357032776
1246  0.40970081090927124
1064  0.4096982777118683
1625  0.40969157218933105
68  0.4096871316432953
1038  0.409668505191803
1143  0.40966537594795227
437  0.4096542000770569
1105  0.4096437692642212
1011  0.4096376895904541
977  0.4096367359161377
522  0.4096316695213318
877  0.40962839126586914
787  0.40962743759155273
105  0.40962710976600647
1256  0.40961983799934387
790  0.40960800647735596
179  0.4096035957336426
1215  0.40959328413009644
1119  0.4095875918865204
771  0.40958115458488464
1120  0.4095767140388489
1026  0.40957432985305786
1182  0.409564733505249
1022  0.4095466434955597
681  0.4095056354999542
1205  0.40950194001197815
154  0.4094938635826111
792  0.40948083996772766
73  0.4094523787498474
916  0.40945005416870117
1135  0.4094448685646057
233  0.40943485498428345
101  0.4094283878803253
77  0.40942415595054626
1001  0.40940600633621216
589  0.4094032943248749
1214  0.409397691488266
1356  0.40939566493034363
1343  0.4093884229660034
1710  0.4093802869319916
924  0.40938010811805725
1639  0.4093795716762543
1016  0.4093628525733948
1245  0.40934768319129944
1163  0.40934479236602783
591  0.4093441665172577
385  0.40931835770606995
865  0.4093135893344879
1476  0.40931352972984314
1034  0.40930357575416565
659  0.4092966318130493
690  0.4092891216278076
1218  0.4092739522457123
1097  0.4092560112476349
1655  0.4092480540275574
811  0.40924271941185
149  0.4092334806919098
776  0.4092256724834442
590  0.4092252254486084
687  0.4091986417770386
1654  0.40919846296310425
1079  0.40919721126556396
1479  0.4091871380805969
6  0.4091860055923462
16  0.4091721773147583
686  0.40915799140930176
838  0.40915152430534363
938  0.40914419293403625
975  0.4091204106807709
12  0.4091191291809082
869  0.4091182351112366
1189  0.409112811088562
796  0.40910714864730835
11  0.4091005325317383
25  0.40909862518310547
892  0.40908992290496826
427  0.40908369421958923
1102  0.4090733230113983
40  0.40907180309295654
695  0.4090575575828552
34  0.40905439853668213
327  0.40905439853668213
946  0.40905168652534485
506  0.4090340733528137
1024  0.4090079069137573
115  0.40899932384490967
831  0.40899521112442017
673  0.4089868366718292
806  0.40896397829055786
1408  0.40896135568618774
841  0.4089594781398773
102  0.4089485704898834
884  0.40893739461898804
202  0.4089353084564209
736  0.40892693400382996
525  0.4089021384716034
1013  0.40890151262283325
148  0.40889498591423035
104  0.40888652205467224
941  0.40887919068336487
170  0.4088764488697052
519  0.40887001156806946
1031  0.4088584780693054
9  0.40884682536125183
846  0.4088437259197235
39  0.40883496403694153
431  0.4088289737701416
80  0.4088234007358551
878  0.4088171720504761
1074  0.4088069796562195
1049  0.4088068902492523
1113  0.40878331661224365
900  0.4087812304496765
1548  0.40878039598464966
963  0.40877291560173035
662  0.40877288579940796
109  0.4087561368942261
859  0.4087256193161011
1173  0.40872475504875183
1592  0.40872296690940857
1630  0.4087187945842743
508  0.4087072014808655
1638  0.40869951248168945
1232  0.4086964726448059
758  0.4086932837963104
665  0.4086877703666687
1032  0.4086870849132538
1008  0.4086866080760956
10  0.4086727797985077
117  0.40865156054496765
1207  0.4086429476737976
1122  0.40863630175590515
196  0.40863245725631714
1579  0.4086224138736725
1004  0.408618688583374
1693  0.4086177349090576
855  0.40861693024635315
198  0.40860745310783386
180  0.4086025059223175
824  0.4085966944694519
763  0.4085927903652191
875  0.40858837962150574
666  0.40857991576194763
863  0.4085792601108551
1377  0.4085752069950104
463  0.40857401490211487
1473  0.40857183933258057
932  0.4085497260093689
1174  0.4085494875907898
107  0.4085492491722107
927  0.40854454040527344
106  0.4085254669189453
799  0.40852442383766174
384  0.408521443605423
664  0.40851980447769165
1197  0.4085189700126648
1578  0.4085128903388977
704  0.4085070788860321
1084  0.40848615765571594
387  0.4084807336330414
444  0.40847963094711304
42  0.40847843885421753
1191  0.4084690511226654
1685  0.4084671437740326
329  0.4084659814834595
1062  0.40846219658851624
791  0.40846148133277893
1202  0.4084561765193939
1267  0.4084530174732208
1594  0.40845251083374023
593  0.40844693779945374
402  0.4084375500679016
648  0.4084315299987793
1471  0.40842610597610474
789  0.4084235429763794
324  0.4084223806858063
935  0.40841829776763916
263  0.4084179699420929
97  0.40841567516326904
1181  0.4083938002586365
1208  0.40838727355003357
60  0.4083860218524933
1238  0.40837621688842773
75  0.4083670675754547
738  0.4083646237850189
1139  0.4083528518676758
1224  0.4083477258682251
985  0.4083472788333893
660  0.4083450138568878
118  0.40833592414855957
57  0.4083239436149597
261  0.40831881761550903
1066  0.4083118736743927
69  0.4083099961280823
319  0.4083098769187927
32  0.4082975685596466
98  0.4082949459552765
50  0.4082835614681244
685  0.4082738757133484
697  0.40827327966690063
680  0.40827319025993347
1264  0.4082725942134857
797  0.40827202796936035
939  0.40825745463371277
1410  0.40823814272880554
1045  0.4082247018814087
1589  0.4082237184047699
1705  0.408220112323761
534  0.4082145690917969
940  0.4082127809524536
676  0.4082052707672119
502  0.40820127725601196
334  0.4081915020942688
1196  0.40818092226982117
1460  0.40817442536354065
120  0.4081743657588959
1072  0.40816783905029297
383  0.4081636965274811
518  0.40815943479537964
1009  0.40815597772598267
864  0.40815311670303345
63  0.4081529378890991
30  0.4081471860408783
876  0.4081467390060425
812  0.4081454277038574
817  0.40813878178596497
478  0.4081261157989502
1308  0.4081208109855652
487  0.40811896324157715
401  0.408113032579422
1674  0.4081116020679474
1472  0.4080964922904968
1005  0.408084899187088
235  0.4080747365951538
1675  0.4080643355846405
1071  0.40806347131729126
1500  0.40806010365486145
62  0.40805262327194214
887  0.4080442488193512
161  0.4080413579940796
1025  0.4080367982387543
663  0.4080323576927185
1052  0.40803229808807373
953  0.4080290198326111
1057  0.4080265462398529
126  0.4080251157283783
1478  0.4080239534378052
780  0.40800216794013977
488  0.40798845887184143
37  0.4079832136631012
443  0.4079814553260803
1144  0.4079795479774475
1426  0.4079747796058655
709  0.4079686105251312
774  0.4079677164554596
649  0.40795233845710754
972  0.40794387459754944
1021  0.40794143080711365
1089  0.4079371690750122
1222  0.4079345464706421
827  0.4079280197620392
668  0.4079223871231079
807  0.40791940689086914
996  0.40791821479797363
15  0.40791597962379456
809  0.40790846943855286
781  0.40789783000946045
1247  0.4078977108001709
1083  0.40786904096603394
1642  0.40786752104759216
1287  0.4078621566295624
48  0.4078591763973236
1254  0.4078562259674072
720  0.4078538715839386
1600  0.4078407883644104
49  0.4078352451324463
705  0.4078312814235687
943  0.4078231751918793
1154  0.4078213572502136
1588  0.4078054130077362
822  0.4078027904033661
1545  0.40779075026512146
684  0.4077882766723633
1419  0.4077751636505127
208  0.4077747166156769
1382  0.4077737033367157
1198  0.40776076912879944
397  0.4077606201171875
906  0.4077589511871338
1284  0.4077451527118683
1054  0.40774452686309814
735  0.4077421724796295
1206  0.4077322483062744
1566  0.40773192048072815
942  0.4077295660972595
1138  0.40772509574890137
976  0.40771907567977905
1395  0.40770599246025085
419  0.40770572423934937
1242  0.4077026844024658
825  0.40769481658935547
415  0.4076942801475525
706  0.40768831968307495
1180  0.40767940878868103
1411  0.4076788127422333
1611  0.40766265988349915
1055  0.407649427652359
113  0.40763571858406067
119  0.40763404965400696
535  0.40763166546821594
375  0.40762507915496826
153  0.4076213240623474
1085  0.4076164662837982
1447  0.40760162472724915
56  0.4075964391231537
1178  0.40759602189064026
851  0.4075930118560791
860  0.4075929522514343
937  0.407585084438324
38  0.40757983922958374
1272  0.40757566690444946
1355  0.40757521986961365
328  0.40756750106811523
1046  0.40756717324256897
474  0.40755200386047363
1095  0.4075508713722229
1286  0.4075497090816498
1233  0.4075479209423065
1193  0.40754443407058716
926  0.40753406286239624
1069  0.40752580761909485
879  0.40752461552619934
883  0.40751826763153076
1260  0.40751412510871887
453  0.4075120985507965
131  0.4075034558773041
296  0.40746620297431946
950  0.4074634909629822
1628  0.4074605107307434
18  0.4074515998363495
866  0.4074503779411316
819  0.4074479937553406
476  0.4074401557445526
1068  0.40743687748908997
629  0.4074184000492096
820  0.4074181914329529
103  0.4074176847934723
1096  0.40741732716560364
82  0.40741705894470215
923  0.40741056203842163
891  0.40739569067955017
374  0.407378226518631
896  0.40737465023994446
987  0.4073745310306549
815  0.40737035870552063
1407  0.4073697328567505
55  0.40736597776412964
31  0.40735629200935364
1549  0.40734991431236267
1305  0.40734773874282837
674  0.4073445200920105
14  0.4073427617549896
59  0.4073425233364105
270  0.4073382318019867
449  0.4073379337787628
925  0.4073275923728943
322  0.40732741355895996
1374  0.4073249399662018
124  0.4073137044906616
712  0.4073124825954437
137  0.4072953462600708
445  0.4072837233543396
598  0.4072790741920471
266  0.40727707743644714
1598  0.40727582573890686
435  0.40726956725120544
848  0.40726733207702637
1723  0.4072539210319519
1257  0.4072452187538147
1729  0.4072389006614685
1043  0.4072359502315521
1199  0.40723469853401184
370  0.40723007917404175
1516  0.4072280824184418
1253  0.4072244465351105
915  0.4072157144546509
1244  0.4072117209434509
1351  0.4072053134441376
873  0.40720197558403015
696  0.4071896970272064
532  0.4071880578994751
588  0.4071802496910095
830  0.4071708917617798
1643  0.40716180205345154
524  0.40714505314826965
108  0.40714383125305176
1475  0.4071331024169922
125  0.40712597966194153
862  0.4071243703365326
1692  0.40711650252342224
910  0.4071146845817566
517  0.40711191296577454
908  0.4071032404899597
1073  0.4071013331413269
417  0.40709444880485535
640  0.4070930480957031
1252  0.4070884585380554
826  0.4070832431316376
928  0.407073438167572
41  0.40706709027290344
386  0.40706688165664673
1240  0.4070655405521393
1354  0.4070645272731781
1176  0.40704578161239624
330  0.4070412814617157
1140  0.40703290700912476
934  0.4070295989513397
970  0.4070259630680084
698  0.4070171117782593
22  0.40700802206993103
1537  0.40700632333755493
477  0.40700268745422363
964  0.40699997544288635
505  0.4069998264312744
1369  0.40699365735054016
8  0.40698978304862976
1288  0.40698879957199097
1170  0.4069821238517761
1183  0.40698108077049255
810  0.40697944164276123
999  0.4069707989692688
936  0.40696877241134644
931  0.40695977210998535
1615  0.4069581925868988
1099  0.4069514870643616
292  0.4069478511810303
185  0.4069221019744873
1727  0.4069139361381531
1164  0.4069119989871979
36  0.4069083631038666
1090  0.4068993330001831
1023  0.4068971276283264
1241  0.40689486265182495
600  0.4068898856639862
96  0.4068893790245056
1035  0.40688127279281616
1037  0.4068775773048401
267  0.40687352418899536
43  0.4068683385848999
1502  0.4068657457828522
1162  0.40685737133026123
1059  0.4068531095981598
919  0.40684735774993896
670  0.40683498978614807
219  0.40682369470596313
1209  0.4068194031715393
442  0.40681928396224976
191  0.40681537985801697
755  0.40681084990501404
888  0.4068075716495514
121  0.4068019986152649
1302  0.4068012833595276
1213  0.4067816138267517
1496  0.40678027272224426
1169  0.4067688286304474
206  0.40675345063209534
1381  0.40673762559890747
313  0.4067349433898926
699  0.40673065185546875
380  0.4067283570766449
439  0.4067276418209076
277  0.40672144293785095
832  0.406719833612442
122  0.4067116379737854
1040  0.4067114293575287
509  0.40670934319496155
1686  0.40670785307884216
982  0.4067022502422333
204  0.406696081161499
714  0.40669161081314087
961  0.40668442845344543
779  0.4066838026046753
1186  0.40667954087257385
184  0.406674325466156
1498  0.4066731333732605
713  0.4066722095012665
88  0.4066690504550934
1640  0.40666183829307556
823  0.4066612422466278
1367  0.4066506624221802
773  0.4066392481327057
482  0.4066319763660431
909  0.4066281318664551
688  0.406618595123291
1229  0.406610369682312
1730  0.406609445810318
1036  0.40660902857780457
1248  0.40660345554351807
426  0.40658679604530334
1020  0.40656307339668274
1273  0.40655645728111267
194  0.40655291080474854
778  0.40655243396759033
265  0.4065440893173218
27  0.406534343957901
733  0.4065190255641937
396  0.4065150022506714
203  0.40651077032089233
854  0.406493604183197
997  0.40649282932281494
742  0.4064890444278717
914  0.40648648142814636
1704  0.4064846634864807
1513  0.4064773619174957
808  0.4064652621746063
1039  0.4064609706401825
475  0.4064602553844452
1221  0.40645599365234375
326  0.4064538776874542
1593  0.4064387381076813
594  0.40643271803855896
837  0.4064296782016754
320  0.4064286947250366
569  0.40642544627189636
1225  0.40642520785331726
1445  0.4064159095287323
473  0.4064157009124756
984  0.40641534328460693
395  0.40641313791275024
1303  0.40640658140182495
818  0.4064064621925354
353  0.40640535950660706
986  0.4064038097858429
929  0.4064035415649414
952  0.40638935565948486
1468  0.40637943148612976
1063  0.406342476606369
1417  0.4063255488872528
1211  0.40632203221321106
753  0.4063178598880768
438  0.4063114821910858
1320  0.4063110947608948
132  0.4063098430633545
495  0.40630027651786804
1226  0.40628838539123535
1680  0.4062877893447876
911  0.40628188848495483
1041  0.40627726912498474
1451  0.4062527120113373
596  0.4062453806400299
1321  0.40624216198921204
1627  0.40623944997787476
211  0.4062351882457733
1676  0.40623295307159424
1243  0.4062288999557495
1210  0.4062240421772003
765  0.4062231481075287
1397  0.4062209129333496
1400  0.40622052550315857
1512  0.40621697902679443
195  0.40620899200439453
1006  0.4062056541442871
1623  0.4062027037143707
501  0.40620148181915283
207  0.4061940908432007
1597  0.40618956089019775
305  0.406184583902359
913  0.40618085861206055
1617  0.40617653727531433
867  0.4061742424964905
411  0.406169056892395
646  0.4061674177646637
861  0.4061554968357086
19  0.40615490078926086
1619  0.4061526358127594
930  0.4061443507671356
1235  0.4061432480812073
962  0.4061223268508911
994  0.40612202882766724
178  0.4061199426651001
1396  0.4061181843280792
1195  0.40611258149147034
1270  0.4060951769351959
732  0.4060922861099243
1624  0.40609127283096313
1234  0.40608668327331543
639  0.40608569979667664
1175  0.4060848355293274
1528  0.4060724973678589
1296  0.40607157349586487
1315  0.4060656428337097
1056  0.4060576558113098
232  0.4060457944869995
1177  0.4060456454753876
420  0.4060451090335846
599  0.4060426950454712
28  0.4060366451740265
1156  0.40603357553482056
730  0.40602099895477295
497  0.4060114026069641
1561  0.4060104191303253
507  0.40600958466529846
200  0.40599167346954346
912  0.4059883654117584
613  0.4059859812259674
99  0.4059857726097107
565  0.4059816002845764
433  0.405972957611084
1007  0.4059728980064392
1201  0.40597060322761536
168  0.40596944093704224
440  0.40596944093704224
983  0.40596920251846313
592  0.405968576669693
715  0.40596532821655273
1706  0.4059586524963379
169  0.40595677495002747
503  0.40594664216041565
434  0.40594422817230225
1726  0.4059309959411621
61  0.4059269428253174
392  0.40591779351234436
805  0.40591442584991455
1465  0.4059130847454071
1497  0.40590885281562805
602  0.4058972895145416
220  0.4058896005153656
1714  0.4058816730976105
136  0.4058767259120941
1152  0.40585801005363464
150  0.40582847595214844
1283  0.4058266878128052
1546  0.4058261811733246
692  0.4058227837085724
1459  0.4058191180229187
734  0.4058188796043396
269  0.40581560134887695
718  0.4058089256286621
1560  0.40580877661705017
658  0.4058060348033905
633  0.40580064058303833
835  0.40579718351364136
1477  0.40578895807266235
20  0.4057869613170624
1058  0.405774861574173
751  0.4057747721672058
647  0.40575626492500305
425  0.40574681758880615
1311  0.4057401716709137
1265  0.40572524070739746
1042  0.4057244658470154
679  0.405713826417923
992  0.4057130813598633
493  0.40571293234825134
1724  0.40569180250167847
1535  0.40569040179252625
1298  0.40568792819976807
223  0.40568363666534424
1212  0.4056812822818756
701  0.4056682586669922
889  0.4056656062602997
222  0.40564867854118347
750  0.4056462049484253
1070  0.4056435525417328
483  0.4056169092655182
897  0.4055880904197693
1517  0.4055875241756439
1534  0.4055837392807007
520  0.4055788815021515
1466  0.4055768549442291
1376  0.4055747091770172
288  0.4055483043193817
1656  0.40554526448249817
828  0.40554243326187134
1357  0.40554001927375793
441  0.4055345058441162
894  0.4055304527282715
333  0.4055294990539551
1614  0.4055282771587372
130  0.4055280089378357
1657  0.405526727437973
829  0.40552660822868347
17  0.4055247902870178
804  0.4055246412754059
432  0.40552133321762085
1053  0.40551984310150146
1223  0.40550580620765686
833  0.40550386905670166
971  0.40549930930137634
1403  0.40549343824386597
1446  0.40549251437187195
1317  0.405487596988678
1621  0.40547195076942444
171  0.4054708480834961
1575  0.4054611027240753
630  0.4054580330848694
898  0.4054381549358368
371  0.40543705224990845
980  0.40543001890182495
752  0.4054272770881653
146  0.4054264724254608
1307  0.40542131662368774
998  0.4054212272167206
280  0.4054165780544281
756  0.4054138660430908
700  0.40540069341659546
605  0.4054000973701477
978  0.4053994119167328
655  0.405399352312088
628  0.4053865671157837
388  0.40538424253463745
1082  0.4053761065006256
944  0.4053730368614197
651  0.40537044405937195
693  0.4053652882575989
1708  0.4053640365600586
448  0.4053557217121124
94  0.4053556025028229
399  0.4053512513637543
834  0.4053437411785126
260  0.40533459186553955
183  0.40532946586608887
404  0.40532711148262024
393  0.40531882643699646
766  0.4053105115890503
1239  0.40530771017074585
921  0.40530598163604736
526  0.40529829263687134
1448  0.4052892029285431
637  0.4052780866622925
895  0.4052779972553253
816  0.4052733778953552
1048  0.4052726924419403
294  0.4052540361881256
1467  0.4052513837814331
803  0.40525105595588684
162  0.4052380621433258
46  0.40523767471313477
1506  0.4052359163761139
52  0.40521928668022156
836  0.40521857142448425
754  0.4052164852619171
135  0.4052122235298157
1386  0.4052114486694336
1237  0.4052039384841919
798  0.4052032232284546
1250  0.40518009662628174
123  0.4051743745803833
905  0.4051665961742401
54  0.4051613509654999
298  0.4051568806171417
1000  0.4051521122455597
612  0.40514662861824036
1131  0.40514257550239563
1153  0.40513941645622253
26  0.405129075050354
1526  0.405115008354187
1590  0.40511447191238403
268  0.40511253476142883
479  0.4051065742969513
1219  0.40510252118110657
689  0.40509647130966187
157  0.4050963222980499
1574  0.4050954580307007
1494  0.40509235858917236
424  0.40507975220680237
1187  0.4050707221031189
494  0.40505433082580566
116  0.40504953265190125
800  0.4050312042236328
53  0.40502938628196716
160  0.4050282835960388
1613  0.40502455830574036
182  0.40501993894577026
410  0.4050140082836151
795  0.40501001477241516
1401  0.4050084054470062
1490  0.4050079882144928
1299  0.40499570965766907
1076  0.4049875736236572
579  0.4049868583679199
1456  0.4049849212169647
321  0.4049832224845886
1495  0.40498068928718567
78  0.40497907996177673
546  0.40497851371765137
90  0.4049772620201111
373  0.40497639775276184
471  0.4049738049507141
205  0.40497341752052307
83  0.4049462378025055
1251  0.4049445688724518
1572  0.40494048595428467
1721  0.40493884682655334
352  0.4049350917339325
1147  0.4049336910247803
231  0.40492865443229675
1616  0.4049243927001953
1123  0.4049222767353058
1093  0.40491345524787903
1300  0.4049025774002075
1230  0.40490174293518066
210  0.40489792823791504
1458  0.4048943817615509
635  0.40489086508750916
1580  0.4048878848552704
1434  0.4048806428909302
743  0.4048754870891571
480  0.40486958622932434
1487  0.4048614203929901
177  0.4048537611961365
188  0.40485021471977234
1687  0.4048466086387634
667  0.40484198927879333
485  0.40482020378112793
468  0.40481629967689514
152  0.40481582283973694
1595  0.4048103392124176
1304  0.4048087000846863
1725  0.4048047959804535
764  0.4048006534576416
1310  0.4047985076904297
1344  0.40479332208633423
1641  0.40478086471557617
1464  0.40477699041366577
1194  0.40476566553115845
564  0.4047645330429077
1626  0.4047624468803406
769  0.4047606587409973
173  0.40474820137023926
1637  0.4047389328479767
58  0.4047301113605499
390  0.40472644567489624
1599  0.404723584651947
545  0.4047221541404724
1375  0.40470972657203674
1493  0.40469276905059814
793  0.4046848714351654
1341  0.40468254685401917
1130  0.40467989444732666
954  0.4046771228313446
1635  0.4046768546104431
167  0.4046749770641327
1587  0.4046725928783417
638  0.4046691954135895
739  0.4046662747859955
1168  0.404666006565094
1469  0.4046602249145508
1340  0.4046529531478882
354  0.4046388268470764
452  0.4046131372451782
318  0.4046129882335663
1632  0.40460315346717834
1086  0.40459996461868286
642  0.4045923054218292
332  0.40456685423851013
1263  0.4045611619949341
1166  0.4045567214488983
1562  0.40454450249671936
1262  0.40453729033470154
1669  0.40452152490615845
264  0.4045184254646301
199  0.4045155942440033
450  0.4045080244541168
1142  0.4044974744319916
880  0.40449416637420654
1167  0.40448540449142456
1268  0.4044835865497589
86  0.4044743478298187
650  0.40445661544799805
1338  0.40445369482040405
284  0.40444421768188477
13  0.4044272005558014
979  0.40442001819610596
1596  0.4044112265110016
1718  0.404410719871521
988  0.4044060707092285
691  0.40439897775650024
155  0.4043738543987274
1077  0.40437331795692444
92  0.404367595911026
355  0.40436726808547974
1684  0.40436506271362305
1555  0.40435653924942017
348  0.40435484051704407
246  0.4043540954589844
1271  0.40435266494750977
21  0.4043440818786621
29  0.40433526039123535
801  0.4043300151824951
641  0.40432700514793396
172  0.4043206572532654
981  0.4043187201023102
1461  0.40431320667266846
949  0.4043099284172058
47  0.4043070375919342
174  0.4043005704879761
890  0.40429747104644775
158  0.4042952358722687
634  0.4042932689189911
611  0.40428853034973145
377  0.40428784489631653
893  0.4042584300041199
1646  0.4042561650276184
1556  0.404254287481308
414  0.4042495787143707
995  0.4042438864707947
1573  0.4042356610298157
1255  0.4042077362537384
1711  0.4042039215564728
1399  0.4041988253593445
1379  0.4041987359523773
1533  0.4041953384876251
212  0.4041830003261566
1402  0.40418198704719543
1385  0.40418097376823425
1576  0.40417319536209106
521  0.4041718542575836
531  0.4041670560836792
606  0.4041629731655121
1258  0.40415823459625244
1586  0.4041498303413391
542  0.4041444957256317
1353  0.4041401743888855
504  0.40413743257522583
1342  0.404118150472641
767  0.40411630272865295
1591  0.40410566329956055
248  0.40407896041870117
1231  0.40406283736228943
1098  0.4040584862232208
922  0.4040541350841522
376  0.40405163168907166
1709  0.40405046939849854
1443  0.4040469527244568
567  0.4040464162826538
1044  0.404036283493042
140  0.40403589606285095
144  0.40403488278388977
533  0.4040347635746002
1610  0.4040304124355316
192  0.4040188491344452
632  0.40401339530944824
447  0.4040067195892334
945  0.4040031433105469
1703  0.40399155020713806
1067  0.4039841592311859
44  0.40398290753364563
45  0.40397799015045166
902  0.4039769768714905
1673  0.40397557616233826
1612  0.4039713144302368
492  0.40396276116371155
100  0.403950572013855
636  0.40394651889801025
331  0.40394073724746704
230  0.40393495559692383
1622  0.403934508562088
1368  0.4039185643196106
1129  0.40389809012413025
143  0.40389275550842285
311  0.4038905203342438
516  0.4038901627063751
1348  0.40387389063835144
496  0.4038715660572052
1728  0.4038704037666321
369  0.40386322140693665
314  0.40386083722114563
193  0.4038221836090088
1047  0.4038203954696655
993  0.40380460023880005
408  0.40380236506462097
719  0.40379518270492554
163  0.40378516912460327
262  0.403768926858902
187  0.40375813841819763
379  0.4037533104419708
1507  0.4037505090236664
1227  0.40374863147735596
652  0.40374141931533813
1452  0.4037320017814636
1398  0.4037240445613861
541  0.4037174880504608
1261  0.40371471643447876
1088  0.40370625257492065
1373  0.40369144082069397
247  0.40367135405540466
1618  0.40367022156715393
757  0.40366777777671814
620  0.4036644399166107
1717  0.40365928411483765
95  0.4036553204059601
457  0.4036490023136139
145  0.4036462903022766
1289  0.40364623069763184
544  0.4036339819431305
201  0.4036305248737335
1316  0.40362748503685
1660  0.4036261737346649
1157  0.40360745787620544
317  0.403606653213501
1418  0.4036038815975189
93  0.4036034941673279
1519  0.40358859300613403
1387  0.4035865068435669
1339  0.4035838544368744
1648  0.4035753011703491
221  0.40357381105422974
948  0.40356940031051636
1486  0.4035537540912628
241  0.40355193614959717
1620  0.4035464823246002
1536  0.40352800488471985
403  0.40352457761764526
274  0.4035239815711975
356  0.40352147817611694
283  0.4035070538520813
1581  0.40345415472984314
1306  0.4034517705440521
166  0.40344753861427307
1559  0.40343406796455383
717  0.4034291207790375
1470  0.4034244418144226
285  0.40342259407043457
1378  0.4034210443496704
1563  0.40340715646743774
1449  0.403406023979187
1092  0.4033990800380707
1148  0.4033983051776886
1645  0.4033943712711334
1274  0.403393030166626
91  0.4033893048763275
1518  0.40338748693466187
1276  0.4033777415752411
176  0.403374046087265
489  0.40337079763412476
539  0.40336307883262634
694  0.40336182713508606
1297  0.40335944294929504
1301  0.40335604548454285
484  0.4033558666706085
469  0.4033498764038086
548  0.40334567427635193
349  0.4033322036266327
181  0.4033305048942566
1491  0.40332692861557007
530  0.4033268392086029
901  0.4033125638961792
1552  0.40331095457077026
236  0.40330803394317627
601  0.40330708026885986
1161  0.4032917022705078
301  0.4032890796661377
1647  0.40327489376068115
286  0.4032668471336365
577  0.40324512124061584
1583  0.40323805809020996
372  0.40323004126548767
643  0.40322914719581604
731  0.4032205641269684
1444  0.4032185971736908
217  0.4032006859779358
527  0.40319061279296875
1436  0.40318936109542847
511  0.4031766951084137
554  0.40317076444625854
138  0.40316277742385864
1698  0.4031620919704437
454  0.4031510055065155
70  0.40313759446144104
1329  0.4031310975551605
528  0.40312984585762024
654  0.40312808752059937
310  0.4030904769897461
271  0.4030858278274536
1700  0.4030742049217224
1584  0.40305647253990173
1328  0.40304920077323914
1523  0.40304920077323914
159  0.40304267406463623
378  0.40304112434387207
1481  0.40303605794906616
1190  0.4030129015445709
1501  0.40301117300987244
716  0.403006911277771
213  0.4030021131038666
1525  0.40299952030181885
1145  0.40299713611602783
1220  0.4029969871044159
746  0.40298476815223694
1541  0.40297067165374756
1347  0.40296027064323425
1524  0.40296027064323425
610  0.4029588997364044
538  0.40295565128326416
1569  0.4029231369495392
1543  0.4029201865196228
1544  0.4029177725315094
346  0.4029105007648468
335  0.4029063880443573
1404  0.40288880467414856
151  0.40287819504737854
540  0.4028775691986084
1394  0.40287041664123535
1582  0.4028700888156891
857  0.4028681814670563
523  0.4028642177581787
382  0.40286386013031006
904  0.40286314487457275
1362  0.40286287665367126
470  0.40285709500312805
661  0.4028513431549072
412  0.40284743905067444
1489  0.4028466045856476
381  0.4028441905975342
1689  0.40284109115600586
252  0.40283674001693726
244  0.4028361439704895
745  0.40282273292541504
1455  0.4027993679046631
1358  0.40278878808021545
1488  0.4027631878852844
1372  0.40275025367736816
1141  0.4027383327484131
1155  0.40273547172546387
603  0.40272364020347595
291  0.40271592140197754
1165  0.40271517634391785
550  0.40270453691482544
342  0.4026927947998047
87  0.4026828110218048
472  0.40268227458000183
1722  0.402671217918396
1200  0.4026702642440796
351  0.40267014503479004
1405  0.40266504883766174
1681  0.40266069769859314
1137  0.40265557169914246
1668  0.4026496410369873
1667  0.40264376997947693
360  0.40263867378234863
1644  0.40263789892196655
391  0.4026373326778412
1511  0.40263253450393677
1091  0.40262261033058167
458  0.4026212692260742
72  0.4026194214820862
85  0.40261325240135193
1269  0.40261325240135193
631  0.40260928869247437
933  0.40259870886802673
1124  0.4025985300540924
1435  0.40259161591529846
1249  0.4025794267654419
1682  0.40256428718566895
290  0.4025561213493347
1683  0.40255358815193176
621  0.40254053473472595
566  0.40253302454948425
361  0.4025329649448395
218  0.4025159478187561
1228  0.4025045335292816
409  0.40249526500701904
1295  0.4024907350540161
1389  0.4024885296821594
134  0.40248119831085205
657  0.4024753272533417
585  0.4024703800678253
510  0.40244728326797485
127  0.4024440348148346
749  0.4024430513381958
1442  0.4024372398853302
309  0.402434766292572
240  0.4024345576763153
770  0.4024321436882019
947  0.40240171551704407
1318  0.402400404214859
133  0.40237870812416077
882  0.4023761451244354
1275  0.4023730158805847
614  0.40235355496406555
1492  0.40234681963920593
490  0.4023147225379944
702  0.4023057818412781
1159  0.4023057818412781
608  0.4022975265979767
300  0.40229254961013794
406  0.4022913873195648
1636  0.40229034423828125
1331  0.4022859036922455
1699  0.4022831618785858
1691  0.40226981043815613
560  0.40225517749786377
1313  0.4022519886493683
71  0.40224504470825195
1281  0.4022221565246582
1538  0.40221673250198364
237  0.402215838432312
1554  0.40219846367836
903  0.40219181776046753
989  0.40219059586524963
156  0.40217453241348267
1514  0.40216758847236633
1294  0.40215224027633667
583  0.40214961767196655
394  0.40214839577674866
1653  0.40211763978004456
1454  0.4021151661872864
1383  0.4020937979221344
459  0.4020735025405884
368  0.4020419120788574
481  0.4020371735095978
279  0.4020353853702545
1521  0.40203261375427246
1345  0.4020134210586548
1601  0.40199723839759827
245  0.4019925594329834
1384  0.4019773602485657
1380  0.4019679129123688
1678  0.4019556939601898
1390  0.40195345878601074
1707  0.4019429087638855
1125  0.4019313454627991
1602  0.40192002058029175
341  0.40191933512687683
1695  0.4019150137901306
278  0.4019114673137665
1515  0.40190640091896057
343  0.4019029438495636
1160  0.4019007086753845
1557  0.40190017223358154
1392  0.40189576148986816
1087  0.4018806219100952
1427  0.4018617272377014
227  0.4018564820289612
1532  0.4018538296222687
175  0.40184828639030457
604  0.40184739232063293
1309  0.4018377363681793
1558  0.4018329977989197
189  0.40181437134742737
84  0.401787132024765
549  0.40178319811820984
1179  0.40176743268966675
226  0.4017668664455414
456  0.40174856781959534
609  0.40174582600593567
1522  0.40173617005348206
347  0.40172502398490906
250  0.4017217457294464
1719  0.4017208218574524
1128  0.4017179012298584
547  0.4016868472099304
1607  0.40168455243110657
214  0.4016747772693634
164  0.4016649127006531
282  0.4016411602497101
1650  0.4016406834125519
243  0.40163108706474304
486  0.40161898732185364
242  0.4016173779964447
141  0.40161654353141785
186  0.40160122513771057
190  0.4015945494174957
249  0.401570588350296
1319  0.40155652165412903
1146  0.4015541970729828
1677  0.40151873230934143
1350  0.4015035927295685
1149  0.4014999270439148
209  0.401496559381485
287  0.4014805257320404
224  0.40147897601127625
1360  0.40147092938423157
1388  0.40146952867507935
400  0.4014636278152466
568  0.40145063400268555
498  0.40144848823547363
297  0.4014427065849304
627  0.40144097805023193
1659  0.40143564343452454
1570  0.4014187455177307
316  0.4014134705066681
1480  0.4013979434967041
1671  0.4013965427875519
1482  0.4013845920562744
1158  0.40136995911598206
398  0.4013526737689972
1508  0.40133100748062134
259  0.40131253004074097
1370  0.40130481123924255
423  0.40128079056739807
1547  0.4012628197669983
421  0.4012576937675476
1664  0.4012489318847656
312  0.4012332558631897
139  0.40122339129447937
315  0.40121883153915405
1690  0.40121498703956604
536  0.4012129306793213
1312  0.4012106657028198
1694  0.40120840072631836
1604  0.4012022912502289
228  0.4011921286582947
299  0.40119051933288574
617  0.40115025639533997
339  0.4011486768722534
1633  0.4011457860469818
362  0.40114209055900574
407  0.4011416435241699
1649  0.40113791823387146
1416  0.4011373817920685
1679  0.4011010527610779
1605  0.4010859429836273
1453  0.40106430649757385
794  0.4010522663593292
358  0.4010501503944397
251  0.4010074734687805
253  0.40099772810935974
537  0.40099456906318665
1713  0.40099236369132996
462  0.4009867012500763
1290  0.4009804427623749
1577  0.40095219016075134
563  0.4009513854980469
306  0.4009334146976471
1540  0.400911808013916
1503  0.4009091258049011
653  0.4009045362472534
1485  0.4008994996547699
165  0.4008902609348297
345  0.40087053179740906
607  0.40087026357650757
357  0.40086179971694946
559  0.40086060762405396
1504  0.4008598327636719
1553  0.4008335769176483
367  0.4008190929889679
1450  0.40081870555877686
128  0.40081319212913513
1670  0.400804728269577
1332  0.40079188346862793
1658  0.40078744292259216
303  0.40078485012054443
555  0.40077725052833557
1712  0.4007748067378998
1697  0.40077245235443115
580  0.4007708430290222
1150  0.4007706046104431
618  0.40075451135635376
1337  0.40073543787002563
802  0.40073254704475403
1334  0.40072396397590637
350  0.4007147252559662
744  0.40071362257003784
514  0.40071356296539307
1333  0.4007074236869812
512  0.4007055163383484
302  0.40064793825149536
1326  0.4006330072879791
1282  0.40063026547431946
1414  0.4006209373474121
1366  0.40061435103416443
1565  0.4006011486053467
747  0.40059688687324524
1330  0.4005908966064453
365  0.40057647228240967
1327  0.40055644512176514
1702  0.40053316950798035
304  0.40051013231277466
405  0.4004892110824585
229  0.40047940611839294
1539  0.40047794580459595
239  0.4004693627357483
615  0.40046197175979614
1568  0.4004567265510559
1634  0.4004179835319519
338  0.4004071354866028
1127  0.40040281414985657
1585  0.4004018306732178
1663  0.40036508440971375
129  0.40035584568977356
587  0.4003277122974396
413  0.40029898285865784
1696  0.40026339888572693
451  0.40021416544914246
422  0.4002102315425873
363  0.40020880103111267
340  0.4002077281475067
1325  0.40013280510902405
529  0.4001087248325348
597  0.40010637044906616
1551  0.40010565519332886
1462  0.4000793695449829
1278  0.40007340908050537
461  0.4000638425350189
543  0.4000609815120697
656  0.4000539481639862
582  0.4000358581542969
337  0.4000282287597656
1652  0.40002402663230896
1428  0.4000070095062256
562  0.4000062644481659
622  0.400004506111145
571  0.40000292658805847
552  0.4000012278556824
344  0.39996567368507385
238  0.3999630808830261
573  0.39993011951446533
1391  0.3998878002166748
359  0.39987361431121826
623  0.3998270332813263
1279  0.3998225927352905
1364  0.39981263875961304
1361  0.3997967839241028
1438  0.3997924327850342
1415  0.3997650742530823
1094  0.39973676204681396
1688  0.39972633123397827
551  0.3996827304363251
1520  0.3996551036834717
1322  0.399652361869812
1672  0.3996180593967438
491  0.3996131718158722
556  0.3996075391769409
578  0.3995910882949829
366  0.39959102869033813
581  0.3995819389820099
570  0.39957571029663086
1499  0.3995583653450012
576  0.3995513617992401
748  0.3995439410209656
703  0.3995407819747925
1349  0.3995365500450134
584  0.39953339099884033
1412  0.39952927827835083
215  0.39952829480171204
281  0.3995230495929718
619  0.3995212912559509
626  0.3995211124420166
1371  0.3994629979133606
289  0.3994178771972656
1439  0.39939287304878235
1293  0.39938414096832275
1292  0.3993751108646393
1542  0.39931416511535645
1603  0.3993024528026581
1336  0.39928609132766724
1606  0.3992488384246826
1550  0.3992425501346588
142  0.39924156665802
1314  0.3992404639720917
515  0.3991823196411133
1608  0.3991639018058777
455  0.39916297793388367
558  0.3991624712944031
1359  0.39911556243896484
258  0.399070680141449
1716  0.3990277945995331
1393  0.3990262746810913
553  0.39901337027549744
1463  0.3989867568016052
1483  0.3989410400390625
1567  0.39891189336776733
1277  0.3989085257053375
364  0.3988969027996063
1484  0.39887434244155884
557  0.39887067675590515
1236  0.3988690972328186
308  0.3988494575023651
1571  0.39884573221206665
1509  0.3988378345966339
500  0.3988131880760193
257  0.3987991213798523
1291  0.39879366755485535
575  0.39876511693000793
460  0.3987235724925995
254  0.3987164795398712
1720  0.39866822957992554
1437  0.3986666798591614
1126  0.39866355061531067
645  0.3986392021179199
1505  0.3986174762248993
89  0.3986126184463501
881  0.39853134751319885
768  0.3985060155391693
1564  0.398503839969635
1715  0.39850327372550964
1701  0.39849066734313965
574  0.3984718322753906
624  0.398411363363266
1413  0.39839839935302734
216  0.3983733057975769
1665  0.39835700392723083
1363  0.39834633469581604
513  0.39826878905296326
561  0.3982679545879364
1365  0.39823901653289795
1661  0.39816656708717346
1457  0.3981325626373291
1662  0.39800015091896057
1280  0.39798521995544434
1429  0.3979770541191101
255  0.3979356586933136
572  0.39791953563690186
1531  0.39781349897384644
225  0.3976733088493347
1433  0.3975534439086914
1666  0.397478848695755
1324  0.39744871854782104
1323  0.39735546708106995
307  0.39731088280677795
1346  0.39729025959968567
1651  0.39715757966041565
256  0.39712852239608765
336  0.3970881700515747
1430  0.3970643877983093
586  0.3968963623046875
1609  0.3968040645122528
1151  0.39671775698661804
1335  0.3965330123901367
1529  0.3965207636356354
616  0.39639392495155334
1510  0.39637595415115356
1431  0.396293580532074
1530  0.39602920413017273
1441  0.3957594335079193
499  0.3952931761741638
644  0.394883930683136
625  0.3944260776042938
1432  0.39307844638824463
1440  0.39160528779029846
