1  0.44171956181526184
1768  0.4410317838191986
2  0.4316360354423523
832  0.4294736385345459
3  0.4282517731189728
4  0.42790138721466064
1767  0.42759594321250916
1107  0.42751744389533997
857  0.42715534567832947
45  0.42705047130584717
954  0.4269644021987915
1144  0.42695286870002747
1103  0.42636197805404663
1125  0.4263516962528229
893  0.42626118659973145
746  0.42605945467948914
829  0.4259923994541168
1094  0.425987184047699
835  0.4258844256401062
752  0.42577919363975525
831  0.42576587200164795
966  0.42572247982025146
854  0.42567452788352966
1000  0.4256626069545746
1195  0.4256407916545868
170  0.4256074130535126
937  0.42556190490722656
1280  0.4255276620388031
921  0.42551958560943604
970  0.42546775937080383
909  0.42543351650238037
60  0.4253941774368286
1126  0.42533984780311584
1289  0.42530927062034607
699  0.4252423048019409
1017  0.425234854221344
1281  0.42520615458488464
1096  0.42518505454063416
1283  0.42513370513916016
749  0.4250664710998535
301  0.42506134510040283
1063  0.4250437021255493
946  0.425007700920105
821  0.42487332224845886
938  0.4248020350933075
979  0.42478686571121216
1305  0.4247516095638275
1032  0.42472976446151733
168  0.4247264266014099
858  0.4247114360332489
915  0.42469844222068787
1104  0.4246266484260559
683  0.42461517453193665
922  0.42449668049812317
904  0.4244694411754608
822  0.4243972897529602
912  0.42439281940460205
63  0.4243292510509491
924  0.4243268668651581
61  0.42428189516067505
1287  0.42426416277885437
815  0.4242624044418335
936  0.4242330491542816
1534  0.4242202639579773
692  0.42421185970306396
1133  0.42420774698257446
1016  0.4241844117641449
745  0.42416438460350037
722  0.42416295409202576
1140  0.4241413474082947
46  0.4241214692592621
1093  0.4241190254688263
66  0.42411234974861145
856  0.4241096079349518
853  0.4240943491458893
779  0.4240927994251251
87  0.424058735370636
188  0.4240485429763794
165  0.4240160584449768
1108  0.4240092635154724
735  0.42400044202804565
75  0.4239683747291565
65  0.42392194271087646
127  0.42387786507606506
198  0.42387425899505615
914  0.4238724112510681
834  0.42386025190353394
913  0.42385298013687134
1134  0.4238283336162567
729  0.4237958490848541
1019  0.42376911640167236
199  0.42375388741493225
701  0.4237446188926697
1092  0.42370182275772095
1533  0.42367416620254517
1196  0.42366400361061096
953  0.42365866899490356
850  0.4236474633216858
1284  0.42363834381103516
980  0.4236305356025696
923  0.4236067533493042
940  0.42359459400177
1513  0.4235822558403015
999  0.42358165979385376
1239  0.4235777258872986
1338  0.4235662817955017
833  0.4235631823539734
947  0.42354270815849304
933  0.4235350787639618
972  0.42351096868515015
932  0.42350703477859497
5  0.4234981834888458
167  0.42349496483802795
1285  0.4234895408153534
67  0.4234794080257416
866  0.42347416281700134
814  0.4234733283519745
48  0.4234616756439209
1147  0.423454612493515
1053  0.42343926429748535
86  0.4234183132648468
1097  0.4234045743942261
1429  0.42339447140693665
1135  0.4233885705471039
969  0.42338302731513977
959  0.42338207364082336
1234  0.4233648180961609
1293  0.4233596920967102
464  0.4233543574810028
1460  0.42333173751831055
1171  0.4233246445655823
690  0.423321396112442
616  0.42327359318733215
1350  0.4232693612575531
798  0.42324578762054443
463  0.42324554920196533
971  0.42321914434432983
1148  0.42321622371673584
184  0.42320555448532104
469  0.42318296432495117
1064  0.42317551374435425
1098  0.42317190766334534
852  0.42312708497047424
511  0.42312315106391907
1106  0.4231162965297699
765  0.423113614320755
920  0.4230777621269226
830  0.4230758249759674
1228  0.4230480194091797
918  0.42304667830467224
781  0.423030823469162
1124  0.4230159819126129
1286  0.42299947142601013
890  0.4229598343372345
766  0.4229578971862793
305  0.42294707894325256
926  0.4229343831539154
1430  0.4229103624820709
1111  0.42290937900543213
186  0.42289501428604126
747  0.4228886067867279
1082  0.42288094758987427
466  0.4228787124156952
898  0.4228697717189789
1174  0.4228562116622925
1151  0.42285510897636414
1109  0.42281341552734375
840  0.4228113293647766
1145  0.4227873384952545
310  0.42278391122817993
1095  0.4227795898914337
780  0.42277607321739197
68  0.42276254296302795
941  0.42275872826576233
673  0.42274779081344604
153  0.4227451980113983
998  0.422741174697876
851  0.4227326214313507
778  0.42270535230636597
468  0.4226829409599304
56  0.4226800799369812
1541  0.4226394295692444
944  0.4226314127445221
985  0.4226274788379669
905  0.4226149618625641
1052  0.4226130247116089
1282  0.4226103723049164
47  0.4226091802120209
1422  0.42260390520095825
894  0.4226023554801941
712  0.42260050773620605
1630  0.42260050773620605
813  0.42260006070137024
476  0.4225844144821167
1062  0.4225804805755615
706  0.42255088686943054
64  0.4225434362888336
703  0.42253655195236206
1051  0.42250385880470276
836  0.4224861264228821
978  0.4224492609500885
1100  0.4224483370780945
15  0.42242494225502014
791  0.42241570353507996
1154  0.4224115312099457
1194  0.42240110039711
753  0.4223586916923523
173  0.4223448634147644
957  0.42234402894973755
1021  0.4223378598690033
838  0.4223234951496124
70  0.4223034083843231
1191  0.4222932457923889
1153  0.4222889244556427
731  0.4222584664821625
1254  0.42225468158721924
1149  0.4222208857536316
1371  0.4222189784049988
1213  0.42220985889434814
1607  0.4222094714641571
862  0.42220771312713623
825  0.42220592498779297
967  0.422177255153656
37  0.4221706986427307
185  0.42214691638946533
1251  0.4221302568912506
827  0.42211684584617615
1143  0.4221086800098419
629  0.42209741473197937
1050  0.42208999395370483
276  0.4220865070819855
986  0.42206352949142456
855  0.42205891013145447
1146  0.42204317450523376
1182  0.42200469970703125
450  0.4220035672187805
190  0.4219936728477478
1202  0.42199188470840454
172  0.42199069261550903
740  0.4219750761985779
841  0.421949565410614
161  0.421927273273468
730  0.4219154715538025
1215  0.4219109117984772
1162  0.4218901991844177
1186  0.4218892455101013
1048  0.42187249660491943
16  0.4218597114086151
1181  0.42185917496681213
879  0.42185908555984497
1141  0.42185717821121216
956  0.4218529462814331
88  0.42185288667678833
770  0.4218316376209259
1374  0.4218268096446991
993  0.42182621359825134
1193  0.4218161106109619
973  0.42180731892585754
693  0.42180389165878296
22  0.4218030869960785
43  0.4217911660671234
767  0.42178162932395935
698  0.42177677154541016
200  0.42176350951194763
1066  0.4217381179332733
996  0.4217343330383301
965  0.42173314094543457
817  0.42173194885253906
9  0.42172420024871826
14  0.42172300815582275
934  0.4217134714126587
1539  0.42170995473861694
201  0.4217073321342468
1155  0.42170101404190063
983  0.4216984510421753
700  0.4216748774051666
1190  0.4216732382774353
1170  0.42167192697525024
733  0.42167022824287415
42  0.42166221141815186
818  0.42161428928375244
768  0.4215890169143677
964  0.42157673835754395
1222  0.4215584993362427
1306  0.4215565621852875
465  0.42152899503707886
449  0.4215165674686432
1102  0.42149314284324646
29  0.4214639961719513
1576  0.4214411675930023
1303  0.42143863439559937
911  0.42143577337265015
771  0.42143043875694275
1006  0.42143043875694275
719  0.42142990231513977
1456  0.4214152693748474
221  0.4214150607585907
888  0.4214090406894684
1091  0.4213835895061493
303  0.4213804602622986
155  0.42136573791503906
1121  0.4213562607765198
1030  0.421343594789505
734  0.4213370382785797
189  0.42133092880249023
727  0.42132940888404846
470  0.42132648825645447
799  0.4213225543498993
931  0.4213061034679413
751  0.4212956726551056
892  0.42128074169158936
945  0.421265572309494
128  0.4212595224380493
961  0.42125681042671204
867  0.42123517394065857
900  0.42123040556907654
171  0.4212246537208557
1672  0.4212019443511963
1099  0.42120063304901123
991  0.42119863629341125
889  0.4211929738521576
73  0.42118898034095764
1219  0.42117607593536377
903  0.4211656153202057
126  0.42116233706474304
982  0.42115798592567444
1183  0.42115798592567444
1208  0.4211452603340149
995  0.4211442172527313
1018  0.4211360514163971
1158  0.42112958431243896
1577  0.4211154878139496
197  0.42109960317611694
739  0.42109379172325134
475  0.4210830628871918
366  0.4210825562477112
1750  0.42107823491096497
21  0.42106878757476807
837  0.4210676848888397
1005  0.42105981707572937
110  0.4210595190525055
62  0.42105719447135925
222  0.42105618119239807
1136  0.4210490882396698
74  0.4210415482521057
179  0.4210321605205536
849  0.42103031277656555
819  0.4210255444049835
1068  0.4210105240345001
1142  0.4210088551044464
1035  0.42100343108177185
1352  0.4210020899772644
1129  0.42099371552467346
1204  0.42098602652549744
748  0.4209745228290558
1123  0.4209703207015991
187  0.4209675192832947
1122  0.4209672808647156
896  0.4209645986557007
1424  0.42095640301704407
290  0.42094698548316956
1189  0.4209446310997009
71  0.4209395945072174
994  0.4209355413913727
1033  0.42093393206596375
1047  0.420926034450531
224  0.4209226071834564
26  0.4209168255329132
435  0.42091208696365356
1159  0.4209069013595581
1567  0.4209063947200775
440  0.4209035634994507
1110  0.42090094089508057
809  0.4208982288837433
865  0.4208974242210388
1173  0.4208909869194031
951  0.4208906292915344
723  0.4208804666996002
724  0.420875608921051
1764  0.4208613336086273
27  0.4208584427833557
917  0.42085692286491394
1207  0.42085063457489014
873  0.4208371043205261
1020  0.42082324624061584
1160  0.42081066966056824
1336  0.4207970201969147
792  0.42074519395828247
106  0.420744389295578
1139  0.4207381308078766
1459  0.4207361936569214
1217  0.42073285579681396
823  0.4207305908203125
274  0.4207283556461334
32  0.4207253158092499
1034  0.42072445154190063
1301  0.42071428894996643
963  0.42071378231048584
154  0.42070919275283813
805  0.4207073450088501
480  0.42070481181144714
1031  0.420702189207077
44  0.4206945598125458
686  0.42068010568618774
1269  0.4206676781177521
1514  0.4206671118736267
441  0.42066285014152527
738  0.4206492006778717
169  0.4206450879573822
711  0.4206377863883972
925  0.4206271767616272
702  0.4206252992153168
1762  0.42061930894851685
1337  0.42061084508895874
930  0.42060860991477966
1253  0.42058005928993225
18  0.4205729365348816
1086  0.42056429386138916
1574  0.4205564260482788
1054  0.4205428957939148
874  0.4205312728881836
1112  0.42052924633026123
1292  0.4205264747142792
41  0.4205225110054016
176  0.420514315366745
1361  0.4204983711242676
203  0.42049440741539
1512  0.42049264907836914
1056  0.42049163579940796
77  0.4204857647418976
1446  0.42048245668411255
204  0.4204823970794678
1700  0.42047199606895447
76  0.4204704761505127
1001  0.42047038674354553
868  0.4204656779766083
895  0.42045706510543823
1583  0.4204235374927521
1754  0.4204176962375641
183  0.4204150140285492
59  0.4203939437866211
685  0.4203871190547943
755  0.42037835717201233
461  0.42037320137023926
875  0.42036882042884827
908  0.4203679859638214
872  0.42036673426628113
916  0.42035603523254395
1166  0.4203547239303589
152  0.42035120725631714
942  0.42033979296684265
1540  0.42033812403678894
273  0.42032039165496826
906  0.4203127324581146
35  0.4203107953071594
741  0.4202826917171478
816  0.4202705919742584
628  0.4202633202075958
156  0.42026248574256897
1127  0.4202594757080078
750  0.4202593266963959
1197  0.4202505648136139
713  0.42024609446525574
952  0.4202379286289215
1650  0.42023783922195435
989  0.4202350676059723
1758  0.4202198386192322
1022  0.42021724581718445
1761  0.42020925879478455
1161  0.42020097374916077
272  0.4201929569244385
438  0.42018571496009827
111  0.42018240690231323
166  0.4201661944389343
627  0.42016229033470154
871  0.4201608896255493
1542  0.42014995217323303
160  0.4201468229293823
899  0.42014679312705994
860  0.4201461970806122
599  0.42014414072036743
897  0.42014169692993164
696  0.4201319217681885
54  0.42012354731559753
1055  0.4201129078865051
1206  0.42011114954948425
1085  0.42010754346847534
1288  0.4201003909111023
976  0.42009758949279785
1671  0.420095831155777
960  0.42008405923843384
391  0.4200822114944458
919  0.42007899284362793
1315  0.42007508873939514
1214  0.420068621635437
69  0.4200664758682251
974  0.4200502336025238
479  0.42004817724227905
1627  0.4200285077095032
992  0.420024573802948
1238  0.42002230882644653
442  0.4200059771537781
1184  0.41999638080596924
843  0.4199927747249603
1572  0.4199833869934082
1115  0.4199775159358978
1105  0.4199649393558502
839  0.4199643135070801
695  0.41995465755462646
1235  0.4199390411376953
977  0.41992729902267456
1365  0.41991686820983887
842  0.41990140080451965
691  0.41988253593444824
1353  0.4198637008666992
474  0.419854074716568
1419  0.4198496639728546
1296  0.41984403133392334
1221  0.4198411703109741
1089  0.41984057426452637
1636  0.419840544462204
520  0.41982772946357727
1210  0.4198243319988251
790  0.41981586813926697
1609  0.4198063910007477
220  0.41979941725730896
1187  0.4197973906993866
148  0.41978633403778076
206  0.4197799861431122
732  0.4197758734226227
38  0.4197711646556854
1634  0.4197690188884735
1273  0.41976478695869446
1432  0.4197545647621155
962  0.41975218057632446
1575  0.4197487235069275
436  0.41974374651908875
826  0.4197429418563843
302  0.419741690158844
697  0.4197077453136444
597  0.41970211267471313
1049  0.4197016656398773
744  0.41970059275627136
775  0.41969823837280273
637  0.4196981191635132
955  0.4196828305721283
1218  0.41968026757240295
757  0.4196705222129822
910  0.4196685254573822
49  0.4196676015853882
1581  0.4196603000164032
990  0.41964665055274963
147  0.4196336567401886
728  0.41963332891464233
120  0.41962215304374695
443  0.41961318254470825
760  0.4195958971977234
1373  0.4195879101753235
1271  0.4195753335952759
1227  0.41957277059555054
694  0.41957104206085205
1663  0.4195708632469177
410  0.4195671081542969
345  0.41956642270088196
96  0.4195631146430969
50  0.41955551505088806
844  0.41955313086509705
1067  0.41955068707466125
1421  0.41954338550567627
878  0.41954073309898376
1087  0.41954007744789124
1220  0.4195386469364166
177  0.4195369482040405
164  0.4195297956466675
89  0.41951727867126465
1004  0.4194914400577545
378  0.4194909632205963
1090  0.41948437690734863
132  0.4194832146167755
552  0.41945740580558777
36  0.4194565415382385
907  0.41945555806159973
639  0.4194459319114685
490  0.419440895318985
646  0.4194394052028656
1071  0.4194391965866089
130  0.4194391369819641
1299  0.4194377362728119
754  0.4194278120994568
1276  0.41942352056503296
987  0.4194205105304718
1014  0.4194202125072479
773  0.4194166362285614
1209  0.4194067418575287
658  0.41940397024154663
1003  0.41939932107925415
1291  0.41939717531204224
113  0.41939425468444824
1233  0.4193921387195587
223  0.4193914830684662
267  0.41938477754592896
233  0.41938307881355286
808  0.41938191652297974
1007  0.4193709194660187
1192  0.4193696677684784
55  0.41936737298965454
1036  0.4193657338619232
1113  0.4193357527256012
1128  0.41933131217956543
800  0.41932421922683716
1025  0.4193214178085327
1203  0.4193209707736969
125  0.41931065917015076
615  0.4192967414855957
8  0.4192948341369629
1651  0.41929295659065247
19  0.41928282380104065
958  0.4192809760570526
380  0.41926997900009155
1749  0.4192694127559662
268  0.41926807165145874
433  0.4192667305469513
1175  0.41926172375679016
762  0.41926148533821106
737  0.4192597568035126
863  0.4192435145378113
648  0.41924282908439636
1546  0.41922691464424133
1404  0.4192218780517578
774  0.4192115366458893
891  0.4191831648349762
789  0.41917726397514343
423  0.41917529702186584
1131  0.41917169094085693
1389  0.4191526770591736
594  0.41915133595466614
1229  0.4191499948501587
58  0.4191451668739319
1333  0.41914471983909607
593  0.41914036870002747
968  0.41913408041000366
1065  0.4191190302371979
477  0.4191153943538666
1211  0.41910672187805176
763  0.4191029965877533
1535  0.4191020727157593
369  0.41909390687942505
151  0.4190816283226013
384  0.41906678676605225
277  0.41906237602233887
1023  0.4190554618835449
1165  0.41904765367507935
1496  0.4190416932106018
1339  0.41903993487358093
1564  0.4190259873867035
984  0.41901832818984985
1295  0.419015496969223
1458  0.4190122187137604
943  0.41900402307510376
550  0.41900286078453064
478  0.41899850964546204
194  0.41899731755256653
761  0.4189916253089905
704  0.41898494958877563
1059  0.4189782440662384
1537  0.41896626353263855
681  0.41896525025367737
6  0.41896307468414307
396  0.4189567267894745
881  0.41894909739494324
709  0.4189424216747284
1216  0.4189419448375702
1256  0.4189399778842926
1628  0.4189324676990509
1172  0.41893163323402405
304  0.4189298152923584
7  0.4189257323741913
1410  0.418923556804657
652  0.41891905665397644
1568  0.4189099371433258
705  0.4188961386680603
1441  0.4188929498195648
939  0.41887933015823364
575  0.41887563467025757
234  0.4188689589500427
299  0.4188610017299652
104  0.4188496172428131
1270  0.41884803771972656
72  0.41884559392929077
1697  0.41884443163871765
929  0.41884008049964905
1088  0.41882845759391785
1045  0.4188241958618164
1279  0.4188164174556732
101  0.4188152551651001
1180  0.4188118875026703
1588  0.418806791305542
807  0.41880491375923157
1015  0.4187922477722168
1372  0.4187915623188019
488  0.4187884032726288
1416  0.41878288984298706
30  0.4187716841697693
649  0.41877150535583496
513  0.41876208782196045
717  0.4187524914741516
383  0.4187430739402771
689  0.4187345504760742
1547  0.41873297095298767
1406  0.4187258183956146
1137  0.41870972514152527
772  0.4187029004096985
1532  0.4186955988407135
1580  0.41867974400520325
1521  0.41867753863334656
306  0.41867494583129883
1290  0.41867363452911377
684  0.4186634421348572
1596  0.41866064071655273
877  0.41865846514701843
769  0.41864603757858276
57  0.418644517660141
1116  0.4186428487300873
1024  0.4186398386955261
1457  0.4186241328716278
367  0.4186110198497772
1585  0.4185994267463684
512  0.41859832406044006
1277  0.41858595609664917
1309  0.4185846149921417
975  0.41858211159706116
1464  0.4185810089111328
159  0.41857701539993286
368  0.41856932640075684
736  0.41856682300567627
1076  0.4185630679130554
1433  0.4185538589954376
981  0.41855084896087646
793  0.4185461103916168
31  0.4185435175895691
556  0.4185428321361542
783  0.4185345768928528
20  0.41851985454559326
1538  0.41850632429122925
394  0.4185013175010681
869  0.4185013175010681
804  0.4184936583042145
797  0.4184935986995697
726  0.41848859190940857
1467  0.4184758961200714
493  0.41847559809684753
84  0.4184732735157013
1061  0.4184730052947998
1386  0.4184674918651581
275  0.41846662759780884
571  0.4184648394584656
1474  0.4184609651565552
1548  0.4184548854827881
630  0.41844797134399414
1566  0.4184432029724121
346  0.4184426963329315
392  0.4184403717517853
1752  0.4184389114379883
114  0.41843467950820923
682  0.4184279441833496
848  0.4184272289276123
1330  0.41842642426490784
336  0.4184204936027527
1582  0.41841965913772583
1164  0.418414831161499
1297  0.4184127449989319
764  0.41840171813964844
928  0.41839808225631714
1466  0.4183919131755829
1226  0.4183734953403473
1624  0.41837283968925476
806  0.4183639883995056
1044  0.41835275292396545
1002  0.4183490574359894
1231  0.41834601759910583
1300  0.4183356463909149
1212  0.4183296859264374
353  0.4183257222175598
1355  0.4183219373226166
492  0.418319970369339
812  0.4183065891265869
471  0.41829973459243774
23  0.4182990789413452
1669  0.41829797625541687
720  0.4182969927787781
1343  0.4182966351509094
249  0.4182957410812378
1408  0.4182688593864441
178  0.41826871037483215
935  0.41825777292251587
325  0.4182444214820862
611  0.41824010014533997
1201  0.418239951133728
1515  0.41822871565818787
1060  0.4182259142398834
51  0.418193519115448
195  0.41819337010383606
1366  0.41818928718566895
710  0.4181767404079437
1573  0.41816794872283936
287  0.41816335916519165
1449  0.4181632697582245
782  0.4181617796421051
1611  0.4181201756000519
1571  0.4181148409843445
847  0.41811418533325195
341  0.4181087911128998
632  0.4181067645549774
1409  0.4181031286716461
53  0.4181024134159088
1763  0.41810157895088196
28  0.41809841990470886
1461  0.4180942475795746
150  0.4180909991264343
715  0.4180903732776642
1431  0.4180896580219269
158  0.4180869162082672
1298  0.41808390617370605
39  0.41807207465171814
1659  0.4180699288845062
323  0.41804033517837524
1272  0.4180329144001007
1198  0.41803115606307983
1722  0.41802549362182617
671  0.4180229902267456
1114  0.41802042722702026
1223  0.4180128872394562
1746  0.4180123209953308
1167  0.41801074147224426
229  0.4180091321468353
244  0.41800862550735474
266  0.41800400614738464
1138  0.41800108551979065
659  0.41799741983413696
1454  0.41799741983413696
1340  0.41799530386924744
555  0.4179888963699341
280  0.4179491102695465
1543  0.4179462194442749
1069  0.41793960332870483
509  0.4179275333881378
617  0.4179234504699707
1150  0.41791844367980957
1370  0.4179162085056305
1199  0.4179091155529022
25  0.41790544986724854
1073  0.41790512204170227
688  0.4179045557975769
1205  0.4179002642631531
1354  0.4178840219974518
880  0.41788363456726074
1635  0.41788172721862793
1402  0.4178803265094757
1027  0.41787949204444885
1152  0.41787856817245483
828  0.4178736209869385
349  0.4178731143474579
1434  0.41787031292915344
298  0.4178638160228729
1732  0.41786012053489685
467  0.41785866022109985
610  0.41785410046577454
1058  0.4178508520126343
1375  0.41784384846687317
1252  0.41784143447875977
146  0.4178321063518524
109  0.41782987117767334
820  0.41782283782958984
1475  0.4178222119808197
1304  0.417812705039978
207  0.41780126094818115
846  0.4178011417388916
997  0.4178004860877991
521  0.4177926182746887
1026  0.41778531670570374
1673  0.41778337955474854
1765  0.41777023673057556
1418  0.41776910424232483
859  0.4177687168121338
1718  0.4177677631378174
281  0.41776585578918457
1560  0.4177596867084503
112  0.4177572429180145
1561  0.417745977640152
1649  0.4177458882331848
381  0.4177188277244568
1275  0.41771647334098816
551  0.41771218180656433
1080  0.41770827770233154
1413  0.4177076816558838
421  0.41770344972610474
1250  0.4177023768424988
950  0.41769757866859436
205  0.4176957905292511
1163  0.4176931381225586
1584  0.4176826477050781
1168  0.41767558455467224
424  0.4176720082759857
1188  0.4176689088344574
508  0.4176647365093231
1579  0.41765719652175903
678  0.4176512062549591
473  0.4176376461982727
40  0.41763514280319214
119  0.4176292419433594
592  0.4176267087459564
90  0.4176204204559326
1455  0.4176104664802551
1648  0.41760769486427307
602  0.4175930321216583
219  0.4175819754600525
97  0.41757872700691223
725  0.417565256357193
365  0.4175589978694916
17  0.41753846406936646
721  0.4175367057323456
650  0.41752204298973083
1506  0.41751059889793396
300  0.41748732328414917
1039  0.41748476028442383
1130  0.417483925819397
1486  0.41748175024986267
1423  0.4174795150756836
92  0.4174530804157257
1657  0.4174412190914154
1392  0.4174385368824005
1559  0.4174361824989319
1511  0.4174341559410095
568  0.4174225926399231
232  0.41741856932640076
1083  0.41741812229156494
680  0.4174147844314575
572  0.4173988401889801
1637  0.41739434003829956
1578  0.41738998889923096
845  0.4173852205276489
1606  0.41736993193626404
636  0.4173637926578522
1185  0.41734758019447327
927  0.4173474907875061
569  0.41734063625335693
1084  0.417338103055954
675  0.4173309803009033
948  0.41732215881347656
803  0.4173179268836975
1744  0.41730058193206787
645  0.41729751229286194
708  0.41729211807250977
278  0.4172881543636322
1426  0.41728654503822327
1766  0.4172682464122772
1740  0.41726478934288025
182  0.41725683212280273
784  0.4172414541244507
456  0.41723278164863586
1169  0.41723233461380005
409  0.41722893714904785
459  0.417214959859848
1522  0.41721415519714355
243  0.4172140657901764
864  0.4172007441520691
1472  0.4171968102455139
1117  0.4171866476535797
1477  0.41718611121177673
1612  0.4171764850616455
588  0.41717448830604553
1665  0.4171694219112396
687  0.41716933250427246
1260  0.4171690046787262
279  0.41715696454048157
1616  0.4171420931816101
1057  0.4171401262283325
758  0.4171392619609833
216  0.41713812947273254
485  0.41713541746139526
362  0.417118102312088
1753  0.4171139597892761
500  0.41711241006851196
1156  0.4170987904071808
460  0.4170944094657898
1070  0.4170926809310913
85  0.41708123683929443
756  0.41707783937454224
1590  0.41705793142318726
1603  0.4170501232147217
1351  0.41704830527305603
742  0.41704607009887695
1274  0.41704219579696655
102  0.4170380234718323
163  0.4170145094394684
1029  0.4170105755329132
462  0.4170067608356476
1453  0.41699597239494324
382  0.41699159145355225
1101  0.41698330640792847
553  0.41698163747787476
79  0.41697579622268677
1444  0.4169749319553375
52  0.4169631004333496
1670  0.41695693135261536
481  0.41695117950439453
1367  0.41695037484169006
489  0.4169299006462097
240  0.41692906618118286
1179  0.41692689061164856
1240  0.41691747307777405
1255  0.4169149100780487
861  0.41690826416015625
1132  0.41690748929977417
785  0.4168832004070282
1473  0.41686269640922546
373  0.41684138774871826
1342  0.416836678981781
1555  0.41683295369148254
1356  0.4168228507041931
191  0.41681811213493347
1119  0.41681158542633057
457  0.41680818796157837
870  0.4168059825897217
364  0.41680288314819336
283  0.4167911112308502
1307  0.4167855679988861
231  0.4167811870574951
129  0.41677194833755493
1639  0.41676998138427734
1335  0.41674795746803284
1642  0.4167460501194
24  0.4167424142360687
1563  0.4167328178882599
1676  0.4167276620864868
429  0.4167238473892212
674  0.4167232811450958
1178  0.4167208671569824
1465  0.41671136021614075
1633  0.4167017936706543
1028  0.4166983664035797
1716  0.416687935590744
309  0.4166768193244934
1246  0.4166712164878845
638  0.41665589809417725
115  0.4166533946990967
902  0.4166520833969116
1411  0.41664811968803406
1278  0.416645884513855
1699  0.4166417419910431
162  0.41663843393325806
1759  0.4166361093521118
1420  0.41661641001701355
796  0.41661500930786133
202  0.4166102707386017
707  0.4166094660758972
1046  0.41660863161087036
1200  0.41660332679748535
1723  0.4166019558906555
1518  0.41660115122795105
1081  0.4166005253791809
10  0.4165967106819153
377  0.41658449172973633
1536  0.4165787994861603
218  0.4165765047073364
589  0.41657155752182007
1395  0.4165683388710022
289  0.4165601432323456
901  0.4165568947792053
344  0.41655629873275757
677  0.4165554940700531
81  0.4165450632572174
342  0.4165429174900055
235  0.4165396988391876
264  0.4165269136428833
1387  0.4165261387825012
33  0.41652241349220276
385  0.41650038957595825
144  0.41649916768074036
718  0.4164958894252777
1427  0.41649386286735535
1626  0.4164743423461914
454  0.41647371649742126
1632  0.41645878553390503
91  0.41645583510398865
1334  0.41644901037216187
248  0.4164368808269501
1647  0.41643550992012024
1043  0.4164314270019531
1363  0.41642558574676514
242  0.4164172112941742
388  0.41641539335250854
557  0.4164135754108429
455  0.4164089262485504
1405  0.41640305519104004
514  0.41640138626098633
716  0.41639670729637146
802  0.41639605164527893
1074  0.416393518447876
1693  0.4163925349712372
596  0.41638103127479553
386  0.4163631498813629
824  0.4163464307785034
641  0.4163445830345154
573  0.4163428843021393
354  0.4163394868373871
1608  0.4163379967212677
949  0.4163367748260498
1595  0.4163244962692261
434  0.416314959526062
491  0.41631412506103516
196  0.4163036346435547
34  0.4162946045398712
451  0.4162874221801758
1652  0.4162863492965698
408  0.4162847101688385
334  0.4162807762622833
363  0.4162781238555908
149  0.41625842452049255
595  0.4162554442882538
777  0.4162352979183197
1735  0.41623082756996155
1011  0.41622623801231384
361  0.4162149727344513
574  0.4162099361419678
1258  0.416208952665329
285  0.41620397567749023
811  0.41619932651519775
415  0.4161919951438904
1658  0.4161854386329651
1451  0.41615942120552063
676  0.41615888476371765
352  0.4161548316478729
288  0.41615477204322815
13  0.41615384817123413
623  0.4161534011363983
1391  0.41614216566085815
1691  0.4161406457424164
876  0.41613832116127014
810  0.41613808274269104
1249  0.4161367118358612
180  0.4161219894886017
142  0.4161047339439392
296  0.4161001741886139
1674  0.41607969999313354
1268  0.41607508063316345
1610  0.4160485863685608
549  0.4160376191139221
94  0.4160366654396057
157  0.41603580117225647
1745  0.41603225469589233
1504  0.416029155254364
1435  0.4160218834877014
82  0.4160168170928955
174  0.4160163998603821
1594  0.41601434350013733
882  0.41600385308265686
776  0.41600340604782104
1593  0.4159969389438629
1592  0.41599270701408386
665  0.4159921407699585
135  0.41599008440971375
116  0.41598668694496155
1120  0.4159866273403168
105  0.41598427295684814
330  0.41598260402679443
215  0.41598090529441833
502  0.41597622632980347
759  0.4159707725048065
1562  0.4159676432609558
1415  0.41596508026123047
335  0.41596055030822754
1742  0.41595539450645447
1248  0.41595524549484253
1308  0.4159548580646515
1232  0.4159385859966278
1042  0.4159211218357086
431  0.41591721773147583
425  0.4159121513366699
328  0.4159059226512909
1638  0.41590404510498047
1450  0.4159008860588074
1602  0.4158948063850403
657  0.4158919155597687
326  0.4158885180950165
284  0.41588687896728516
446  0.4158855080604553
1662  0.4158831238746643
439  0.4158751666545868
505  0.41587182879447937
1631  0.4158695638179779
458  0.41585513949394226
622  0.4158529043197632
1690  0.4158448278903961
350  0.41583797335624695
542  0.41583409905433655
1557  0.4158323407173157
988  0.41582971811294556
654  0.4158288240432739
1565  0.4158249497413635
1412  0.4158247113227844
510  0.415820837020874
507  0.4158196449279785
291  0.4158190190792084
1323  0.41580578684806824
407  0.4157954454421997
1385  0.41579481959342957
653  0.41579002141952515
1452  0.41578447818756104
1505  0.4157819151878357
426  0.41577696800231934
887  0.4157537519931793
1428  0.4157467186450958
1349  0.4157450795173645
501  0.41574230790138245
1294  0.4157387316226959
1302  0.4157325327396393
339  0.41573023796081543
372  0.415727436542511
483  0.41570475697517395
213  0.4157036542892456
570  0.4156881272792816
1438  0.41568490862846375
1485  0.4156843423843384
498  0.4156649708747864
1692  0.415663480758667
143  0.41566309332847595
1157  0.415657639503479
1257  0.41565442085266113
324  0.415652871131897
1556  0.4156376123428345
1487  0.41563284397125244
145  0.41562607884407043
80  0.4156109392642975
181  0.41560879349708557
448  0.41560715436935425
452  0.41560131311416626
108  0.41559895873069763
647  0.4155983328819275
411  0.415586918592453
1748  0.4155621826648712
265  0.41555994749069214
1653  0.41555485129356384
131  0.41554954648017883
1236  0.4155448377132416
651  0.41553986072540283
743  0.4155367910861969
1715  0.4155343472957611
1241  0.41552743315696716
1468  0.41552191972732544
1008  0.41550418734550476
538  0.4155014157295227
118  0.41550105810165405
1390  0.4155002534389496
669  0.41548392176628113
138  0.4154815077781677
1601  0.41546642780303955
1641  0.4154626429080963
333  0.41546010971069336
1656  0.41545581817626953
656  0.41545331478118896
801  0.4154517948627472
93  0.4154514968395233
1417  0.4154495596885681
1358  0.41544440388679504
590  0.415431946516037
347  0.4154305160045624
486  0.4154287278652191
397  0.4154181182384491
1629  0.41541364789009094
245  0.41540753841400146
1177  0.4154024124145508
794  0.41539713740348816
625  0.4153948724269867
1243  0.41539353132247925
619  0.4153922200202942
605  0.41537031531333923
1544  0.4153532087802887
1224  0.415347695350647
1734  0.41534119844436646
1494  0.41533446311950684
1329  0.4153205454349518
1245  0.4153205156326294
614  0.4153064787387848
1447  0.415302038192749
1620  0.415300577878952
1526  0.41530007123947144
375  0.4152977764606476
604  0.41529580950737
506  0.41528990864753723
624  0.4152635633945465
1341  0.4152623414993286
413  0.4152531325817108
1448  0.4152463376522064
548  0.4152384102344513
390  0.41523444652557373
230  0.4152296781539917
414  0.4152206480503082
1230  0.41520819067955017
12  0.41519516706466675
316  0.4151861071586609
1331  0.4151812791824341
337  0.4151727259159088
626  0.41515615582466125
214  0.4151543080806732
1757  0.41515257954597473
1075  0.4151381254196167
795  0.415126234292984
338  0.4151255786418915
886  0.41512373089790344
98  0.41511791944503784
613  0.4151082932949066
1261  0.4151081144809723
482  0.4151010513305664
124  0.4150976240634918
1667  0.41507798433303833
1259  0.41507387161254883
1176  0.4150688648223877
1719  0.4150626063346863
1640  0.4150606393814087
503  0.4150600731372833
1688  0.4150526821613312
250  0.4150387942790985
445  0.4150378108024597
495  0.4150254726409912
612  0.4150243401527405
668  0.41502058506011963
609  0.4150029420852661
664  0.4150000214576721
355  0.41499802470207214
603  0.41499337553977966
403  0.4149928689002991
1077  0.41499221324920654
1703  0.4149814248085022
444  0.4149809777736664
395  0.4149702489376068
271  0.41496849060058594
427  0.4149673581123352
1010  0.414963036775589
1599  0.41494879126548767
1388  0.4149457514286041
123  0.4149453341960907
420  0.41494500637054443
545  0.4149206280708313
1403  0.4149194061756134
121  0.4149162769317627
307  0.4149141311645508
1643  0.4149071276187897
1507  0.4148919880390167
437  0.41488370299339294
1684  0.41488221287727356
1587  0.4148719608783722
598  0.41487184166908264
1604  0.41487088799476624
1237  0.41487038135528564
1488  0.4148482382297516
1645  0.414840966463089
634  0.4148406982421875
432  0.4148329794406891
393  0.4148276448249817
1311  0.4148261249065399
1551  0.41482606530189514
554  0.4148200750350952
1687  0.4148159921169281
1756  0.4148051142692566
672  0.41480013728141785
1589  0.41479718685150146
1695  0.41479694843292236
1755  0.4147951602935791
499  0.4147864580154419
487  0.41476553678512573
251  0.4147438704967499
1379  0.4147370755672455
254  0.4147326946258545
332  0.414728045463562
1625  0.41472235321998596
1118  0.41472214460372925
348  0.41471704840660095
1327  0.4146920442581177
1738  0.4146902561187744
1470  0.41468092799186707
401  0.4146663546562195
1623  0.414657860994339
1266  0.41465556621551514
430  0.41461464762687683
565  0.4146042764186859
640  0.41460031270980835
524  0.41459357738494873
329  0.4145815074443817
885  0.414571613073349
269  0.41457080841064453
226  0.4145629405975342
1733  0.4145609736442566
103  0.4145597815513611
472  0.41455891728401184
1569  0.41455575823783875
1079  0.414537250995636
340  0.4145275056362152
1242  0.4145216643810272
576  0.4145214259624481
270  0.4144936203956604
100  0.41446584463119507
1519  0.4144573211669922
788  0.41444820165634155
387  0.4144424498081207
1661  0.41443145275115967
1312  0.41441720724105835
525  0.4144081771373749
670  0.41440555453300476
1013  0.4144043028354645
1644  0.41440147161483765
1570  0.4143963158130646
1407  0.4143821597099304
1072  0.41437751054763794
884  0.414372980594635
1313  0.414368599653244
379  0.41435888409614563
1462  0.4143521785736084
1244  0.4143441617488861
1689  0.41432496905326843
1710  0.41430044174194336
1545  0.4143000543117523
1319  0.4142951965332031
519  0.41428178548812866
1654  0.41426876187324524
343  0.41426700353622437
1247  0.41426607966423035
1617  0.4142656624317169
661  0.4142451286315918
237  0.41424262523651123
579  0.4142395555973053
1727  0.41421690583229065
583  0.4142037332057953
631  0.4141852557659149
107  0.414171427488327
566  0.41416189074516296
1322  0.4141545593738556
405  0.4141519069671631
1499  0.41414347290992737
313  0.4141422212123871
262  0.4141416549682617
1439  0.4141128659248352
282  0.4141117036342621
319  0.4141048491001129
633  0.41408488154411316
422  0.41406258940696716
1613  0.4140596389770508
1360  0.4140467047691345
133  0.4140458106994629
1523  0.4140447676181793
1747  0.41404223442077637
447  0.4140395522117615
1463  0.4140082597732544
1040  0.41400739550590515
1376  0.4139907956123352
1320  0.41398853063583374
496  0.41398516297340393
883  0.41397130489349365
1478  0.4139672815799713
1495  0.413967102766037
134  0.41395312547683716
317  0.41395077109336853
522  0.41394534707069397
1675  0.41394272446632385
370  0.41393280029296875
1726  0.4139247536659241
412  0.4139217734336853
402  0.4139132797718048
1721  0.41389742493629456
286  0.413894385099411
1310  0.41389235854148865
122  0.4138863980770111
293  0.4138839840888977
246  0.41386979818344116
315  0.41386091709136963
322  0.4138554632663727
1314  0.41385409235954285
1346  0.41385355591773987
1476  0.4138469696044922
1655  0.41384679079055786
139  0.41384613513946533
258  0.4138343930244446
1705  0.4138326048851013
192  0.41382890939712524
601  0.41381216049194336
1666  0.4137818217277527
1383  0.41377031803131104
1378  0.4137628376483917
308  0.4137498140335083
1332  0.4137345254421234
117  0.4137285053730011
241  0.41371574997901917
1471  0.4137153625488281
175  0.4137115776538849
644  0.4137105643749237
1264  0.4137003719806671
140  0.41369500756263733
1396  0.4136839210987091
1369  0.41368186473846436
239  0.41367948055267334
1527  0.4136691391468048
635  0.413665235042572
404  0.41366273164749146
320  0.413642942905426
399  0.41364043951034546
1598  0.4136287569999695
787  0.4136250913143158
1041  0.4136243164539337
1364  0.41361185908317566
406  0.4136114716529846
252  0.4135994613170624
99  0.41359665989875793
351  0.4135916829109192
417  0.4135841131210327
1443  0.4135740399360657
1550  0.41355910897254944
400  0.4135480225086212
577  0.41354653239250183
533  0.41354042291641235
1646  0.4135340750217438
679  0.41352301836013794
1401  0.41352105140686035
217  0.4135209023952484
662  0.41351425647735596
606  0.413511723279953
667  0.4135065972805023
1553  0.41350463032722473
212  0.4135019779205322
1347  0.41348978877067566
1743  0.4134763479232788
1516  0.41347160935401917
543  0.41345301270484924
193  0.4134467542171478
209  0.4134364724159241
558  0.4134213328361511
1493  0.4134189486503601
580  0.41341760754585266
547  0.41341617703437805
515  0.4134133458137512
371  0.4134041666984558
518  0.4133828282356262
1622  0.4133743345737457
567  0.4133579730987549
1696  0.4133327603340149
1497  0.41332271695137024
11  0.4133017063140869
1586  0.4132993519306183
416  0.4132847785949707
292  0.41327178478240967
1038  0.41325533390045166
1225  0.41325512528419495
1698  0.41323143243789673
1359  0.41321441531181335
1012  0.4132114052772522
1037  0.41320961713790894
581  0.4131968021392822
537  0.41316914558410645
259  0.41315901279449463
540  0.41315412521362305
398  0.4131176173686981
1731  0.4131140112876892
294  0.41309890151023865
1328  0.41307270526885986
1702  0.41305041313171387
559  0.41304612159729004
1528  0.41304370760917664
1694  0.41302990913391113
253  0.4130099415779114
621  0.4129846692085266
497  0.4129800498485565
321  0.41297316551208496
587  0.4129655957221985
376  0.41296395659446716
1660  0.4129534661769867
1736  0.41293591260910034
600  0.4129290282726288
1368  0.4129103124141693
494  0.41290444135665894
327  0.41289135813713074
1739  0.41289037466049194
331  0.412887305021286
295  0.41288167238235474
1078  0.41288119554519653
517  0.41287460923194885
1344  0.41287460923194885
418  0.4128585457801819
714  0.4128565192222595
1751  0.4128481447696686
1445  0.41284674406051636
1760  0.41283896565437317
1618  0.412830114364624
1709  0.4128226637840271
1362  0.4128168821334839
1414  0.4128167927265167
1492  0.4127914011478424
428  0.4127768874168396
453  0.41277602314949036
534  0.41277027130126953
1686  0.41276028752326965
539  0.41275468468666077
1605  0.4127390682697296
1510  0.4127350151538849
263  0.41272738575935364
1677  0.4127246141433716
663  0.4127027690410614
618  0.41269758343696594
504  0.4126850664615631
535  0.4126710891723633
608  0.4126586616039276
318  0.41264063119888306
261  0.41263651847839355
666  0.41261109709739685
1267  0.41260844469070435
1517  0.412598580121994
1384  0.4125784635543823
546  0.41255703568458557
1508  0.41255688667297363
484  0.4125555753707886
1725  0.41255488991737366
1708  0.4125497341156006
655  0.4124698340892792
211  0.41245585680007935
389  0.412439227104187
1664  0.41243281960487366
356  0.41243115067481995
1525  0.41242215037345886
359  0.41242125630378723
1558  0.4124096632003784
208  0.41239821910858154
591  0.4123861789703369
586  0.4123806357383728
1400  0.41237005591392517
1717  0.4123603105545044
1600  0.41233915090560913
1357  0.41233330965042114
1552  0.4123276174068451
1498  0.412293404340744
1728  0.4122757613658905
1479  0.412269651889801
1531  0.4122527241706848
78  0.41223588585853577
1554  0.41223567724227905
1615  0.412217915058136
1009  0.41221296787261963
1678  0.4122115969657898
1442  0.4121953845024109
314  0.4121655821800232
1469  0.4121403694152832
541  0.4121318757534027
357  0.4121079742908478
1440  0.4121076166629791
1720  0.41210752725601196
1263  0.4120972156524658
564  0.4120349884033203
136  0.4120251536369324
1509  0.41202133893966675
238  0.4120006561279297
582  0.4119802713394165
660  0.41188347339630127
1377  0.4118768274784088
523  0.4118667244911194
1348  0.41185352206230164
137  0.4118169844150543
1524  0.4117961823940277
141  0.4117927551269531
374  0.41177165508270264
1425  0.4117526113986969
544  0.41174039244651794
584  0.4117392301559448
1326  0.41171762347221375
256  0.4117015302181244
561  0.4116818904876709
536  0.4116673469543457
1621  0.41158995032310486
210  0.4115830659866333
1324  0.41151174902915955
1503  0.4114726483821869
1394  0.41146835684776306
1668  0.4113953411579132
516  0.41136032342910767
1265  0.41135233640670776
1591  0.4112980365753174
1316  0.41128969192504883
560  0.41128724813461304
1707  0.411277711391449
1701  0.4112735688686371
1713  0.41125771403312683
360  0.4112488627433777
83  0.41123783588409424
1520  0.4112314283847809
260  0.41118088364601135
1685  0.41110000014305115
1382  0.41109365224838257
526  0.41105684638023376
1491  0.4110408127307892
247  0.41102057695388794
236  0.41096654534339905
620  0.41095051169395447
1529  0.41095003485679626
1724  0.41094064712524414
1317  0.41092556715011597
1704  0.4109112322330475
1549  0.4109066426753998
1490  0.41089722514152527
311  0.4108799993991852
1318  0.4108368456363678
1345  0.4107781648635864
585  0.4107729494571686
1436  0.41074857115745544
532  0.41074642539024353
95  0.4107271432876587
562  0.41070565581321716
1262  0.41066163778305054
1712  0.4106537401676178
1619  0.4106241464614868
419  0.4105907082557678
563  0.41058021783828735
1597  0.4105333089828491
1501  0.41049960255622864
1397  0.41044938564300537
1484  0.41043442487716675
1737  0.41042494773864746
312  0.41039133071899414
255  0.4103381931781769
527  0.410308837890625
297  0.4102979004383087
1741  0.4102751910686493
1393  0.4102235436439514
1530  0.41018030047416687
1437  0.4101197123527527
227  0.4100562632083893
1380  0.4100379943847656
1480  0.4099878966808319
1482  0.4099787473678589
1325  0.40994492173194885
578  0.40993842482566833
358  0.40981578826904297
1679  0.4097630977630615
1711  0.40971410274505615
531  0.4096900224685669
1680  0.40966081619262695
225  0.40959176421165466
529  0.40957996249198914
1714  0.4095536172389984
786  0.40946483612060547
257  0.40937355160713196
1381  0.4093360900878906
528  0.4092581272125244
643  0.40915942192077637
1730  0.4090999662876129
1729  0.40905269980430603
1489  0.40902552008628845
1614  0.4089808464050293
1321  0.4089588522911072
1683  0.40894415974617004
1502  0.40872976183891296
1500  0.4085838198661804
1682  0.4085354804992676
1483  0.40850555896759033
1706  0.4083455204963684
1399  0.40811580419540405
228  0.4079582393169403
642  0.40734755992889404
1398  0.4072607159614563
1681  0.4072033166885376
530  0.40711596608161926
607  0.40710631012916565
1481  0.4070420265197754
