1  0.41750288009643555
977  0.41608911752700806
521  0.40493422746658325
745  0.4048665463924408
697  0.4038119316101074
464  0.40375229716300964
518  0.40366125106811523
637  0.40359529852867126
582  0.40349748730659485
689  0.4033295512199402
763  0.4031251072883606
636  0.40309521555900574
520  0.40231743454933167
976  0.40213829278945923
671  0.40207207202911377
838  0.4020534157752991
624  0.4019255042076111
722  0.4019012451171875
508  0.40188002586364746
555  0.4017640948295593
548  0.4017176330089569
600  0.40167590975761414
603  0.4016736149787903
554  0.4016704559326172
330  0.40151262283325195
343  0.401439368724823
586  0.4011611342430115
552  0.4010913074016571
746  0.40097281336784363
788  0.40081173181533813
516  0.4006688892841339
654  0.400657594203949
703  0.4006306529045105
457  0.40053072571754456
696  0.40039172768592834
2  0.40024206042289734
602  0.40020740032196045
549  0.4001782238483429
462  0.39995574951171875
622  0.39986035227775574
747  0.39973580837249756
514  0.39971715211868286
700  0.3997015357017517
653  0.39967936277389526
607  0.3995729088783264
239  0.3994966447353363
303  0.39946284890174866
606  0.3994406461715698
635  0.39943888783454895
114  0.39941903948783875
638  0.3993908166885376
575  0.39938244223594666
505  0.39938077330589294
490  0.3993556797504425
524  0.3992709219455719
764  0.39915910363197327
819  0.39915892481803894
507  0.3991170823574066
639  0.3991001546382904
547  0.3990853428840637
786  0.3990482985973358
585  0.3989933133125305
522  0.39897817373275757
936  0.39897608757019043
523  0.3989522159099579
459  0.39880797266960144
605  0.39869773387908936
681  0.39867112040519714
699  0.3986614942550659
769  0.3986075520515442
682  0.39860185980796814
527  0.39852699637413025
506  0.3985186517238617
456  0.39850398898124695
574  0.39849117398262024
583  0.3984276056289673
634  0.39837750792503357
332  0.3983118236064911
657  0.39830365777015686
331  0.39827653765678406
536  0.39823833107948303
13  0.39823460578918457
498  0.39822959899902344
672  0.3981935679912567
519  0.39816784858703613
581  0.39816662669181824
510  0.39816001057624817
100  0.3980986177921295
599  0.3980843126773834
601  0.39804068207740784
766  0.39803165197372437
452  0.39801308512687683
625  0.39799872040748596
691  0.3979843258857727
573  0.3979811370372772
694  0.3979167938232422
723  0.39790040254592896
623  0.39779722690582275
281  0.39774757623672485
742  0.3977205157279968
360  0.39771538972854614
531  0.39754393696784973
214  0.39752835035324097
138  0.39752039313316345
724  0.3975113034248352
515  0.39749976992607117
613  0.39747342467308044
482  0.39746275544166565
761  0.39743372797966003
878  0.39740946888923645
750  0.39739149808883667
327  0.39733657240867615
359  0.3972926437854767
558  0.3972150385379791
941  0.3972039818763733
435  0.3971870541572571
553  0.39717429876327515
800  0.39713355898857117
269  0.39712026715278625
840  0.3970927298069
610  0.3970915377140045
807  0.39705508947372437
945  0.39704447984695435
670  0.39704379439353943
344  0.39704108238220215
551  0.3970193564891815
113  0.3969748020172119
695  0.39695441722869873
550  0.3969461917877197
942  0.396882027387619
837  0.3968571722507477
949  0.39684656262397766
499  0.3968260884284973
139  0.39680561423301697
649  0.39678505063056946
277  0.3967837989330292
355  0.39677658677101135
563  0.39676007628440857
517  0.3967578411102295
655  0.39675024151802063
245  0.3967289328575134
556  0.39672529697418213
579  0.3966672420501709
698  0.39665937423706055
937  0.3966539800167084
402  0.39664140343666077
530  0.39660701155662537
80  0.39657649397850037
820  0.39655789732933044
509  0.39653176069259644
716  0.39650487899780273
588  0.3964836597442627
835  0.39644283056259155
843  0.3964299261569977
99  0.39640364050865173
744  0.39634010195732117
704  0.39633047580718994
362  0.3963300883769989
935  0.39631417393684387
451  0.39630892872810364
626  0.39630863070487976
329  0.3963005542755127
576  0.39629605412483215
701  0.3962899148464203
528  0.3962494134902954
437  0.39619579911231995
466  0.39618217945098877
938  0.3961777687072754
676  0.3961562514305115
543  0.39614611864089966
463  0.3960806131362915
587  0.3960719108581543
75  0.3960650861263275
940  0.39606210589408875
465  0.3960387706756592
328  0.396027147769928
342  0.39595919847488403
594  0.39593833684921265
641  0.39593765139579773
546  0.39593735337257385
598  0.3959312438964844
877  0.3958974778652191
713  0.39588409662246704
762  0.39587265253067017
619  0.39586764574050903
79  0.3958393335342407
729  0.3958134651184082
77  0.3958117663860321
135  0.39578455686569214
279  0.3957783579826355
572  0.3957732915878296
540  0.3957442343235016
612  0.39571818709373474
733  0.3956817388534546
262  0.39567428827285767
511  0.39565202593803406
223  0.3956323564052582
288  0.39558276534080505
301  0.3955373466014862
662  0.39553359150886536
31  0.3955216705799103
633  0.39551183581352234
651  0.39549899101257324
720  0.39546990394592285
674  0.3954593241214752
787  0.39544954895973206
721  0.39543887972831726
719  0.3953666687011719
604  0.39534738659858704
714  0.3953356444835663
773  0.39533087611198425
444  0.39531850814819336
468  0.39531663060188293
120  0.3953017294406891
652  0.39529481530189514
891  0.39528989791870117
717  0.39527857303619385
458  0.3952784240245819
903  0.39527618885040283
489  0.3952746093273163
939  0.3952641189098358
688  0.39526233077049255
240  0.39525821805000305
715  0.39525729417800903
661  0.3952544331550598
434  0.39525389671325684
532  0.39523521065711975
224  0.39521241188049316
350  0.39521151781082153
957  0.39519989490509033
454  0.3951861262321472
542  0.39518579840660095
3  0.39518123865127563
326  0.3951582908630371
680  0.3951301574707031
136  0.3951093554496765
265  0.39510801434516907
930  0.3950527608394623
442  0.3950403332710266
767  0.3950374722480774
108  0.3950304687023163
774  0.394991934299469
111  0.39498370885849
140  0.394931823015213
791  0.39488959312438965
455  0.3948144316673279
677  0.39481234550476074
741  0.3947804272174835
627  0.39476561546325684
534  0.39474740624427795
836  0.3947310447692871
708  0.3947213292121887
934  0.3947150409221649
656  0.39470478892326355
460  0.39469659328460693
341  0.39468395709991455
916  0.39468085765838623
918  0.39464619755744934
580  0.3946429193019867
141  0.39463767409324646
890  0.39462900161743164
823  0.39462512731552124
178  0.39458340406417847
658  0.3945715129375458
684  0.3945479094982147
738  0.3945464491844177
473  0.3945419490337372
118  0.39451155066490173
663  0.39449337124824524
237  0.3944184482097626
134  0.3943956196308136
754  0.39438825845718384
484  0.39433759450912476
461  0.3943270146846771
469  0.3942674696445465
337  0.39425477385520935
630  0.39423882961273193
796  0.39422231912612915
768  0.3942222595214844
755  0.3942160904407501
477  0.3942098915576935
321  0.3942045271396637
486  0.3941951394081116
801  0.3941926956176758
405  0.39417657256126404
491  0.39417311549186707
207  0.3941725194454193
453  0.3941653370857239
895  0.39416366815567017
785  0.3941606283187866
894  0.39415305852890015
253  0.3941386640071869
74  0.39413660764694214
338  0.3941357433795929
227  0.39411482214927673
98  0.3941103518009186
678  0.3940946161746979
393  0.39409297704696655
295  0.39407336711883545
445  0.39407265186309814
683  0.3940613269805908
648  0.3940541744232178
443  0.39404821395874023
364  0.3940151631832123
358  0.39400213956832886
500  0.39400196075439453
718  0.3939419686794281
845  0.39393728971481323
71  0.39387544989585876
797  0.39386844635009766
394  0.39386221766471863
180  0.39385566115379333
631  0.3938539922237396
129  0.39385125041007996
578  0.3938443064689636
278  0.3938286304473877
675  0.3938145041465759
892  0.3938111662864685
252  0.3938036262989044
525  0.39379897713661194
143  0.39378100633621216
593  0.3937672972679138
368  0.3937641680240631
792  0.39376163482666016
485  0.393761545419693
765  0.3937379717826843
305  0.39369362592697144
403  0.3936803936958313
268  0.39366939663887024
608  0.39365941286087036
228  0.39364713430404663
806  0.393629252910614
799  0.393608957529068
705  0.3935920298099518
94  0.3935878872871399
81  0.3935675024986267
825  0.393564909696579
650  0.3934384286403656
539  0.393433541059494
179  0.393420547246933
302  0.39338648319244385
215  0.39336928725242615
629  0.39336565136909485
66  0.39332127571105957
743  0.3933127820491791
885  0.3933086395263672
488  0.393291175365448
590  0.3932722508907318
915  0.3932660222053528
609  0.3932325541973114
236  0.3932324945926666
732  0.39323121309280396
497  0.3932243585586548
446  0.39320775866508484
693  0.3931944966316223
821  0.3931814730167389
254  0.3931318521499634
907  0.3931278884410858
263  0.39311540126800537
748  0.3931055963039398
589  0.3930653929710388
142  0.3930530846118927
137  0.3930451273918152
669  0.3930438756942749
802  0.39304283261299133
571  0.39303526282310486
584  0.39302411675453186
78  0.39301520586013794
196  0.3930039405822754
356  0.39298751950263977
852  0.3929855525493622
529  0.39295417070388794
14  0.3929421007633209
901  0.3929359018802643
849  0.39293020963668823
564  0.3929259479045868
944  0.3929102122783661
736  0.3929072618484497
869  0.39288225769996643
264  0.3928658366203308
828  0.3928472101688385
250  0.3928447961807251
76  0.39283740520477295
441  0.3928174078464508
775  0.39276033639907837
749  0.3927572965621948
690  0.3927568793296814
537  0.392752081155777
131  0.3927503526210785
296  0.3927417993545532
956  0.3927319347858429
438  0.39272987842559814
712  0.39271941781044006
974  0.39271390438079834
357  0.39270442724227905
544  0.39270031452178955
33  0.39269182085990906
975  0.3926897346973419
896  0.3926856815814972
247  0.39265504479408264
541  0.3926515579223633
16  0.3926507830619812
954  0.392643004655838
591  0.39262571930885315
628  0.3925400972366333
294  0.39253881573677063
842  0.39253053069114685
702  0.3925299346446991
533  0.392518550157547
408  0.3925158679485321
361  0.39250266551971436
734  0.3925005793571472
927  0.39249613881111145
370  0.39249187707901
789  0.39245614409446716
538  0.3924560248851776
372  0.3924499452114105
898  0.39244765043258667
112  0.3924470841884613
753  0.392445832490921
822  0.39240580797195435
640  0.3923967778682709
642  0.3923780620098114
824  0.3923758566379547
512  0.3923707604408264
7  0.3923557698726654
395  0.3923279941082001
5  0.39232122898101807
492  0.39231187105178833
513  0.39230626821517944
6  0.39229995012283325
659  0.3922902047634125
251  0.39228639006614685
926  0.3922824263572693
914  0.39226752519607544
863  0.3922452926635742
616  0.3922138810157776
526  0.39220163226127625
834  0.39219921827316284
164  0.39219462871551514
467  0.3921566903591156
282  0.3921150267124176
686  0.39209291338920593
249  0.39207831025123596
569  0.39206740260124207
874  0.39204543828964233
784  0.3920381963253021
406  0.3920307457447052
889  0.3920247256755829
307  0.3919754922389984
735  0.3919723331928253
692  0.3919621706008911
208  0.39191433787345886
470  0.39191198348999023
474  0.3919105529785156
897  0.3919084072113037
739  0.3918997645378113
883  0.3918938934803009
206  0.39187973737716675
879  0.3918788731098175
955  0.39185717701911926
851  0.3918502628803253
884  0.39183759689331055
844  0.39183399081230164
948  0.39179089665412903
72  0.39178454875946045
502  0.39178234338760376
238  0.3917728662490845
946  0.39176511764526367
679  0.3917539119720459
664  0.3917287588119507
906  0.39172735810279846
195  0.3917202949523926
841  0.39170315861701965
363  0.3916930556297302
67  0.3916887044906616
9  0.39167943596839905
570  0.3916645050048828
371  0.3916640877723694
27  0.3916545808315277
562  0.3916119933128357
417  0.3916114270687103
668  0.3915976285934448
959  0.3915764391422272
401  0.39156943559646606
299  0.39156726002693176
400  0.39156481623649597
377  0.3915361762046814
109  0.3915158808231354
577  0.39151275157928467
545  0.39150798320770264
665  0.39149773120880127
487  0.3914899230003357
145  0.3914792239665985
790  0.39147815108299255
306  0.3914775848388672
287  0.3914378881454468
908  0.39142319560050964
752  0.3914058804512024
905  0.39137330651283264
270  0.3913421332836151
925  0.3912879526615143
233  0.39127087593078613
280  0.3912678062915802
427  0.39125871658325195
737  0.3912564814090729
740  0.39125627279281616
133  0.39122474193573
972  0.39119818806648254
433  0.39118120074272156
565  0.3911798894405365
304  0.3911736309528351
325  0.3911513090133667
171  0.39114710688591003
241  0.39114630222320557
222  0.391139954328537
155  0.39113885164260864
632  0.3911358714103699
308  0.391121506690979
243  0.39112141728401184
557  0.39111652970314026
615  0.3911131024360657
24  0.3910990059375763
450  0.39107897877693176
323  0.39106279611587524
204  0.3910142183303833
30  0.3909720778465271
365  0.3909536600112915
709  0.3909532129764557
685  0.39092960953712463
292  0.3909013867378235
568  0.3909001648426056
617  0.3908943831920624
122  0.3908687233924866
900  0.39086276292800903
620  0.3908441364765167
86  0.39083343744277954
216  0.3908262252807617
777  0.3908136188983917
478  0.39081355929374695
476  0.3908052444458008
23  0.3907931447029114
92  0.3907555937767029
271  0.3907548785209656
70  0.39073002338409424
404  0.3906839191913605
850  0.39067867398262024
859  0.39066898822784424
286  0.3906673491001129
846  0.3906645178794861
818  0.3906550705432892
759  0.39062508940696716
349  0.3906216621398926
97  0.390613317489624
381  0.3906038999557495
687  0.390597939491272
751  0.3905956447124481
202  0.39058366417884827
798  0.39058172702789307
347  0.39057356119155884
17  0.39056921005249023
15  0.39056214690208435
152  0.3905509412288666
839  0.3905491232872009
776  0.3905337154865265
283  0.3905186951160431
398  0.3905082643032074
229  0.3904896378517151
336  0.3904889225959778
4  0.390482097864151
345  0.3904586732387543
951  0.3904530107975006
501  0.39045250415802
496  0.39044755697250366
757  0.39042240381240845
503  0.3904208540916443
166  0.3904189169406891
952  0.39041098952293396
85  0.3904038667678833
728  0.39038679003715515
144  0.39038580656051636
860  0.39038416743278503
561  0.39036715030670166
130  0.3903329074382782
146  0.39031174778938293
110  0.3902932107448578
933  0.39028361439704895
483  0.3902730345726013
248  0.3902513086795807
300  0.39024975895881653
244  0.39024171233177185
83  0.3902083933353424
643  0.39020100235939026
559  0.3901825547218323
973  0.39018145203590393
760  0.3901730477809906
407  0.3901558518409729
82  0.39011773467063904
8  0.39010024070739746
267  0.390097051858902
170  0.39006471633911133
731  0.39004749059677124
592  0.39004582166671753
535  0.39002805948257446
184  0.39002057909965515
60  0.3899867534637451
172  0.3899766802787781
168  0.3899730145931244
725  0.3899707496166229
494  0.3899592459201813
873  0.3899412453174591
12  0.38993749022483826
115  0.3899063766002655
121  0.3898894786834717
929  0.38988447189331055
660  0.3898840546607971
102  0.3898712992668152
177  0.38985440135002136
182  0.3898492157459259
439  0.3898337781429291
93  0.3898281157016754
706  0.38982176780700684
25  0.3898143470287323
311  0.38979506492614746
614  0.3897896707057953
285  0.38978925347328186
366  0.3897871971130371
673  0.3897801339626312
426  0.3897649943828583
808  0.3897603750228882
795  0.3897346556186676
413  0.3896845579147339
479  0.3896828591823578
261  0.3896690309047699
471  0.3896646201610565
880  0.3896600306034088
309  0.3896224796772003
867  0.389612078666687
871  0.3895685076713562
710  0.3895379900932312
290  0.3895251452922821
779  0.3894980847835541
351  0.3894810974597931
266  0.38947996497154236
960  0.3894762396812439
893  0.38947567343711853
62  0.38946908712387085
84  0.3894634246826172
875  0.38945361971855164
419  0.3894523084163666
707  0.3894326388835907
378  0.3894314765930176
597  0.3894248306751251
209  0.3894171714782715
375  0.3894140124320984
595  0.3894026577472687
148  0.3893923759460449
881  0.3893708884716034
132  0.38935837149620056
22  0.3893479108810425
727  0.38934385776519775
376  0.38930290937423706
962  0.389300674200058
392  0.38927140831947327
887  0.38923460245132446
101  0.389225572347641
811  0.3892090916633606
119  0.38916778564453125
771  0.389138400554657
480  0.38912683725357056
876  0.3891253173351288
644  0.3890923261642456
436  0.38907772302627563
20  0.3890742063522339
156  0.3890395760536194
89  0.3889716565608978
647  0.3889596164226532
73  0.38890624046325684
310  0.38889697194099426
210  0.3888915181159973
397  0.38884392380714417
596  0.3888249397277832
315  0.38882359862327576
379  0.388822078704834
803  0.388818621635437
169  0.3888065814971924
383  0.3887874186038971
904  0.3887757360935211
931  0.3887384831905365
902  0.38872912526130676
322  0.3887224793434143
246  0.3887222707271576
88  0.3887201249599457
205  0.3887201249599457
783  0.3887193202972412
348  0.388706237077713
909  0.38870131969451904
778  0.3887004554271698
123  0.38868898153305054
618  0.3886854350566864
432  0.3886212110519409
493  0.38858476281166077
211  0.3885599970817566
953  0.38855108618736267
928  0.388507217168808
969  0.3885038197040558
255  0.3885031044483185
943  0.38848021626472473
242  0.38847997784614563
409  0.38846737146377563
317  0.38846227526664734
560  0.38845887780189514
87  0.3884473741054535
32  0.38844534754753113
192  0.3884370028972626
320  0.38843125104904175
917  0.38839396834373474
827  0.3883935213088989
950  0.38839319348335266
117  0.388388454914093
382  0.3883865475654602
882  0.38837945461273193
187  0.3883771300315857
235  0.3883759379386902
10  0.3883454501628876
809  0.3883321285247803
868  0.38833126425743103
504  0.38831478357315063
412  0.3883020281791687
770  0.38830116391181946
958  0.38829779624938965
965  0.38828152418136597
369  0.38827070593833923
340  0.3882595896720886
911  0.3882529139518738
63  0.38822829723358154
921  0.38822394609451294
197  0.38821712136268616
567  0.38821619749069214
373  0.38820913434028625
411  0.38818204402923584
870  0.38816869258880615
231  0.38815709948539734
339  0.38810864090919495
61  0.38809871673583984
346  0.38809657096862793
758  0.38805460929870605
399  0.3880347013473511
730  0.38801294565200806
333  0.3880089223384857
291  0.3880075216293335
276  0.3879531919956207
826  0.3879487216472626
772  0.38794514536857605
318  0.38792020082473755
848  0.3879113495349884
380  0.3878558278083801
232  0.38785311579704285
495  0.387838214635849
69  0.38783055543899536
912  0.3878297507762909
566  0.3878251910209656
176  0.387806236743927
116  0.3877909183502197
213  0.3877531886100769
781  0.38773253560066223
475  0.3877004086971283
353  0.3876867890357971
324  0.3876834809780121
448  0.38766053318977356
201  0.3876252770423889
165  0.3876245617866516
49  0.38762417435646057
181  0.3875941038131714
805  0.3875805139541626
862  0.38755372166633606
29  0.3875400125980377
854  0.387535035610199
817  0.3875342309474945
865  0.3874432444572449
886  0.38743487000465393
284  0.387389212846756
354  0.3873884975910187
794  0.38737753033638
831  0.3873760402202606
387  0.38736993074417114
198  0.38735800981521606
107  0.38735443353652954
816  0.38734665513038635
47  0.38730090856552124
384  0.38722655177116394
667  0.3872055411338806
54  0.38719087839126587
888  0.38715875148773193
221  0.3871459364891052
472  0.38713017106056213
611  0.3870685398578644
260  0.3870380222797394
226  0.3870363235473633
923  0.38703203201293945
200  0.3870197534561157
423  0.38701802492141724
386  0.3869994580745697
334  0.386985182762146
220  0.3869667649269104
833  0.3869464099407196
225  0.386942982673645
44  0.386929988861084
258  0.38692986965179443
431  0.3869294822216034
183  0.38687852025032043
289  0.3868768811225891
58  0.38687166571617126
48  0.38685911893844604
646  0.3868553936481476
855  0.3868166208267212
385  0.38677769899368286
390  0.3867694139480591
947  0.38675937056541443
298  0.3867586553096771
275  0.38674482703208923
64  0.3867439925670624
147  0.3867292106151581
910  0.3867174983024597
95  0.3866589367389679
274  0.3866409957408905
26  0.38662585616111755
832  0.3866049647331238
174  0.3864886164665222
234  0.3864801228046417
50  0.38644808530807495
857  0.3864351511001587
65  0.38643261790275574
830  0.38641157746315
199  0.38640689849853516
864  0.3863966464996338
430  0.3863670825958252
396  0.38635990023612976
68  0.38635507225990295
780  0.38632601499557495
219  0.38631194829940796
932  0.38629528880119324
367  0.386292964220047
203  0.38626521825790405
319  0.3862524926662445
922  0.38621875643730164
46  0.38619449734687805
919  0.38615742325782776
899  0.386150062084198
621  0.3861122727394104
126  0.38611143827438354
314  0.3860841691493988
391  0.3860510587692261
149  0.38593125343322754
175  0.38593119382858276
335  0.3858378827571869
218  0.38580751419067383
815  0.38580623269081116
793  0.3858049511909485
726  0.38579756021499634
163  0.3857426345348358
128  0.3856952488422394
39  0.3856176733970642
173  0.3855486810207367
425  0.38553500175476074
154  0.3855196237564087
410  0.38550475239753723
810  0.3854721486568451
53  0.38545241951942444
103  0.38544225692749023
59  0.3853950500488281
440  0.3853912651538849
38  0.3853618800640106
866  0.38532915711402893
447  0.385295033454895
313  0.38528406620025635
429  0.38525688648223877
920  0.3852211833000183
449  0.3852105438709259
293  0.3851655423641205
28  0.38514453172683716
36  0.3850829303264618
711  0.3850722014904022
189  0.38503968715667725
847  0.38499704003334045
856  0.38498884439468384
352  0.38497859239578247
814  0.3849298059940338
756  0.3849285840988159
804  0.3849235475063324
158  0.38491904735565186
666  0.3848571479320526
645  0.3848453462123871
11  0.38483941555023193
217  0.38482871651649475
812  0.3848266303539276
829  0.3847699463367462
21  0.38474297523498535
190  0.3847316801548004
424  0.3847082853317261
374  0.3846660554409027
106  0.3846411406993866
861  0.38464033603668213
971  0.38450467586517334
55  0.3844943344593048
414  0.3844728171825409
273  0.3844459652900696
782  0.38438907265663147
858  0.3843737542629242
963  0.38433000445365906
416  0.3843182325363159
167  0.3843173384666443
185  0.38422366976737976
150  0.3842160105705261
924  0.38412001729011536
19  0.38409489393234253
34  0.3840775191783905
297  0.38407042622566223
272  0.3840187191963196
41  0.38400304317474365
259  0.3839653730392456
316  0.3839232921600342
481  0.38390013575553894
18  0.3837479054927826
415  0.38371607661247253
90  0.38364577293395996
961  0.38341689109802246
421  0.3834039270877838
193  0.38340118527412415
191  0.3833658695220947
40  0.38334891200065613
91  0.38331303000450134
872  0.3833042085170746
813  0.3831478953361511
422  0.3831431567668915
257  0.38311123847961426
853  0.3830930292606354
51  0.3830070197582245
256  0.3830050230026245
105  0.3829861879348755
151  0.38290467858314514
964  0.38288289308547974
212  0.3828001618385315
37  0.38278284668922424
124  0.382703959941864
420  0.3826110363006592
153  0.3825432062149048
127  0.3824717104434967
388  0.3824671804904938
125  0.38246509432792664
96  0.3823716342449188
389  0.3823491930961609
45  0.3823474943637848
188  0.3822603225708008
56  0.3820303976535797
186  0.38188180327415466
913  0.3818148970603943
230  0.3817605674266815
43  0.38160157203674316
970  0.38149020075798035
35  0.38127943873405457
418  0.3811042010784149
104  0.38108736276626587
967  0.3809780478477478
159  0.38089117407798767
312  0.3807198703289032
428  0.3807189166545868
162  0.38058921694755554
57  0.3805423378944397
966  0.38050633668899536
194  0.3799043297767639
52  0.37964436411857605
42  0.378932386636734
160  0.3787231743335724
157  0.37831243872642517
968  0.3778814375400543
161  0.3729362189769745
