1775  0.44304946064949036
1  0.4369494915008545
1774  0.43204954266548157
1062  0.43035081028938293
790  0.4293106496334076
1023  0.4292808473110199
820  0.42921242117881775
888  0.42908769845962524
1113  0.42822742462158203
1021  0.4281077980995178
1063  0.4280913770198822
791  0.4280760884284973
789  0.4278084337711334
690  0.4276389181613922
1022  0.427486777305603
1202  0.42721953988075256
1089  0.4270121157169342
45  0.4267835319042206
1060  0.42675578594207764
1111  0.4266648292541504
1213  0.4265151023864746
1218  0.42639660835266113
1301  0.4263637661933899
1135  0.42622649669647217
805  0.4261069893836975
694  0.4260960817337036
85  0.4260932207107544
985  0.42606469988822937
783  0.4260409474372864
1235  0.4260125160217285
60  0.42596694827079773
691  0.425924688577652
1112  0.4259224832057953
75  0.4259081780910492
967  0.42586028575897217
932  0.4257725477218628
976  0.4257373511791229
1212  0.42565426230430603
1773  0.42561596632003784
84  0.42552006244659424
119  0.4254692494869232
23  0.4254482090473175
801  0.4253944158554077
31  0.42538467049598694
61  0.4253137707710266
594  0.42524585127830505
1138  0.42521339654922485
1133  0.4252083897590637
968  0.42518123984336853
923  0.42516010999679565
1009  0.42512330412864685
810  0.42511117458343506
1217  0.4250868558883667
792  0.4250470697879791
1090  0.4250272810459137
16  0.4250001907348633
1317  0.4249880015850067
1124  0.42498141527175903
981  0.4249721169471741
774  0.4249584376811981
1010  0.4249482750892639
1136  0.42493999004364014
924  0.4248979091644287
1061  0.42478808760643005
921  0.4247745871543884
804  0.42473697662353516
121  0.4247201085090637
30  0.4247169494628906
101  0.4246225953102112
931  0.4245814085006714
871  0.4245687425136566
814  0.4245404303073883
142  0.42452293634414673
1323  0.42450448870658875
1302  0.42446163296699524
1121  0.42446067929267883
632  0.4244573414325714
1030  0.42444783449172974
1110  0.42441326379776
1145  0.42438367009162903
27  0.42435118556022644
1222  0.42434796690940857
185  0.42431750893592834
1029  0.42430636286735535
856  0.42429906129837036
1164  0.4242894947528839
815  0.42428815364837646
25  0.4242672026157379
838  0.42423802614212036
889  0.4242364466190338
376  0.4242092967033386
1108  0.42418578267097473
1095  0.42415013909339905
728  0.4241066873073578
773  0.42408987879753113
1123  0.42407363653182983
103  0.42407289147377014
1094  0.42406630516052246
978  0.4240626096725464
918  0.4240412414073944
1096  0.4240354299545288
699  0.4240280091762543
799  0.4240280091762543
24  0.42399778962135315
870  0.42399218678474426
891  0.4239835739135742
781  0.4239613711833954
951  0.42392832040786743
107  0.4239250123500824
1025  0.42391982674598694
460  0.42391344904899597
1214  0.42389845848083496
692  0.42388808727264404
583  0.4238637685775757
1300  0.4238545000553131
1395  0.42383646965026855
927  0.4237917363643646
26  0.42377176880836487
123  0.4237598776817322
1005  0.42373207211494446
701  0.4237009584903717
455  0.42368680238723755
867  0.4236804246902466
1007  0.4236665666103363
703  0.4236642122268677
1224  0.42363548278808594
1294  0.42362743616104126
1345  0.4236224889755249
4  0.4236202538013458
767  0.4235679805278778
1271  0.42356473207473755
1318  0.4235188961029053
105  0.4234989583492279
846  0.4234964847564697
989  0.42348870635032654
917  0.42348167300224304
914  0.4234425723552704
1091  0.42344149947166443
930  0.4234248101711273
1281  0.4234130084514618
879  0.4233618974685669
1172  0.4233493506908417
95  0.42332473397254944
1151  0.4233182370662689
704  0.4233170449733734
1321  0.4233131408691406
1024  0.42331308126449585
1270  0.42330771684646606
880  0.4232916533946991
777  0.42327210307121277
1299  0.4232674837112427
798  0.4232620298862457
109  0.4232291281223297
1322  0.4232270121574402
1269  0.4231998026371002
1107  0.42318907380104065
1303  0.4231843054294586
1221  0.42317521572113037
764  0.42315518856048584
1232  0.4231223165988922
913  0.4231148064136505
1004  0.4231029450893402
18  0.423092782497406
1233  0.42309069633483887
170  0.4230877459049225
461  0.4230819344520569
1259  0.42306581139564514
117  0.42306530475616455
702  0.42306017875671387
887  0.42303380370140076
88  0.42302006483078003
839  0.4230087101459503
80  0.4230027496814728
1350  0.4229859709739685
1310  0.4229773283004761
929  0.4229516088962555
111  0.42293938994407654
453  0.42293781042099
956  0.42293569445610046
1084  0.4229198694229126
725  0.4228590130805969
1319  0.42283082008361816
926  0.42282047867774963
545  0.4228186011314392
769  0.42281708121299744
445  0.42281559109687805
1073  0.4228109121322632
845  0.42281007766723633
1169  0.422796368598938
1518  0.4227888286113739
297  0.42277786135673523
74  0.4227718710899353
782  0.42277002334594727
204  0.42275774478912354
979  0.4227546751499176
5  0.422749400138855
393  0.42274609208106995
729  0.4227333962917328
1287  0.4227304458618164
1182  0.4227290749549866
953  0.4227253794670105
827  0.4227222502231598
552  0.42271891236305237
160  0.42270463705062866
819  0.4226984977722168
86  0.42269402742385864
1019  0.4226679801940918
890  0.4226520359516144
828  0.4226435422897339
1137  0.4226340651512146
1670  0.4225788712501526
1026  0.422569215297699
977  0.4225521385669708
986  0.4225447177886963
1011  0.42252829670906067
1193  0.4225234389305115
1677  0.4225200414657593
1125  0.4225197732448578
1085  0.4224831759929657
982  0.4224797189235687
1225  0.4224741458892822
44  0.42247042059898376
1103  0.4224412739276886
700  0.42243361473083496
1258  0.4224311113357544
830  0.42242446541786194
1105  0.42241171002388
1150  0.4224100708961487
1592  0.42238903045654297
873  0.42238184809684753
1344  0.42237281799316406
906  0.4223552942276001
765  0.42235058546066284
1441  0.42234426736831665
122  0.4223392903804779
933  0.4223114848136902
454  0.42230212688446045
988  0.42228585481643677
1293  0.42228180170059204
1445  0.42228028178215027
1264  0.42226770520210266
1306  0.42226743698120117
1240  0.42225104570388794
1234  0.4222215414047241
822  0.4222191572189331
144  0.4222005009651184
950  0.42218536138534546
1546  0.4221852421760559
1020  0.42218253016471863
1098  0.4221647083759308
696  0.4221636652946472
1304  0.4221585988998413
1296  0.42215779423713684
158  0.42215603590011597
1219  0.4221479296684265
922  0.42213934659957886
693  0.4221375584602356
157  0.42210397124290466
1140  0.4220972955226898
715  0.42207419872283936
296  0.42206645011901855
118  0.4220660626888275
1177  0.4220629632472992
1109  0.42205163836479187
1249  0.4220515787601471
81  0.42204105854034424
698  0.4220408797264099
938  0.4220360219478607
1006  0.42202743887901306
1664  0.4220159649848938
2  0.4220122694969177
768  0.42200276255607605
802  0.4219846725463867
457  0.42197585105895996
861  0.42196428775787354
1348  0.42195579409599304
928  0.4219519793987274
862  0.421944260597229
143  0.42193925380706787
1152  0.42193493247032166
730  0.4219260811805725
29  0.4219013452529907
1274  0.42188969254493713
746  0.42187952995300293
1349  0.4218751788139343
1517  0.42186352610588074
705  0.42184799909591675
842  0.42183247208595276
1446  0.4218316376209259
872  0.4218297600746155
1272  0.4218178987503052
152  0.4218159019947052
139  0.42180126905441284
1223  0.42179378867149353
1126  0.42176052927970886
495  0.4217550754547119
1309  0.4217546880245209
1413  0.42175257205963135
1086  0.4217510521411896
82  0.4217485785484314
395  0.42174816131591797
817  0.42173993587493896
959  0.4217369556427002
1031  0.42173629999160767
73  0.4217337369918823
1584  0.4217156767845154
1320  0.4217143952846527
829  0.42168158292770386
955  0.4216770827770233
57  0.4216337203979492
76  0.42162835597991943
1558  0.42160937190055847
114  0.42160409688949585
1277  0.4216006398200989
32  0.4215918183326721
277  0.42157986760139465
1719  0.42157986760139465
553  0.42157793045043945
1201  0.4215703010559082
807  0.4215693473815918
868  0.4215691089630127
925  0.4215683043003082
1593  0.42154571413993835
106  0.4215216636657715
1556  0.421517938375473
1139  0.42151665687561035
658  0.42151638865470886
874  0.42151588201522827
1016  0.4215030074119568
1003  0.4214845597743988
1008  0.4214828610420227
169  0.421475350856781
1119  0.42147064208984375
697  0.4214699864387512
957  0.4214658737182617
984  0.42145952582359314
595  0.42145732045173645
952  0.42145150899887085
1653  0.421449214220047
961  0.42144477367401123
882  0.42143648862838745
1106  0.4214209318161011
72  0.42141908407211304
1093  0.4214183986186981
1245  0.4214136600494385
1297  0.4213939309120178
1247  0.421379953622818
1282  0.42137640714645386
1276  0.4213666617870331
784  0.42135849595069885
12  0.42134812474250793
113  0.42134568095207214
1404  0.4213443994522095
174  0.4213336408138275
159  0.42131948471069336
22  0.4213173985481262
1333  0.42130905389785767
1451  0.4212992787361145
1305  0.4212965667247772
249  0.4212947189807892
1204  0.4212881624698639
818  0.42127880454063416
1523  0.421277791261673
1215  0.42126891016960144
120  0.4212678372859955
983  0.4212659001350403
494  0.4212400019168854
954  0.421238511800766
47  0.42123305797576904
960  0.42121145129203796
1292  0.42121127247810364
865  0.42120376229286194
156  0.4211958944797516
1244  0.4211924076080322
587  0.42118656635284424
163  0.42117199301719666
866  0.4211675524711609
1054  0.4211576581001282
947  0.4211540222167969
1288  0.4211508333683014
1216  0.42114683985710144
15  0.4211324453353882
1334  0.42112618684768677
634  0.42112281918525696
124  0.4211207926273346
671  0.4211127460002899
751  0.4210946559906006
1324  0.42108264565467834
724  0.4210794270038605
275  0.42106637358665466
231  0.42106547951698303
1197  0.42105981707572937
912  0.42105287313461304
1174  0.42105185985565186
737  0.42104485630989075
1674  0.42102330923080444
198  0.42102253437042236
17  0.42101624608039856
420  0.42101433873176575
980  0.4210129976272583
1087  0.4210111200809479
1250  0.4210001528263092
858  0.4209980368614197
70  0.42098933458328247
458  0.42096415162086487
797  0.42096036672592163
1307  0.42093804478645325
1012  0.42092764377593994
1097  0.4209272265434265
199  0.4209176003932953
1278  0.42091429233551025
162  0.4209069311618805
689  0.42089736461639404
1557  0.42089563608169556
948  0.42088574171066284
711  0.4208851456642151
740  0.4208828806877136
1065  0.420878529548645
171  0.4208783805370331
788  0.4208705425262451
140  0.42086607217788696
796  0.42086437344551086
714  0.4208562672138214
1695  0.4208545684814453
966  0.42084410786628723
1059  0.42084115743637085
1332  0.4208192825317383
875  0.4208157956600189
813  0.4208137094974518
1083  0.42079538106918335
910  0.4207923412322998
1246  0.42078879475593567
94  0.4207707941532135
221  0.4207698404788971
19  0.4207637906074524
492  0.42075493931770325
1100  0.42075315117836
1064  0.42074522376060486
1015  0.4207381308078766
857  0.420737624168396
1387  0.420733243227005
673  0.4207235872745514
1516  0.4207229018211365
1120  0.42070847749710083
137  0.42070716619491577
664  0.420706570148468
1122  0.42070233821868896
1567  0.420693963766098
1117  0.42069223523139954
1134  0.42068955302238464
722  0.42067959904670715
1071  0.4206717312335968
844  0.42066681385040283
459  0.42064169049263
1242  0.42063188552856445
108  0.42062729597091675
1655  0.42061907052993774
1671  0.42061886191368103
864  0.4206019341945648
710  0.42059552669525146
1092  0.4205915629863739
969  0.4205908179283142
659  0.420583039522171
21  0.4205787479877472
1273  0.4205753803253174
1236  0.4205727279186249
36  0.4205656349658966
1459  0.4205627739429474
809  0.4205508232116699
963  0.4205498993396759
1183  0.42054829001426697
1620  0.4205453395843506
136  0.42054468393325806
1331  0.42054280638694763
825  0.42053020000457764
775  0.42052507400512695
1220  0.4205220639705658
504  0.4205198884010315
1149  0.42050981521606445
233  0.42050909996032715
1158  0.42050862312316895
585  0.420489102602005
415  0.4204874336719513
627  0.42047688364982605
1194  0.4204597771167755
1285  0.420441210269928
38  0.4204362630844116
975  0.42043599486351013
863  0.420428991317749
1210  0.42042815685272217
230  0.42041459679603577
1694  0.42041194438934326
223  0.42040857672691345
1241  0.42040735483169556
593  0.42040157318115234
11  0.42040005326271057
1351  0.4203934371471405
112  0.42039191722869873
665  0.4203846752643585
1573  0.42038384079933167
1290  0.42037513852119446
1173  0.42037245631217957
1118  0.42036646604537964
905  0.42035171389579773
155  0.4203389286994934
1203  0.42033201456069946
840  0.42033058404922485
895  0.42032134532928467
1275  0.42031532526016235
1101  0.4202987849712372
1014  0.4202815890312195
1228  0.4202743172645569
727  0.42024433612823486
837  0.420230507850647
919  0.42022550106048584
1641  0.4202137589454651
278  0.42021092772483826
399  0.42020249366760254
77  0.4201958179473877
1185  0.4201938807964325
1209  0.42018750309944153
470  0.4201841652393341
529  0.42017486691474915
1027  0.42016252875328064
876  0.4201612174510956
1052  0.42015111446380615
778  0.42013728618621826
463  0.42011165618896484
719  0.4201095998287201
855  0.42009130120277405
943  0.4200911223888397
1464  0.42008650302886963
141  0.42007413506507874
1175  0.42006516456604004
41  0.42005789279937744
1568  0.4200570285320282
907  0.42005300521850586
723  0.42003920674324036
662  0.4200282394886017
869  0.4200182557106018
1114  0.4200173616409302
1693  0.4200088381767273
1455  0.42000555992126465
1260  0.42000022530555725
661  0.4199710786342621
1763  0.41996267437934875
78  0.4199528992176056
345  0.4199485778808594
1248  0.4199467599391937
412  0.4199332296848297
1291  0.41991594433784485
1519  0.4199140667915344
295  0.4199133813381195
102  0.419910192489624
557  0.4199087619781494
1611  0.41990843415260315
742  0.41990286111831665
1229  0.4198931157588959
183  0.41988274455070496
43  0.41988226771354675
800  0.41987845301628113
1088  0.41987159848213196
848  0.4198417663574219
712  0.4198368787765503
1035  0.4198355972766876
1673  0.41982781887054443
83  0.4198247790336609
731  0.41982221603393555
100  0.4198170006275177
816  0.4197867214679718
883  0.4197852909564972
1104  0.41978445649147034
1166  0.4197840988636017
859  0.41977185010910034
68  0.4197677969932556
1074  0.41975292563438416
996  0.4197496473789215
67  0.4197443127632141
1543  0.4197433292865753
877  0.4197286069393158
360  0.4197200834751129
286  0.4197157621383667
1688  0.4197123646736145
1170  0.4197097718715668
115  0.4196961522102356
970  0.4196940064430237
184  0.41969236731529236
154  0.4196757376194
843  0.41967302560806274
1192  0.4196699857711792
1672  0.4196651577949524
1764  0.4196425676345825
942  0.4196353554725647
1262  0.4196324050426483
28  0.4196311831474304
726  0.41962602734565735
1053  0.41962191462516785
145  0.4196105897426605
854  0.4196094870567322
1431  0.4196033477783203
13  0.41959840059280396
1033  0.41959336400032043
1102  0.4195922017097473
205  0.41958513855934143
452  0.4195677638053894
66  0.4195622205734253
1148  0.419559121131897
993  0.4195573031902313
716  0.4195536673069
1131  0.4195529520511627
1211  0.41954514384269714
1028  0.4195420742034912
69  0.41953662037849426
227  0.4195304214954376
582  0.4195273220539093
1683  0.4195234775543213
411  0.4195179045200348
232  0.41951316595077515
1435  0.4195021688938141
972  0.41949009895324707
1572  0.419487863779068
779  0.4194846749305725
670  0.4194779694080353
1436  0.4194740951061249
375  0.4194697439670563
1335  0.4194687306880951
628  0.4194580912590027
823  0.41945284605026245
56  0.4194517135620117
644  0.4194253981113434
1069  0.4194176495075226
472  0.4194152057170868
1132  0.41940826177597046
394  0.4194028973579407
564  0.4194001257419586
908  0.419399619102478
944  0.41939666867256165
946  0.4193919003009796
1583  0.41938841342926025
1279  0.41937023401260376
785  0.4193674921989441
42  0.4193575084209442
1261  0.4193519055843353
551  0.41934728622436523
1514  0.4193398952484131
1226  0.4193280041217804
1352  0.41932451725006104
1550  0.4193219542503357
1037  0.4193192422389984
995  0.41929370164871216
744  0.41929346323013306
229  0.4192903935909271
897  0.4192869961261749
489  0.41928499937057495
1754  0.41928160190582275
772  0.4192734956741333
991  0.4192698895931244
821  0.41926831007003784
1255  0.41926127672195435
550  0.41924992203712463
1208  0.41924718022346497
1163  0.4192454218864441
1283  0.41924405097961426
1171  0.41924017667770386
1718  0.41922762989997864
62  0.4192212224006653
1362  0.4192129969596863
886  0.4192037880420685
1396  0.4191967248916626
1547  0.41919419169425964
1654  0.4191906154155731
1551  0.4191880226135254
501  0.4191688299179077
3  0.4191639721393585
201  0.4191600978374481
962  0.4191478192806244
1034  0.4191265404224396
586  0.41912612318992615
1678  0.41911497712135315
738  0.4191059172153473
1427  0.4191010594367981
708  0.4190996587276459
110  0.4190926253795624
695  0.41908642649650574
949  0.4190855026245117
1675  0.419079452753067
1013  0.41906818747520447
741  0.419066846370697
491  0.4190654754638672
419  0.41905954480171204
663  0.4190494120121002
841  0.41904109716415405
20  0.41903725266456604
706  0.41903382539749146
1200  0.4190331697463989
555  0.4189881980419159
1144  0.41896891593933105
298  0.4189680218696594
939  0.4189661741256714
1280  0.4189542233943939
1143  0.4189499020576477
669  0.41894927620887756
79  0.41894543170928955
1581  0.4189395308494568
1676  0.41893404722213745
1257  0.4189338684082031
1017  0.4189300835132599
1286  0.41892918944358826
803  0.4189265966415405
413  0.4188876152038574
940  0.4188804030418396
386  0.41887855529785156
1338  0.4188784956932068
717  0.418875128030777
203  0.41886770725250244
465  0.4188658595085144
153  0.4188578128814697
1032  0.41885605454444885
1265  0.4188549816608429
138  0.4188482463359833
1615  0.41884610056877136
1308  0.41883933544158936
382  0.41883304715156555
456  0.4188308119773865
853  0.41882720589637756
59  0.41882210969924927
1312  0.4188157320022583
1452  0.4188017249107361
1520  0.4187978506088257
46  0.4187934994697571
1757  0.4187934994697571
1336  0.4187931716442108
780  0.41878408193588257
885  0.41878387331962585
1042  0.41877472400665283
487  0.4187699258327484
760  0.4187643826007843
414  0.41875386238098145
1162  0.41874709725379944
64  0.4187433123588562
1191  0.41874030232429504
1613  0.4187336564064026
1055  0.41872575879096985
294  0.4187221825122833
1075  0.41871070861816406
488  0.418707013130188
630  0.41870588064193726
1295  0.4186890721321106
1130  0.41868430376052856
1549  0.41867101192474365
37  0.41866692900657654
224  0.418660432100296
739  0.41865843534469604
770  0.4186549782752991
721  0.41865354776382446
971  0.41865211725234985
1039  0.418617308139801
878  0.4186148941516876
337  0.41861435770988464
657  0.41861408948898315
1585  0.4186122715473175
1325  0.41860249638557434
1690  0.418601393699646
502  0.418600857257843
542  0.4185914695262909
832  0.418587327003479
672  0.4185837209224701
1659  0.41858288645744324
1043  0.4185749590396881
1428  0.4185728132724762
409  0.41856372356414795
396  0.41856154799461365
202  0.4185534417629242
1425  0.4185447692871094
65  0.4185282289981842
666  0.4185270369052887
745  0.41852688789367676
915  0.4185034930706024
7  0.4185032546520233
1765  0.41849765181541443
391  0.41849470138549805
1450  0.41849201917648315
916  0.4184846580028534
776  0.4184815287590027
273  0.4184742569923401
1735  0.41846638917922974
795  0.4184640944004059
1178  0.4184426963329315
225  0.41843467950820923
1697  0.41842710971832275
440  0.4184211790561676
1067  0.4184187352657318
1068  0.41841673851013184
1652  0.41841641068458557
1684  0.41841351985931396
793  0.41840967535972595
1018  0.4184069335460663
9  0.41839420795440674
893  0.4183881878852844
1463  0.4183824360370636
892  0.41837167739868164
462  0.41836315393447876
713  0.4183584749698639
1047  0.4183541536331177
244  0.4183330237865448
374  0.41832610964775085
250  0.41832518577575684
218  0.41831526160240173
1239  0.41830331087112427
58  0.4182932674884796
397  0.41829273104667664
558  0.41827353835105896
220  0.41825902462005615
937  0.4182565212249756
1168  0.41825544834136963
610  0.41825276613235474
148  0.41825127601623535
410  0.41824066638946533
1316  0.4182387590408325
1715  0.4182354509830475
881  0.4182295799255371
707  0.41822728514671326
1685  0.418220579624176
668  0.4182184934616089
1717  0.4182082414627075
1165  0.4181993007659912
592  0.4181978106498718
364  0.41819748282432556
35  0.41819462180137634
467  0.418193519115448
1378  0.4181906282901764
762  0.4181874692440033
860  0.41818636655807495
1115  0.4181830585002899
1036  0.418179452419281
935  0.4181787967681885
1515  0.41817399859428406
1667  0.41817179322242737
1552  0.4181671142578125
194  0.4181550145149231
1181  0.4181513488292694
1176  0.4181499481201172
588  0.418148934841156
763  0.4181453585624695
1682  0.41814059019088745
835  0.4181220233440399
418  0.41812071204185486
1311  0.4181155860424042
39  0.41810259222984314
147  0.4180990159511566
1046  0.41809895634651184
1410  0.4180905818939209
1746  0.4180871844291687
1314  0.41807878017425537
1639  0.418075293302536
1389  0.4180704951286316
591  0.41806840896606445
1251  0.4180621802806854
33  0.41804590821266174
1421  0.41801849007606506
1734  0.4180167615413666
1361  0.4180160462856293
1268  0.4180077612400055
633  0.41800716519355774
466  0.41800612211227417
1772  0.4179760813713074
1571  0.4179658591747284
1399  0.41796019673347473
1545  0.4179483652114868
546  0.4179401397705078
1582  0.41793760657310486
987  0.41793349385261536
660  0.41791874170303345
640  0.41791069507598877
647  0.41789913177490234
641  0.4178977906703949
766  0.4178940951824188
480  0.4178917706012726
1146  0.417889803647995
1408  0.4178875982761383
251  0.41788557171821594
1045  0.4178822338581085
541  0.41788190603256226
392  0.41788116097450256
720  0.41787657141685486
1419  0.4178600013256073
1243  0.41785675287246704
1691  0.4178546667098999
1195  0.4178541600704193
1394  0.41784343123435974
1330  0.41783568263053894
1650  0.4178221523761749
1072  0.41781970858573914
1612  0.4178129732608795
1403  0.41781288385391235
254  0.4178120493888855
1494  0.4178081452846527
1439  0.4177991449832916
91  0.41779544949531555
1000  0.41776376962661743
1179  0.417763352394104
754  0.41775354743003845
635  0.41774487495422363
1198  0.4177435040473938
1180  0.41773223876953125
1614  0.4177185595035553
1642  0.41771718859672546
1753  0.41771554946899414
474  0.4177106022834778
786  0.4177075922489166
1298  0.41768884658813477
1591  0.41768696904182434
556  0.4176792502403259
992  0.41767698526382446
408  0.4176725745201111
1356  0.4176581799983978
1360  0.4176551103591919
252  0.41765186190605164
209  0.41765061020851135
279  0.41764503717422485
133  0.41764456033706665
48  0.4176357388496399
964  0.41763314604759216
616  0.41762417554855347
1346  0.4176202714443207
1056  0.41761910915374756
1729  0.41760778427124023
1161  0.4175921082496643
1692  0.4175667464733124
990  0.4175507426261902
1548  0.41753944754600525
186  0.4175322949886322
1040  0.41752490401268005
333  0.41751977801322937
503  0.4175121784210205
571  0.41750699281692505
1686  0.4175069332122803
1379  0.41750532388687134
369  0.41750267148017883
493  0.41750186681747437
847  0.41749730706214905
446  0.41749492287635803
755  0.4174935519695282
732  0.4174809455871582
490  0.4174672067165375
1564  0.41745054721832275
1566  0.4174441695213318
1001  0.41744136810302734
87  0.41742071509361267
1129  0.4174199104309082
371  0.41741785407066345
1661  0.41741353273391724
629  0.4174064099788666
1644  0.41739967465400696
1443  0.41739243268966675
1398  0.4173913598060608
464  0.4173876941204071
228  0.41736769676208496
1618  0.41735824942588806
167  0.4173513352870941
1576  0.41733694076538086
1066  0.4173366129398346
743  0.4173347055912018
438  0.4173338711261749
496  0.4173174500465393
559  0.4173136055469513
1766  0.4173112213611603
1391  0.4172992408275604
718  0.4172900319099426
1631  0.4172879457473755
1357  0.41728755831718445
1466  0.417285293340683
596  0.41728487610816956
831  0.4172761142253876
469  0.4172699451446533
544  0.4172610938549042
1417  0.41723954677581787
761  0.4172383248806
1539  0.4172365665435791
256  0.41723600029945374
1388  0.41723009943962097
684  0.41722819209098816
96  0.417205274105072
1227  0.41719916462898254
836  0.4171900451183319
638  0.4171890914440155
1513  0.4171869456768036
920  0.4171866774559021
605  0.4171820282936096
1082  0.4171575605869293
1640  0.41715165972709656
150  0.4171498119831085
687  0.41714516282081604
611  0.41714441776275635
303  0.4171382188796997
389  0.4171379804611206
14  0.41712743043899536
1397  0.41712525486946106
824  0.4171238839626312
1415  0.4171229302883148
709  0.41709551215171814
998  0.41708695888519287
1495  0.4170810580253601
1358  0.4170798361301422
217  0.41707807779312134
650  0.4170706272125244
1363  0.417065292596817
51  0.4170595109462738
631  0.4170585870742798
1340  0.41705700755119324
994  0.4170491397380829
1412  0.4170458912849426
1657  0.417042076587677
1660  0.41704192757606506
1771  0.41704100370407104
1540  0.41703492403030396
34  0.4170133173465729
941  0.4170103967189789
49  0.417006254196167
1444  0.41699036955833435
554  0.4169868230819702
285  0.4169822931289673
1424  0.41697707772254944
1199  0.41697582602500916
1099  0.4169701039791107
1541  0.4169701039791107
567  0.4169638454914093
441  0.4169575870037079
1504  0.41695156693458557
210  0.4169485569000244
936  0.4169479310512543
1665  0.4169462323188782
370  0.4169422686100006
1638  0.41693130135536194
1385  0.4169236123561859
1038  0.4169100224971771
422  0.41690051555633545
276  0.4168969988822937
1256  0.41689538955688477
811  0.41688913106918335
507  0.41688403487205505
752  0.4168763756752014
1080  0.4168742001056671
1461  0.4168665111064911
1187  0.4168640077114105
1409  0.4168640077114105
508  0.4168567657470703
1440  0.41685551404953003
609  0.41685497760772705
1252  0.41684669256210327
1569  0.41683435440063477
965  0.4168336093425751
685  0.4168253242969513
161  0.4168187081813812
1462  0.4168171286582947
680  0.4167952537536621
1189  0.4167851507663727
178  0.41678109765052795
524  0.41677504777908325
1167  0.4167722165584564
387  0.4167696535587311
521  0.4167601466178894
1574  0.4167599678039551
1386  0.4167574942111969
424  0.4167526066303253
1544  0.4167499542236328
362  0.4167458117008209
999  0.4167425036430359
643  0.4167133569717407
1742  0.41670018434524536
1716  0.41669586300849915
471  0.41669023036956787
281  0.41667643189430237
812  0.4166763424873352
580  0.4166701138019562
1756  0.4166695177555084
1347  0.41666847467422485
1679  0.4166657328605652
1289  0.41666358709335327
1315  0.41665881872177124
1565  0.4166497588157654
1522  0.41664567589759827
197  0.41664549708366394
646  0.41664451360702515
164  0.4166366159915924
1393  0.416635662317276
175  0.41663140058517456
1595  0.4166257679462433
486  0.41662144660949707
1141  0.4166184067726135
626  0.41661781072616577
834  0.4166105389595032
625  0.41660556197166443
1666  0.41659289598464966
645  0.4165882170200348
274  0.4165838062763214
1156  0.4165719747543335
135  0.4165697395801544
581  0.41656866669654846
189  0.41656798124313354
1231  0.41656115651130676
1184  0.41651493310928345
1341  0.41651493310928345
974  0.41650718450546265
1433  0.4164890646934509
584  0.41647249460220337
566  0.41646650433540344
1521  0.41645872592926025
475  0.4164344072341919
808  0.4164295196533203
255  0.41641804575920105
1559  0.41641563177108765
200  0.41641008853912354
1437  0.41640278697013855
1555  0.41639968752861023
1377  0.4163944721221924
416  0.41638702154159546
575  0.4163697361946106
1339  0.4163662791252136
302  0.41634708642959595
247  0.4163450300693512
1155  0.4163440465927124
1401  0.4163367748260498
179  0.4163225591182709
439  0.4163151979446411
1627  0.41630518436431885
437  0.41630032658576965
561  0.41629642248153687
1696  0.4162898361682892
509  0.41628825664520264
674  0.4162854552268982
264  0.4162830412387848
1406  0.4162770211696625
1578  0.4162718951702118
909  0.4162556231021881
621  0.41625261306762695
1560  0.4162505269050598
149  0.4162377417087555
253  0.41623520851135254
1380  0.4162295162677765
525  0.4162279963493347
1747  0.41618895530700684
1607  0.41618016362190247
1267  0.4161711037158966
304  0.4161600172519684
973  0.41615745425224304
656  0.41614195704460144
222  0.41613972187042236
1420  0.4161246716976166
1284  0.41611695289611816
1465  0.4161073565483093
146  0.4160940647125244
787  0.41608425974845886
71  0.4160580337047577
1057  0.4160575866699219
1253  0.4160521328449249
1076  0.41604843735694885
1625  0.41604265570640564
299  0.41602516174316406
97  0.41601690649986267
89  0.4160156548023224
1509  0.4160021245479584
151  0.41598984599113464
1049  0.4159875214099884
1633  0.4159855544567108
1051  0.41598546504974365
806  0.4159841239452362
826  0.41597020626068115
1760  0.41596928238868713
1622  0.41596174240112305
1044  0.4159473478794098
1442  0.4159460961818695
733  0.4159434735774994
195  0.4159431457519531
894  0.4159296751022339
301  0.4159291088581085
308  0.41592565178871155
354  0.415924996137619
377  0.41591718792915344
1537  0.41590452194213867
1405  0.4158942997455597
528  0.415890097618103
522  0.41588664054870605
1382  0.41588151454925537
1656  0.41586536169052124
1577  0.41585925221443176
850  0.4158554673194885
958  0.4158545136451721
771  0.41584300994873047
602  0.4158351719379425
1426  0.4158327877521515
1196  0.41582363843917847
243  0.41580894589424133
241  0.41580185294151306
757  0.4158003330230713
372  0.4157988131046295
99  0.4157901704311371
1768  0.4157862961292267
590  0.41578182578086853
1689  0.4157692492008209
1496  0.41576430201530457
622  0.415753573179245
1237  0.41575220227241516
261  0.41573113203048706
1329  0.415729820728302
90  0.4157145619392395
794  0.4157106280326843
248  0.4157009720802307
578  0.41569608449935913
1503  0.4156934320926666
332  0.41567692160606384
904  0.4156745672225952
511  0.41567251086235046
219  0.41567182540893555
384  0.4156685173511505
272  0.4156598746776581
288  0.41565367579460144
1687  0.4156442880630493
1643  0.4156382083892822
166  0.4156339168548584
753  0.4156261682510376
168  0.4156249463558197
262  0.4156196713447571
1354  0.4156129062175751
1590  0.41560789942741394
451  0.4156028628349304
182  0.41560062766075134
196  0.41559264063835144
365  0.41558945178985596
1714  0.41557925939559937
1422  0.41556885838508606
1381  0.4155668020248413
1326  0.41556447744369507
188  0.4155474305152893
319  0.4155465364456177
1743  0.4155428409576416
116  0.41554149985313416
1490  0.4155208170413971
1767  0.4155147671699524
1669  0.4155083894729614
1651  0.41550660133361816
589  0.4155031144618988
1713  0.415492445230484
1589  0.41548997163772583
10  0.41547611355781555
667  0.41547030210494995
642  0.4154563844203949
483  0.41545385122299194
1070  0.4154490828514099
40  0.41544654965400696
1313  0.4154420793056488
216  0.4154358208179474
435  0.4154226779937744
510  0.41541096568107605
1708  0.41540321707725525
604  0.41539308428764343
373  0.41538652777671814
1536  0.41538122296333313
1384  0.41536179184913635
1570  0.4153609871864319
53  0.41536077857017517
543  0.4153516888618469
1263  0.4153488576412201
1722  0.4153187572956085
849  0.4153163731098175
1493  0.4152989685535431
344  0.4152939021587372
1423  0.4152926802635193
1726  0.415288507938385
1501  0.41528186202049255
347  0.4152790904045105
1662  0.4152772128582001
434  0.41527384519577026
187  0.4152522087097168
104  0.41524505615234375
1668  0.41524460911750793
388  0.41524431109428406
245  0.4152349531650543
1077  0.4152342975139618
1376  0.4152206480503082
1186  0.41521012783050537
1758  0.4152047038078308
1720  0.4151976704597473
215  0.41518351435661316
1579  0.41518068313598633
398  0.41517698764801025
686  0.41516342759132385
574  0.41514164209365845
945  0.41514039039611816
98  0.4151363968849182
1542  0.4151315987110138
479  0.4151272177696228
125  0.4151245653629303
447  0.4151216745376587
1483  0.41512036323547363
126  0.4151129722595215
568  0.4151052236557007
442  0.41510435938835144
6  0.4151017963886261
134  0.4150990843772888
1526  0.4150865972042084
1502  0.4150815010070801
1127  0.4150794446468353
1728  0.4150756895542145
165  0.4150695204734802
1636  0.4150652289390564
1632  0.41506510972976685
1188  0.4150633215904236
675  0.41505977511405945
547  0.4150543212890625
1658  0.4150400161743164
444  0.4150361120700836
1529  0.4150351881980896
390  0.4150190055370331
1525  0.4150148034095764
759  0.41501250863075256
679  0.4150085747241974
1454  0.4149836003780365
1554  0.4149792492389679
1392  0.41496315598487854
1737  0.4149581789970398
526  0.414957731962204
1681  0.4149569869041443
1510  0.4149545431137085
8  0.41495203971862793
258  0.41494542360305786
172  0.41494426131248474
1484  0.4149326980113983
1449  0.4149227738380432
226  0.41491103172302246
1524  0.41490912437438965
612  0.4148891866207123
1343  0.4148785173892975
1527  0.414865106344223
1594  0.4148603081703186
1447  0.4148585796356201
750  0.4148496985435486
736  0.4148431122303009
305  0.41483190655708313
207  0.41483062505722046
485  0.4148229658603668
417  0.4148200750350952
833  0.41480812430381775
565  0.41480761766433716
325  0.4148063063621521
613  0.41478922963142395
1700  0.4147875905036926
608  0.41477710008621216
1160  0.41477447748184204
1733  0.4147697687149048
421  0.41476577520370483
562  0.4147608280181885
1416  0.414747029542923
93  0.41473156213760376
1553  0.4147307872772217
407  0.41472387313842773
911  0.4147125482559204
624  0.41471067070961
1680  0.41468843817710876
1418  0.414683997631073
449  0.41467949748039246
1337  0.41466858983039856
576  0.41466620564460754
1453  0.41466253995895386
450  0.41466236114501953
190  0.41465893387794495
132  0.41464710235595703
519  0.41461464762687683
735  0.41459619998931885
1128  0.41459399461746216
316  0.41458895802497864
433  0.41458532214164734
884  0.41458335518836975
1628  0.4145823121070862
309  0.41457802057266235
676  0.41457775235176086
1432  0.4145675301551819
1468  0.41455894708633423
284  0.4145558178424835
246  0.41455310583114624
206  0.4145360589027405
361  0.41452524065971375
505  0.414521187543869
282  0.4144975543022156
597  0.4144895076751709
506  0.414482057094574
1190  0.4144788980484009
324  0.4144686162471771
1411  0.41446617245674133
476  0.41445478796958923
1698  0.41444462537765503
257  0.414434552192688
498  0.4144341051578522
758  0.41443049907684326
1458  0.4144297242164612
436  0.41442784667015076
688  0.4144277274608612
1745  0.4144272804260254
623  0.41442635655403137
208  0.4144117534160614
997  0.41440510749816895
478  0.41439712047576904
307  0.4143916368484497
934  0.41438770294189453
1438  0.41437196731567383
1538  0.4143572449684143
1407  0.4143439829349518
1157  0.41432344913482666
1116  0.4143010079860687
1353  0.41428783535957336
573  0.4142565429210663
1238  0.41425612568855286
239  0.41424092650413513
637  0.4142392873764038
63  0.4142284691333771
1081  0.41420814394950867
1153  0.41420143842697144
636  0.4142007529735565
481  0.41419142484664917
1738  0.4141775071620941
1498  0.4141625463962555
1605  0.4141594469547272
1471  0.41415801644325256
531  0.4141463041305542
326  0.41410312056541443
334  0.41410133242607117
1732  0.4141007661819458
1434  0.41409406065940857
599  0.41409263014793396
385  0.41409221291542053
756  0.4140804708003998
1079  0.4140687882900238
1142  0.41406363248825073
497  0.4140418469905853
540  0.4140007495880127
406  0.41398754715919495
130  0.41398370265960693
1430  0.4139809310436249
55  0.41396915912628174
280  0.41395804286003113
1586  0.4139392375946045
176  0.4139232337474823
1587  0.41391220688819885
1709  0.41391170024871826
898  0.4139082729816437
368  0.4139062464237213
404  0.4138849675655365
317  0.41388222575187683
129  0.41384947299957275
338  0.41383853554725647
1621  0.41382554173469543
1755  0.41380786895751953
1499  0.4138001501560211
306  0.4137910008430481
1383  0.4137871265411377
1561  0.4137822687625885
1205  0.41378137469291687
426  0.41377905011177063
563  0.4137772023677826
1473  0.4137766659259796
1469  0.4137723445892334
1563  0.4137715697288513
1206  0.4137691259384155
348  0.4137688875198364
514  0.41376715898513794
1730  0.4137607216835022
1626  0.41371646523475647
482  0.4137149155139923
283  0.4136970639228821
1721  0.41368600726127625
1739  0.4136792719364166
359  0.4136752784252167
1505  0.4136732220649719
323  0.413661390542984
238  0.41364729404449463
448  0.4136388897895813
234  0.4136350452899933
570  0.41361579298973083
1154  0.41360846161842346
896  0.41359034180641174
270  0.4135822653770447
1448  0.4135725200176239
443  0.41356974840164185
1762  0.4135529398918152
1634  0.4135279953479767
291  0.41352421045303345
380  0.41351303458213806
131  0.4134969711303711
1535  0.413491427898407
1500  0.4134829044342041
259  0.41347894072532654
903  0.4134764075279236
572  0.4134680926799774
367  0.41346704959869385
1562  0.41345351934432983
1731  0.4134414494037628
513  0.4134413003921509
1699  0.41342905163764954
1604  0.4134249985218048
1390  0.41342467069625854
1759  0.4134233593940735
851  0.4134216606616974
607  0.4134114682674408
473  0.41341012716293335
1635  0.41340717673301697
1761  0.413397878408432
1207  0.41339755058288574
1041  0.41338619589805603
173  0.41338056325912476
321  0.4133724272251129
349  0.4133557379245758
530  0.4133484363555908
237  0.4133465886116028
432  0.41331160068511963
1512  0.4133099913597107
1727  0.4133022725582123
520  0.41330021619796753
339  0.4132961630821228
649  0.41329339146614075
1400  0.41329067945480347
1078  0.41328027844429016
747  0.4132726788520813
1359  0.41325363516807556
327  0.4132266342639923
1528  0.41322508454322815
1751  0.41321393847465515
682  0.4132135212421417
1479  0.41320303082466125
383  0.41319531202316284
1230  0.41318389773368835
1414  0.41318249702453613
901  0.41317516565322876
1254  0.41317233443260193
1342  0.4131518006324768
401  0.41312694549560547
1663  0.4131263494491577
423  0.4131181240081787
1744  0.41310355067253113
548  0.41309744119644165
648  0.41309070587158203
655  0.4130539298057556
1603  0.4130510687828064
312  0.413043737411499
180  0.41302627325057983
500  0.4129912853240967
1616  0.4129875898361206
381  0.41297897696495056
402  0.41296514868736267
1725  0.4129490852355957
515  0.41294705867767334
615  0.4129351079463959
577  0.4129302203655243
1575  0.41292130947113037
1588  0.41290825605392456
1497  0.41290345788002014
1472  0.41289541125297546
1355  0.41288647055625916
1429  0.4128856956958771
322  0.4128841161727905
260  0.41288313269615173
287  0.41287076473236084
341  0.41282081604003906
619  0.4128132164478302
678  0.41280901432037354
1147  0.4127776622772217
1752  0.4127749800682068
617  0.4127720594406128
1368  0.4127655029296875
1511  0.41276320815086365
293  0.4127531945705414
1610  0.4127250909805298
1707  0.4126982092857361
193  0.41269344091415405
1369  0.41268622875213623
614  0.4126635491847992
1701  0.4126555919647217
400  0.41265249252319336
533  0.41265127062797546
320  0.41265031695365906
54  0.4126453995704651
1375  0.4126376509666443
1736  0.4126352369785309
1619  0.41263407468795776
549  0.41263219714164734
366  0.4126262664794922
477  0.41258707642555237
1704  0.4125851094722748
1327  0.41255655884742737
242  0.41253724694252014
1050  0.412496417760849
353  0.4124843180179596
1460  0.41248247027397156
1470  0.4124668836593628
484  0.41244539618492126
749  0.4124329090118408
263  0.41242948174476624
340  0.41241806745529175
1580  0.41239503026008606
569  0.41235846281051636
1467  0.4123336374759674
654  0.4123300015926361
598  0.4123069643974304
1703  0.4123055040836334
363  0.41228726506233215
236  0.4122706949710846
92  0.41225138306617737
1623  0.41225072741508484
315  0.4122430682182312
313  0.41223666071891785
1769  0.41223281621932983
1058  0.4122244417667389
618  0.4122050106525421
429  0.41216835379600525
748  0.4120938777923584
518  0.4120689928531647
734  0.412063330411911
560  0.41205477714538574
378  0.41204020380973816
1477  0.41203534603118896
1370  0.41201359033584595
902  0.4119594395160675
271  0.41195693612098694
538  0.4119470417499542
1048  0.4119344651699066
1159  0.41188257932662964
1506  0.41188257932662964
1402  0.4118651747703552
1705  0.41184157133102417
431  0.4118223786354065
1488  0.41181132197380066
681  0.41181087493896484
405  0.4118085503578186
335  0.41180291771888733
1647  0.41180065274238586
639  0.4117961823940277
1508  0.4117923378944397
403  0.41178518533706665
1530  0.4117724597454071
357  0.4117623567581177
1602  0.41173967719078064
240  0.4117357134819031
329  0.41173139214515686
212  0.4117283225059509
523  0.4117213189601898
1507  0.41171756386756897
379  0.41170525550842285
1706  0.41169264912605286
331  0.4116857647895813
1637  0.41167381405830383
177  0.4116656482219696
1457  0.41163042187690735
292  0.41160666942596436
181  0.411587119102478
310  0.4115568995475769
427  0.4115429222583771
128  0.4115222692489624
1534  0.41151878237724304
1364  0.4115181267261505
1629  0.41150012612342834
1475  0.41147857904434204
499  0.4114748537540436
346  0.4114539623260498
1533  0.41141968965530396
620  0.41140303015708923
600  0.4113972783088684
214  0.4113885760307312
356  0.41135308146476746
1492  0.41131946444511414
1266  0.411310076713562
1712  0.41129353642463684
1770  0.4112790524959564
1597  0.4112640917301178
425  0.4112258553504944
1481  0.41122183203697205
1624  0.41121551394462585
603  0.41121405363082886
1328  0.4111708104610443
1456  0.41114750504493713
534  0.41114065051078796
50  0.4111342132091522
468  0.4111282527446747
269  0.4110671877861023
512  0.41105926036834717
1002  0.4110260605812073
1740  0.4109746813774109
300  0.41096067428588867
539  0.4109577536582947
314  0.4109208583831787
579  0.41085726022720337
330  0.4107774496078491
211  0.41077229380607605
532  0.41074755787849426
355  0.4107421338558197
1491  0.4107261300086975
536  0.4107092022895813
127  0.410663366317749
1485  0.4106481075286865
311  0.410632848739624
535  0.41058555245399475
1630  0.41045695543289185
430  0.4103718400001526
1600  0.41035762429237366
428  0.4103478491306305
52  0.4103150963783264
1645  0.4102794826030731
352  0.4102696478366852
1476  0.41026097536087036
235  0.4102565348148346
1487  0.4102478325366974
1749  0.41017475724220276
267  0.41015586256980896
651  0.4101029336452484
527  0.4100828766822815
213  0.410053551197052
900  0.4100377559661865
1474  0.4099932610988617
601  0.40998440980911255
318  0.4099605083465576
1531  0.4099372327327728
1646  0.40992674231529236
1596  0.4099079966545105
1601  0.40989187359809875
1617  0.4098738133907318
1598  0.4098030626773834
683  0.40970006585121155
677  0.4096531569957733
1702  0.40963104367256165
852  0.4096201956272125
1606  0.40960779786109924
342  0.40958499908447266
358  0.40954601764678955
1748  0.40954431891441345
1648  0.4095384180545807
351  0.4095129072666168
1478  0.40944263339042664
516  0.4094218313694
1489  0.4094153642654419
1649  0.40937986969947815
336  0.4093775749206543
191  0.4092616140842438
1741  0.40912988781929016
1608  0.4090251326560974
1367  0.40900278091430664
290  0.40895214676856995
343  0.4089345633983612
606  0.40891626477241516
652  0.4089038372039795
1532  0.40889325737953186
328  0.4088519811630249
1599  0.4087628424167633
265  0.4087265729904175
1750  0.40872037410736084
1724  0.40865713357925415
537  0.4086405634880066
1486  0.40857425332069397
653  0.4085480570793152
1365  0.4083590507507324
899  0.40834999084472656
266  0.40828201174736023
1609  0.4081633687019348
289  0.4078744947910309
1482  0.4078114926815033
192  0.4076012372970581
1371  0.40754932165145874
1711  0.4073578715324402
517  0.4072587788105011
350  0.40672820806503296
1373  0.4066646695137024
1480  0.40649303793907166
1372  0.40603184700012207
1710  0.4060235023498535
1723  0.4059193432331085
1366  0.4052952527999878
268  0.40520229935646057
1374  0.4013980031013489
