985  0.4450300335884094
1  0.43066543340682983
557  0.43053239583969116
740  0.430488258600235
676  0.43032577633857727
809  0.428968220949173
655  0.428902804851532
654  0.4288521111011505
656  0.4287016689777374
660  0.428554505109787
657  0.42854997515678406
449  0.42854005098342896
651  0.42847347259521484
614  0.42828652262687683
677  0.42799675464630127
688  0.42777442932128906
497  0.42773008346557617
672  0.4276953935623169
981  0.42751312255859375
982  0.4274926483631134
675  0.42726171016693115
670  0.42709168791770935
509  0.4270801842212677
2  0.42702385783195496
471  0.4269748628139496
669  0.4269173741340637
623  0.4267832040786743
270  0.42671069502830505
686  0.42664700746536255
674  0.4265247881412506
479  0.42652323842048645
671  0.426493376493454
250  0.4263154864311218
589  0.42625898122787476
563  0.4262036383152008
668  0.4261602461338043
495  0.42602190375328064
632  0.4260033369064331
511  0.4259741008281708
697  0.425972580909729
513  0.42585745453834534
590  0.42582476139068604
586  0.42581307888031006
864  0.42579716444015503
567  0.42575645446777344
762  0.4257088303565979
625  0.4256928861141205
512  0.4256318509578705
811  0.42562970519065857
494  0.42560648918151855
739  0.4255054295063019
596  0.42548367381095886
975  0.4254702031612396
984  0.425423800945282
450  0.425422728061676
983  0.4253818392753601
468  0.42529284954071045
467  0.42526108026504517
647  0.4252532124519348
633  0.4252251088619232
480  0.42521774768829346
598  0.4252045154571533
640  0.4251430332660675
551  0.4250667989253998
808  0.42499661445617676
569  0.424957811832428
566  0.424909383058548
452  0.424847811460495
641  0.4247983992099762
760  0.42475980520248413
28  0.42473500967025757
458  0.42472630739212036
746  0.424688458442688
650  0.4246583580970764
501  0.42462411522865295
749  0.42456069588661194
687  0.42445871233940125
451  0.4244462847709656
560  0.4244112968444824
570  0.4244016706943512
269  0.42439624667167664
642  0.42431172728538513
776  0.4242796301841736
496  0.4242793321609497
807  0.4241744875907898
535  0.4241698086261749
765  0.42412126064300537
630  0.4241039454936981
748  0.42410385608673096
191  0.42408594489097595
636  0.4240246117115021
976  0.42399895191192627
549  0.423982173204422
784  0.42393970489501953
611  0.4239075481891632
800  0.42390522360801697
493  0.42389750480651855
249  0.4238196909427643
643  0.42370641231536865
717  0.4237048327922821
849  0.42367613315582275
464  0.4236629605293274
531  0.4236573874950409
753  0.42364931106567383
716  0.423601359128952
588  0.42356863617897034
764  0.4235682487487793
747  0.42356422543525696
533  0.4235260784626007
612  0.423523873090744
448  0.42350494861602783
667  0.4234883487224579
659  0.4234873354434967
638  0.42347416281700134
555  0.42345088720321655
769  0.4234432876110077
548  0.4233989119529724
559  0.42337095737457275
710  0.4233490824699402
508  0.4233194887638092
568  0.4233185052871704
587  0.4232577085494995
457  0.4231557846069336
609  0.4231168329715729
31  0.423085480928421
510  0.423068106174469
443  0.42306503653526306
523  0.4230373799800873
446  0.4230259656906128
637  0.4229978919029236
223  0.42295438051223755
21  0.42295026779174805
796  0.4229453206062317
132  0.42293909192085266
603  0.42293646931648254
466  0.4228867292404175
731  0.42287811636924744
554  0.42287513613700867
922  0.42287471890449524
615  0.4228726327419281
291  0.42285698652267456
460  0.4228544533252716
562  0.42282015085220337
500  0.42281001806259155
763  0.42279309034347534
673  0.4227822721004486
470  0.42277616262435913
706  0.4227462410926819
237  0.42274385690689087
689  0.42271360754966736
553  0.422687292098999
382  0.42260947823524475
649  0.42260321974754333
333  0.42259109020233154
507  0.42257487773895264
534  0.4225444197654724
653  0.42254334688186646
631  0.4225151836872101
238  0.42249795794487
271  0.42240315675735474
967  0.4223756194114685
552  0.42232441902160645
919  0.4223106801509857
980  0.4223090708255768
251  0.4223023056983948
699  0.42227137088775635
854  0.42225903272628784
737  0.422247976064682
605  0.42222872376441956
578  0.42216458916664124
661  0.4221416115760803
846  0.4221155643463135
581  0.42210090160369873
179  0.4220864176750183
133  0.42207902669906616
265  0.4220676124095917
757  0.42206692695617676
207  0.422049880027771
613  0.4220428466796875
680  0.4220200777053833
561  0.42196765542030334
682  0.4219522774219513
635  0.4219467341899872
558  0.4219185709953308
134  0.4218946099281311
926  0.421880304813385
126  0.42186009883880615
761  0.42183130979537964
742  0.42182815074920654
817  0.42178505659103394
472  0.4217796325683594
469  0.4217422306537628
498  0.42173877358436584
745  0.4217340052127838
571  0.4217219650745392
921  0.42170336842536926
550  0.42169126868247986
646  0.42168867588043213
766  0.4216833710670471
833  0.42167937755584717
648  0.42167413234710693
482  0.4216483533382416
272  0.4216422438621521
23  0.42160528898239136
564  0.42158401012420654
915  0.42157256603240967
744  0.4215599596500397
415  0.42153868079185486
608  0.4215342700481415
444  0.42152631282806396
816  0.42151474952697754
454  0.42149817943573
634  0.4214937686920166
735  0.42147403955459595
585  0.42147040367126465
810  0.42146065831184387
684  0.4214540421962738
484  0.42140746116638184
556  0.4213820695877075
727  0.4213782548904419
135  0.4213775098323822
907  0.42133593559265137
527  0.421334832906723
743  0.4213174879550934
813  0.4213123321533203
806  0.42128533124923706
595  0.4212629795074463
607  0.42123615741729736
582  0.4212334454059601
483  0.42119741439819336
447  0.4211921691894531
96  0.4211687445640564
499  0.4211670458316803
729  0.42115384340286255
537  0.4211491048336029
239  0.42112746834754944
679  0.4211234450340271
487  0.421117901802063
734  0.4211161732673645
268  0.421098917722702
453  0.42108434438705444
381  0.4210837781429291
801  0.4210818111896515
786  0.4210650622844696
812  0.42105406522750854
180  0.4210459589958191
652  0.4210268557071686
741  0.42099472880363464
722  0.4209706485271454
829  0.42096447944641113
858  0.42094889283180237
226  0.4209381937980652
639  0.42091336846351624
859  0.4208862781524658
387  0.42087966203689575
815  0.4208778738975525
645  0.4208298623561859
627  0.42081862688064575
597  0.420789897441864
658  0.4207799732685089
423  0.42077723145484924
491  0.4207713007926941
624  0.4207647144794464
805  0.4207419455051422
413  0.4207320213317871
925  0.42072927951812744
384  0.42069482803344727
626  0.4206726551055908
547  0.42066970467567444
754  0.4206434488296509
577  0.4205936789512634
767  0.4205475449562073
818  0.4204908013343811
542  0.42048969864845276
385  0.42048388719558716
971  0.42047956585884094
524  0.42047932744026184
332  0.42044898867607117
529  0.42044493556022644
481  0.42040616273880005
785  0.42039352655410767
386  0.420388787984848
719  0.4203749895095825
732  0.4203461706638336
506  0.4203454852104187
30  0.4203357994556427
100  0.4203271269798279
678  0.42032480239868164
81  0.4202847182750702
622  0.4202398657798767
616  0.4202219247817993
456  0.420210063457489
610  0.42019498348236084
541  0.4201885759830475
593  0.42018556594848633
579  0.42015641927719116
619  0.42014339566230774
685  0.4201294481754303
790  0.4201284945011139
580  0.4201178252696991
445  0.4200891852378845
857  0.4200877845287323
192  0.4200798571109772
703  0.4200798571109772
29  0.42006468772888184
918  0.42005661129951477
893  0.42005014419555664
7  0.4200398027896881
924  0.420013964176178
389  0.4199901521205902
145  0.4199884831905365
227  0.4199688136577606
189  0.41996291279792786
953  0.41995516419410706
202  0.41995173692703247
759  0.41993775963783264
888  0.41988125443458557
156  0.4198703467845917
705  0.41983067989349365
521  0.41982167959213257
771  0.4198131859302521
275  0.4198093116283417
718  0.41978004574775696
973  0.41976866126060486
16  0.41976359486579895
584  0.41975846886634827
473  0.4197569191455841
273  0.419748455286026
830  0.41974326968193054
713  0.41973772644996643
665  0.41973456740379333
316  0.4197281002998352
330  0.419723778963089
845  0.41971316933631897
172  0.4197027087211609
252  0.4196985065937042
417  0.41968274116516113
428  0.4196784794330597
600  0.41967493295669556
397  0.41964608430862427
178  0.41962212324142456
93  0.4195905029773712
328  0.4195878207683563
662  0.41957855224609375
366  0.4195781648159027
160  0.41957810521125793
573  0.4195592999458313
357  0.4195367395877838
243  0.4195323884487152
12  0.41951456665992737
32  0.41951170563697815
889  0.4194963872432709
323  0.41949090361595154
185  0.4194468855857849
751  0.4194146394729614
530  0.41940373182296753
778  0.4193784296512604
777  0.4193750321865082
958  0.4193704426288605
738  0.41936221718788147
462  0.4193505644798279
373  0.4193410873413086
367  0.41933494806289673
923  0.4193126857280731
182  0.4192918539047241
421  0.41926315426826477
313  0.41926220059394836
13  0.419239342212677
617  0.41922909021377563
206  0.41922727227211
720  0.4192260801792145
909  0.4192241430282593
730  0.4192196726799011
591  0.4191994071006775
130  0.41917553544044495
98  0.41913288831710815
488  0.4191245138645172
956  0.4191233515739441
773  0.4191194176673889
957  0.4190808832645416
414  0.41907042264938354
838  0.4190591871738434
695  0.4190588593482971
504  0.41905727982521057
545  0.41904217004776
939  0.41899552941322327
726  0.418954998254776
856  0.41894906759262085
755  0.41894200444221497
775  0.4189399182796478
969  0.4189292788505554
592  0.41892382502555847
398  0.4189230799674988
664  0.4189165532588959
715  0.4188879430294037
700  0.41887304186820984
411  0.4188639223575592
429  0.4188571572303772
502  0.4188140332698822
949  0.41880160570144653
514  0.41879507899284363
455  0.41876664757728577
362  0.41874584555625916
465  0.4187314510345459
267  0.41872721910476685
248  0.4187230169773102
431  0.41869908571243286
290  0.41869497299194336
492  0.4186834990978241
87  0.41868266463279724
694  0.41867712140083313
752  0.41867512464523315
528  0.4186725318431854
474  0.4186502993106842
532  0.4186456799507141
793  0.4186455309391022
852  0.4186365008354187
900  0.41862744092941284
733  0.41861167550086975
952  0.41860508918762207
583  0.41859614849090576
416  0.4185927212238312
190  0.4185760021209717
412  0.41857051849365234
860  0.41856473684310913
184  0.4185640513896942
788  0.4185614585876465
962  0.4185269773006439
803  0.41850683093070984
959  0.41850244998931885
834  0.4184989035129547
789  0.41849514842033386
161  0.4184799790382385
804  0.41845703125
933  0.4184444546699524
708  0.4184301793575287
823  0.41842225193977356
204  0.4184134900569916
966  0.4184056520462036
228  0.4184015989303589
704  0.4183163046836853
540  0.4183131754398346
259  0.41831082105636597
229  0.41830775141716003
370  0.4183071255683899
77  0.4182822108268738
17  0.4182662069797516
758  0.41825026273727417
629  0.4182411730289459
264  0.41824012994766235
565  0.41823917627334595
526  0.4182281494140625
968  0.41821423172950745
536  0.41821154952049255
183  0.41817933320999146
274  0.4181692898273468
870  0.4181545376777649
606  0.4181293547153473
572  0.41812750697135925
832  0.4181252717971802
869  0.4180895984172821
164  0.4180891811847687
721  0.4180760383605957
410  0.41807445883750916
154  0.41807201504707336
709  0.41806715726852417
94  0.4180454611778259
503  0.4180344045162201
5  0.41802722215652466
891  0.41802623867988586
24  0.4180199205875397
714  0.4179939925670624
831  0.4179849624633789
770  0.4179840385913849
11  0.4179774224758148
181  0.4179663360118866
853  0.41796568036079407
27  0.4179631769657135
438  0.417958527803421
22  0.41794493794441223
6  0.4179404377937317
101  0.4179321229457855
351  0.4179280698299408
756  0.41791754961013794
916  0.41791293025016785
92  0.4179125428199768
315  0.41786181926727295
360  0.41783544421195984
546  0.41781583428382874
908  0.4178120791912079
978  0.4177951514720917
601  0.4177936613559723
395  0.4177909195423126
691  0.4177727997303009
80  0.41772449016571045
544  0.41772162914276123
865  0.4177100956439972
911  0.41769030690193176
848  0.41768166422843933
352  0.41766905784606934
394  0.41765519976615906
131  0.41764846444129944
683  0.41763508319854736
798  0.41762417554855347
26  0.4176064729690552
193  0.4175958037376404
214  0.41759082674980164
663  0.4175844192504883
599  0.41757071018218994
232  0.4175584018230438
644  0.41755440831184387
283  0.4175506830215454
964  0.41754111647605896
974  0.41752779483795166
750  0.41749995946884155
194  0.41748544573783875
426  0.4174753725528717
148  0.4174600839614868
430  0.41745883226394653
970  0.41744494438171387
489  0.41743606328964233
353  0.41743341088294983
772  0.41742175817489624
186  0.4174172878265381
954  0.4173957109451294
837  0.4173906147480011
917  0.41738978028297424
4  0.4173670709133148
906  0.4173543155193329
874  0.4173521101474762
442  0.41734516620635986
365  0.417324423789978
861  0.41724666953086853
490  0.41724205017089844
862  0.41724175214767456
14  0.41724079847335815
794  0.41722577810287476
519  0.41722121834754944
127  0.4172051250934601
122  0.4172046184539795
885  0.4172002971172333
337  0.4171997606754303
79  0.41719797253608704
116  0.41718795895576477
485  0.41717490553855896
137  0.41714635491371155
88  0.4171431064605713
311  0.417138010263443
850  0.4171373248100281
728  0.41713589429855347
847  0.4171290993690491
104  0.41710296273231506
388  0.417095422744751
374  0.4170859456062317
517  0.41703736782073975
780  0.41702890396118164
56  0.4169885218143463
819  0.4169856905937195
702  0.41697442531585693
240  0.416972815990448
515  0.41697070002555847
505  0.41697055101394653
256  0.41696372628211975
666  0.4169626533985138
420  0.4169413447380066
155  0.4169376492500305
539  0.4169197976589203
851  0.41691672801971436
826  0.4168911874294281
422  0.41688358783721924
965  0.4168507754802704
914  0.41678687930107117
292  0.41677621006965637
125  0.41677165031433105
3  0.4167703092098236
768  0.4167679250240326
188  0.41676121950149536
216  0.416736900806427
236  0.41670018434524536
520  0.4166983664035797
522  0.4166926443576813
476  0.4166858196258545
802  0.4166410565376282
335  0.416625440120697
306  0.41661641001701355
225  0.41661202907562256
341  0.41661080718040466
814  0.41660672426223755
379  0.4165964722633362
317  0.4165809750556946
396  0.4165738821029663
897  0.4165692627429962
139  0.4165503978729248
147  0.4165341258049011
149  0.4165233075618744
255  0.4165174961090088
20  0.41651585698127747
336  0.416499525308609
461  0.4164971709251404
855  0.4164823591709137
913  0.41645482182502747
927  0.41643309593200684
85  0.41642940044403076
378  0.416423499584198
289  0.4164181649684906
235  0.4164147675037384
863  0.4164133071899414
791  0.4163794219493866
696  0.4163767397403717
701  0.4163648784160614
326  0.4163375496864319
262  0.41633158922195435
102  0.4163067638874054
222  0.4162920117378235
364  0.41628485918045044
886  0.41627755761146545
424  0.4162242114543915
979  0.41621991991996765
325  0.4162132740020752
82  0.41618630290031433
594  0.41616570949554443
287  0.4161175489425659
736  0.4160962998867035
628  0.4160926640033722
209  0.41608545184135437
782  0.41607797145843506
266  0.41607096791267395
868  0.4160599112510681
543  0.4160529375076294
361  0.41603535413742065
459  0.41603267192840576
820  0.41602233052253723
110  0.41600295901298523
779  0.4160004258155823
33  0.4159682095050812
795  0.41595444083213806
486  0.4159518778324127
260  0.4159431457519531
318  0.41594019532203674
951  0.41593214869499207
91  0.4159186780452728
698  0.41589292883872986
393  0.4158637821674347
690  0.41583535075187683
280  0.41581282019615173
977  0.4158068895339966
783  0.41579052805900574
875  0.4157855808734894
822  0.41578254103660583
310  0.4157519042491913
955  0.4157508313655853
200  0.41574713587760925
799  0.4157354235649109
774  0.4157097637653351
618  0.41570624709129333
432  0.41566795110702515
876  0.41565147042274475
224  0.41563528776168823
937  0.4155803918838501
359  0.4155596196651459
901  0.41555535793304443
871  0.41554462909698486
792  0.41552096605300903
305  0.4155064523220062
234  0.41549211740493774
65  0.41548025608062744
905  0.4154200255870819
879  0.41541245579719543
55  0.4154052436351776
894  0.41537970304489136
8  0.41537535190582275
128  0.41536903381347656
173  0.41534659266471863
171  0.41534367203712463
867  0.41534021496772766
58  0.41533786058425903
890  0.41533035039901733
253  0.4153091311454773
261  0.41530686616897583
60  0.4152660667896271
912  0.41525065898895264
327  0.4152441620826721
960  0.4152102768421173
201  0.4151982069015503
824  0.4151949882507324
407  0.41518497467041016
298  0.4151734709739685
281  0.4151504337787628
75  0.41514283418655396
86  0.41512662172317505
97  0.4151233732700348
329  0.4151175916194916
604  0.4151167571544647
841  0.41510024666786194
840  0.41509753465652466
950  0.41508907079696655
331  0.41508418321609497
478  0.41507938504219055
574  0.41507044434547424
159  0.4150562882423401
931  0.41501933336257935
140  0.41499796509742737
78  0.4149906635284424
95  0.41499030590057373
322  0.4149819612503052
44  0.41495099663734436
368  0.4149448871612549
146  0.4149407744407654
175  0.41489920020103455
380  0.4148932993412018
211  0.41488632559776306
946  0.4148363471031189
828  0.41483476758003235
602  0.4148312211036682
935  0.41482648253440857
887  0.4148048758506775
439  0.4147990942001343
123  0.414786159992218
247  0.41478487849235535
463  0.4147810637950897
419  0.4147651493549347
938  0.41475069522857666
725  0.41471776366233826
301  0.41470927000045776
338  0.414699912071228
163  0.4146844744682312
399  0.4146648347377777
363  0.41465187072753906
835  0.4146486818790436
177  0.4146428406238556
427  0.4146411418914795
821  0.4146382510662079
787  0.41463589668273926
157  0.41462159156799316
711  0.41459816694259644
89  0.4145928919315338
899  0.4145742952823639
99  0.4145621955394745
120  0.4145140051841736
284  0.414460152387619
303  0.4144575595855713
928  0.4144473075866699
34  0.4144354462623596
440  0.4144294857978821
963  0.4144076406955719
902  0.41438770294189453
53  0.41436144709587097
108  0.4143543839454651
371  0.41435346007347107
299  0.4143313765525818
282  0.41429078578948975
409  0.41427165269851685
896  0.4142599403858185
187  0.4142230451107025
518  0.41418781876564026
35  0.414177805185318
932  0.41417431831359863
344  0.41414883732795715
340  0.4141198992729187
151  0.41407597064971924
258  0.4140496253967285
158  0.414048433303833
141  0.41403982043266296
525  0.41403135657310486
377  0.4140242338180542
90  0.41402140259742737
205  0.4140153229236603
10  0.41401296854019165
324  0.41400375962257385
391  0.41398367285728455
836  0.41395795345306396
892  0.41395747661590576
103  0.41393810510635376
165  0.41391560435295105
208  0.4138810336589813
257  0.4138733148574829
312  0.41384485363960266
972  0.4138430953025818
369  0.4138398766517639
934  0.4138363301753998
375  0.41383081674575806
143  0.41382545232772827
712  0.41380441188812256
285  0.41379663348197937
723  0.413780152797699
575  0.4137552082538605
9  0.41374635696411133
59  0.4136452376842499
37  0.413623571395874
873  0.41361570358276367
15  0.413605272769928
245  0.41359972953796387
302  0.4135458171367645
350  0.4135448634624481
781  0.41353562474250793
681  0.4135209321975708
797  0.413519948720932
129  0.4135074317455292
109  0.41348525881767273
121  0.4134812355041504
621  0.41347405314445496
150  0.4134293794631958
314  0.4134228825569153
263  0.41338300704956055
221  0.41337087750434875
74  0.4133490324020386
348  0.4133327603340149
220  0.4133266806602478
43  0.41331881284713745
895  0.41331303119659424
219  0.4133029282093048
436  0.4132557511329651
73  0.41325414180755615
576  0.4132477045059204
213  0.4132344424724579
76  0.4131801426410675
961  0.41316279768943787
882  0.4131525456905365
233  0.41313594579696655
136  0.413133829832077
405  0.41312357783317566
107  0.41311755776405334
920  0.4130902886390686
930  0.41308802366256714
320  0.41307270526885986
25  0.4130710959434509
872  0.4130648374557495
383  0.41306477785110474
19  0.4130629599094391
477  0.4130529463291168
707  0.41303446888923645
866  0.41301193833351135
878  0.4130103290081024
358  0.4129815995693207
83  0.412980318069458
124  0.4129180312156677
904  0.4128871262073517
144  0.4128638505935669
195  0.41285160183906555
176  0.41277438402175903
390  0.41273409128189087
153  0.4126986563205719
844  0.41268426179885864
516  0.4126775860786438
839  0.412671834230423
392  0.4126491844654083
170  0.4126346707344055
210  0.41260436177253723
538  0.41253259778022766
152  0.4125201106071472
345  0.41249099373817444
197  0.41247305274009705
948  0.4124545454978943
288  0.4124186635017395
343  0.4123987555503845
936  0.4123910367488861
167  0.4123796224594116
376  0.41237297654151917
18  0.41236966848373413
286  0.41236647963523865
230  0.41235193610191345
408  0.4123506546020508
724  0.41235050559043884
215  0.41234084963798523
692  0.41227957606315613
842  0.41227900981903076
929  0.41223663091659546
400  0.4121759533882141
433  0.41214993596076965
406  0.4121137261390686
196  0.4120798110961914
46  0.41206851601600647
319  0.41204869747161865
825  0.41202831268310547
212  0.41200143098831177
349  0.411996066570282
217  0.41191565990448
304  0.4118937849998474
300  0.41181257367134094
72  0.41179966926574707
347  0.41179004311561584
57  0.4117768704891205
910  0.4117378294467926
293  0.4117021858692169
693  0.4117017686367035
231  0.41165250539779663
434  0.4115845263004303
115  0.4115535020828247
279  0.411518394947052
941  0.41150423884391785
372  0.4114859998226166
620  0.4114670753479004
943  0.41143518686294556
321  0.4114076495170593
64  0.41140511631965637
307  0.4113956391811371
276  0.4113907217979431
105  0.4113582372665405
437  0.4113537073135376
42  0.4112364649772644
84  0.41121888160705566
441  0.41116249561309814
242  0.41116195917129517
244  0.4111250936985016
203  0.41112202405929565
174  0.41101744771003723
881  0.4110088348388672
354  0.4110085070133209
940  0.4109996557235718
355  0.41098031401634216
36  0.4109223783016205
45  0.4109128713607788
947  0.4108397364616394
346  0.41080743074417114
827  0.4108040928840637
111  0.41078540682792664
418  0.4106731116771698
294  0.4106176495552063
884  0.4105517268180847
138  0.41054657101631165
41  0.41050153970718384
334  0.4103866219520569
278  0.41029706597328186
50  0.4102924168109894
843  0.41027888655662537
117  0.410273015499115
67  0.4102727174758911
218  0.4102538824081421
119  0.4100845456123352
942  0.4100770354270935
898  0.4100674092769623
945  0.41001009941101074
403  0.4100053310394287
52  0.4099943935871124
254  0.4099932610988617
339  0.40998575091362
402  0.4099346697330475
162  0.40989530086517334
297  0.4098910093307495
51  0.4098314940929413
66  0.40980538725852966
880  0.4097759425640106
168  0.40958544611930847
475  0.40956440567970276
944  0.4095643162727356
277  0.40949931740760803
198  0.40937817096710205
169  0.409347265958786
308  0.4093199372291565
404  0.4092443883419037
71  0.4090994894504547
246  0.40908098220825195
166  0.40907028317451477
40  0.40894627571105957
425  0.4089354872703552
401  0.4089326858520508
295  0.40878307819366455
435  0.40877360105514526
38  0.4087285101413727
241  0.40871691703796387
883  0.40864890813827515
47  0.40860483050346375
199  0.40847286581993103
63  0.40842610597610474
142  0.4083583354949951
113  0.4082556664943695
877  0.40823686122894287
342  0.4081965386867523
356  0.40816953778266907
309  0.40804773569107056
903  0.40786993503570557
118  0.4077737033367157
61  0.4075472950935364
106  0.4073657989501953
68  0.4072309732437134
114  0.40695321559906006
62  0.4067405164241791
54  0.40656355023384094
296  0.4065493643283844
70  0.4057627022266388
48  0.40557244420051575
69  0.40552935004234314
112  0.404356986284256
39  0.40364187955856323
49  0.40177035331726074
