1  0.4138560891151428
1289  0.4041878283023834
2  0.39180079102516174
1288  0.3885571360588074
3  0.3829345405101776
31  0.38198766112327576
30  0.3819845914840698
1287  0.3813864290714264
1151  0.3803182542324066
1286  0.3800254464149475
4  0.37994101643562317
1150  0.37964126467704773
644  0.37958163022994995
122  0.37891045212745667
1086  0.3785063624382019
25  0.37846365571022034
1215  0.3784542977809906
678  0.37844905257225037
32  0.378334641456604
546  0.37832555174827576
1142  0.3782927989959717
19  0.37820300459861755
1254  0.37811586260795593
12  0.37800607085227966
646  0.37796729803085327
1233  0.3779197037220001
708  0.3777979612350464
105  0.3776996433734894
296  0.37767210602760315
470  0.37763577699661255
728  0.3775138854980469
743  0.3774931728839874
5  0.37748467922210693
645  0.37746915221214294
1234  0.3774426281452179
168  0.37740033864974976
687  0.37732627987861633
827  0.37728917598724365
82  0.37724149227142334
72  0.3772386610507965
17  0.3771529495716095
1231  0.3771255910396576
9  0.3771209418773651
164  0.37711820006370544
544  0.3770926296710968
120  0.3770618438720703
666  0.377056360244751
741  0.3770196735858917
1232  0.3769247531890869
1284  0.3767687678337097
688  0.3766900300979614
973  0.37663549184799194
325  0.37660518288612366
106  0.37658554315567017
172  0.37658247351646423
882  0.3765803873538971
1214  0.37654852867126465
1149  0.3765288293361664
578  0.3764951229095459
742  0.3764899969100952
1034  0.3764471709728241
56  0.376431405544281
147  0.37634873390197754
503  0.3763474225997925
66  0.37630921602249146
707  0.37627798318862915
83  0.37624961137771606
171  0.37622296810150146
190  0.37619930505752563
733  0.3761594295501709
96  0.37607064843177795
1087  0.3760666251182556
35  0.37606486678123474
496  0.37599271535873413
6  0.37596818804740906
155  0.3759517967700958
123  0.37594372034072876
533  0.3759342432022095
140  0.3758458197116852
97  0.37578701972961426
111  0.37575429677963257
118  0.37570321559906006
545  0.37567850947380066
509  0.3756681978702545
258  0.3756634294986725
810  0.37564924359321594
127  0.3756469488143921
1031  0.3756346106529236
786  0.3756336569786072
1264  0.37563133239746094
54  0.37562325596809387
1252  0.37554341554641724
159  0.3755079209804535
121  0.3754812180995941
71  0.375468373298645
1189  0.375458300113678
1085  0.3754481077194214
754  0.3754255771636963
10  0.37540432810783386
420  0.37539350986480713
449  0.375379353761673
1168  0.37537840008735657
116  0.3753525912761688
298  0.37534189224243164
669  0.37532955408096313
1267  0.3753291368484497
107  0.37529703974723816
117  0.3752925395965576
61  0.37527140974998474
667  0.3752395510673523
29  0.3752171993255615
796  0.37519359588623047
26  0.37518295645713806
142  0.3751508891582489
320  0.3751294016838074
676  0.3751294016838074
178  0.3751271367073059
1035  0.3751269578933716
28  0.3751195967197418
55  0.37509095668792725
537  0.37505972385406494
1084  0.37504276633262634
543  0.3750047981739044
1033  0.37498536705970764
1253  0.3749569058418274
908  0.37495651841163635
668  0.3749544322490692
1227  0.3749243915081024
126  0.37491703033447266
15  0.37491273880004883
1188  0.37488171458244324
53  0.3748677372932434
1213  0.3748394846916199
119  0.37483730912208557
534  0.37482213973999023
559  0.3748205900192261
20  0.37481775879859924
77  0.37478479743003845
459  0.37476828694343567
414  0.3747407793998718
1200  0.3747202754020691
141  0.3747157156467438
562  0.37470313906669617
85  0.37469446659088135
719  0.37468358874320984
706  0.3746773600578308
681  0.37466856837272644
664  0.3746640384197235
109  0.374645471572876
1143  0.37463024258613586
68  0.37462642788887024
205  0.37460488080978394
505  0.3745824694633484
1027  0.3745734989643097
663  0.37457016110420227
1037  0.3745672106742859
95  0.3745422065258026
1219  0.3745311200618744
793  0.37450727820396423
468  0.37449583411216736
488  0.3744693696498871
987  0.3744192123413086
1278  0.3744187653064728
73  0.3744010031223297
899  0.37439456582069397
456  0.37439215183258057
867  0.37437641620635986
1263  0.37437477707862854
60  0.37436914443969727
156  0.3743624687194824
660  0.3743530511856079
416  0.3743481934070587
409  0.3743460476398468
954  0.3743394911289215
454  0.37430891394615173
763  0.3743082284927368
730  0.3743055462837219
673  0.3742380738258362
445  0.37421250343322754
110  0.37419459223747253
620  0.3741627633571625
729  0.37415289878845215
149  0.3741355538368225
1236  0.3741324543952942
290  0.3741320073604584
327  0.3741019666194916
259  0.37409117817878723
686  0.37408462166786194
1203  0.37407854199409485
1169  0.3740728795528412
67  0.3740464448928833
18  0.37403109669685364
39  0.37400248646736145
92  0.3739967942237854
518  0.3739943504333496
535  0.3739653527736664
1193  0.37396109104156494
84  0.3739427328109741
679  0.3738977909088135
727  0.3738737404346466
471  0.3738689422607422
223  0.3738552927970886
173  0.3738529682159424
1216  0.37383800745010376
467  0.37381723523139954
14  0.3738112151622772
257  0.37379029393196106
34  0.3737786114215851
8  0.37377333641052246
1248  0.37376219034194946
516  0.3737526535987854
464  0.37374380230903625
974  0.37373295426368713
143  0.3737269937992096
603  0.3737202286720276
448  0.3737136721611023
358  0.3737051784992218
49  0.3737018406391144
1235  0.37369540333747864
826  0.3736764192581177
1145  0.3736693561077118
135  0.3736681044101715
532  0.3736642301082611
76  0.3736531436443329
13  0.37365150451660156
1028  0.3736460506916046
995  0.37363898754119873
1196  0.3736288249492645
27  0.37361443042755127
297  0.3736048638820648
530  0.3736043870449066
151  0.3735687732696533
137  0.37356066703796387
1204  0.37355029582977295
515  0.37354451417922974
188  0.3735080361366272
152  0.373492568731308
148  0.3734758496284485
177  0.3734681010246277
1183  0.3734581470489502
514  0.3734225630760193
455  0.37341925501823425
154  0.373406320810318
675  0.3733966648578644
128  0.37336254119873047
722  0.3733595609664917
1179  0.37335455417633057
411  0.37334689497947693
538  0.37334153056144714
1201  0.37331175804138184
1255  0.3732909560203552
558  0.37328028678894043
52  0.37324032187461853
458  0.373232364654541
179  0.3732256591320038
1269  0.37322360277175903
212  0.3732208013534546
922  0.3732151687145233
196  0.3732084333896637
862  0.3731858432292938
481  0.37316733598709106
284  0.37312379479408264
469  0.37311843037605286
11  0.3731117844581604
766  0.37310659885406494
16  0.3731018006801605
78  0.3731006383895874
523  0.3730945289134979
295  0.3730910122394562
797  0.3730837106704712
81  0.3730664551258087
24  0.3730519115924835
48  0.37301015853881836
1127  0.37295863032341003
654  0.3729358911514282
1285  0.37293338775634766
517  0.37293291091918945
883  0.37293174862861633
1191  0.37292778491973877
86  0.37292593717575073
89  0.3729243874549866
1256  0.37291809916496277
497  0.3728935122489929
967  0.37288689613342285
510  0.37288323044776917
446  0.37287721037864685
112  0.37286823987960815
1190  0.37286069989204407
568  0.37285950779914856
331  0.37282973527908325
879  0.37282794713974
560  0.3728219270706177
1184  0.372801274061203
746  0.3727792501449585
462  0.37276506423950195
861  0.3727553188800812
677  0.37275493144989014
321  0.3727410137653351
740  0.3727336525917053
94  0.37272927165031433
472  0.3727259039878845
715  0.3727158308029175
1135  0.37271490693092346
201  0.37269729375839233
204  0.37268295884132385
1206  0.3726823329925537
74  0.3726665675640106
1205  0.37265774607658386
328  0.37265050411224365
330  0.3726433217525482
994  0.37264150381088257
23  0.37264013290405273
63  0.37263020873069763
725  0.3725886940956116
1185  0.372588574886322
755  0.3725811243057251
966  0.3725808560848236
643  0.37254759669303894
50  0.3725423812866211
1180  0.37253299355506897
718  0.37253260612487793
1167  0.37252935767173767
207  0.3725222945213318
601  0.3725157082080841
70  0.37250974774360657
319  0.37249985337257385
536  0.3724896013736725
1083  0.3724744915962219
567  0.3724655508995056
1166  0.37246260046958923
146  0.37245506048202515
548  0.3724507987499237
1036  0.37244942784309387
1192  0.3724381625652313
1249  0.37243393063545227
1229  0.37243229150772095
88  0.372428297996521
180  0.3724002540111542
657  0.37239697575569153
1230  0.37238332629203796
1109  0.3723740577697754
413  0.3723514974117279
619  0.37234586477279663
489  0.37234437465667725
613  0.37234315276145935
724  0.3723430335521698
197  0.37234029173851013
547  0.37233766913414
1223  0.37232980132102966
531  0.37231549620628357
1178  0.37230566143989563
1141  0.37229740619659424
466  0.37229469418525696
186  0.37229081988334656
1257  0.3722901940345764
215  0.37228986620903015
1088  0.372283011674881
210  0.37226709723472595
93  0.37225788831710815
616  0.3722533583641052
225  0.3722517490386963
486  0.37222668528556824
1277  0.37222540378570557
289  0.3722227215766907
1171  0.3722134828567505
419  0.37221166491508484
208  0.37217339873313904
1279  0.37216639518737793
499  0.3721564710140228
307  0.37213337421417236
634  0.37212392687797546
732  0.3721000850200653
672  0.372098833322525
44  0.37209072709083557
150  0.3720817565917969
21  0.37205731868743896
1266  0.37205255031585693
500  0.37205076217651367
239  0.37204939126968384
377  0.37202244997024536
444  0.3720209002494812
162  0.37201613187789917
213  0.37201130390167236
283  0.37200379371643066
873  0.37199658155441284
115  0.3719833195209503
1077  0.3719795048236847
1281  0.3719642758369446
157  0.3719417452812195
189  0.3719363808631897
575  0.37192949652671814
473  0.3718889653682709
487  0.37186118960380554
1136  0.37184080481529236
981  0.37183091044425964
1217  0.3718258738517761
1245  0.37182313203811646
493  0.3718230128288269
874  0.37181127071380615
260  0.37179452180862427
286  0.37179329991340637
62  0.3717810809612274
206  0.37177157402038574
520  0.3717626631259918
602  0.3717583417892456
41  0.3717251718044281
312  0.37172484397888184
701  0.3716956675052643
561  0.37169331312179565
271  0.3716859221458435
1165  0.37168166041374207
720  0.3716776371002197
326  0.3716718852519989
1128  0.3716714084148407
415  0.37166827917099
670  0.3716612160205841
161  0.37166011333465576
1220  0.37165555357933044
828  0.37165507674217224
841  0.37165096402168274
617  0.3716453015804291
1272  0.37164509296417236
921  0.371635377407074
744  0.3716340959072113
1121  0.371623694896698
721  0.371621698141098
1250  0.371613472700119
42  0.37161052227020264
457  0.3716064989566803
174  0.3716026246547699
280  0.3716021478176117
255  0.37159088253974915
64  0.37158849835395813
175  0.37158724665641785
440  0.3715691566467285
525  0.3715685307979584
33  0.37156566977500916
799  0.37156495451927185
504  0.3715607225894928
1270  0.3715568482875824
1187  0.37154218554496765
951  0.37152841687202454
423  0.3715282380580902
1164  0.3715265691280365
762  0.37151819467544556
124  0.37151697278022766
690  0.37150701880455017
136  0.3714906573295593
301  0.37146300077438354
1138  0.37146124243736267
108  0.371454656124115
144  0.37145406007766724
930  0.37145155668258667
359  0.37144735455513
749  0.37144359946250916
765  0.37144243717193604
153  0.37141597270965576
80  0.3713943362236023
943  0.37138307094573975
134  0.3713759779930115
1228  0.3713686764240265
1222  0.37135839462280273
621  0.3713572919368744
809  0.3713501989841461
898  0.37134116888046265
1181  0.37134113907814026
771  0.3713313639163971
87  0.3713268041610718
139  0.37132665514945984
866  0.37130293250083923
748  0.37128975987434387
1153  0.3712872266769409
1258  0.37128615379333496
615  0.3712802827358246
585  0.37127965688705444
492  0.37127119302749634
1273  0.3712606132030487
674  0.37125876545906067
1144  0.3712371587753296
608  0.3712348937988281
288  0.3712310791015625
1175  0.3712238073348999
1038  0.3712027072906494
714  0.3712013363838196
238  0.37120020389556885
158  0.3711962103843689
653  0.3711915910243988
485  0.37118032574653625
665  0.3711738586425781
65  0.37117326259613037
652  0.3711615204811096
950  0.3711497485637665
391  0.3711404800415039
113  0.3711033761501312
710  0.3710949122905731
693  0.3710927367210388
588  0.37108927965164185
968  0.3710840046405792
726  0.37106603384017944
709  0.37106525897979736
313  0.371063232421875
1090  0.37104278802871704
524  0.3710417151451111
897  0.37103983759880066
1032  0.3710390329360962
1029  0.3710331320762634
953  0.3710283041000366
165  0.37101805210113525
508  0.37101638317108154
734  0.37100833654403687
965  0.3710058927536011
539  0.3709990680217743
702  0.37098944187164307
513  0.370988667011261
850  0.37097761034965515
90  0.3709714412689209
192  0.37095844745635986
1202  0.37094807624816895
303  0.37093815207481384
240  0.37093332409858704
680  0.37092602252960205
940  0.37092405557632446
599  0.3709181547164917
1152  0.370901495218277
540  0.37089553475379944
261  0.3708840310573578
1271  0.3708701431751251
300  0.3708648383617401
604  0.3708633780479431
1129  0.37084338068962097
577  0.3708314001560211
348  0.37081438302993774
833  0.37078824639320374
600  0.3707873225212097
512  0.3707844018936157
1163  0.37078386545181274
195  0.37077993154525757
698  0.370774507522583
571  0.37076497077941895
566  0.37076374888420105
422  0.3707543611526489
633  0.37074989080429077
656  0.37074846029281616
647  0.37074345350265503
1246  0.37073880434036255
1194  0.3707384169101715
1047  0.3707332909107208
1108  0.3707205355167389
495  0.3707122802734375
475  0.3707020580768585
465  0.37069615721702576
47  0.37069445848464966
960  0.3706943392753601
529  0.370684951543808
689  0.37068256735801697
507  0.37067583203315735
502  0.37067368626594543
711  0.37066295742988586
590  0.37065738439559937
753  0.37065011262893677
731  0.37064623832702637
299  0.3706265091896057
58  0.3706173002719879
410  0.37061211466789246
880  0.37061089277267456
846  0.37060850858688354
772  0.3706081807613373
43  0.37060022354125977
886  0.3705906271934509
802  0.3705819249153137
1221  0.3705674409866333
451  0.3705582916736603
900  0.37055298686027527
75  0.370545893907547
700  0.3705277442932129
1198  0.37052226066589355
256  0.37052154541015625
166  0.37052121758461
1237  0.37050479650497437
360  0.3705008029937744
694  0.3704865276813507
308  0.3704851269721985
1148  0.3704848885536194
247  0.3704611361026764
390  0.3704591691493988
187  0.37043556571006775
565  0.37042489647865295
723  0.3704228103160858
792  0.37041914463043213
1002  0.37038958072662354
1026  0.3703727424144745
767  0.37036046385765076
1137  0.3703557252883911
863  0.37033742666244507
176  0.37033069133758545
101  0.3703303039073944
804  0.3703249990940094
59  0.37032368779182434
737  0.3703209161758423
655  0.37031278014183044
884  0.3702901005744934
494  0.3702794313430786
1218  0.3702787756919861
349  0.37026649713516235
522  0.370246022939682
318  0.3702457547187805
169  0.3702402710914612
252  0.3702383041381836
233  0.3702361583709717
323  0.3702252507209778
100  0.3702237606048584
992  0.37021878361701965
310  0.3701881170272827
57  0.3701876103878021
461  0.37018370628356934
949  0.3701828420162201
650  0.37018048763275146
1251  0.37016889452934265
251  0.37016561627388
463  0.37016505002975464
747  0.3701568841934204
479  0.37015271186828613
527  0.3701491057872772
696  0.3701432943344116
1170  0.3701413571834564
202  0.3701402246952057
383  0.3701247572898865
639  0.37011051177978516
1172  0.37010645866394043
986  0.3700929284095764
699  0.37008965015411377
1197  0.37008535861968994
378  0.3700827956199646
476  0.3700808584690094
183  0.3700752854347229
1283  0.37006866931915283
417  0.3700637221336365
1176  0.37006184458732605
1274  0.3700576722621918
329  0.370037704706192
642  0.3700322210788727
249  0.37002983689308167
37  0.3700107932090759
133  0.37000638246536255
269  0.37000295519828796
717  0.36999407410621643
36  0.36997920274734497
651  0.3699773848056793
506  0.369974821805954
40  0.36996087431907654
584  0.36995747685432434
671  0.36995458602905273
69  0.3699518144130707
939  0.36994802951812744
1155  0.3699404001235962
752  0.3699329197406769
114  0.3699275255203247
367  0.3699222207069397
160  0.3699193000793457
885  0.36990800499916077
1076  0.3698645830154419
45  0.3698548376560211
51  0.36985236406326294
98  0.3698478937149048
622  0.3698340952396393
1119  0.36983156204223633
705  0.3698303997516632
550  0.36982905864715576
447  0.36982232332229614
1268  0.36981579661369324
988  0.36980748176574707
1212  0.3698047697544098
896  0.3697938621044159
511  0.36979174613952637
881  0.3697786033153534
231  0.3697391152381897
623  0.3697180151939392
982  0.3697134852409363
984  0.36971157789230347
170  0.36970871686935425
191  0.3697037994861603
453  0.3697018027305603
1199  0.36969906091690063
185  0.36969900131225586
339  0.3696986734867096
961  0.3696935474872589
229  0.3696841597557068
167  0.36967942118644714
895  0.36967796087265015
541  0.3696620464324951
46  0.3696499466896057
222  0.3696483075618744
770  0.3696441352367401
104  0.36964142322540283
691  0.36962011456489563
436  0.36960166692733765
279  0.3696008324623108
347  0.36959993839263916
480  0.36959221959114075
376  0.36959055066108704
1030  0.369585782289505
1261  0.3695763051509857
934  0.36956915259361267
1244  0.369549423456192
484  0.3695492744445801
1225  0.36954084038734436
768  0.36952561140060425
1265  0.36951497197151184
925  0.3695041239261627
1259  0.36948928236961365
1146  0.369484543800354
958  0.36948341131210327
649  0.36947280168533325
450  0.36947140097618103
761  0.36946362257003784
218  0.3694607615470886
198  0.369452565908432
217  0.3694494962692261
860  0.3694457709789276
636  0.3694431781768799
200  0.36944255232810974
99  0.36941754817962646
542  0.3694094717502594
594  0.36940330266952515
1247  0.36939528584480286
389  0.36939486861228943
22  0.3693859279155731
756  0.3693816363811493
182  0.3693631589412689
1276  0.3693563640117645
1195  0.3693443536758423
638  0.36933434009552
834  0.36933401226997375
812  0.36929842829704285
795  0.36929336190223694
333  0.36925920844078064
764  0.36925849318504333
216  0.369254469871521
270  0.3692464828491211
38  0.36923763155937195
859  0.3692338168621063
563  0.36922216415405273
948  0.3692217171192169
941  0.36921775341033936
1147  0.36921215057373047
572  0.36921125650405884
227  0.3692050576210022
1173  0.36920228600502014
593  0.36920103430747986
789  0.3691958785057068
945  0.3691907823085785
1282  0.3691343069076538
482  0.36912664771080017
214  0.3691246211528778
221  0.3691220283508301
211  0.3691140115261078
1115  0.36910733580589294
942  0.3690979778766632
596  0.3690873384475708
350  0.36907967925071716
979  0.3690793514251709
875  0.36907804012298584
814  0.36907655000686646
501  0.36907508969306946
597  0.36906659603118896
91  0.3690625727176666
839  0.3690536916255951
341  0.3690464198589325
478  0.36903148889541626
1120  0.36902180314064026
439  0.36901938915252686
294  0.36901554465293884
857  0.3690106272697449
145  0.36900460720062256
336  0.3689981997013092
774  0.3689945936203003
611  0.3689904808998108
1182  0.3689856231212616
224  0.3689614534378052
858  0.3689577281475067
1280  0.36893242597579956
592  0.36891302466392517
911  0.36889877915382385
716  0.3688921630382538
342  0.36889201402664185
477  0.36888813972473145
976  0.3688819110393524
847  0.3688679039478302
876  0.36886289715766907
769  0.3688617944717407
332  0.3688417971134186
1095  0.3688336908817291
865  0.3688330054283142
498  0.368824303150177
337  0.36881718039512634
1130  0.3688147962093353
887  0.36881309747695923
871  0.368804395198822
598  0.3688032925128937
79  0.36879727244377136
745  0.3687841594219208
381  0.3687611520290375
904  0.36875271797180176
125  0.3687466084957123
808  0.36871960759162903
610  0.36870551109313965
1048  0.3686888515949249
338  0.36863812804222107
551  0.36863720417022705
181  0.3686330020427704
246  0.3686189353466034
1117  0.3686170279979706
635  0.3685883581638336
138  0.36856865882873535
309  0.36856314539909363
1134  0.3685581684112549
648  0.36855176091194153
1260  0.3685508966445923
794  0.3685447573661804
952  0.36854469776153564
1093  0.3685353994369507
695  0.36851710081100464
254  0.36850830912590027
790  0.3685067594051361
935  0.3685052990913391
353  0.3684985935688019
785  0.3684821128845215
452  0.3684806525707245
829  0.36847248673439026
311  0.3684655725955963
282  0.368459016084671
713  0.36845314502716064
784  0.36845192313194275
412  0.36844944953918457
557  0.368437796831131
335  0.36843034625053406
1025  0.3684174120426178
382  0.36840349435806274
304  0.3683575987815857
553  0.3683528006076813
7  0.36835113167762756
203  0.368347704410553
844  0.36831599473953247
526  0.36830833554267883
855  0.3683079183101654
1103  0.36830222606658936
991  0.36829593777656555
936  0.3682864308357239
751  0.368255615234375
1275  0.36825400590896606
923  0.3682393729686737
357  0.368235319852829
683  0.3682256042957306
1091  0.36822548508644104
750  0.3682249188423157
356  0.3682071268558502
418  0.3682011067867279
641  0.3681885600090027
735  0.3681873679161072
798  0.3681846857070923
806  0.3681820333003998
386  0.36818191409111023
424  0.36815518140792847
474  0.3681504428386688
1243  0.3681372404098511
1209  0.36813390254974365
637  0.3681180477142334
980  0.3681166470050812
661  0.368108868598938
241  0.3681015074253082
129  0.3680981695652008
322  0.3680958151817322
528  0.3680892288684845
606  0.36808520555496216
209  0.36807721853256226
944  0.368076890707016
843  0.36807283759117126
287  0.36806216835975647
1112  0.36805981397628784
712  0.3680577278137207
969  0.36805081367492676
1039  0.368042916059494
629  0.3680420219898224
612  0.3680369555950165
685  0.36802250146865845
760  0.36801934242248535
1067  0.36799734830856323
354  0.36798274517059326
1004  0.36797982454299927
230  0.3679761290550232
773  0.3679720461368561
1016  0.3679535388946533
811  0.3679507076740265
1092  0.3679398000240326
618  0.36793628334999084
278  0.36793243885040283
587  0.3679254353046417
825  0.36790820956230164
1000  0.3678955137729645
234  0.367891401052475
1226  0.36788293719291687
758  0.3678745627403259
837  0.36786460876464844
586  0.367855429649353
1154  0.3678276538848877
285  0.36781948804855347
281  0.3678120970726013
579  0.3677923083305359
591  0.3677889406681061
1211  0.3677789568901062
460  0.367757648229599
983  0.36775293946266174
293  0.3677288889884949
1162  0.3677261769771576
920  0.3677171468734741
605  0.36771631240844727
915  0.36771199107170105
549  0.3676982820034027
868  0.36768969893455505
1060  0.36768776178359985
840  0.3676663041114807
324  0.3676650822162628
1174  0.36766406893730164
849  0.36765918135643005
963  0.36765533685684204
824  0.3676421046257019
194  0.36761438846588135
343  0.36759713292121887
964  0.3675927519798279
1224  0.36758673191070557
395  0.3675841689109802
682  0.3675840497016907
1139  0.36758291721343994
1003  0.3675785958766937
890  0.3675716817378998
1089  0.3675693869590759
1123  0.36754876375198364
931  0.36754465103149414
800  0.36752668023109436
262  0.367525577545166
437  0.36752182245254517
816  0.36747926473617554
975  0.3674757778644562
1158  0.3674699068069458
368  0.3674521744251251
972  0.36743786931037903
781  0.3674364387989044
1073  0.3674294650554657
232  0.36742764711380005
1071  0.36742132902145386
1005  0.36739620566368103
932  0.3673730492591858
1186  0.3673463463783264
1177  0.3673422336578369
235  0.36733707785606384
388  0.36730387806892395
1116  0.3672757148742676
977  0.3672754168510437
842  0.3672676682472229
815  0.36725491285324097
1107  0.3672429025173187
392  0.36723339557647705
692  0.3672315180301666
614  0.36722123622894287
245  0.3672192096710205
1046  0.3672119379043579
1207  0.3671847879886627
372  0.36717942357063293
933  0.3671771287918091
555  0.36717507243156433
302  0.3671655058860779
889  0.36715754866600037
1012  0.36714863777160645
272  0.3671194016933441
552  0.3671001195907593
1065  0.3670976758003235
421  0.3670955300331116
1078  0.36708787083625793
253  0.3670874834060669
787  0.367084264755249
346  0.3670722544193268
242  0.3670654594898224
582  0.36706292629241943
163  0.3670583665370941
595  0.36705702543258667
564  0.3670547306537628
393  0.36705052852630615
609  0.36705052852630615
352  0.36704298853874207
632  0.3670421838760376
265  0.36703401803970337
1111  0.36703023314476013
978  0.36702969670295715
268  0.36702418327331543
878  0.36702021956443787
519  0.3669675588607788
947  0.36696234345436096
273  0.36694955825805664
569  0.36693695187568665
244  0.36690500378608704
236  0.36686548590660095
1159  0.3668630123138428
1133  0.366855263710022
1066  0.3668545186519623
431  0.36684513092041016
1008  0.3668197989463806
640  0.3668166995048523
1124  0.36680594086647034
1126  0.3668001890182495
658  0.36678546667099
1080  0.366782546043396
380  0.3667580783367157
102  0.3667513430118561
956  0.36674198508262634
830  0.36670124530792236
314  0.3666808009147644
340  0.3666786253452301
1118  0.36664503812789917
918  0.3666279911994934
803  0.36662018299102783
813  0.36661967635154724
1051  0.3666076958179474
317  0.3666015863418579
394  0.36660143733024597
266  0.36660048365592957
291  0.36659976840019226
425  0.3665933310985565
1022  0.366590291261673
1007  0.36658838391304016
316  0.36657780408859253
836  0.36656978726387024
917  0.36656317114830017
838  0.3665602207183838
1013  0.3665483891963959
573  0.3665437698364258
1082  0.36653774976730347
430  0.3665209114551544
946  0.36651355028152466
1122  0.3665127158164978
818  0.36649394035339355
226  0.3664899170398712
408  0.36648669838905334
835  0.36648255586624146
627  0.36647170782089233
996  0.36644232273101807
998  0.3664395809173584
1021  0.36643683910369873
738  0.3664350211620331
959  0.366387277841568
704  0.3663870096206665
184  0.36637192964553833
924  0.36635157465934753
624  0.3663497865200043
1063  0.36634936928749084
909  0.3663441240787506
574  0.36633145809173584
869  0.36632776260375977
1075  0.36632657051086426
1156  0.36632272601127625
999  0.3663087487220764
363  0.36630722880363464
379  0.36629021167755127
1210  0.36628925800323486
344  0.3662744164466858
872  0.36626172065734863
521  0.36625760793685913
103  0.36623936891555786
274  0.36622288823127747
1125  0.3662135601043701
1105  0.36620980501174927
130  0.3661974370479584
1068  0.3661911189556122
583  0.3661685585975647
626  0.3661600947380066
373  0.36615443229675293
736  0.366147518157959
891  0.3661453425884247
1113  0.36611121892929077
845  0.36609184741973877
1104  0.3660871386528015
276  0.3660852015018463
375  0.36604687571525574
905  0.36604514718055725
970  0.36604490876197815
955  0.3660372793674469
823  0.36603042483329773
894  0.3660084009170532
429  0.36599069833755493
907  0.3659549355506897
570  0.36594465374946594
1241  0.36591288447380066
997  0.36589452624320984
697  0.36589327454566956
1140  0.36583855748176575
607  0.36583563685417175
219  0.3658314347267151
1020  0.36581578850746155
1042  0.36580654978752136
1100  0.3657933473587036
1009  0.36578795313835144
1242  0.3657758831977844
237  0.3657741844654083
990  0.36575445532798767
1262  0.3657468855381012
759  0.36574041843414307
739  0.365725576877594
490  0.3657209277153015
292  0.3657125234603882
199  0.365705668926239
1131  0.3656785786151886
275  0.36566370725631714
580  0.3656540811061859
1061  0.3656423091888428
985  0.36562812328338623
1069  0.36562734842300415
1110  0.3655616044998169
1041  0.36554089188575745
438  0.36553776264190674
877  0.3654789924621582
1096  0.3654777705669403
1058  0.3654293715953827
432  0.36542898416519165
576  0.3654252886772156
903  0.36541226506233215
856  0.365408331155777
483  0.36539632081985474
929  0.3653823137283325
1043  0.3653818666934967
370  0.36537352204322815
782  0.3653472363948822
369  0.36534538865089417
267  0.365307480096817
1240  0.36529335379600525
1160  0.36528971791267395
1050  0.3652419447898865
401  0.36523768305778503
757  0.36522799730300903
819  0.3651904761791229
831  0.3651871681213379
851  0.36516937613487244
957  0.3651565909385681
305  0.36514711380004883
993  0.36512744426727295
625  0.36512285470962524
491  0.36510708928108215
788  0.3650815188884735
1208  0.36505699157714844
263  0.3650457262992859
902  0.365037202835083
264  0.36502575874328613
1072  0.36499592661857605
374  0.36494430899620056
434  0.3649418354034424
854  0.3649390935897827
971  0.3649390935897827
928  0.3649342656135559
351  0.3649308681488037
1161  0.36491939425468445
1114  0.36490491032600403
306  0.36489519476890564
659  0.3648841083049774
355  0.36486467719078064
801  0.3648644685745239
864  0.3648413121700287
556  0.36482056975364685
901  0.36473503708839417
364  0.3647192418575287
435  0.3647126257419586
1157  0.3645917773246765
913  0.36459001898765564
892  0.36457765102386475
1014  0.3645697236061096
248  0.36456286907196045
703  0.36455395817756653
427  0.3645504117012024
442  0.3645470440387726
228  0.36453792452812195
1106  0.36451277136802673
334  0.364493191242218
853  0.3644929826259613
775  0.3644454777240753
1024  0.36442503333091736
912  0.3644217252731323
1017  0.3644178807735443
371  0.36441001296043396
1023  0.3643825352191925
243  0.364379346370697
870  0.3643780052661896
1064  0.36435410380363464
910  0.3643340468406677
807  0.3643259108066559
1049  0.36432063579559326
1097  0.3642994463443756
919  0.3642953336238861
1094  0.36426395177841187
443  0.3642541170120239
848  0.36420050263404846
662  0.36419352889060974
1001  0.36417219042778015
1057  0.364138126373291
1239  0.36412984132766724
277  0.3641139268875122
822  0.3640795052051544
989  0.36405879259109497
937  0.3640381991863251
361  0.36401379108428955
1053  0.36397868394851685
1079  0.3639616072177887
132  0.36395499110221863
1062  0.36393675208091736
385  0.3639332056045532
1074  0.363899290561676
315  0.3638979196548462
1015  0.3638911247253418
832  0.36389052867889404
193  0.36388224363327026
426  0.36384323239326477
441  0.36384057998657227
1098  0.36383387446403503
581  0.36382973194122314
366  0.36381807923316956
684  0.3637795150279999
131  0.36374667286872864
1099  0.3637298047542572
1238  0.36369338631629944
387  0.3636186420917511
406  0.3636060953140259
554  0.36353546380996704
407  0.3635253608226776
926  0.36349549889564514
589  0.36347243189811707
1044  0.36344414949417114
630  0.36339327692985535
820  0.36336883902549744
817  0.3633548617362976
1045  0.36330029368400574
345  0.3632737994194031
1101  0.3632672429084778
362  0.36325228214263916
1018  0.36325010657310486
783  0.36323222517967224
938  0.3632202446460724
1010  0.3632129430770874
365  0.3632090389728546
1059  0.3631914258003235
779  0.36316949129104614
1052  0.36316463351249695
433  0.3630995750427246
384  0.3630638122558594
400  0.36306050419807434
916  0.36303186416625977
1132  0.36296573281288147
396  0.3629317879676819
927  0.3628765940666199
1011  0.3627867102622986
888  0.362742155790329
398  0.3625938892364502
821  0.3625880181789398
906  0.3625866174697876
1040  0.3625677227973938
405  0.36246415972709656
399  0.36232900619506836
893  0.3622368574142456
628  0.36222466826438904
428  0.3622070550918579
778  0.36206603050231934
1055  0.3619721829891205
780  0.3619678020477295
1081  0.36188220977783203
914  0.36185160279273987
1070  0.36183077096939087
805  0.36178451776504517
1019  0.3612988293170929
852  0.3612951934337616
962  0.3612901568412781
1054  0.3612619638442993
220  0.3609355688095093
1006  0.3609013557434082
777  0.3608199656009674
403  0.36081254482269287
1102  0.36068981885910034
791  0.36061111092567444
402  0.3605444133281708
776  0.36034730076789856
250  0.3602059781551361
1056  0.35985639691352844
397  0.3588258624076843
404  0.35875657200813293
631  0.3582189381122589
