1451  0.4354928433895111
1  0.4285406470298767
2  0.42226502299308777
950  0.4198799133300781
1450  0.41739779710769653
843  0.41730502247810364
54  0.4172998368740082
55  0.41706037521362305
104  0.4167526066303253
154  0.4164292812347412
948  0.41632869839668274
758  0.416318416595459
911  0.41605958342552185
53  0.41603603959083557
102  0.4156896770000458
964  0.41560596227645874
930  0.41558557748794556
83  0.41547244787216187
707  0.4153905510902405
757  0.41508397459983826
139  0.41487374901771545
897  0.41473689675331116
119  0.414633572101593
616  0.4145568311214447
3  0.4145263731479645
187  0.4144103229045868
101  0.41435718536376953
799  0.4143447279930115
615  0.4142547845840454
33  0.41419661045074463
941  0.4140877425670624
82  0.4140399992465973
583  0.41399502754211426
230  0.4139925241470337
947  0.4139852523803711
951  0.41396957635879517
954  0.41394227743148804
1120  0.4139251410961151
738  0.41385453939437866
748  0.41380754113197327
8  0.41370701789855957
900  0.41360941529273987
35  0.41356971859931946
1017  0.4135659635066986
949  0.41355836391448975
325  0.4135420024394989
706  0.4135054349899292
768  0.4134962260723114
744  0.41344451904296875
694  0.41336822509765625
128  0.4133637845516205
160  0.413340300321579
901  0.41326525807380676
34  0.41324713826179504
122  0.41322869062423706
918  0.4132256507873535
788  0.4132240116596222
617  0.41322067379951477
926  0.41315820813179016
231  0.4131336510181427
5  0.41310834884643555
98  0.4130583107471466
36  0.4130558371543884
103  0.4130557179450989
81  0.4129894971847534
917  0.41297900676727295
658  0.41295814514160156
891  0.4128548502922058
37  0.41283494234085083
393  0.41283315420150757
739  0.41282787919044495
719  0.4127958118915558
1273  0.4127614200115204
962  0.4127454161643982
889  0.4127446115016937
763  0.4127327799797058
666  0.41273218393325806
125  0.4127110540866852
840  0.41270408034324646
348  0.41269227862358093
894  0.412672221660614
219  0.4126257002353668
559  0.412615567445755
94  0.41259267926216125
1148  0.412566602230072
137  0.4125562310218811
737  0.41253480315208435
22  0.412526935338974
32  0.41248586773872375
1336  0.4124794900417328
881  0.4124687612056732
613  0.41245967149734497
963  0.4123525321483612
186  0.41221627593040466
129  0.4122158885002136
134  0.41219574213027954
158  0.41219237446784973
749  0.4121544659137726
4  0.41214993596076965
907  0.4121417999267578
201  0.4121065139770508
74  0.4120679497718811
155  0.4120379388332367
676  0.41201546788215637
105  0.4120112657546997
159  0.41200897097587585
750  0.4119933545589447
925  0.4119912087917328
124  0.41194501519203186
607  0.41192707419395447
893  0.4118768274784088
236  0.4118690490722656
909  0.4118421971797943
449  0.41182994842529297
659  0.411822646856308
838  0.4118186831474304
141  0.4118172526359558
865  0.41180217266082764
48  0.4117603600025177
703  0.41173526644706726
40  0.4117242395877838
1439  0.41172343492507935
60  0.4117092192173004
180  0.4117077589035034
106  0.41170573234558105
39  0.41167429089546204
181  0.4116630256175995
933  0.41165876388549805
651  0.4116571545600891
961  0.411643385887146
654  0.41164132952690125
227  0.411629855632782
874  0.41162917017936707
895  0.4116148352622986
695  0.4116128385066986
952  0.41161200404167175
198  0.41156095266342163
589  0.4115487337112427
200  0.41152888536453247
870  0.4115051329135895
892  0.4115048050880432
890  0.4114932417869568
463  0.41147154569625854
80  0.4114651679992676
660  0.411445289850235
1416  0.4114157259464264
764  0.4114097058773041
908  0.41140908002853394
679  0.41140875220298767
902  0.4113987386226654
140  0.4113946557044983
1280  0.4113929271697998
1412  0.41138970851898193
208  0.4113713204860687
932  0.4113462269306183
879  0.4113266170024872
958  0.41132014989852905
708  0.41129761934280396
756  0.4112968146800995
778  0.4112951457500458
896  0.41129401326179504
939  0.41129162907600403
561  0.41128402948379517
582  0.4112675189971924
205  0.4112653136253357
807  0.4112623333930969
1449  0.411246120929718
475  0.41122618317604065
100  0.4112197458744049
91  0.4111970067024231
328  0.4111843407154083
138  0.4111640751361847
618  0.4111596643924713
1224  0.411150723695755
709  0.4111504554748535
153  0.4111330807209015
574  0.4110846519470215
839  0.4110737144947052
1337  0.4110603928565979
705  0.41105493903160095
959  0.4110475778579712
151  0.4110235273838043
675  0.4110223650932312
363  0.4110214412212372
645  0.411008358001709
899  0.4110076129436493
278  0.41098418831825256
766  0.41096770763397217
667  0.4109657406806946
777  0.4109655022621155
394  0.41095805168151855
640  0.41093820333480835
305  0.41092580556869507
1375  0.4109044671058655
560  0.4108913242816925
928  0.41088852286338806
10  0.4108770191669464
813  0.4108550250530243
842  0.4108193516731262
882  0.41078194975852966
622  0.4107804298400879
864  0.4107717275619507
136  0.41076239943504333
808  0.4107547998428345
1399  0.4107542932033539
204  0.4107508659362793
880  0.4107418954372406
318  0.4107382893562317
1076  0.4107321500778198
603  0.41070693731307983
121  0.4107002317905426
1093  0.4106956720352173
233  0.41068777441978455
443  0.4106736183166504
916  0.41065019369125366
1169  0.4106453061103821
655  0.4106431305408478
1368  0.41064223647117615
1279  0.4106382727622986
99  0.41063404083251953
397  0.4106326699256897
635  0.41061893105506897
665  0.41061580181121826
405  0.41060104966163635
646  0.41057562828063965
678  0.4105745553970337
93  0.41056153178215027
647  0.4105491638183594
1410  0.4105469882488251
776  0.4105379283428192
806  0.41051676869392395
1183  0.41051092743873596
1012  0.4105091989040375
199  0.41050511598587036
863  0.41047802567481995
919  0.41047483682632446
943  0.41047143936157227
816  0.4104706048965454
76  0.4104352593421936
586  0.41042760014533997
89  0.4104202091693878
1119  0.4103814959526062
801  0.4103724956512451
811  0.41035154461860657
871  0.4103507697582245
1397  0.41034185886383057
742  0.4103414714336395
229  0.41033464670181274
898  0.41032639145851135
483  0.4103236794471741
401  0.41032037138938904
826  0.41029661893844604
575  0.41029149293899536
150  0.41029125452041626
605  0.4102778434753418
1118  0.41027703881263733
849  0.41027116775512695
1274  0.41026943922042847
6  0.410199910402298
786  0.41019976139068604
1134  0.4101954996585846
116  0.41018837690353394
127  0.4101765751838684
131  0.4101756811141968
818  0.4101625978946686
47  0.4101469814777374
110  0.4101397395133972
72  0.41012510657310486
929  0.41010582447052
1016  0.4100784361362457
250  0.4100697338581085
85  0.41006797552108765
1014  0.4100149869918823
637  0.41000887751579285
1426  0.4100067615509033
769  0.4100019931793213
52  0.409995973110199
620  0.40998172760009766
965  0.4099304974079132
142  0.40991613268852234
66  0.4099118411540985
955  0.4099113643169403
56  0.4098919630050659
1037  0.409851998090744
767  0.40979841351509094
1240  0.40979593992233276
189  0.4097929000854492
429  0.4097829759120941
657  0.40978288650512695
285  0.4097598195075989
910  0.4097531735897064
1277  0.4097278118133545
1398  0.409715473651886
802  0.40971463918685913
331  0.4097141921520233
573  0.40971386432647705
960  0.4097009003162384
71  0.409700870513916
243  0.40970009565353394
956  0.4096950590610504
118  0.40969017148017883
202  0.40969017148017883
585  0.4096837043762207
957  0.40967974066734314
841  0.4096791446208954
452  0.40966174006462097
322  0.40964773297309875
245  0.4096474349498749
857  0.4096399247646332
75  0.4096306562423706
482  0.40962886810302734
1001  0.40962541103363037
639  0.4096235930919647
877  0.40961262583732605
1263  0.40960249304771423
1179  0.4095993638038635
218  0.4095875918865204
1029  0.4095759987831116
868  0.40956929326057434
319  0.4095623195171356
992  0.4095548391342163
862  0.40954577922821045
1440  0.40953752398490906
604  0.40953415632247925
650  0.40953338146209717
1180  0.4095298647880554
362  0.409529447555542
400  0.40952858328819275
220  0.40952232480049133
1112  0.4095207452774048
392  0.4095202088356018
77  0.4095110595226288
57  0.4094937741756439
95  0.4094931483268738
723  0.4094931185245514
1013  0.40947866439819336
1113  0.4094781279563904
1374  0.40946102142333984
432  0.4094550907611847
169  0.4094510078430176
810  0.4094460606575012
238  0.40944287180900574
78  0.4094407856464386
135  0.4094407856464386
619  0.40943998098373413
886  0.409437894821167
11  0.4094148576259613
474  0.4094124734401703
612  0.4093831479549408
488  0.40937963128089905
1026  0.4093565046787262
1441  0.4093496799468994
92  0.4093382954597473
815  0.4093335270881653
51  0.40933313965797424
584  0.409325510263443
109  0.40931180119514465
991  0.40930119156837463
861  0.4092925488948822
232  0.4092860817909241
130  0.4092765748500824
1258  0.4092675447463989
940  0.4092535078525543
269  0.40924665331840515
123  0.4092458188533783
1225  0.4092392921447754
203  0.4092034101486206
288  0.40918609499931335
1436  0.40918394923210144
779  0.4091797173023224
536  0.4091770648956299
762  0.4091750681400299
62  0.40917348861694336
557  0.40915217995643616
68  0.40914809703826904
946  0.409147709608078
927  0.4091476500034332
470  0.40913453698158264
396  0.40911075472831726
1282  0.40910762548446655
254  0.4090867340564728
168  0.40906625986099243
595  0.4090542495250702
453  0.40905311703681946
740  0.4090450704097748
623  0.40903931856155396
395  0.4090363085269928
1155  0.40902918577194214
97  0.4090227484703064
221  0.4090217053890228
852  0.40901970863342285
632  0.40901416540145874
330  0.40901124477386475
662  0.4089478850364685
1316  0.4089399576187134
79  0.40893861651420593
1167  0.4089372456073761
166  0.4089047908782959
888  0.4088784456253052
165  0.40887102484703064
587  0.40885695815086365
63  0.4088554084300995
990  0.4088553488254547
1366  0.40885138511657715
1243  0.4088495373725891
1448  0.4088437259197235
244  0.408836305141449
872  0.4088357388973236
953  0.40882402658462524
304  0.40881362557411194
61  0.40881308913230896
648  0.4088052213191986
972  0.4087677597999573
349  0.4087616801261902
450  0.4087598919868469
760  0.4087369441986084
156  0.40873095393180847
797  0.40872329473495483
614  0.4087149500846863
326  0.4087064266204834
833  0.4086904227733612
817  0.4086827337741852
1111  0.4086752235889435
73  0.40865984559059143
1241  0.4086596965789795
514  0.40865904092788696
687  0.40865713357925415
693  0.4086471498012543
809  0.4086310565471649
1272  0.40862059593200684
577  0.4086110293865204
832  0.4085986912250519
1415  0.40859758853912354
856  0.40858882665634155
968  0.4085734486579895
729  0.40857017040252686
1357  0.4085615873336792
835  0.40852323174476624
1213  0.40852275490760803
1106  0.40849459171295166
759  0.40849199891090393
913  0.40849193930625916
631  0.4084898829460144
846  0.40848833322525024
1259  0.4084709584712982
279  0.408466100692749
775  0.408452570438385
924  0.40845027565956116
46  0.40844231843948364
1257  0.40842586755752563
284  0.40842530131340027
580  0.40842077136039734
1379  0.4084194004535675
317  0.4084082245826721
293  0.40840572118759155
1235  0.40840524435043335
207  0.4083867371082306
600  0.4083844721317291
228  0.4083835482597351
170  0.40837985277175903
84  0.4083719253540039
1024  0.4083695411682129
803  0.40833425521850586
747  0.4083274006843567
1090  0.4083259701728821
828  0.4083239734172821
12  0.40831324458122253
176  0.4083111882209778
825  0.40830013155937195
152  0.40829792618751526
966  0.40829721093177795
90  0.4082925021648407
701  0.40827223658561707
50  0.40826913714408875
677  0.4082605242729187
350  0.4082493185997009
1335  0.40824028849601746
921  0.4082031846046448
772  0.4082004129886627
442  0.4082002341747284
1298  0.4081999361515045
433  0.40819817781448364
702  0.40817901492118835
716  0.40817853808403015
558  0.40817543864250183
234  0.40816766023635864
904  0.40816164016723633
1409  0.4081571102142334
212  0.40815645456314087
184  0.40814435482025146
668  0.4081393778324127
652  0.4081372022628784
781  0.408133864402771
45  0.40813198685646057
851  0.4081188142299652
364  0.4081156253814697
31  0.40810731053352356
656  0.4081069529056549
699  0.4080900549888611
1121  0.4080839455127716
1276  0.4080697000026703
923  0.4080668091773987
1275  0.4080656170845032
844  0.4080643653869629
698  0.40805521607398987
1191  0.40804147720336914
785  0.4080123007297516
692  0.40801137685775757
1358  0.40800899267196655
177  0.40797293186187744
1166  0.4079594910144806
1051  0.40794336795806885
1133  0.40793749690055847
1216  0.40793678164482117
427  0.4079209566116333
945  0.407916396856308
38  0.40790799260139465
780  0.407896488904953
1381  0.4078754484653473
26  0.40787172317504883
1089  0.40786904096603394
653  0.40786007046699524
1376  0.4078579545021057
447  0.40784838795661926
211  0.40784379839897156
636  0.4078276753425598
1058  0.4078245759010315
1149  0.407804399728775
602  0.4077940881252289
674  0.40779098868370056
1293  0.4077835977077484
1295  0.40777814388275146
283  0.40776291489601135
664  0.4077519476413727
1314  0.40774667263031006
1380  0.4077453911304474
814  0.40774428844451904
643  0.4077323079109192
1144  0.40771812200546265
1264  0.40770211815834045
456  0.4076998233795166
69  0.4076879322528839
836  0.4076824486255646
120  0.40767040848731995
887  0.40766334533691406
188  0.40765222907066345
670  0.40764346718788147
761  0.4076353907585144
1025  0.4076310992240906
132  0.40762507915496826
800  0.4076205790042877
282  0.407605916261673
1396  0.40760305523872375
1059  0.40760287642478943
1315  0.4076002836227417
144  0.407598078250885
1081  0.40758076310157776
389  0.4075784385204315
626  0.4075756072998047
931  0.40757542848587036
179  0.4075680375099182
515  0.4075605273246765
633  0.40756019949913025
15  0.4075387716293335
263  0.40753430128097534
1322  0.40752536058425903
1165  0.40752342343330383
29  0.40751221776008606
704  0.40751150250434875
1242  0.4075101912021637
251  0.40751007199287415
1069  0.4074864685535431
770  0.40747275948524475
644  0.40747183561325073
680  0.4074711203575134
1340  0.407459020614624
266  0.4074472188949585
1246  0.40743786096572876
23  0.4074362814426422
1182  0.40742233395576477
157  0.4074181616306305
1181  0.40740692615509033
167  0.4074054956436157
1278  0.4073998034000397
638  0.40737321972846985
634  0.40736308693885803
1168  0.40735137462615967
741  0.40734726190567017
235  0.4073444902896881
922  0.4073357880115509
1114  0.40733397006988525
143  0.40733152627944946
696  0.407328337430954
430  0.40732541680336
611  0.4073169529438019
237  0.4073125720024109
1147  0.40730762481689453
161  0.4073040187358856
787  0.4073026478290558
661  0.407301127910614
682  0.40729227662086487
1105  0.40729108452796936
378  0.4072892367839813
178  0.40727534890174866
673  0.4072747230529785
1435  0.40726396441459656
1256  0.40726175904273987
258  0.4072590470314026
819  0.40725845098495483
1027  0.40725502371788025
853  0.40725386142730713
876  0.40725263953208923
845  0.40725237131118774
424  0.40725091099739075
642  0.4072468876838684
936  0.4072110652923584
686  0.4072091579437256
1367  0.4072049558162689
1406  0.40717464685440063
210  0.40717262029647827
112  0.40716883540153503
487  0.4071679711341858
1138  0.40716037154197693
717  0.4071558713912964
798  0.4071510434150696
108  0.4071495532989502
480  0.40714338421821594
1424  0.4071410894393921
1385  0.4071284532546997
146  0.40710797905921936
454  0.40710121393203735
473  0.40709051489830017
837  0.40708836913108826
87  0.40708085894584656
329  0.4070796072483063
915  0.40706300735473633
1233  0.4070608913898468
30  0.4070424735546112
1292  0.40703481435775757
581  0.40702319145202637
1369  0.40700849890708923
1195  0.40700244903564453
1170  0.40697547793388367
1023  0.40697452425956726
608  0.40697208046913147
27  0.4069712162017822
1287  0.40696680545806885
993  0.4069666862487793
529  0.40695920586586
1394  0.4069511890411377
59  0.4069412052631378
1413  0.40693750977516174
855  0.40693148970603943
1031  0.40692856907844543
41  0.4069271981716156
736  0.4069135785102844
765  0.4069134294986725
827  0.40690284967422485
724  0.40690261125564575
337  0.4068973958492279
215  0.40689095854759216
190  0.40688416361808777
784  0.40688058733940125
578  0.4068797826766968
264  0.40687915682792664
576  0.40684521198272705
9  0.4068383574485779
1359  0.40683770179748535
1004  0.4068356156349182
1388  0.40682169795036316
978  0.4068183898925781
1370  0.40680986642837524
1360  0.40680786967277527
689  0.4068026840686798
597  0.4067740738391876
1417  0.4067615270614624
273  0.4067509174346924
860  0.40673503279685974
1301  0.4067303240299225
821  0.406716525554657
812  0.4067164957523346
1253  0.406708687543869
162  0.40670210123062134
1323  0.4066958725452423
291  0.4066812992095947
20  0.4066811800003052
462  0.4066728353500366
783  0.40666818618774414
683  0.4066639840602875
773  0.4066629707813263
451  0.4066625237464905
804  0.40666091442108154
791  0.4066573679447174
920  0.40664881467819214
126  0.4066457450389862
1247  0.4066407382488251
1223  0.40663647651672363
197  0.4066292643547058
700  0.4066248834133148
1442  0.40662243962287903
257  0.4066208600997925
1087  0.40662023425102234
1011  0.40661385655403137
1411  0.40660810470581055
446  0.40660741925239563
1281  0.4066068232059479
903  0.40660569071769714
321  0.40660345554351807
1015  0.40660274028778076
65  0.40659990906715393
242  0.40659525990486145
938  0.40657418966293335
912  0.4065663814544678
997  0.4065572917461395
267  0.40654486417770386
324  0.40653467178344727
1351  0.4065305292606354
866  0.4065248668193817
848  0.40651318430900574
630  0.40651220083236694
346  0.4065033495426178
725  0.4064817726612091
402  0.4064732491970062
299  0.4064632058143616
374  0.4064567983150482
710  0.4064556956291199
1403  0.4064525365829468
1010  0.4064444899559021
685  0.4064308702945709
147  0.40642887353897095
718  0.4064272344112396
790  0.4064216613769531
726  0.40640830993652344
690  0.40640243887901306
782  0.40639302134513855
306  0.406391978263855
858  0.40639039874076843
1383  0.4063871502876282
885  0.40638232231140137
377  0.40637028217315674
24  0.40636950731277466
1028  0.4063640236854553
281  0.40635526180267334
999  0.4063411056995392
164  0.40633872151374817
609  0.406333863735199
1350  0.40633314847946167
209  0.40633007884025574
688  0.40632331371307373
906  0.4063221514225006
1427  0.40632203221321106
1150  0.4063056707382202
998  0.4063052833080292
850  0.4062955677509308
225  0.406277596950531
598  0.406273752450943
376  0.40627142786979675
287  0.4062645733356476
649  0.40626126527786255
1039  0.40625032782554626
320  0.4062434136867523
641  0.40622830390930176
226  0.4062163829803467
606  0.40620556473731995
869  0.406202107667923
18  0.40619957447052
149  0.40619200468063354
174  0.4061824381351471
1234  0.40615394711494446
21  0.4061538875102997
1414  0.4061529338359833
444  0.4061500132083893
789  0.4061458706855774
588  0.4061359763145447
16  0.40613216161727905
831  0.40612587332725525
518  0.4061207175254822
214  0.40611764788627625
249  0.40610629320144653
183  0.40610164403915405
163  0.4060971736907959
1162  0.40609630942344666
1326  0.40609630942344666
1345  0.4060952067375183
1299  0.40607744455337524
601  0.40607717633247375
746  0.40607523918151855
14  0.4060729146003723
192  0.4060308039188385
566  0.40602728724479675
461  0.40602508187294006
1142  0.4060210585594177
1355  0.40601611137390137
875  0.4060056507587433
1065  0.4060043692588806
1265  0.4059935510158539
316  0.4059918224811554
1333  0.4059911072254181
628  0.40599048137664795
375  0.40596431493759155
25  0.4059637784957886
296  0.4059636890888214
1143  0.40596243739128113
265  0.40594932436943054
148  0.4059445858001709
625  0.40594443678855896
260  0.4059417247772217
185  0.4059379994869232
1218  0.4059315621852875
347  0.4059082865715027
476  0.4059080481529236
1267  0.4059029519557953
1419  0.4058872163295746
428  0.4058643579483032
262  0.4058593809604645
986  0.40585365891456604
379  0.4058479368686676
1022  0.4058438837528229
1438  0.405841201543808
722  0.4058380722999573
145  0.40583351254463196
735  0.4058324992656708
1032  0.4058320224285126
361  0.40583178400993347
569  0.4058312475681305
1160  0.4058164656162262
1430  0.40581509470939636
1135  0.4057978689670563
1365  0.40579408407211304
223  0.4057885706424713
1447  0.40578094124794006
847  0.4057721495628357
743  0.4057481586933136
935  0.4057450294494629
1192  0.40574297308921814
1283  0.4057392179965973
1178  0.4057356119155884
416  0.40573030710220337
1211  0.4057300388813019
1049  0.4057290256023407
1255  0.4057111144065857
1141  0.4057052433490753
182  0.40570223331451416
28  0.40568307042121887
540  0.4056830108165741
793  0.4056779146194458
1190  0.40567541122436523
1220  0.4056708514690399
570  0.4056641161441803
1186  0.4056337773799896
292  0.40563008189201355
1339  0.4056246280670166
490  0.4056236743927002
1131  0.40562164783477783
1305  0.40560734272003174
531  0.4056071937084198
383  0.40559443831443787
88  0.4055813252925873
58  0.40557897090911865
987  0.4055752158164978
610  0.4055744409561157
905  0.4055739939212799
1137  0.4055577218532562
681  0.4055553376674652
859  0.4055512845516205
111  0.4055473506450653
1446  0.4055469036102295
1075  0.4055381119251251
344  0.40553197264671326
1072  0.405529648065567
1044  0.4055277705192566
440  0.405525803565979
1349  0.4055130183696747
663  0.4055076539516449
805  0.4055004119873047
1002  0.40549907088279724
445  0.4054972231388092
1070  0.40549373626708984
697  0.4054935872554779
1313  0.4054925739765167
596  0.40549135208129883
385  0.4054884910583496
1092  0.40548497438430786
516  0.4054776728153229
755  0.40545719861984253
1338  0.4054463505744934
1334  0.4054442048072815
1404  0.40544047951698303
255  0.40543970465660095
1077  0.4054394066333771
356  0.40543752908706665
1232  0.40543442964553833
1325  0.4054245948791504
1088  0.4054238498210907
829  0.4054235517978668
390  0.40540844202041626
1238  0.40537217259407043
1418  0.4053575098514557
671  0.40535399317741394
684  0.40535083413124084
1009  0.4053500294685364
1038  0.4053475856781006
345  0.40534427762031555
1328  0.4053405225276947
1303  0.4053385257720947
878  0.4053231179714203
568  0.4053098261356354
373  0.4053039848804474
96  0.40529665350914
355  0.40529492497444153
368  0.4052673578262329
217  0.4052482843399048
270  0.4052414298057556
599  0.4052370488643646
448  0.4052232801914215
1285  0.40522104501724243
1291  0.4052170515060425
1344  0.405213326215744
19  0.40519794821739197
795  0.4051942229270935
944  0.4051794409751892
534  0.40515071153640747
533  0.40514859557151794
1384  0.40512987971305847
937  0.4051077663898468
942  0.4051060378551483
404  0.40510445833206177
213  0.40510424971580505
1082  0.40510374307632446
1250  0.40509748458862305
49  0.4050865173339844
481  0.4050850570201874
441  0.405084490776062
289  0.4050823748111725
1327  0.40507522225379944
1408  0.40505272150039673
830  0.40505266189575195
196  0.40505197644233704
484  0.4050288796424866
1324  0.40501001477241516
504  0.40500783920288086
1154  0.40499261021614075
1237  0.4049796760082245
1286  0.40497878193855286
276  0.40497708320617676
1067  0.4049718976020813
1109  0.4049711525440216
298  0.4049677550792694
312  0.40496477484703064
1085  0.4049554169178009
985  0.40494659543037415
272  0.40493243932724
352  0.40493109822273254
1371  0.4049227833747864
1437  0.40491798520088196
313  0.40491563081741333
751  0.4049028158187866
44  0.4048958420753479
627  0.40489131212234497
522  0.40488898754119873
590  0.4048883616924286
1078  0.40488192439079285
70  0.4048677384853363
240  0.4048614501953125
720  0.40486088395118713
117  0.4048568606376648
426  0.40484997630119324
969  0.40484872460365295
67  0.4048466086387634
883  0.40484607219696045
1062  0.4048340916633606
412  0.40482738614082336
133  0.4047989547252655
1107  0.4047982394695282
252  0.4047897160053253
246  0.404787540435791
524  0.4047869145870209
1056  0.4047769606113434
311  0.40477651357650757
754  0.4047752618789673
1271  0.4047739505767822
1139  0.4047718346118927
854  0.40476658940315247
307  0.4047633409500122
621  0.40475010871887207
1164  0.4047446846961975
1407  0.4047393202781677
1158  0.40473586320877075
372  0.40473484992980957
1000  0.40472832322120667
277  0.4047269821166992
672  0.4047182500362396
1248  0.40470489859580994
1156  0.40468576550483704
1356  0.40467169880867004
171  0.4046694338321686
113  0.40466779470443726
1177  0.40466755628585815
286  0.40466752648353577
1262  0.40465089678764343
528  0.4046480059623718
562  0.4046352505683899
224  0.40460893511772156
1373  0.4046085476875305
406  0.4046057164669037
1390  0.4045872390270233
323  0.4045802354812622
1066  0.40456920862197876
1202  0.4045602083206177
1098  0.40454915165901184
195  0.4045449197292328
1145  0.4045379161834717
989  0.4045346975326538
547  0.40452340245246887
472  0.4045196771621704
13  0.4045131802558899
629  0.40448975563049316
459  0.40448224544525146
398  0.40447986125946045
745  0.4044739305973053
1094  0.40446990728378296
535  0.40446722507476807
1110  0.4044671058654785
1061  0.4044542610645294
824  0.40444350242614746
873  0.404440701007843
465  0.4044346809387207
1199  0.40442633628845215
867  0.4044259190559387
1003  0.40441277623176575
669  0.4044124484062195
1294  0.4044075012207031
64  0.4044059216976166
526  0.40439510345458984
995  0.4043939709663391
1079  0.404390811920166
591  0.40438583493232727
384  0.4043717682361603
988  0.40436995029449463
354  0.40436863899230957
541  0.4043678939342499
43  0.4043583869934082
914  0.4043465852737427
564  0.4043440520763397
1425  0.40433457493782043
366  0.40431708097457886
1420  0.40430474281311035
1297  0.4042946994304657
538  0.4042901396751404
315  0.40426862239837646
1091  0.40425369143486023
1329  0.4042535126209259
1052  0.40424299240112305
360  0.40423738956451416
300  0.40423205494880676
334  0.40422549843788147
1117  0.4042228162288666
1185  0.4042218327522278
295  0.404221773147583
996  0.4042167365550995
42  0.404205322265625
477  0.4042010009288788
469  0.40418189764022827
460  0.4041766822338104
691  0.4041658341884613
1222  0.4041576087474823
834  0.4041554629802704
1115  0.404147207736969
567  0.4041411280632019
1341  0.4041307270526886
7  0.4041234254837036
434  0.40410760045051575
771  0.4040856659412384
253  0.4040625989437103
1129  0.40405693650245667
820  0.4040491282939911
1244  0.40404361486434937
517  0.4040423333644867
1401  0.40404197573661804
934  0.40401867032051086
520  0.40399831533432007
1050  0.4039965271949768
1219  0.4039674997329712
1251  0.4039665460586548
792  0.40396180748939514
499  0.40395861864089966
297  0.4039570689201355
387  0.40395283699035645
1227  0.40395018458366394
280  0.40394556522369385
1321  0.4039413630962372
206  0.40393683314323425
1212  0.40393558144569397
530  0.4039308428764343
796  0.4038965702056885
1343  0.40388432145118713
1046  0.4038812220096588
1261  0.4038669764995575
425  0.4038669466972351
407  0.40386247634887695
1019  0.4038584530353546
1116  0.4038507342338562
172  0.4038447439670563
457  0.40384069085121155
302  0.4038325250148773
1063  0.403827041387558
247  0.4038207232952118
731  0.4038059115409851
734  0.4037911593914032
327  0.4037759304046631
1228  0.4037729799747467
353  0.4037665128707886
1036  0.4037616550922394
1378  0.40376025438308716
1317  0.40374335646629333
239  0.40374210476875305
1304  0.40374141931533813
1057  0.4037393629550934
1231  0.40373659133911133
519  0.4037259519100189
1400  0.4037243127822876
1187  0.4037197530269623
555  0.40370169281959534
539  0.4037007987499237
275  0.40369299054145813
1159  0.4036679267883301
1040  0.40366679430007935
1226  0.40365809202194214
489  0.4036484658718109
332  0.4036354124546051
1402  0.40363460779190063
301  0.4036334455013275
733  0.40362748503685
1434  0.4036124348640442
1060  0.4035961925983429
399  0.4035952091217041
431  0.40357789397239685
1423  0.4035741686820984
1201  0.40357282757759094
537  0.4035695791244507
1021  0.40356799960136414
241  0.4035664498806
711  0.40355363488197327
114  0.4035341441631317
1310  0.40352919697761536
464  0.40351006388664246
1151  0.4035051763057709
624  0.40349626541137695
1306  0.4034883379936218
1203  0.4034852981567383
358  0.4034693241119385
479  0.40345072746276855
222  0.40344199538230896
1197  0.40344107151031494
1005  0.40343931317329407
343  0.4034211039543152
506  0.4034169614315033
572  0.4034128785133362
1432  0.4033872187137604
794  0.40336742997169495
268  0.4033634662628174
1422  0.403359591960907
1018  0.4033462107181549
256  0.40334537625312805
1353  0.4033382833003998
1249  0.4033382534980774
294  0.4033341705799103
594  0.40332111716270447
1136  0.4033163785934448
340  0.4033155143260956
314  0.4033057987689972
1157  0.4033046364784241
435  0.40330031514167786
1103  0.4032885432243347
1122  0.4032818675041199
1193  0.40328070521354675
1153  0.4032491445541382
1176  0.4032002091407776
507  0.40319743752479553
752  0.4031949043273926
1086  0.4031792879104614
1428  0.4031703472137451
532  0.4031679034233093
1130  0.40316635370254517
191  0.4031510055065155
1184  0.4031439423561096
1196  0.40312284231185913
173  0.4030987024307251
391  0.4030863046646118
715  0.403080016374588
527  0.40307047963142395
1200  0.4030624330043793
1363  0.40305599570274353
86  0.40304362773895264
414  0.4030434489250183
1352  0.4030228555202484
351  0.40301960706710815
1073  0.40301698446273804
1389  0.40300124883651733
420  0.4029954671859741
732  0.4029923379421234
546  0.40297260880470276
1252  0.40295037627220154
486  0.4029427170753479
492  0.40293946862220764
1043  0.4029344916343689
1053  0.4029127359390259
727  0.4029037058353424
1126  0.40290194749832153
1405  0.4028516709804535
970  0.40285030007362366
455  0.4028283953666687
976  0.40281715989112854
422  0.4028152525424957
1245  0.4028024673461914
1132  0.40279534459114075
107  0.4027644097805023
261  0.40275663137435913
1175  0.4027504622936249
439  0.40273529291152954
468  0.40272974967956543
365  0.40272313356399536
1284  0.40271490812301636
1254  0.4027060270309448
1431  0.4026916027069092
1194  0.40269002318382263
525  0.40268969535827637
548  0.40268734097480774
1260  0.4026564657688141
1429  0.4026390314102173
542  0.40263643860816956
556  0.4026247262954712
1393  0.402614027261734
1300  0.4025866985321045
1172  0.4025688171386719
1068  0.40256863832473755
309  0.4025658369064331
1239  0.40256425738334656
513  0.4025469124317169
303  0.40254461765289307
308  0.40251949429512024
259  0.40251824259757996
1064  0.40250298380851746
579  0.40248674154281616
1074  0.40247246623039246
436  0.40246838331222534
1096  0.40245741605758667
510  0.4024556279182434
1204  0.402448445558548
1174  0.40244242548942566
216  0.4024239778518677
1104  0.4024145305156708
115  0.40240034461021423
478  0.4023902714252472
553  0.40234073996543884
1008  0.40233954787254333
500  0.4023283123970032
271  0.4023105502128601
458  0.40230950713157654
1080  0.4022999703884125
1320  0.40228456258773804
386  0.40227651596069336
1392  0.4022654592990875
471  0.4022643268108368
1348  0.40225160121917725
1188  0.4022412598133087
1128  0.40223798155784607
367  0.40223705768585205
342  0.4022294580936432
1198  0.40222635865211487
1288  0.4022102653980255
1445  0.4021926522254944
408  0.402177095413208
1347  0.40215325355529785
973  0.4021528661251068
1006  0.4021366834640503
505  0.4021361470222473
1048  0.4021109640598297
336  0.40210798382759094
1387  0.4020957946777344
1236  0.40207692980766296
1433  0.4020712077617645
823  0.4020628035068512
1289  0.4020622670650482
501  0.402052640914917
1217  0.40205249190330505
380  0.40204957127571106
357  0.40204787254333496
437  0.40204060077667236
1173  0.4020179808139801
1372  0.4020134210586548
1030  0.4020029306411743
1152  0.40200191736221313
1346  0.40197381377220154
248  0.40194931626319885
1302  0.40188100934028625
1210  0.4018780589103699
1047  0.4018736183643341
1421  0.4018346965312958
290  0.4018169641494751
498  0.40181267261505127
423  0.4017994701862335
554  0.4017868638038635
512  0.4017857313156128
1055  0.4017795920372009
1042  0.4017502963542938
1221  0.4017437994480133
1124  0.4017094671726227
714  0.4016968011856079
495  0.40167948603630066
1229  0.40167108178138733
971  0.4016459584236145
508  0.40163329243659973
1108  0.40162569284439087
467  0.4016152620315552
721  0.40161338448524475
977  0.40160441398620605
994  0.40159592032432556
194  0.4015800952911377
571  0.4015674889087677
1205  0.4015464186668396
1214  0.4015405774116516
774  0.40148407220840454
1007  0.4014776051044464
1268  0.4014689326286316
359  0.40145638585090637
335  0.40145108103752136
193  0.4014207422733307
822  0.40140968561172485
1354  0.4014075696468353
1266  0.40139061212539673
175  0.401374876499176
753  0.40136289596557617
466  0.4013364315032959
1331  0.40131911635398865
1309  0.4012826979160309
494  0.40123704075813293
521  0.4012351632118225
415  0.4012136161327362
1311  0.40116041898727417
1045  0.4011555314064026
552  0.40113964676856995
1099  0.4011029005050659
421  0.4011012017726898
409  0.40109628438949585
381  0.4010807275772095
1391  0.4010731279850006
984  0.40104883909225464
884  0.4010477364063263
511  0.4010465741157532
1382  0.40103960037231445
1386  0.4010167419910431
1290  0.400995135307312
1071  0.400961309671402
1083  0.4009566307067871
1041  0.4009539484977722
1362  0.40094342827796936
1307  0.4009160101413727
310  0.4008617699146271
1296  0.4007120430469513
370  0.4006939232349396
338  0.4006810784339905
413  0.40067756175994873
333  0.4006626307964325
1102  0.4006580114364624
1034  0.4006476402282715
713  0.400626540184021
503  0.40062636137008667
509  0.4006137251853943
592  0.4006018340587616
1146  0.4005632996559143
1097  0.4005574882030487
417  0.4005562961101532
1207  0.4005468487739563
1444  0.4005454480648041
371  0.40050074458122253
1101  0.4004864990711212
388  0.40047112107276917
1330  0.40046361088752747
1312  0.4004531502723694
1189  0.40036576986312866
1332  0.4003501832485199
1361  0.40034666657447815
1395  0.4003068506717682
491  0.400262713432312
502  0.40024882555007935
369  0.40022948384284973
1230  0.4001762866973877
1171  0.4001719653606415
485  0.4001256823539734
983  0.40012264251708984
1095  0.4001096189022064
563  0.4000794291496277
1377  0.40007859468460083
1054  0.4000459313392639
593  0.39999058842658997
967  0.39996102452278137
17  0.3999447822570801
1443  0.39989298582077026
565  0.3997439742088318
403  0.3997219502925873
382  0.3996727466583252
438  0.39954087138175964
274  0.3995343744754791
1161  0.3994893729686737
551  0.3993832767009735
728  0.3993110954761505
1209  0.39929696917533875
496  0.3992171883583069
1035  0.39920279383659363
1020  0.39918166399002075
712  0.39917218685150146
1100  0.39916160702705383
1163  0.39913320541381836
493  0.39913129806518555
1125  0.399119108915329
979  0.399102121591568
1206  0.39900439977645874
1084  0.39900127053260803
1208  0.3989499807357788
418  0.3989357054233551
975  0.39891451597213745
1123  0.3988824486732483
550  0.3988479673862457
341  0.39883267879486084
1140  0.3987584114074707
549  0.39875131845474243
411  0.3986380100250244
339  0.3986082673072815
543  0.3985692858695984
1308  0.3985345959663391
545  0.3984955847263336
419  0.3984892964363098
497  0.3984678089618683
1270  0.3982188403606415
982  0.3981429636478424
1269  0.3981042802333832
1033  0.39807337522506714
974  0.3978594243526459
410  0.3977774679660797
981  0.39773279428482056
1342  0.3977248966693878
1364  0.39742159843444824
1127  0.3971567451953888
1215  0.39710891246795654
730  0.3969307243824005
544  0.3967931270599365
1318  0.396746426820755
1319  0.396453320980072
980  0.396323025226593
523  0.39631718397140503
