1449  0.4123246371746063
1  0.40567439794540405
2  0.39419862627983093
1448  0.3901631236076355
3  0.38784703612327576
70  0.3873460590839386
1402  0.3871610164642334
1425  0.38560205698013306
1328  0.3850204348564148
1214  0.3848111033439636
838  0.3846859633922577
129  0.3845822811126709
56  0.38452479243278503
130  0.38444191217422485
836  0.3843573331832886
206  0.3840269446372986
854  0.3837571144104004
716  0.38374394178390503
939  0.38372454047203064
638  0.38371530175209045
623  0.383698433637619
306  0.38347628712654114
1326  0.38330546021461487
47  0.383253276348114
1401  0.3831952214241028
439  0.38311758637428284
131  0.3830684721469879
761  0.3830144703388214
295  0.382964164018631
128  0.3829406797885895
48  0.38285383582115173
882  0.3828442692756653
205  0.3828115165233612
979  0.3826611042022705
802  0.38265782594680786
125  0.38257911801338196
879  0.38252368569374084
715  0.3825196325778961
787  0.3824121654033661
626  0.3823814392089844
10  0.38235315680503845
49  0.3822932839393616
760  0.3822774291038513
76  0.3822588622570038
22  0.3822459578514099
661  0.38217228651046753
41  0.38215622305870056
773  0.3820509612560272
779  0.3820439577102661
624  0.38202399015426636
84  0.3820154368877411
210  0.382005512714386
382  0.3819788992404938
120  0.38190871477127075
127  0.3818874955177307
906  0.3818356394767761
774  0.38180074095726013
853  0.38176655769348145
441  0.3817364573478699
625  0.3817186653614044
890  0.38168197870254517
542  0.38166746497154236
296  0.3816646933555603
772  0.3816140592098236
55  0.38159799575805664
776  0.38157156109809875
762  0.38156774640083313
657  0.3815314769744873
791  0.38144877552986145
134  0.38142165541648865
982  0.3814184069633484
613  0.3813703656196594
630  0.3813326060771942
763  0.38133013248443604
975  0.38131991028785706
104  0.38131988048553467
1384  0.3813028633594513
178  0.3812370300292969
981  0.38118496537208557
629  0.3811339735984802
45  0.3811075985431671
1215  0.38108551502227783
1396  0.3809908628463745
209  0.38096296787261963
1027  0.38092440366744995
857  0.3808807134628296
39  0.3808708190917969
775  0.38086777925491333
81  0.38085469603538513
74  0.3808353543281555
50  0.38082391023635864
208  0.3808184564113617
135  0.3808048367500305
619  0.3807971477508545
94  0.3807893693447113
1400  0.38077497482299805
621  0.38071224093437195
1363  0.3806687891483307
912  0.38063493371009827
777  0.3806074559688568
889  0.3805873394012451
929  0.38057610392570496
1404  0.3805694580078125
114  0.38056591153144836
977  0.380560040473938
696  0.3805091381072998
633  0.38049080967903137
126  0.3804320693016052
1216  0.38043108582496643
21  0.3804163336753845
612  0.38038909435272217
928  0.3803805708885193
771  0.3803732991218567
106  0.3803715705871582
855  0.3803667426109314
837  0.3803595006465912
620  0.3803327977657318
725  0.38033175468444824
668  0.38030844926834106
190  0.3802943229675293
627  0.38029181957244873
908  0.380199134349823
207  0.38019827008247375
856  0.3801918625831604
219  0.3801595866680145
82  0.3801543116569519
440  0.38012295961380005
631  0.38008740544319153
1187  0.3800804316997528
37  0.3800768554210663
1380  0.38007432222366333
636  0.3800692856311798
752  0.3800681233406067
89  0.3800431191921234
9  0.3800327777862549
637  0.3800031244754791
1083  0.3799813389778137
1403  0.37997710704803467
1327  0.379973828792572
44  0.37997156381607056
116  0.37996095418930054
121  0.37992846965789795
543  0.3799212872982025
735  0.3798798620700836
888  0.37987837195396423
866  0.3798690736293793
655  0.3798498511314392
168  0.3798486292362213
699  0.37982794642448425
692  0.37981775403022766
177  0.3798164427280426
285  0.37981459498405457
51  0.3797982931137085
931  0.37979447841644287
974  0.3797936737537384
622  0.3797856271266937
14  0.3797786235809326
215  0.3797663152217865
435  0.37972986698150635
913  0.3797145485877991
12  0.37966233491897583
978  0.3796336352825165
608  0.3796102702617645
797  0.3795958459377289
785  0.37957751750946045
123  0.37956467270851135
898  0.379514217376709
1398  0.3795076310634613
1330  0.3795059323310852
628  0.37948140501976013
1362  0.3794751465320587
585  0.37947019934654236
1034  0.3794696033000946
909  0.3794597387313843
824  0.3794597089290619
880  0.37944260239601135
438  0.37942811846733093
1447  0.3794253468513489
1186  0.37939900159835815
667  0.37938547134399414
936  0.3793807029724121
907  0.3793776035308838
270  0.3793300986289978
192  0.3793201148509979
607  0.3793032169342041
297  0.3792892396450043
983  0.3792780637741089
301  0.37927111983299255
839  0.3792353868484497
940  0.37922367453575134
107  0.3792063891887665
1420  0.3792009651660919
204  0.37919995188713074
24  0.3791978061199188
670  0.3791682720184326
1390  0.3791642189025879
40  0.37912994623184204
108  0.37912794947624207
154  0.3791276812553406
62  0.37911972403526306
180  0.3791152238845825
764  0.3790987730026245
59  0.379092812538147
16  0.37907204031944275
179  0.3790648877620697
594  0.37906020879745483
1393  0.3790474534034729
905  0.37904587388038635
61  0.3790372610092163
583  0.37901586294174194
611  0.3789822459220886
43  0.37895092368125916
980  0.37892916798591614
1309  0.37892651557922363
38  0.3789258897304535
516  0.37892454862594604
46  0.3789193630218506
383  0.3789036273956299
948  0.37890011072158813
1126  0.3788706660270691
687  0.3788396418094635
914  0.3788372874259949
57  0.37882840633392334
147  0.378820538520813
80  0.3788156509399414
69  0.37880533933639526
660  0.3788025379180908
673  0.37880203127861023
23  0.37879905104637146
526  0.37878191471099854
587  0.37877368927001953
1213  0.37876689434051514
337  0.3787289261817932
698  0.3787109851837158
1285  0.37870946526527405
122  0.3786619305610657
702  0.3786431550979614
105  0.3786395490169525
789  0.378616064786911
943  0.3786029815673828
881  0.3786012828350067
634  0.37857887148857117
158  0.3785567879676819
1426  0.37854114174842834
109  0.3785408139228821
436  0.3785313069820404
216  0.37851107120513916
77  0.37849414348602295
835  0.3784826695919037
786  0.37847664952278137
902  0.3784763813018799
644  0.3784722089767456
132  0.3784676492214203
211  0.37843677401542664
674  0.37843307852745056
895  0.3784233033657074
810  0.3784210979938507
844  0.3784107267856598
858  0.37836965918540955
707  0.37835893034935
1367  0.3783584535121918
220  0.3783529996871948
98  0.3783489763736725
157  0.3783474564552307
1431  0.37833020091056824
15  0.3783298432826996
189  0.37830236554145813
159  0.37829679250717163
1149  0.3782871663570404
201  0.37828677892684937
659  0.3782789707183838
75  0.3782697916030884
186  0.37824103236198425
845  0.37823083996772766
1394  0.3782278001308441
780  0.3782227337360382
52  0.37820929288864136
920  0.3781944513320923
645  0.37818261981010437
145  0.3781700134277344
268  0.37816599011421204
582  0.3781309425830841
1031  0.37812086939811707
283  0.3781196177005768
1417  0.3781156539916992
937  0.3780835270881653
885  0.3780813217163086
1124  0.37807661294937134
60  0.3780759274959564
71  0.378072589635849
635  0.3780549466609955
932  0.37802809476852417
756  0.3780207931995392
4  0.378009557723999
784  0.3779747486114502
976  0.37796658277511597
734  0.37796550989151
726  0.3779583275318146
573  0.37794387340545654
1173  0.37793686985969543
28  0.3779275715351105
6  0.3778870701789856
863  0.37787678837776184
1339  0.37787559628486633
136  0.37787124514579773
813  0.3778661787509918
5  0.3778611421585083
921  0.37782979011535645
1235  0.3778257966041565
843  0.37781158089637756
188  0.3777898848056793
1406  0.37778693437576294
509  0.37778571248054504
33  0.37778517603874207
7  0.37777993083000183
1032  0.3777734637260437
194  0.3777415454387665
930  0.37773945927619934
834  0.3777382969856262
1194  0.37773212790489197
274  0.3777291178703308
142  0.37771880626678467
669  0.3777012825012207
632  0.37769612669944763
338  0.37769269943237305
504  0.37768426537513733
505  0.37764987349510193
1237  0.37764039635658264
97  0.3776393234729767
191  0.3776376247406006
1405  0.37761712074279785
1286  0.37760165333747864
27  0.37759968638420105
695  0.3775985836982727
346  0.3775741755962372
724  0.3775675296783447
426  0.3775506019592285
8  0.37754228711128235
1204  0.3775375783443451
302  0.3775221109390259
212  0.3775171637535095
437  0.37750983238220215
891  0.3775090277194977
1413  0.37750574946403503
170  0.3775029480457306
588  0.3774943947792053
1296  0.37749168276786804
1349  0.3774702847003937
894  0.37746432423591614
469  0.3774244785308838
138  0.3774140179157257
1203  0.3774101436138153
496  0.37739911675453186
1310  0.3773937225341797
666  0.37739208340644836
517  0.3773864507675171
1123  0.37736043334007263
697  0.3773595988750458
83  0.37735480070114136
714  0.37735024094581604
991  0.37734895944595337
861  0.3773363530635834
770  0.3773322105407715
26  0.3773286044597626
1412  0.37731489539146423
218  0.37730681896209717
584  0.3773004412651062
717  0.377287358045578
25  0.3772847652435303
646  0.3772777020931244
153  0.3772650957107544
862  0.3772635757923126
146  0.37726232409477234
694  0.3772604465484619
938  0.37725988030433655
1365  0.37725985050201416
742  0.37725603580474854
1039  0.3772512972354889
345  0.37724241614341736
141  0.377238392829895
446  0.377238005399704
672  0.3772337734699249
160  0.37723153829574585
586  0.37723106145858765
615  0.37722712755203247
1383  0.37722209095954895
1399  0.3772069811820984
1130  0.3772042691707611
96  0.37720394134521484
658  0.3771950900554657
1430  0.3771815299987793
325  0.37716999650001526
653  0.3771660029888153
17  0.377157062292099
743  0.3771541714668274
115  0.3771497309207916
814  0.37714824080467224
871  0.3771423101425171
339  0.3771405816078186
1331  0.3771231174468994
326  0.3771059215068817
284  0.37710413336753845
654  0.37709471583366394
1174  0.37709465622901917
1409  0.3770849108695984
1446  0.3770710527896881
1336  0.3770619034767151
1112  0.37706074118614197
591  0.37705397605895996
942  0.37705105543136597
703  0.3770430088043213
340  0.37702733278274536
778  0.3770141899585724
883  0.3770112097263336
1082  0.3770065903663635
269  0.3769972622394562
1364  0.37699630856513977
878  0.37699615955352783
540  0.3769683837890625
901  0.3769631087779999
897  0.3769614100456238
605  0.37693923711776733
741  0.37693092226982117
675  0.3769245445728302
144  0.37691205739974976
989  0.3769061863422394
541  0.3768931031227112
1150  0.37687012553215027
1081  0.37686887383461
247  0.3768640458583832
1226  0.3768574893474579
307  0.37684327363967896
169  0.3768412470817566
887  0.37684008479118347
196  0.3768339157104492
815  0.37683379650115967
329  0.376826673746109
1049  0.3768218159675598
842  0.37680500745773315
148  0.3768036365509033
1397  0.37680330872535706
1135  0.37680020928382874
1392  0.3767969012260437
1385  0.3767882287502289
1324  0.37676864862442017
103  0.3767658770084381
118  0.37676575779914856
300  0.3767625689506531
759  0.3767603933811188
363  0.37675729393959045
442  0.37675365805625916
198  0.3767276406288147
1201  0.37671321630477905
823  0.37670186161994934
336  0.3766809105873108
137  0.37668055295944214
73  0.3766779899597168
686  0.37665683031082153
941  0.3766460418701172
253  0.3766321837902069
1332  0.37661033868789673
1017  0.3766061067581177
1423  0.37659403681755066
1407  0.3765851855278015
1424  0.3765828013420105
662  0.3765813112258911
86  0.37657630443573
19  0.37656575441360474
691  0.3765577971935272
78  0.37655171751976013
175  0.3765510320663452
700  0.37654921412467957
841  0.3765471279621124
1287  0.3765036165714264
95  0.37648457288742065
1320  0.37647727131843567
200  0.3764689266681671
58  0.3764682114124298
54  0.3764652609825134
331  0.3764633238315582
299  0.3764631152153015
434  0.37643787264823914
903  0.3764086961746216
448  0.3763982951641083
870  0.3763938546180725
1427  0.37638965249061584
676  0.3763791620731354
113  0.3763711750507355
1288  0.37636977434158325
639  0.37634849548339844
92  0.37634390592575073
63  0.37632885575294495
1264  0.3763280510902405
197  0.3763267993927002
1084  0.37632447481155396
1044  0.3763170838356018
30  0.376316636800766
713  0.37630873918533325
1114  0.37629765272140503
1063  0.3762953579425812
512  0.376289039850235
577  0.3762837052345276
117  0.3762698471546173
651  0.37625911831855774
214  0.37625759840011597
327  0.3762572705745697
1088  0.3762545883655548
1207  0.37625017762184143
649  0.37623485922813416
203  0.37622183561325073
156  0.37621429562568665
899  0.376213937997818
1354  0.37619471549987793
875  0.376192569732666
1038  0.376185804605484
781  0.3761819005012512
1100  0.3761617839336395
298  0.37615349888801575
1422  0.37614554166793823
506  0.37612664699554443
53  0.37611865997314453
176  0.37611818313598633
1037  0.37611615657806396
552  0.3761114478111267
1224  0.37611111998558044
304  0.37610626220703125
910  0.3760908246040344
1382  0.3760819435119629
18  0.37606263160705566
119  0.37606215476989746
246  0.3760400414466858
610  0.37601178884506226
572  0.3760017156600952
140  0.37600162625312805
783  0.3759728968143463
1189  0.37596386671066284
343  0.37595605850219727
1366  0.37594351172447205
528  0.3759358525276184
643  0.3759274184703827
311  0.3759261965751648
222  0.3759239614009857
767  0.375923752784729
443  0.37591052055358887
276  0.3759036064147949
1158  0.37588775157928467
381  0.3758855164051056
468  0.3758751451969147
1133  0.3758673667907715
1265  0.3758668303489685
867  0.37584438920021057
1218  0.37583842873573303
332  0.3758128881454468
223  0.37581002712249756
352  0.37579572200775146
801  0.3757917881011963
1205  0.3757893741130829
386  0.37578585743904114
430  0.3757748305797577
706  0.37574565410614014
790  0.3757455348968506
1281  0.37574002146720886
719  0.3757326304912567
199  0.3757302761077881
1125  0.3757198750972748
579  0.3757196068763733
606  0.37571704387664795
1002  0.37569648027420044
310  0.3756922483444214
225  0.37568774819374084
953  0.3756873309612274
110  0.37568509578704834
330  0.3756844997406006
732  0.3756783604621887
757  0.37567806243896484
822  0.37567004561424255
925  0.375669926404953
1151  0.37566834688186646
663  0.3756674826145172
388  0.3756597340106964
384  0.37565600872039795
754  0.37565433979034424
335  0.37565121054649353
72  0.3756412863731384
832  0.3756352663040161
1445  0.3756222426891327
242  0.37562084197998047
349  0.3756192922592163
782  0.37560585141181946
581  0.3755960762500763
1136  0.37558645009994507
1159  0.3755805492401123
303  0.3755802512168884
1188  0.3755795955657959
1338  0.37557926774024963
1219  0.37557896971702576
1411  0.3755689859390259
896  0.37556520104408264
433  0.3755408227443695
85  0.3755384683609009
656  0.3755338788032532
287  0.37553131580352783
521  0.37552472949028015
419  0.37552276253700256
185  0.37550845742225647
1113  0.3754979372024536
1080  0.3754638135433197
1379  0.375458300113678
143  0.37543976306915283
664  0.37543389201164246
804  0.37542811036109924
874  0.3754253685474396
927  0.37542396783828735
1103  0.3754148781299591
424  0.3754040598869324
1343  0.3754040598869324
825  0.3753753900527954
640  0.3753705322742462
753  0.37534812092781067
954  0.37532973289489746
309  0.3753219544887543
893  0.37531572580337524
13  0.3753059208393097
1033  0.3752846121788025
1421  0.37526923418045044
328  0.3752671480178833
42  0.3752664625644684
294  0.37524425983428955
614  0.37524285912513733
165  0.3752362132072449
399  0.3752323091030121
477  0.37521401047706604
213  0.3752041459083557
1217  0.3751938045024872
705  0.37518391013145447
1351  0.37517860531806946
93  0.3751690089702606
535  0.37515437602996826
1274  0.3751157224178314
418  0.37510862946510315
911  0.375090092420578
1444  0.3750750720500946
805  0.3750721514225006
459  0.37507110834121704
20  0.37504762411117554
1252  0.37503448128700256
788  0.375034362077713
425  0.3750332295894623
416  0.37502792477607727
846  0.37500855326652527
1127  0.3749941289424896
1329  0.3749921917915344
451  0.3749885559082031
1308  0.3749721944332123
423  0.3749690353870392
798  0.37495797872543335
733  0.37494999170303345
984  0.3749437928199768
557  0.3749394118785858
868  0.37491950392723083
1273  0.37490329146385193
64  0.37490105628967285
1232  0.3749001920223236
275  0.37489643692970276
1295  0.37489303946495056
642  0.37488842010498047
1223  0.3748583495616913
361  0.3748442232608795
1221  0.3748399019241333
544  0.37483343482017517
266  0.3748302757740021
1358  0.37482950091362
353  0.3748249411582947
711  0.37481892108917236
821  0.3748079836368561
556  0.3748037815093994
1294  0.3747989535331726
1344  0.3747970163822174
595  0.3747950792312622
124  0.3747883141040802
604  0.374787300825119
618  0.37477198243141174
1325  0.37476280331611633
1381  0.3747611343860626
690  0.374752938747406
1160  0.3747182786464691
155  0.3747146427631378
1282  0.37471452355384827
1176  0.3747023344039917
1028  0.37469953298568726
947  0.374697208404541
647  0.37469643354415894
498  0.37469083070755005
429  0.3746861219406128
840  0.37468552589416504
1341  0.3746749460697174
362  0.3746676445007324
596  0.37466102838516235
701  0.37464818358421326
1148  0.3746417462825775
589  0.3746268153190613
819  0.37460020184516907
193  0.3745987117290497
793  0.37458503246307373
1006  0.37458184361457825
826  0.3745668828487396
407  0.37456512451171875
1312  0.37456372380256653
736  0.3745634853839874
408  0.37454932928085327
758  0.3745492100715637
877  0.3745393753051758
576  0.3745381236076355
688  0.37452998757362366
918  0.3745248317718506
1230  0.3745177686214447
1129  0.37451717257499695
1046  0.3745044767856598
593  0.374485582113266
475  0.37448158860206604
444  0.374479740858078
935  0.374477356672287
1068  0.3744763433933258
1116  0.37446698546409607
455  0.3744546175003052
227  0.3744523823261261
561  0.37444862723350525
101  0.37444859743118286
641  0.3744315207004547
886  0.37442952394485474
852  0.37442871928215027
1395  0.37440699338912964
1025  0.3743993639945984
1184  0.3743916153907776
427  0.37439092993736267
471  0.3743874728679657
566  0.37438419461250305
1313  0.3743825852870941
1171  0.37436869740486145
267  0.37436795234680176
252  0.37436580657958984
1438  0.3743419051170349
944  0.37434089183807373
1228  0.37430888414382935
1352  0.37430354952812195
1377  0.3742954134941101
1182  0.37429526448249817
1337  0.374292254447937
400  0.374281108379364
1067  0.37428018450737
413  0.3742682635784149
739  0.37425824999809265
320  0.37425705790519714
849  0.3742506504058838
286  0.3742115795612335
720  0.37420791387557983
1036  0.3742060363292694
357  0.37419751286506653
922  0.3741886615753174
1236  0.374187171459198
394  0.3741791546344757
167  0.3741752505302429
181  0.37416860461235046
428  0.37415769696235657
347  0.3741512894630432
747  0.37414315342903137
1311  0.37414154410362244
100  0.3741353452205658
578  0.3741278648376465
1253  0.3741267919540405
508  0.37411031126976013
1210  0.374086856842041
464  0.37406203150749207
79  0.3740595281124115
1222  0.37405696511268616
985  0.3740537762641907
1077  0.3740437924861908
319  0.37402990460395813
202  0.3740296959877014
534  0.374025821685791
245  0.3740227520465851
740  0.37401944398880005
1029  0.3740040957927704
417  0.3740025460720062
497  0.37399715185165405
816  0.37399134039878845
904  0.3739878833293915
282  0.3739794194698334
1026  0.3739713430404663
859  0.37395769357681274
847  0.3739548623561859
91  0.3739503026008606
1131  0.3739374577999115
344  0.3739267885684967
924  0.37392568588256836
1064  0.3739239573478699
31  0.3739210069179535
1172  0.3739161193370819
1335  0.3739154040813446
375  0.3739127218723297
36  0.3739122748374939
1418  0.3738923668861389
1108  0.37388721108436584
248  0.3738788962364197
766  0.37387460470199585
66  0.3738713264465332
139  0.37386366724967957
926  0.3738522529602051
1314  0.3738483488559723
1443  0.37384480237960815
1231  0.3738369941711426
488  0.37382134795188904
280  0.3738107681274414
112  0.3738080859184265
1018  0.37379610538482666
525  0.37378931045532227
548  0.37378501892089844
376  0.37377500534057617
1321  0.37377285957336426
1227  0.3737524747848511
458  0.3737487494945526
90  0.3737417757511139
527  0.37371712923049927
689  0.3737120032310486
682  0.37371182441711426
237  0.373710572719574
411  0.37370583415031433
1437  0.3736926317214966
1089  0.3736917972564697
1087  0.37368467450141907
574  0.37367939949035645
723  0.37367865443229675
370  0.3736744821071625
1280  0.37367329001426697
1370  0.3736719489097595
1181  0.3736705482006073
745  0.37365415692329407
812  0.3736501932144165
457  0.3736465275287628
501  0.3736438453197479
389  0.37364333868026733
949  0.37363898754119873
240  0.37363606691360474
1015  0.37362542748451233
518  0.3736223578453064
102  0.3736204206943512
1157  0.37361666560173035
609  0.37361258268356323
972  0.3736070990562439
65  0.3736042380332947
1007  0.37359175086021423
244  0.3735884130001068
162  0.3735846281051636
277  0.37358155846595764
1128  0.37357297539711
11  0.3735716938972473
1120  0.37355002760887146
478  0.3735489547252655
704  0.37354621291160583
1256  0.3735354542732239
1048  0.3735309839248657
1297  0.3735230267047882
493  0.373509019613266
273  0.37348607182502747
1415  0.37348097562789917
562  0.3734697699546814
221  0.37346553802490234
848  0.3734622597694397
549  0.3734605312347412
391  0.37345269322395325
305  0.3734443187713623
1175  0.3734288215637207
393  0.37342801690101624
1233  0.3734202980995178
820  0.37341293692588806
1102  0.37341079115867615
249  0.3734026253223419
1132  0.3733864724636078
652  0.3733741343021393
915  0.373372346162796
371  0.3733639419078827
1138  0.3733604848384857
1147  0.37335696816444397
809  0.373353511095047
919  0.3733380138874054
224  0.3733368515968323
520  0.3733227252960205
456  0.37330830097198486
1177  0.373306006193161
184  0.3733055293560028
515  0.3732873797416687
1442  0.373283326625824
1408  0.3732723295688629
765  0.3732706904411316
1225  0.3732514977455139
833  0.3732493817806244
795  0.3732360899448395
1047  0.3732229471206665
876  0.3732222616672516
1323  0.37321409583091736
869  0.3732120394706726
648  0.3732073903083801
1001  0.37320172786712646
510  0.37319889664649963
1035  0.3731946349143982
1013  0.37319278717041016
32  0.37319231033325195
850  0.37318652868270874
1391  0.37317803502082825
1005  0.3731653392314911
1014  0.3731580972671509
403  0.37315478920936584
166  0.37312307953834534
1307  0.3731100857257843
1115  0.3731079399585724
1185  0.3730980157852173
1206  0.3730970323085785
731  0.3730728328227997
794  0.3730708360671997
603  0.37305957078933716
1101  0.37305915355682373
1414  0.3730568289756775
755  0.3730504512786865
671  0.37305009365081787
553  0.37304577231407166
1248  0.3730337917804718
768  0.37303227186203003
34  0.3730306029319763
811  0.37302955985069275
570  0.3730176091194153
449  0.373002827167511
1345  0.3729948401451111
1278  0.37298843264579773
678  0.37298551201820374
1209  0.37298449873924255
251  0.37298330664634705
1238  0.37298059463500977
379  0.37297406792640686
151  0.37297356128692627
502  0.37296247482299805
538  0.37295830249786377
308  0.37295782566070557
1416  0.372956246137619
99  0.3729455769062042
1386  0.3729420602321625
507  0.372941255569458
1440  0.37293705344200134
523  0.37293317914009094
1333  0.37293243408203125
831  0.37292811274528503
281  0.37291768193244934
1347  0.3729097247123718
727  0.372901052236557
1355  0.3729006052017212
1208  0.3729003369808197
892  0.37289556860923767
466  0.37288880348205566
1041  0.37288030982017517
1359  0.3728720247745514
966  0.37284958362579346
150  0.37283238768577576
161  0.37282904982566833
1241  0.3728177547454834
900  0.3728172183036804
1348  0.37281668186187744
1271  0.3728165626525879
590  0.37281253933906555
473  0.37279364466667175
499  0.37278372049331665
1069  0.3727705180644989
405  0.3727496266365051
617  0.3727482259273529
851  0.37274661660194397
1164  0.37274426221847534
1388  0.372734397649765
250  0.37272828817367554
967  0.3727163076400757
592  0.3727044463157654
1045  0.3726964294910431
1254  0.37269312143325806
1350  0.3726879060268402
217  0.37268635630607605
492  0.3726799786090851
1419  0.3726772964000702
482  0.3726704716682434
487  0.3726632595062256
133  0.37265342473983765
575  0.3726443648338318
693  0.3726344406604767
1361  0.37262794375419617
1109  0.37262457609176636
503  0.37260809540748596
1353  0.37260493636131287
152  0.3725983500480652
1079  0.3725907504558563
164  0.37256887555122375
803  0.3725634813308716
884  0.3725287914276123
1251  0.3725045919418335
87  0.3725042939186096
406  0.37250080704689026
1220  0.37249597907066345
398  0.3724871575832367
480  0.3724691569805145
447  0.37246495485305786
1051  0.37246304750442505
380  0.37246009707450867
806  0.3724410831928253
1096  0.3724406361579895
1094  0.37243807315826416
174  0.3724272549152374
259  0.3724249303340912
1322  0.3724207282066345
597  0.3724062144756317
1243  0.372396856546402
677  0.37238749861717224
1429  0.3723715841770172
539  0.3723548948764801
1091  0.37234705686569214
554  0.3723280429840088
987  0.3723118007183075
808  0.3723072111606598
1357  0.37230315804481506
799  0.3723021447658539
916  0.3723004460334778
1212  0.37229201197624207
490  0.3722684681415558
1374  0.3722613751888275
933  0.37225815653800964
265  0.3722478449344635
828  0.372245192527771
390  0.37223905324935913
369  0.3722243905067444
1030  0.3722182512283325
1378  0.37221360206604004
500  0.37219563126564026
1050  0.37218716740608215
229  0.3721693158149719
387  0.37214362621307373
564  0.3721424639225006
1279  0.37213805317878723
665  0.37212201952934265
1105  0.3721148669719696
495  0.37211117148399353
807  0.3721090853214264
1119  0.37208661437034607
955  0.3720850944519043
1246  0.372083842754364
1021  0.3720676600933075
317  0.3720565736293793
228  0.37203919887542725
1439  0.37203294038772583
420  0.37203168869018555
445  0.37202173471450806
264  0.3720199465751648
860  0.37200623750686646
1168  0.3720051348209381
183  0.3720015287399292
1155  0.3719940781593323
364  0.3719918727874756
1042  0.37198740243911743
1076  0.3719860315322876
1153  0.37197619676589966
316  0.3719744384288788
1192  0.37196946144104004
973  0.3719587028026581
279  0.3719451427459717
1012  0.3719415068626404
999  0.37192651629447937
481  0.37192365527153015
1239  0.3719205856323242
1263  0.3719133734703064
722  0.3718908131122589
278  0.37188979983329773
1267  0.37188875675201416
412  0.3718620240688324
323  0.3718605041503906
1291  0.37185436487197876
1389  0.3718443512916565
1200  0.3718423545360565
1340  0.3718371093273163
1161  0.3718357980251312
769  0.3718317151069641
1057  0.37182384729385376
1250  0.37182381749153137
1334  0.37181904911994934
580  0.3718143701553345
479  0.3718101978302002
1075  0.3718061149120331
1052  0.37180349230766296
243  0.3717987835407257
746  0.3717970550060272
992  0.371793657541275
35  0.37179267406463623
1240  0.37178653478622437
404  0.3717857003211975
1428  0.3717673122882843
1183  0.37175169587135315
171  0.3717513978481293
187  0.3717409372329712
1298  0.37173059582710266
710  0.37172815203666687
1234  0.37171030044555664
314  0.3717077672481537
182  0.37168747186660767
29  0.3716823160648346
873  0.3716433048248291
236  0.37163349986076355
472  0.37163251638412476
195  0.37162744998931885
864  0.3716062903404236
536  0.37159180641174316
1432  0.3715916872024536
1008  0.3715856373310089
1270  0.37153249979019165
750  0.37152454257011414
1170  0.37152019143104553
511  0.37151846289634705
679  0.37148720026016235
1342  0.3714841306209564
1134  0.37147608399391174
1257  0.3714666962623596
1099  0.3714613616466522
465  0.37146109342575073
1371  0.371460884809494
111  0.3714570701122284
1249  0.3714512884616852
555  0.3714418113231659
230  0.37144070863723755
1272  0.37142446637153625
546  0.37141886353492737
1316  0.37141838669776917
1167  0.3714023530483246
1195  0.371397465467453
385  0.37137821316719055
550  0.37137293815612793
494  0.37137025594711304
1156  0.37135419249534607
796  0.371348112821579
341  0.3713380992412567
68  0.3713300824165344
1360  0.3713154196739197
571  0.3713010847568512
1202  0.37130042910575867
650  0.3712908923625946
1441  0.3712834417819977
422  0.3712818920612335
965  0.3712473511695862
1319  0.3712430000305176
1040  0.3712370693683624
962  0.37122753262519836
288  0.3712252378463745
990  0.3712182641029358
67  0.3711835443973541
241  0.37117311358451843
818  0.371171772480011
254  0.3711693286895752
255  0.37116146087646484
1078  0.3711211085319519
684  0.3711203932762146
680  0.3711172342300415
1090  0.37111595273017883
1277  0.3711158037185669
792  0.37111538648605347
970  0.37107616662979126
1020  0.37102946639060974
351  0.37101295590400696
1004  0.37100329995155334
872  0.37098589539527893
1118  0.3709815442562103
1229  0.3709789514541626
1261  0.370971143245697
453  0.3709598183631897
450  0.37094709277153015
460  0.37092649936676025
800  0.3709259629249573
377  0.37091705203056335
1169  0.3708980679512024
1306  0.37088510394096375
712  0.3708835244178772
1255  0.3708813488483429
1043  0.3708786368370056
545  0.3708435297012329
1190  0.37083831429481506
321  0.37082844972610474
551  0.37082183361053467
235  0.3707963824272156
519  0.3707748055458069
997  0.37075093388557434
312  0.3707403242588043
1145  0.3707347810268402
1268  0.3707263171672821
737  0.3707191050052643
600  0.37071195244789124
1305  0.3707115650177002
718  0.3707014322280884
1110  0.37069714069366455
616  0.37069419026374817
1111  0.37068745493888855
730  0.3706831932067871
1009  0.3706788420677185
530  0.37067022919654846
1137  0.37066447734832764
513  0.370655357837677
1152  0.37064656615257263
1016  0.3706372082233429
1356  0.3706243634223938
529  0.37062278389930725
374  0.3706192374229431
372  0.37061482667922974
324  0.3706074059009552
1122  0.3705988824367523
708  0.3705877363681793
514  0.3705732524394989
749  0.37054547667503357
1304  0.370497465133667
988  0.37046003341674805
378  0.37045708298683167
489  0.3704385757446289
452  0.3704153895378113
1387  0.370404452085495
88  0.37039926648139954
721  0.37039485573768616
262  0.37039029598236084
1266  0.3703900873661041
226  0.370387464761734
1372  0.3703540563583374
272  0.3703366219997406
1059  0.3703218698501587
1346  0.3703121542930603
748  0.3703044056892395
533  0.3703003227710724
729  0.3702969551086426
476  0.3702887296676636
1140  0.37027111649513245
683  0.37027058005332947
1143  0.37025654315948486
1292  0.3702494204044342
524  0.3702492415904999
1053  0.3702431619167328
415  0.37022632360458374
560  0.3702215254306793
950  0.3702210485935211
1003  0.3702182173728943
751  0.3702104389667511
149  0.37020766735076904
1065  0.3701947331428528
685  0.3701871335506439
431  0.37017834186553955
289  0.3701648712158203
414  0.3701607584953308
865  0.3701573610305786
368  0.3701218068599701
522  0.37012115120887756
470  0.3700893521308899
1179  0.37008237838745117
1211  0.37008175253868103
598  0.37008151412010193
234  0.37007585167884827
1074  0.3700754940509796
1146  0.3700689375400543
952  0.3700571656227112
923  0.3700544238090515
1193  0.37004977464675903
354  0.37004968523979187
373  0.37003469467163086
1154  0.37003377079963684
1284  0.370024710893631
263  0.3699871003627777
1098  0.36995869874954224
934  0.3699451982975006
409  0.36992529034614563
1245  0.3698868751525879
238  0.3698793053627014
547  0.3698728084564209
681  0.369861900806427
421  0.3698561489582062
998  0.3698515295982361
537  0.3698514997959137
1293  0.3698316812515259
738  0.3698289692401886
1165  0.36982762813568115
1410  0.3698248863220215
1289  0.36980879306793213
827  0.369804322719574
1269  0.36979398131370544
1290  0.3697849214076996
173  0.36978113651275635
961  0.36978042125701904
569  0.3697688579559326
599  0.369765043258667
1166  0.36974650621414185
410  0.3697381913661957
463  0.3697334825992584
531  0.36971622705459595
1275  0.36970454454421997
348  0.36970219016075134
1283  0.36970141530036926
233  0.3696978688240051
432  0.36969447135925293
402  0.3696911036968231
568  0.36963167786598206
963  0.3696293830871582
163  0.3696286380290985
744  0.3696105182170868
964  0.36960330605506897
172  0.3695797324180603
1180  0.36957430839538574
565  0.3695565164089203
1106  0.3695339560508728
1258  0.3695199191570282
342  0.3694797456264496
1000  0.36947283148765564
356  0.36946994066238403
1375  0.36946359276771545
959  0.3694632649421692
1244  0.36939653754234314
1011  0.36938244104385376
401  0.3693622946739197
946  0.36934608221054077
367  0.36934056878089905
315  0.3693207800388336
1024  0.3692975640296936
365  0.3692886531352997
1373  0.3692881464958191
1299  0.3692798912525177
1369  0.3692450523376465
1260  0.36922013759613037
1054  0.36921003460884094
397  0.36920636892318726
945  0.3691819906234741
454  0.36917105317115784
461  0.36915573477745056
559  0.36914995312690735
968  0.36910033226013184
917  0.3690844476222992
318  0.3690667450428009
1139  0.36903849244117737
558  0.36903509497642517
1436  0.36898544430732727
1107  0.36895182728767395
313  0.36894556879997253
1086  0.3689362108707428
271  0.36891961097717285
396  0.36890605092048645
1433  0.3688788115978241
333  0.36885830760002136
1104  0.36884981393814087
1055  0.36884674429893494
1062  0.3688458502292633
1247  0.36883267760276794
1056  0.3688325583934784
951  0.3688187003135681
817  0.3688039481639862
261  0.3687931001186371
395  0.3687838613986969
1058  0.36877328157424927
484  0.3687581717967987
467  0.3687201738357544
1376  0.3686766028404236
1276  0.36861199140548706
986  0.3685252070426941
1191  0.36851733922958374
601  0.3684750199317932
1317  0.368465393781662
563  0.3684573173522949
474  0.3684440553188324
993  0.36840084195137024
995  0.3683960735797882
996  0.36839571595191956
1315  0.36836034059524536
334  0.3683028817176819
293  0.36829447746276855
709  0.36825183033943176
260  0.36822018027305603
1071  0.36818763613700867
1097  0.36816278100013733
1019  0.36812230944633484
728  0.3681219220161438
1121  0.3680770993232727
1085  0.3680766224861145
1262  0.3680753707885742
1144  0.36804044246673584
956  0.3680403530597687
567  0.3679639995098114
1162  0.367888480424881
602  0.3678739070892334
232  0.36786067485809326
1022  0.36781826615333557
1073  0.3677878975868225
486  0.36778467893600464
1300  0.36777397990226746
532  0.3677610754966736
322  0.36774396896362305
1303  0.36773601174354553
483  0.3676585555076599
1318  0.36761680245399475
239  0.3675859868526459
1092  0.36755266785621643
258  0.3675090968608856
971  0.36742478609085083
1197  0.3673361539840698
1072  0.3673071563243866
256  0.3671945631504059
960  0.3671581745147705
1141  0.3671271800994873
1095  0.3671150505542755
1368  0.367114782333374
1198  0.3670152425765991
1199  0.3670105040073395
958  0.3669701814651489
969  0.36696869134902954
994  0.3669668436050415
462  0.36695417761802673
485  0.36691978573799133
392  0.3668212294578552
231  0.3667794466018677
1066  0.36676913499832153
359  0.3667019307613373
1242  0.3666836619377136
358  0.3666643798351288
1196  0.36664849519729614
1070  0.3666198253631592
829  0.3665379583835602
350  0.36648043990135193
1023  0.3664759695529938
355  0.36629772186279297
1163  0.3660990595817566
360  0.36592426896095276
491  0.3658550977706909
1093  0.3657078444957733
290  0.3657018542289734
957  0.36562156677246094
1117  0.3656160235404968
1142  0.3655851185321808
1259  0.3655070662498474
1435  0.3653945326805115
1178  0.3653249442577362
830  0.3652728497982025
1302  0.36515727639198303
291  0.3647577166557312
1061  0.3645007610321045
1301  0.36446067690849304
1010  0.364457368850708
1060  0.3640521168708801
257  0.3638440668582916
292  0.3636433184146881
366  0.3629332482814789
1434  0.3629087507724762
