1  0.4215315580368042
1732  0.4095306396484375
2  0.4037167727947235
1086  0.39918872714042664
973  0.39910459518432617
974  0.398919939994812
765  0.3985808789730072
1236  0.3985386788845062
1731  0.3981570303440094
834  0.3980135917663574
789  0.3979482650756836
1315  0.3979140818119049
791  0.3975449800491333
1237  0.39733007550239563
41  0.3971932530403137
786  0.3971751928329468
1181  0.3971145451068878
833  0.3967781662940979
117  0.3967187702655792
1217  0.3966692388057709
1026  0.3964068591594696
1221  0.39634132385253906
42  0.3963336646556854
1229  0.3962969481945038
3  0.3961869776248932
683  0.39612388610839844
1032  0.396058052778244
1244  0.3960559666156769
1234  0.395882785320282
1233  0.3958812355995178
807  0.39588043093681335
484  0.3958636224269867
1109  0.3958611488342285
1102  0.3958328366279602
810  0.39579442143440247
1024  0.395781010389328
826  0.3957808315753937
821  0.3957553207874298
780  0.39572256803512573
1689  0.39563509821891785
988  0.39563384652137756
1202  0.3956293761730194
1261  0.3956191837787628
835  0.39558255672454834
764  0.39541852474212646
40  0.39541390538215637
808  0.39535167813301086
1201  0.39531686902046204
790  0.39526447653770447
1061  0.3952430188655853
924  0.395241916179657
1105  0.3952401876449585
958  0.39520004391670227
682  0.3949262797832489
1121  0.3949257433414459
785  0.39487582445144653
1025  0.39486178755760193
337  0.3948444128036499
809  0.39477816224098206
505  0.39476627111434937
1251  0.3947650194168091
1186  0.39474761486053467
1243  0.3947415053844452
503  0.39473992586135864
731  0.39473554491996765
983  0.39472296833992004
1189  0.39469441771507263
957  0.39460259675979614
379  0.3945806622505188
781  0.39455389976501465
1087  0.39454489946365356
730  0.3945426046848297
5  0.39454182982444763
778  0.39453646540641785
783  0.3944990038871765
1041  0.3944847881793976
45  0.39444616436958313
819  0.3944431245326996
951  0.3944186866283417
1033  0.3943979740142822
982  0.3943674862384796
1138  0.3943536877632141
838  0.39434659481048584
4  0.3943241834640503
956  0.39429816603660583
104  0.3942883312702179
784  0.39427414536476135
43  0.39422091841697693
1245  0.3941999077796936
1242  0.3941900134086609
763  0.3941417932510376
820  0.39409375190734863
970  0.3940659463405609
1100  0.3940018117427826
972  0.3939678966999054
926  0.3939397633075714
1185  0.39393922686576843
1118  0.3939278721809387
1145  0.39390504360198975
1239  0.3939048945903778
792  0.3938784897327423
822  0.3938766419887543
878  0.3938275873661041
1196  0.3937841057777405
483  0.3937041163444519
856  0.3936931788921356
816  0.3936881422996521
787  0.3936670124530792
824  0.39362844824790955
1021  0.3935968279838562
79  0.3935902416706085
864  0.39355945587158203
1262  0.3935139775276184
874  0.3935123383998871
46  0.3935079574584961
708  0.393501877784729
1314  0.39350125193595886
597  0.3934977650642395
471  0.3934878408908844
805  0.3934665024280548
1030  0.39345329999923706
118  0.39344722032546997
1573  0.3933458924293518
788  0.3933366537094116
1730  0.39332693815231323
509  0.39330217242240906
925  0.39327576756477356
326  0.3932710587978363
857  0.3932708501815796
1178  0.39320436120033264
1472  0.3932031989097595
713  0.39320117235183716
472  0.39317938685417175
1147  0.3931698799133301
1031  0.3931630849838257
1686  0.393146276473999
1177  0.39312469959259033
1655  0.3931114375591278
1267  0.3930997848510742
1246  0.39308270812034607
975  0.3930727541446686
1200  0.39302942156791687
1400  0.3930090367794037
116  0.3929872214794159
1228  0.3929857611656189
1114  0.39295217394828796
915  0.39291197061538696
1235  0.3929072618484497
1023  0.39289388060569763
452  0.39289090037345886
729  0.39288851618766785
1725  0.392884224653244
12  0.3928825557231903
815  0.39287781715393066
1259  0.39284345507621765
797  0.39282292127609253
18  0.39281153678894043
1253  0.39280328154563904
1039  0.3927890956401825
987  0.3927759528160095
1027  0.39276713132858276
336  0.39272040128707886
520  0.3927076756954193
818  0.3926880955696106
1119  0.3926832377910614
858  0.39268311858177185
766  0.39264243841171265
814  0.39261919260025024
691  0.39260613918304443
1113  0.3925865888595581
886  0.392583429813385
1615  0.3925825357437134
1199  0.39257827401161194
1549  0.39257508516311646
1058  0.3925738036632538
1220  0.39255350828170776
782  0.39254021644592285
595  0.3925389349460602
1313  0.3925358057022095
887  0.39252737164497375
1219  0.3925161063671112
1009  0.3925071060657501
62  0.39249950647354126
1551  0.39249515533447266
115  0.39247778058052063
1144  0.3924744725227356
1098  0.39247411489486694
714  0.39246639609336853
848  0.39246058464050293
855  0.3924596309661865
728  0.39245128631591797
692  0.39244163036346436
794  0.392441064119339
681  0.39242517948150635
136  0.3924238383769989
903  0.3924218714237213
1060  0.39241188764572144
11  0.3924041986465454
1103  0.39238491654396057
1139  0.39238426089286804
1188  0.3923770487308502
1029  0.3923383355140686
1125  0.39233264327049255
1248  0.3923290967941284
923  0.39232441782951355
453  0.3922972083091736
490  0.39228665828704834
732  0.3922717273235321
927  0.39224162697792053
922  0.3922388255596161
875  0.3922283351421356
779  0.3922247588634491
693  0.39221227169036865
110  0.39221128821372986
796  0.3922022581100464
1311  0.3921900689601898
677  0.39218106865882874
916  0.39214861392974854
679  0.3921467065811157
433  0.39214223623275757
521  0.39214175939559937
690  0.392129510641098
1003  0.3921148180961609
1194  0.3920851945877075
1218  0.3920801877975464
451  0.39207351207733154
827  0.3920695185661316
1215  0.39206284284591675
1212  0.3920474052429199
331  0.39204418659210205
777  0.39201727509498596
1137  0.3920091986656189
1112  0.3920007050037384
52  0.3919992744922638
721  0.39199528098106384
1072  0.3919930160045624
517  0.3919777274131775
311  0.391977459192276
823  0.3919732868671417
1216  0.39196354150772095
959  0.3919522762298584
1534  0.3919509947299957
1238  0.39192745089530945
1401  0.3919190764427185
122  0.3919118344783783
312  0.3919050991535187
1007  0.39190414547920227
930  0.39189839363098145
1195  0.39189350605010986
100  0.39188557863235474
404  0.3918762803077698
695  0.391862690448761
931  0.39185845851898193
105  0.39184945821762085
325  0.3918461799621582
605  0.39183276891708374
733  0.39181533455848694
1687  0.3918078541755676
761  0.3917987048625946
742  0.3917938768863678
274  0.39176443219184875
950  0.39176061749458313
1062  0.3917555809020996
504  0.3917253017425537
1002  0.3917192816734314
1232  0.3917089104652405
1432  0.391708642244339
847  0.3916928768157959
971  0.39168405532836914
825  0.39167818427085876
111  0.3916589617729187
694  0.3916584253311157
1101  0.3916573226451874
1107  0.39165449142456055
676  0.39164236187934875
1310  0.3916248679161072
680  0.39162471890449524
37  0.3916231095790863
44  0.39160579442977905
986  0.3915961682796478
652  0.3915867805480957
1205  0.39157527685165405
1345  0.3915712833404541
884  0.3915606737136841
937  0.39155855774879456
307  0.39154940843582153
21  0.3915409445762634
123  0.39154043793678284
423  0.3915359675884247
929  0.3915322721004486
1252  0.3915136754512787
422  0.3915088474750519
831  0.39150819182395935
769  0.3915035128593445
684  0.3915022015571594
427  0.3915010392665863
1657  0.39149707555770874
863  0.39149051904678345
795  0.3914749324321747
1588  0.39147424697875977
828  0.3914720416069031
1038  0.3914598822593689
519  0.3914587199687958
873  0.39145389199256897
1073  0.3914446234703064
678  0.3914332091808319
1587  0.39142847061157227
39  0.3914177417755127
470  0.3914175033569336
1530  0.39139896631240845
905  0.39139559864997864
1006  0.3913893401622772
324  0.39138349890708923
446  0.3913796842098236
1207  0.39137718081474304
431  0.3913705050945282
17  0.39136967062950134
275  0.39135321974754333
1117  0.3913525640964508
811  0.39134684205055237
1550  0.3913167119026184
1108  0.3913126289844513
912  0.3913102149963379
1028  0.39129504561424255
178  0.39128437638282776
933  0.3912835717201233
1077  0.39127814769744873
314  0.3912772238254547
482  0.3912758231163025
768  0.3912569284439087
522  0.3912559747695923
776  0.3912525475025177
1120  0.3912329375743866
908  0.3912273049354553
157  0.3912166357040405
177  0.3912123441696167
994  0.39119452238082886
1182  0.39119330048561096
772  0.3911917507648468
263  0.39119043946266174
14  0.3911886215209961
991  0.39118534326553345
591  0.39118000864982605
1010  0.3911723792552948
424  0.3911679685115814
1249  0.39116355776786804
1034  0.391149640083313
1460  0.39113014936447144
1042  0.3911234140396118
1690  0.39112281799316406
707  0.3911183476448059
896  0.3911006450653076
473  0.39108210802078247
669  0.3910813331604004
475  0.39106401801109314
845  0.3910411298274994
741  0.3910304009914398
363  0.3910294473171234
334  0.39102157950401306
1004  0.39102137088775635
1036  0.39101940393447876
1661  0.39101603627204895
904  0.3910115361213684
1116  0.3910014033317566
1643  0.39098411798477173
883  0.3909638524055481
418  0.39096012711524963
35  0.3909580111503601
76  0.3909462094306946
1618  0.3909398019313812
34  0.39093881845474243
932  0.3909359276294708
375  0.3909338116645813
907  0.39092937111854553
150  0.3909243941307068
1706  0.3909132182598114
1631  0.3909091353416443
712  0.3908800780773163
53  0.3908713459968567
985  0.3908664286136627
1624  0.3908517062664032
1085  0.3908499777317047
846  0.3908466398715973
844  0.3908396363258362
1053  0.3908313810825348
914  0.3908173441886902
1260  0.3908127546310425
432  0.39080458879470825
649  0.39080193638801575
1474  0.3908017873764038
1406  0.39079517126083374
1167  0.390785276889801
918  0.3907763361930847
491  0.39077386260032654
75  0.39076921343803406
1409  0.39076724648475647
1316  0.3907558023929596
447  0.3907431364059448
722  0.3907410204410553
1465  0.3907376825809479
1473  0.39073657989501953
1193  0.39073053002357483
1097  0.3907276391983032
872  0.39071816205978394
1146  0.3907075822353363
276  0.39070504903793335
1190  0.3907029628753662
843  0.3906881809234619
1343  0.39067405462265015
666  0.3906724452972412
879  0.39066699147224426
80  0.39066609740257263
1553  0.39066576957702637
1356  0.3906650245189667
514  0.3906506896018982
1312  0.39065060019493103
954  0.39064502716064453
1081  0.3906356394290924
1528  0.39063188433647156
876  0.39062514901161194
538  0.39062368869781494
1176  0.3906157612800598
938  0.3906148374080658
935  0.39059582352638245
891  0.3905940651893616
1342  0.3905889093875885
720  0.3905879855155945
1080  0.39058688282966614
1344  0.3905816376209259
1184  0.39056330919265747
1458  0.390550822019577
1254  0.3905453085899353
1443  0.39053207635879517
1420  0.39052721858024597
1701  0.3905256390571594
1478  0.39050957560539246
850  0.3905070722103119
1124  0.39050424098968506
939  0.39048483967781067
506  0.39048120379447937
1240  0.39046892523765564
1554  0.3904663920402527
81  0.39044493436813354
1383  0.3904365003108978
61  0.3904150724411011
1165  0.3904034495353699
1630  0.3904005289077759
659  0.3903965950012207
78  0.3903965353965759
906  0.3903946280479431
1651  0.39039361476898193
16  0.39039239287376404
955  0.39039090275764465
1161  0.39039042592048645
1451  0.3903879225254059
836  0.39038190245628357
6  0.39037206768989563
141  0.39035922288894653
1457  0.3903445899486542
313  0.390340656042099
859  0.39033862948417664
406  0.39032211899757385
450  0.39032113552093506
1227  0.3903186321258545
1012  0.39029157161712646
1571  0.39028820395469666
1247  0.39028751850128174
936  0.390287309885025
1654  0.3902868926525116
272  0.3902706205844879
181  0.3902680277824402
1209  0.39026620984077454
1005  0.39026525616645813
50  0.39026400446891785
112  0.3902599811553955
1110  0.39024975895881653
817  0.39024868607521057
1203  0.3902484178543091
644  0.3902246654033661
180  0.39020201563835144
1646  0.39019590616226196
968  0.3901955485343933
1043  0.3901870548725128
338  0.3901839256286621
83  0.39017951488494873
133  0.39017537236213684
1613  0.3901732265949249
1636  0.3901675343513489
1456  0.39016222953796387
921  0.3901613652706146
793  0.39016035199165344
1616  0.3901534676551819
762  0.39014846086502075
474  0.39014261960983276
63  0.39013203978538513
469  0.39013203978538513
1204  0.3901224434375763
1681  0.39011454582214355
867  0.39010894298553467
806  0.39009609818458557
1044  0.39008626341819763
593  0.39008399844169617
813  0.3900793194770813
1191  0.3900758922100067
868  0.3900654911994934
1045  0.3900618851184845
1063  0.39006128907203674
99  0.39005810022354126
645  0.3900483548641205
917  0.39003828167915344
1360  0.3900247812271118
273  0.3900223970413208
909  0.3900202810764313
58  0.39000076055526733
725  0.3900001645088196
560  0.3899855613708496
1263  0.38996708393096924
650  0.3899529278278351
1104  0.38993990421295166
1621  0.3899288475513458
966  0.3899197280406952
829  0.38991811871528625
1166  0.3899170756340027
670  0.3899044692516327
445  0.389897882938385
119  0.3898961544036865
892  0.38988441228866577
1358  0.3898797631263733
518  0.3898670971393585
1198  0.3898594081401825
1022  0.3898482620716095
98  0.3898376524448395
853  0.38983267545700073
965  0.3898251950740814
192  0.38982123136520386
485  0.3898206055164337
1011  0.38981252908706665
1046  0.38981157541275024
156  0.3897998332977295
569  0.3897990584373474
163  0.3897918462753296
1513  0.38978809118270874
1653  0.3897879123687744
1680  0.3897849917411804
386  0.3897750973701477
832  0.38975638151168823
13  0.3897451162338257
773  0.3897284269332886
920  0.3897189199924469
1258  0.389710009098053
378  0.38970276713371277
727  0.38969886302948
622  0.38968777656555176
102  0.3896655738353729
1638  0.3896471858024597
1162  0.389629989862442
51  0.3896298110485077
673  0.3896064758300781
476  0.3896033763885498
1074  0.38959646224975586
1183  0.3895942270755768
598  0.38958632946014404
82  0.38958173990249634
1115  0.3895721137523651
480  0.38956379890441895
454  0.3895459771156311
854  0.38954487442970276
662  0.38952580094337463
237  0.38952356576919556
1015  0.3895215690135956
97  0.38952016830444336
1341  0.38951802253723145
1627  0.38951271772384644
260  0.3895054757595062
1132  0.3895018696784973
934  0.38949331641197205
54  0.3894922435283661
77  0.38948947191238403
561  0.38948747515678406
103  0.3894723653793335
362  0.3894682228565216
49  0.3894672691822052
206  0.38946592807769775
1016  0.38946110010147095
204  0.38945773243904114
1516  0.3894575834274292
1402  0.38944876194000244
1410  0.3894456923007965
159  0.38944464921951294
85  0.38944411277770996
919  0.389438271522522
1142  0.38943570852279663
1716  0.3894325792789459
1527  0.3894164264202118
137  0.38941022753715515
515  0.38940295577049255
990  0.389391154050827
1226  0.38938960433006287
131  0.38938087224960327
1082  0.3893769383430481
127  0.38937363028526306
1405  0.3893637955188751
1384  0.3893606960773468
1714  0.3893527388572693
638  0.3893510103225708
246  0.389345645904541
696  0.389342725276947
65  0.3893396556377411
1187  0.38930952548980713
1231  0.38930439949035645
1614  0.38929983973503113
852  0.389298677444458
1057  0.38929224014282227
1064  0.3892790675163269
1083  0.3892763555049896
837  0.3892751932144165
709  0.38927343487739563
1464  0.3892715871334076
877  0.3892679810523987
1054  0.38926342129707336
1179  0.38926008343696594
492  0.38925012946128845
1208  0.38924384117126465
1598  0.3892405033111572
718  0.3892403841018677
124  0.3892363905906677
1447  0.38923323154449463
895  0.3892296552658081
842  0.38922908902168274
1075  0.3892251253128052
426  0.38922426104545593
599  0.3892134130001068
812  0.3892112970352173
976  0.3892076909542084
928  0.38919875025749207
1656  0.3891925811767578
913  0.3891874849796295
753  0.38918519020080566
726  0.38918381929397583
1523  0.389180988073349
1688  0.38917186856269836
1017  0.3891710937023163
207  0.38916316628456116
851  0.3891477882862091
1014  0.3891299068927765
953  0.38912633061408997
1013  0.3891142010688782
978  0.3891133964061737
672  0.38911187648773193
1192  0.38910430669784546
849  0.38910308480262756
147  0.38909608125686646
134  0.38907933235168457
592  0.3890789747238159
55  0.3890753984451294
1463  0.3890557289123535
952  0.3890466094017029
1480  0.3890279531478882
196  0.3890254497528076
221  0.3890245854854584
114  0.3890230357646942
737  0.3890122175216675
1556  0.3890107572078705
15  0.3890058696269989
1704  0.388999879360199
1628  0.388998419046402
675  0.38899099826812744
1088  0.38899025321006775
1130  0.3889842927455902
1020  0.3889809548854828
594  0.3889721632003784
310  0.38897180557250977
1171  0.38897088170051575
969  0.38896963000297546
380  0.3889637291431427
1230  0.3889552056789398
195  0.38895106315612793
270  0.38892990350723267
36  0.38892123103141785
800  0.38892072439193726
201  0.3889065980911255
70  0.38889169692993164
1291  0.38888975977897644
1040  0.38887470960617065
142  0.38887450098991394
651  0.38886645436286926
1533  0.3888600170612335
516  0.3888525068759918
1623  0.38885197043418884
689  0.3888501822948456
735  0.3888479769229889
184  0.3888256251811981
1078  0.38881924748420715
1407  0.3888182044029236
1526  0.38880160450935364
902  0.3887988030910492
1155  0.3887951970100403
1727  0.38879454135894775
685  0.38876861333847046
1629  0.3887641429901123
1241  0.3887633979320526
162  0.38876256346702576
989  0.388754278421402
698  0.3887522518634796
1079  0.3887501657009125
1346  0.388746976852417
541  0.3887459933757782
218  0.388735830783844
1008  0.38873350620269775
1622  0.388723224401474
1133  0.3887155055999756
1574  0.38871297240257263
442  0.38870131969451904
143  0.3886989951133728
1001  0.3886956572532654
631  0.3886931538581848
135  0.3886851668357849
1450  0.38867536187171936
1532  0.3886726498603821
1197  0.3886714577674866
674  0.38866937160491943
1461  0.3886665105819702
1685  0.38864922523498535
1535  0.38864707946777344
1307  0.3886459171772003
511  0.3886374831199646
1717  0.3886318802833557
880  0.38862383365631104
497  0.38861995935440063
723  0.38859665393829346
897  0.38859400153160095
20  0.38859203457832336
1180  0.3885855972766876
1522  0.38858166337013245
351  0.38857609033584595
1357  0.38857513666152954
48  0.3885728120803833
1555  0.3885726034641266
911  0.3885718286037445
477  0.38854914903640747
1071  0.3885429799556732
1552  0.38854172825813293
1674  0.38853394985198975
1324  0.38852688670158386
508  0.3885248005390167
1703  0.38852134346961975
28  0.3885186016559601
1257  0.3885175287723541
425  0.3885127902030945
1713  0.38850709795951843
502  0.38849422335624695
865  0.388493150472641
1652  0.3884909152984619
1099  0.3884868025779724
1548  0.3884788751602173
197  0.3884669840335846
1069  0.38845527172088623
1529  0.3884483575820923
211  0.38842982053756714
74  0.38842615485191345
756  0.3884120583534241
22  0.3884074091911316
1035  0.38840198516845703
247  0.3883955478668213
1250  0.3883935213088989
640  0.38838326930999756
152  0.38838136196136475
596  0.3883753716945648
1531  0.388374000787735
1392  0.38837334513664246
277  0.3883727788925171
977  0.38837093114852905
1128  0.38836953043937683
724  0.3883589506149292
664  0.38835608959198
771  0.3883543014526367
377  0.38835251331329346
1111  0.3883494734764099
1558  0.38834306597709656
1047  0.3883190453052521
138  0.3883177638053894
1683  0.3883167803287506
501  0.38830870389938354
1459  0.38830694556236267
1597  0.388304740190506
1089  0.38828691840171814
984  0.3882767856121063
1452  0.38827642798423767
9  0.3882703483104706
421  0.38826984167099
92  0.3882691562175751
1055  0.38826557993888855
1711  0.38826557993888855
1560  0.38825902342796326
663  0.38825616240501404
140  0.388254851102829
498  0.38825348019599915
176  0.38824644684791565
1712  0.3882277011871338
885  0.38822293281555176
333  0.3882201313972473
175  0.38821449875831604
493  0.3882136642932892
286  0.38820958137512207
430  0.38820958137512207
384  0.3882092237472534
1394  0.3882052004337311
95  0.3882043659687042
1271  0.3882007300853729
1595  0.38819649815559387
1650  0.3881954848766327
486  0.38819512724876404
1691  0.38819363713264465
23  0.38818565011024475
1122  0.3881823718547821
109  0.38817882537841797
523  0.38817206025123596
889  0.38817185163497925
262  0.3881605267524719
839  0.38815367221832275
1131  0.3881531357765198
1206  0.3881436884403229
271  0.3881395161151886
1106  0.38812780380249023
1135  0.3881261646747589
448  0.38812071084976196
1444  0.38811764121055603
1340  0.38811609148979187
870  0.388115257024765
1557  0.3881109058856964
1562  0.3880977928638458
513  0.388095498085022
254  0.3880762457847595
108  0.3880716562271118
507  0.3880641758441925
10  0.38805463910102844
767  0.3880539834499359
565  0.3880433440208435
174  0.38803830742836
667  0.3880334496498108
154  0.3880194425582886
1433  0.3880020081996918
1065  0.38800033926963806
1708  0.3879983425140381
1702  0.3879978656768799
740  0.3879971206188202
228  0.3879876732826233
860  0.3879869878292084
1644  0.38798487186431885
1160  0.3879818916320801
300  0.3879803717136383
171  0.38797178864479065
869  0.3879595100879669
755  0.38795527815818787
739  0.3879477381706238
27  0.3879450857639313
1710  0.3879298269748688
1354  0.38792943954467773
1270  0.3879234790802002
1143  0.38792189955711365
1393  0.38790756464004517
665  0.3878810703754425
1510  0.3878781497478485
1658  0.38787153363227844
1411  0.3878692388534546
1059  0.3878609836101532
539  0.3878588080406189
429  0.38783547282218933
1225  0.38782864809036255
1497  0.3878282904624939
1445  0.3878256678581238
1572  0.3878251910209656
385  0.38782474398612976
160  0.3878096342086792
1174  0.3878086507320404
888  0.3878071904182434
1620  0.3878033459186554
770  0.38780319690704346
1669  0.38779550790786743
443  0.38779187202453613
830  0.38778311014175415
1170  0.3877684772014618
121  0.3877655565738678
428  0.3877558708190918
1679  0.3877532184123993
1403  0.3877507746219635
139  0.3877166509628296
1625  0.38770440220832825
1076  0.387699156999588
549  0.38769376277923584
1175  0.3876873254776001
736  0.38768091797828674
1662  0.3876775801181793
590  0.38767504692077637
361  0.3876740634441376
1632  0.38766616582870483
315  0.3876616060733795
1617  0.3876568078994751
1283  0.38765379786491394
643  0.38764965534210205
64  0.38764849305152893
1485  0.3876477777957916
1660  0.3876408338546753
258  0.38764074444770813
1256  0.38761886954307556
1421  0.3876112401485443
570  0.38760215044021606
8  0.38760143518447876
1666  0.38760000467300415
992  0.3875986635684967
967  0.3875965476036072
1726  0.3875947594642639
1052  0.3875887393951416
148  0.38757434487342834
212  0.38753727078437805
1382  0.38752901554107666
151  0.3875252604484558
202  0.3875175416469574
73  0.38751456141471863
31  0.3875091075897217
332  0.3875059187412262
30  0.38750413060188293
1141  0.38750123977661133
981  0.38749077916145325
264  0.3874886929988861
323  0.3874818980693817
697  0.3874731659889221
94  0.387468159198761
1610  0.38746392726898193
635  0.38746213912963867
774  0.38745391368865967
757  0.3874383866786957
387  0.3874381482601166
47  0.3874359130859375
191  0.3874332308769226
158  0.387419730424881
1634  0.3874029517173767
1332  0.38738110661506653
481  0.3873782455921173
1626  0.3873732388019562
623  0.38736245036125183
1222  0.38735994696617126
358  0.3873506784439087
743  0.38734862208366394
1507  0.3873477876186371
1546  0.38732823729515076
566  0.3873262405395508
1672  0.38729748129844666
706  0.38729098439216614
1494  0.38727933168411255
84  0.38727331161499023
798  0.3872687518596649
411  0.3872656524181366
893  0.3872639834880829
38  0.38725683093070984
285  0.38725385069847107
634  0.38724586367607117
993  0.38724327087402344
775  0.38722336292266846
1129  0.38720911741256714
960  0.38720008730888367
941  0.38718733191490173
1056  0.3871766924858093
751  0.38717344403266907
203  0.3871713876724243
416  0.38716921210289
462  0.3871546685695648
1173  0.38715213537216187
155  0.38714778423309326
552  0.3871476948261261
1274  0.38714033365249634
1163  0.38713371753692627
1268  0.3871329128742218
840  0.3871311843395233
799  0.3871281147003174
219  0.38712719082832336
861  0.3871251940727234
224  0.387118935585022
1018  0.3871178925037384
754  0.38711321353912354
328  0.3871017098426819
468  0.38710013031959534
997  0.38709965348243713
1266  0.3870929181575775
1361  0.3870905935764313
1397  0.3870815932750702
1317  0.3870791494846344
1224  0.38707345724105835
360  0.38705867528915405
1159  0.38705581426620483
26  0.3870416283607483
1431  0.38701704144477844
1490  0.3870077431201935
299  0.38700732588768005
1512  0.38700535893440247
478  0.38699817657470703
1330  0.3869951665401459
1090  0.3869902193546295
1391  0.3869800269603729
120  0.38697224855422974
1466  0.3869675397872925
7  0.38696253299713135
1419  0.3869621753692627
701  0.3869604468345642
183  0.3869466781616211
1541  0.3869410455226898
1659  0.3869178593158722
1136  0.386909544467926
499  0.3869074285030365
1277  0.38690364360809326
1493  0.3869001567363739
574  0.38687947392463684
227  0.3868732452392578
327  0.3868725895881653
639  0.38686972856521606
306  0.3868686556816101
979  0.386866956949234
940  0.38686296343803406
910  0.3868594765663147
487  0.3868522644042969
602  0.38685211539268494
1559  0.3868408799171448
29  0.3868387043476105
1594  0.3868284225463867
287  0.38682791590690613
551  0.38682013750076294
396  0.38681864738464355
57  0.38680794835090637
149  0.38680610060691833
1408  0.38680487871170044
699  0.38680317997932434
1547  0.3867979347705841
1470  0.3867918848991394
186  0.3867879807949066
1635  0.38678744435310364
750  0.3867824673652649
1096  0.38677769899368286
200  0.38677704334259033
101  0.38677141070365906
719  0.3867611587047577
1521  0.3867400288581848
1462  0.386739045381546
540  0.3867384195327759
510  0.3867018222808838
1140  0.38669562339782715
1302  0.38668492436408997
804  0.38668227195739746
308  0.3866795301437378
1214  0.3866792917251587
1449  0.3866744041442871
1152  0.386660099029541
1728  0.38665318489074707
890  0.3866402208805084
947  0.3866216242313385
449  0.3866177499294281
417  0.38659197092056274
1436  0.3865862190723419
1091  0.38657456636428833
711  0.3865714371204376
621  0.38656482100486755
1612  0.386560320854187
871  0.38656026124954224
1412  0.3865543305873871
1169  0.38655221462249756
1678  0.3865509629249573
1481  0.3865504264831543
1599  0.3865368068218231
550  0.3865329623222351
322  0.38652220368385315
1093  0.38651910424232483
1637  0.38651400804519653
1280  0.38649916648864746
1390  0.38649803400039673
1446  0.3864952027797699
234  0.3864891529083252
288  0.3864859640598297
801  0.38648003339767456
1540  0.38647758960723877
455  0.38647598028182983
1647  0.3864745795726776
734  0.38646480441093445
586  0.38645339012145996
1506  0.38645318150520325
1334  0.38640719652175903
457  0.38640597462654114
1642  0.38640010356903076
1037  0.38639217615127563
656  0.3863828480243683
646  0.38638246059417725
1404  0.38636839389801025
980  0.3863674998283386
407  0.38636085391044617
1524  0.38635122776031494
198  0.3863486051559448
66  0.3863409459590912
1322  0.38633230328559875
113  0.3863264322280884
420  0.38631778955459595
1722  0.386317640542984
434  0.38631486892700195
532  0.38631102442741394
210  0.3863097131252289
318  0.38630789518356323
19  0.3863058090209961
1308  0.38630497455596924
1288  0.3862961530685425
1563  0.38629573583602905
1321  0.38629117608070374
205  0.3862864673137665
179  0.38628026843070984
208  0.38626039028167725
1705  0.3862568736076355
749  0.38625186681747437
1498  0.38625168800354004
1486  0.38624632358551025
1600  0.38623660802841187
1172  0.3862343430519104
1352  0.38623425364494324
963  0.38622984290122986
170  0.3862277865409851
1611  0.38622555136680603
898  0.3862198293209076
1399  0.3862147629261017
946  0.3862125277519226
1211  0.3862120807170868
949  0.3861957788467407
1323  0.3861933648586273
562  0.3861907720565796
747  0.3861876130104065
1281  0.38618382811546326
1668  0.3861796259880066
1327  0.3861670196056366
687  0.3861570656299591
1570  0.38615554571151733
571  0.386145681142807
573  0.38613736629486084
1290  0.3861372470855713
1372  0.38612937927246094
945  0.38612863421440125
496  0.3861137330532074
546  0.3861123025417328
223  0.3861098885536194
33  0.38610711693763733
185  0.3861030638217926
563  0.38609564304351807
1682  0.38606756925582886
962  0.3860662579536438
1496  0.3860628306865692
1545  0.3860614001750946
301  0.3860471248626709
759  0.38604557514190674
401  0.3860238790512085
56  0.38601627945899963
213  0.38599446415901184
1448  0.3859799802303314
1514  0.38597890734672546
164  0.3859787881374359
1337  0.3859427571296692
128  0.38594111800193787
606  0.38593757152557373
1156  0.3859340250492096
381  0.3859313726425171
585  0.38592466711997986
1671  0.38592347502708435
1318  0.38591820001602173
1719  0.3859129250049591
464  0.385911226272583
69  0.3859044909477234
752  0.38589802384376526
199  0.3858976662158966
942  0.3858928978443146
1715  0.3858864903450012
1328  0.3858819901943207
419  0.3858799934387207
383  0.38587865233421326
60  0.38587382435798645
182  0.385867178440094
71  0.38586515188217163
126  0.385856568813324
1223  0.38585415482521057
86  0.3858451843261719
1453  0.38583165407180786
1255  0.38582873344421387
238  0.38581499457359314
1442  0.3858098089694977
1590  0.3858097791671753
1596  0.38580766320228577
537  0.38580331206321716
444  0.3858002722263336
1284  0.3857894837856293
1398  0.38578835129737854
748  0.3857874572277069
1434  0.3857865035533905
339  0.38578173518180847
1371  0.38577890396118164
1153  0.38576847314834595
24  0.3857640326023102
1213  0.3857625126838684
259  0.38575246930122375
437  0.3857518136501312
290  0.38574913144111633
1423  0.38574138283729553
668  0.3857412338256836
1675  0.3857307732105255
1373  0.385729044675827
500  0.38572508096694946
1282  0.385724276304245
305  0.38570085167884827
463  0.3856978118419647
1353  0.3856945335865021
335  0.38569167256355286
1565  0.3856786787509918
32  0.38566941022872925
1670  0.3856545090675354
1309  0.3856543004512787
1665  0.3856532573699951
1422  0.38565319776535034
1051  0.3856499195098877
1331  0.3856447637081146
222  0.3856208324432373
1168  0.3856135606765747
1633  0.3856066167354584
1484  0.38560083508491516
758  0.38559526205062866
330  0.38558754324913025
1164  0.38558459281921387
881  0.38556668162345886
548  0.38556647300720215
1429  0.3855460584163666
479  0.3855435848236084
1417  0.3855416774749756
1619  0.385541170835495
738  0.38552990555763245
217  0.3855297565460205
1566  0.3855185806751251
671  0.38551750779151917
1709  0.38551488518714905
1092  0.38551458716392517
1441  0.3855046033859253
1210  0.38550376892089844
1604  0.3855034112930298
1320  0.3854839503765106
647  0.38546690344810486
403  0.38544607162475586
1477  0.38542640209198
524  0.3854241967201233
1019  0.3854043483734131
600  0.38540253043174744
1583  0.3853915333747864
293  0.38538798689842224
93  0.3853807747364044
1585  0.38537970185279846
352  0.38537582755088806
1300  0.38536930084228516
495  0.38534775376319885
298  0.385318398475647
1707  0.3853095471858978
194  0.3852972984313965
96  0.38529035449028015
615  0.38527747988700867
568  0.3852768540382385
547  0.3852563202381134
1149  0.38525280356407166
1718  0.38524797558784485
1511  0.3852410912513733
1539  0.38524022698402405
1269  0.385233074426651
489  0.3852311968803406
642  0.3851921260356903
132  0.38517820835113525
1479  0.3851737380027771
89  0.38515931367874146
1724  0.3850981295108795
1264  0.38509735465049744
252  0.3850962817668915
1388  0.38508278131484985
1389  0.3850589692592621
625  0.3850567638874054
329  0.38504892587661743
67  0.3850444555282593
944  0.38503554463386536
1536  0.3850327730178833
465  0.38502076268196106
1154  0.38500890135765076
996  0.3850049078464508
1084  0.3850046396255493
1471  0.38500353693962097
1517  0.3849881887435913
542  0.384976327419281
525  0.3849732279777527
572  0.3849717676639557
1569  0.3849700391292572
1123  0.38496649265289307
512  0.3849637508392334
899  0.38496294617652893
1368  0.3849603533744812
587  0.3849577307701111
1067  0.38495633006095886
1723  0.38494664430618286
1438  0.384942889213562
1369  0.38493812084198
317  0.3849177360534668
717  0.384915292263031
744  0.3848952054977417
841  0.38487470149993896
715  0.3848738968372345
1605  0.38487353920936584
1537  0.38486143946647644
397  0.38485467433929443
1126  0.38484853506088257
161  0.3848419487476349
1279  0.3848378658294678
90  0.384834885597229
948  0.3848276138305664
1469  0.38481348752975464
1000  0.38481131196022034
1396  0.3847983181476593
657  0.38479670882225037
705  0.38478612899780273
1068  0.384783536195755
1418  0.38477593660354614
866  0.38475948572158813
1381  0.38474828004837036
169  0.38474041223526
1395  0.38472241163253784
107  0.3847063481807709
1148  0.38470324873924255
214  0.3846869468688965
168  0.38466161489486694
1639  0.38465452194213867
862  0.3846544027328491
1475  0.3846447765827179
1692  0.38464367389678955
1476  0.38463911414146423
72  0.38463085889816284
533  0.3846150040626526
165  0.3846130967140198
295  0.3846120834350586
257  0.3846026360988617
961  0.38459867238998413
278  0.3845953047275543
1502  0.3845801055431366
441  0.3845727741718292
349  0.38457170128822327
653  0.38456058502197266
1584  0.3845558762550354
1336  0.38454657793045044
998  0.3845427334308624
553  0.3845398724079132
232  0.38453733921051025
882  0.3845295310020447
526  0.38451892137527466
68  0.3845100402832031
1700  0.38450324535369873
1385  0.3844967186450958
436  0.38449445366859436
1676  0.3844894468784332
1355  0.38448566198349
530  0.3844822645187378
1667  0.38447999954223633
583  0.38446733355522156
1592  0.3844611644744873
215  0.3844600319862366
1663  0.38445132970809937
661  0.38444647192955017
1301  0.38443341851234436
466  0.3844240605831146
413  0.3844171464443207
87  0.3844127058982849
414  0.384403258562088
1586  0.3844006359577179
746  0.38434526324272156
243  0.38433557748794556
279  0.38433486223220825
25  0.38430070877075195
637  0.38427338004112244
1591  0.3842638432979584
943  0.38426071405410767
1482  0.38425368070602417
1468  0.38424253463745117
567  0.38423964381217957
167  0.384229451417923
1684  0.3842248022556305
1414  0.38422220945358276
209  0.38421717286109924
220  0.3842160105705261
144  0.38421428203582764
309  0.38420742750167847
129  0.38418489694595337
1278  0.384175181388855
106  0.3841620087623596
1272  0.3841475248336792
166  0.384145051240921
193  0.38414427638053894
1729  0.3841402530670166
648  0.3841395080089569
412  0.38413283228874207
1095  0.3841323256492615
1306  0.3841301500797272
589  0.3841188848018646
1289  0.38409921526908875
355  0.38409623503685
374  0.38409483432769775
125  0.3840874433517456
1582  0.3840863108634949
342  0.38408300280570984
255  0.38407963514328003
1503  0.38407573103904724
1575  0.3840741515159607
240  0.38407066464424133
461  0.38406965136528015
1066  0.3840666115283966
359  0.38406649231910706
564  0.3840601444244385
999  0.3840593695640564
289  0.38404348492622375
686  0.38404130935668945
357  0.38403013348579407
187  0.38402870297431946
995  0.3840276002883911
1645  0.38400712609291077
1276  0.38400205969810486
1508  0.3839981257915497
402  0.38399696350097656
1426  0.383990079164505
172  0.38398808240890503
1413  0.3839867413043976
321  0.3839830756187439
688  0.38398057222366333
1609  0.3839728832244873
559  0.3839717209339142
1359  0.383955180644989
1416  0.38395366072654724
392  0.38395291566848755
760  0.38394445180892944
1561  0.3839406669139862
1338  0.3839261531829834
343  0.3839193284511566
369  0.3839183449745178
601  0.38391080498695374
1351  0.3839073181152344
394  0.3839055597782135
265  0.3838852047920227
624  0.3838428556919098
1581  0.38383519649505615
488  0.3838309943675995
261  0.38382232189178467
1577  0.3838057816028595
1364  0.38378772139549255
319  0.38377809524536133
1377  0.38377776741981506
367  0.3837559223175049
296  0.38375577330589294
1285  0.38374361395835876
529  0.38374099135398865
1415  0.38373619318008423
1367  0.3837350010871887
267  0.3837067484855652
1699  0.3837035894393921
584  0.3836909532546997
341  0.3836857080459595
1543  0.38367846608161926
1504  0.38367313146591187
1580  0.3836705982685089
173  0.38366204500198364
1435  0.3836600184440613
1440  0.3836519718170166
1720  0.3836391568183899
1525  0.3836336135864258
710  0.38361796736717224
494  0.3836175501346588
636  0.38360828161239624
356  0.38360610604286194
964  0.38359126448631287
399  0.3835749626159668
348  0.3835718035697937
59  0.3835567831993103
302  0.38355329632759094
658  0.3835224211215973
1487  0.38351741433143616
225  0.38351574540138245
376  0.38351401686668396
700  0.3835048973560333
130  0.3834962248802185
1495  0.3834852874279022
630  0.38347649574279785
1370  0.38347214460372925
588  0.3834616541862488
536  0.3834598958492279
1607  0.38344496488571167
1544  0.3834202289581299
544  0.38341984152793884
1386  0.38341906666755676
578  0.38340499997138977
1455  0.3834022581577301
1593  0.3834012746810913
1664  0.3833957016468048
1335  0.3833952248096466
618  0.3833934962749481
91  0.38339194655418396
604  0.3833853304386139
1538  0.38338205218315125
88  0.38337960839271545
1134  0.3833485543727875
1673  0.38334694504737854
153  0.3833386301994324
391  0.3833204507827759
458  0.3833191394805908
268  0.3832892179489136
269  0.38328754901885986
1589  0.38327232003211975
1299  0.38326922059059143
235  0.38326090574264526
350  0.383238285779953
1454  0.3832312524318695
702  0.38322198390960693
641  0.38321512937545776
226  0.38321176171302795
1365  0.3832033574581146
408  0.38317978382110596
1157  0.38315755128860474
1325  0.3831230401992798
1275  0.3831195533275604
1721  0.3831138610839844
256  0.38311225175857544
347  0.38310933113098145
1329  0.383106529712677
146  0.38310444355010986
304  0.38307902216911316
364  0.3830728828907013
456  0.3830474317073822
607  0.3830373287200928
291  0.38303545117378235
803  0.38302910327911377
467  0.3829921782016754
145  0.38298752903938293
1319  0.3829738199710846
1375  0.38296788930892944
1374  0.3829633593559265
1127  0.38294240832328796
236  0.3829200565814972
1578  0.3829185664653778
1380  0.38290801644325256
1500  0.38289549946784973
1304  0.3828709125518799
608  0.3828689157962799
460  0.3828640580177307
1608  0.38285475969314575
1648  0.38285133242607117
241  0.3828409016132355
1515  0.38283494114875793
435  0.382829487323761
575  0.38281115889549255
340  0.38280874490737915
528  0.3828034996986389
189  0.38278627395629883
365  0.3827851116657257
1286  0.3827708959579468
382  0.3827517032623291
1489  0.3827408254146576
190  0.382735013961792
1048  0.38272279500961304
745  0.3827207386493683
239  0.3827185034751892
233  0.3827047646045685
370  0.38270336389541626
1439  0.38266968727111816
282  0.38266414403915405
1350  0.38264399766921997
1287  0.38262975215911865
555  0.3826195299625397
1049  0.38261836767196655
1564  0.3826057016849518
1295  0.38259750604629517
405  0.38258498907089233
398  0.38257846236228943
1520  0.38257041573524475
284  0.38256770372390747
716  0.382546067237854
1362  0.38254493474960327
1698  0.38251742720603943
543  0.382500022649765
253  0.3824799358844757
577  0.38247978687286377
1347  0.3824720084667206
1649  0.38244685530662537
1050  0.38243454694747925
320  0.38241997361183167
1363  0.3824121654033661
297  0.3823986053466797
1505  0.3823864161968231
1491  0.38237205147743225
231  0.38236966729164124
1483  0.3823453187942505
415  0.38232624530792236
660  0.3823194205760956
409  0.38230568170547485
188  0.3822976052761078
534  0.3822798728942871
245  0.38227054476737976
1693  0.38222745060920715
1430  0.3822241723537445
242  0.3822231888771057
439  0.3822180926799774
216  0.3822035491466522
654  0.3821970820426941
1677  0.3821966350078583
294  0.38219407200813293
1488  0.3821698725223541
1576  0.38214874267578125
633  0.3821377456188202
395  0.38213369250297546
579  0.3821214437484741
1425  0.3821186125278473
345  0.38210994005203247
1158  0.38208112120628357
1303  0.3820479214191437
459  0.38202083110809326
1695  0.38201507925987244
1333  0.3820142447948456
576  0.38200318813323975
1376  0.382000207901001
894  0.38199642300605774
581  0.3819938600063324
900  0.3819878101348877
303  0.3819617033004761
368  0.3819273114204407
1519  0.38187432289123535
1348  0.38186997175216675
527  0.3818444013595581
251  0.38183507323265076
704  0.3818219304084778
1492  0.3817882239818573
617  0.38178154826164246
1437  0.38177868723869324
400  0.3817490339279175
1567  0.3817268908023834
1296  0.38171136379241943
1499  0.38170671463012695
1366  0.3816508948802948
244  0.38160836696624756
230  0.38160082697868347
1265  0.38157016038894653
901  0.3815669119358063
410  0.3815593123435974
616  0.3815508782863617
344  0.3815489113330841
1641  0.3815270662307739
611  0.3814866542816162
1579  0.38147664070129395
609  0.3814666271209717
1606  0.38144224882125854
557  0.381399929523468
393  0.38138794898986816
1424  0.3813682496547699
354  0.3813615143299103
802  0.3813430368900299
316  0.38133475184440613
1603  0.38132935762405396
388  0.38131827116012573
655  0.38129106163978577
1697  0.3812262713909149
1339  0.3812164068222046
283  0.3811475932598114
1387  0.3810744285583496
545  0.3810320496559143
603  0.3809813857078552
628  0.38088610768318176
1151  0.38088491559028625
1568  0.3808770477771759
632  0.38085663318634033
438  0.3808442950248718
1070  0.3808395564556122
1094  0.3808306157588959
1273  0.38077911734580994
620  0.3807782530784607
1602  0.38077765703201294
1640  0.380770742893219
1542  0.380765825510025
554  0.38075610995292664
629  0.38071364164352417
266  0.3807106018066406
1326  0.380695641040802
580  0.3806205093860626
292  0.3806014955043793
1467  0.380601167678833
250  0.3805924355983734
1696  0.38058507442474365
1379  0.380562961101532
1294  0.380531907081604
1305  0.38050520420074463
1427  0.3804941177368164
531  0.38048720359802246
535  0.38047298789024353
373  0.3804585933685303
346  0.38044193387031555
1150  0.38042956590652466
366  0.38042715191841125
1297  0.3803737163543701
610  0.3803516924381256
440  0.38029658794403076
626  0.38027170300483704
1601  0.38022997975349426
1501  0.38019832968711853
1694  0.3801822066307068
1428  0.38007652759552
619  0.3800579905509949
614  0.3799048662185669
558  0.3798972964286804
229  0.3798518776893616
353  0.37983524799346924
280  0.37974023818969727
281  0.379716694355011
1292  0.3796899914741516
1509  0.37966397404670715
703  0.37958571314811707
582  0.3795102834701538
627  0.3794642984867096
1293  0.379426509141922
612  0.37927019596099854
372  0.3791549801826477
371  0.37907716631889343
556  0.3789921700954437
390  0.37897858023643494
1378  0.3784976601600647
249  0.37831443548202515
248  0.37829750776290894
389  0.3782369792461395
1349  0.37810710072517395
613  0.37757718563079834
1518  0.3768038749694824
1298  0.37647220492362976
