1  0.4370359480381012
1768  0.43150901794433594
2  0.42071932554244995
3  0.41456878185272217
1767  0.4143120348453522
1090  0.41398918628692627
4  0.413578599691391
56  0.41194599866867065
1101  0.411507248878479
1306  0.41137048602104187
1211  0.4111475944519043
1003  0.41075509786605835
1281  0.4104481637477875
842  0.41042187809944153
851  0.4102655053138733
1311  0.41022989153862
478  0.410094678401947
1130  0.410020112991333
86  0.4099403917789459
1314  0.40975961089134216
1310  0.40971994400024414
783  0.4095853567123413
1129  0.40946269035339355
852  0.40930935740470886
1312  0.40915295481681824
890  0.40914177894592285
45  0.40911245346069336
850  0.40882059931755066
933  0.4087234139442444
1102  0.4086184501647949
1006  0.40860897302627563
1313  0.408535361289978
1077  0.40851670503616333
1308  0.40851137042045593
1214  0.40850314497947693
1097  0.40828806161880493
1069  0.4082812964916229
1307  0.4081912636756897
781  0.40813183784484863
952  0.4080323874950409
1022  0.40800899267196655
823  0.4080083966255188
872  0.4079735279083252
690  0.40795668959617615
1016  0.40787220001220703
1419  0.40786924958229065
867  0.4077913463115692
849  0.4077495038509369
1309  0.4077039062976837
1126  0.40769290924072266
194  0.40769219398498535
1147  0.40766406059265137
477  0.40762028098106384
984  0.4076017141342163
1177  0.40759745240211487
48  0.4075728952884674
1127  0.4075545072555542
47  0.4074814021587372
1066  0.4074743688106537
92  0.4074541926383972
1100  0.40744924545288086
753  0.407448947429657
46  0.40741419792175293
871  0.4073531925678253
1280  0.4073514938354492
1002  0.4072851538658142
1304  0.40726956725120544
1115  0.4071980118751526
891  0.4071495532989502
1001  0.40714702010154724
1095  0.40714290738105774
948  0.4071376919746399
685  0.4071287512779236
1456  0.4071229100227356
1063  0.40707290172576904
1191  0.40707147121429443
1155  0.4070684313774109
864  0.40702730417251587
755  0.40701818466186523
1432  0.4070053696632385
1226  0.40700122714042664
11  0.40695858001708984
951  0.40695610642433167
1282  0.4069179594516754
866  0.40687239170074463
722  0.40685296058654785
1262  0.40683713555336
972  0.4067700207233429
367  0.4067572355270386
65  0.4067557156085968
835  0.4067438244819641
694  0.40674081444740295
58  0.4067389667034149
1114  0.40672633051872253
1766  0.40671783685684204
1524  0.4067130386829376
865  0.40669992566108704
845  0.40668949484825134
1065  0.4066816568374634
1060  0.4066811203956604
934  0.40665918588638306
153  0.40660524368286133
807  0.4065968096256256
932  0.40658944845199585
23  0.4065709710121155
1305  0.4065629243850708
1216  0.4065589904785156
1242  0.40653517842292786
590  0.4065258800983429
1164  0.40648600459098816
1252  0.4064606726169586
1765  0.4064578115940094
1160  0.4064103662967682
792  0.40639549493789673
844  0.4063498377799988
1163  0.4063462018966675
1497  0.4063389003276825
893  0.4063308537006378
156  0.4063287377357483
740  0.4063014090061188
744  0.40628716349601746
888  0.4062612056732178
1139  0.4062572121620178
953  0.4062419831752777
344  0.4062272906303406
239  0.4062166213989258
1144  0.4062115550041199
784  0.40621131658554077
812  0.4062078595161438
961  0.406185120344162
1015  0.4061684012413025
804  0.40614497661590576
364  0.40612930059432983
664  0.4061066210269928
809  0.4060440957546234
301  0.40604275465011597
1232  0.4060422480106354
1107  0.4060361683368683
889  0.40598899126052856
960  0.40598735213279724
1105  0.4059746265411377
5  0.4059310853481293
57  0.4059169292449951
1189  0.40589556097984314
190  0.4058917164802551
1235  0.40585559606552124
1099  0.4058551788330078
154  0.4058477282524109
1213  0.4058206379413605
7  0.40578436851501465
132  0.40578389167785645
1108  0.4057812988758087
754  0.4057783782482147
841  0.4057779908180237
837  0.4057650566101074
1284  0.40574827790260315
182  0.4057265520095825
1188  0.4057249426841736
847  0.40571677684783936
1019  0.40565991401672363
1081  0.40565112233161926
550  0.4056451618671417
366  0.40563255548477173
1116  0.40562260150909424
1196  0.4055945575237274
589  0.40559396147727966
1007  0.4055882394313812
272  0.4055793881416321
870  0.4055761992931366
1075  0.40557506680488586
1195  0.4055344760417938
790  0.4055215120315552
1082  0.4055134356021881
710  0.4054943025112152
991  0.4054872691631317
892  0.4054861068725586
843  0.40548041462898254
285  0.40543344616889954
915  0.40543195605278015
1018  0.4054151177406311
1098  0.4053996801376343
1315  0.4053976833820343
479  0.4053916037082672
474  0.4053846299648285
993  0.40535759925842285
770  0.4053283631801605
181  0.40532830357551575
1176  0.4053261876106262
1193  0.40530461072921753
780  0.4052869379520416
1184  0.405272513628006
853  0.4052571654319763
137  0.4052513837814331
935  0.40523964166641235
1088  0.4052361249923706
1212  0.4052285850048065
739  0.40521231293678284
1553  0.40518608689308167
238  0.40517646074295044
688  0.4051661491394043
476  0.4051571488380432
1156  0.40514883399009705
1261  0.40513816475868225
1103  0.405137836933136
785  0.40513184666633606
1104  0.4051266610622406
356  0.4051225781440735
947  0.4051203429698944
475  0.4051123261451721
161  0.4050961136817932
1068  0.40508002042770386
719  0.4050634205341339
6  0.40505653619766235
944  0.40504539012908936
1291  0.4050334095954895
751  0.4050218164920807
1157  0.40501993894577026
195  0.40500524640083313
1165  0.4049942195415497
155  0.4049910008907318
133  0.40498724579811096
1485  0.40498554706573486
157  0.40498435497283936
1159  0.4049776792526245
988  0.4049469828605652
368  0.40494269132614136
95  0.4049307107925415
943  0.4049263000488281
838  0.40492016077041626
1241  0.4049142301082611
1133  0.4049111008644104
1132  0.4048979580402374
1263  0.40489378571510315
723  0.40488576889038086
1106  0.404857873916626
1128  0.4048490822315216
341  0.4048316478729248
992  0.4048261344432831
26  0.4048192501068115
20  0.4047985076904297
359  0.4047873914241791
663  0.40476706624031067
134  0.4047548770904541
969  0.40475353598594666
980  0.4047480821609497
191  0.4047395586967468
855  0.4047239422798157
365  0.4046993851661682
856  0.4046761393547058
273  0.4046742618083954
101  0.40467146039009094
91  0.40465834736824036
994  0.40464848279953003
771  0.4046352505683899
998  0.4046335518360138
869  0.4046221077442169
8  0.40460529923439026
954  0.4045904576778412
1131  0.404540479183197
1303  0.40453577041625977
1092  0.40453338623046875
745  0.40452927350997925
1296  0.4045291543006897
1021  0.40452152490615845
983  0.4044944941997528
765  0.4044911563396454
61  0.40449002385139465
1055  0.40448275208473206
901  0.404438316822052
970  0.40442565083503723
936  0.40441635251045227
537  0.40440458059310913
940  0.40440064668655396
1260  0.4043925702571869
929  0.4043787717819214
1085  0.40436840057373047
143  0.4043452739715576
684  0.40434446930885315
1149  0.40432432293891907
76  0.4043230414390564
409  0.40432265400886536
1404  0.4043133556842804
682  0.40429696440696716
822  0.40429219603538513
887  0.40429165959358215
1000  0.4042876064777374
718  0.404281884431839
701  0.4042806327342987
1697  0.40427812933921814
1014  0.4042755663394928
1062  0.4042755663394928
874  0.40425971150398254
1318  0.40424972772598267
109  0.4042353630065918
553  0.4042346477508545
848  0.40422335267066956
971  0.40422171354293823
999  0.4042011499404907
1190  0.4041970372200012
82  0.404196172952652
1058  0.404190331697464
854  0.40418627858161926
1259  0.4041743278503418
114  0.4041684865951538
1539  0.4041611850261688
14  0.4041515588760376
31  0.4041455388069153
85  0.4041382670402527
59  0.40413182973861694
1158  0.4041218161582947
1192  0.40411943197250366
802  0.4041140377521515
752  0.40408432483673096
192  0.4040830135345459
323  0.4040822386741638
846  0.404069721698761
55  0.4040648639202118
986  0.40405938029289246
1225  0.4040547311306
35  0.40405189990997314
1004  0.4040413498878479
886  0.40404021739959717
791  0.4040375351905823
808  0.40403077006340027
12  0.4040233790874481
1180  0.4040088951587677
1228  0.4039917290210724
769  0.4039904475212097
343  0.4039901793003082
1154  0.4039711058139801
880  0.4039709270000458
1283  0.40396547317504883
90  0.4039573669433594
782  0.4039383828639984
1764  0.4039383828639984
50  0.4039323329925537
1204  0.4038909375667572
466  0.4038865864276886
1617  0.40388253331184387
1253  0.4038781523704529
1371  0.4038703143596649
27  0.4038701355457306
1317  0.4038538336753845
1171  0.40384721755981445
1030  0.4038446545600891
62  0.40383556485176086
799  0.403832346200943
432  0.4038321077823639
1146  0.4038298726081848
805  0.4038262367248535
725  0.403810977935791
796  0.40375086665153503
1017  0.4037506580352783
199  0.4037434458732605
839  0.40371692180633545
1461  0.4037056565284729
392  0.40370285511016846
125  0.4037006199359894
973  0.4036974310874939
757  0.40368860960006714
77  0.40368807315826416
1239  0.4036880135536194
321  0.40368103981018066
1070  0.4036801755428314
34  0.4036730229854584
1264  0.40366876125335693
1118  0.4036547541618347
683  0.4036427140235901
987  0.40364140272140503
806  0.40364110469818115
208  0.4036344885826111
1048  0.40362492203712463
1234  0.4036248028278351
136  0.4036232531070709
1049  0.4035968780517578
53  0.4035962224006653
183  0.4035961925983429
1629  0.4035910367965698
615  0.40358927845954895
160  0.40358439087867737
1094  0.40358391404151917
1279  0.4035828709602356
677  0.4035714864730835
834  0.4035703241825104
931  0.40355899930000305
1293  0.4035566747188568
793  0.4035505950450897
1526  0.40354058146476746
1401  0.40352654457092285
94  0.40352630615234375
44  0.4035094380378723
1522  0.4035068452358246
697  0.4035051763057709
342  0.4035026431083679
840  0.4034949243068695
803  0.40349113941192627
29  0.4034464657306671
1185  0.4034461975097656
815  0.4034382700920105
974  0.4034323990345001
1181  0.4034265875816345
801  0.4034166932106018
10  0.4034144878387451
24  0.403410941362381
956  0.40340691804885864
903  0.4033977687358856
741  0.40338069200515747
678  0.40337082743644714
1209  0.40336138010025024
945  0.40336117148399353
1150  0.40334880352020264
904  0.4033471643924713
676  0.4033451974391937
1265  0.40334367752075195
1255  0.40332961082458496
955  0.40330567955970764
921  0.4032934904098511
800  0.4032926559448242
129  0.4032723903656006
1352  0.40327173471450806
975  0.4032583236694336
128  0.4032546579837799
1517  0.4032458961009979
1663  0.4032367467880249
898  0.40323635935783386
1227  0.4032237231731415
1258  0.40321916341781616
748  0.40320640802383423
1183  0.4032062590122223
1067  0.4032050371170044
1287  0.40320417284965515
138  0.40318936109542847
1424  0.4031854569911957
21  0.40318402647972107
756  0.4031790494918823
1005  0.40314778685569763
471  0.4031302034854889
1134  0.40312570333480835
700  0.4031226336956024
1203  0.4031181335449219
281  0.4031125605106354
270  0.4031110405921936
1162  0.4031076729297638
113  0.40308722853660583
873  0.4030812978744507
738  0.4030784070491791
766  0.4030632972717285
776  0.4030512571334839
9  0.4030472934246063
168  0.40303996205329895
813  0.40303754806518555
675  0.403034508228302
724  0.4030241072177887
102  0.4030228555202484
1071  0.40301790833473206
941  0.4030147194862366
283  0.4030021131038666
37  0.40299931168556213
817  0.4029948115348816
922  0.40299078822135925
158  0.4029892385005951
84  0.40298885107040405
875  0.4029776155948639
920  0.40297383069992065
554  0.4029684066772461
863  0.40296345949172974
1459  0.4029603898525238
179  0.4029596745967865
1254  0.40295645594596863
1086  0.402955561876297
884  0.40295273065567017
28  0.4029392898082733
985  0.40292784571647644
1215  0.40291592478752136
1125  0.4029110372066498
268  0.4029073715209961
176  0.40288233757019043
709  0.4028784930706024
1117  0.40287378430366516
668  0.4028647541999817
1751  0.40285828709602356
1708  0.4028538763523102
914  0.4028497636318207
326  0.4028489887714386
1247  0.40284866094589233
1056  0.4028434753417969
549  0.40284186601638794
1182  0.4028373956680298
398  0.4028359055519104
1026  0.4028334319591522
814  0.4028241038322449
1223  0.40282177925109863
1096  0.4028142988681793
1202  0.4028090536594391
1050  0.4027824401855469
126  0.4027765691280365
721  0.40277546644210815
715  0.40276819467544556
1578  0.4027661085128784
1124  0.4027539789676666
75  0.402747243642807
680  0.40272998809814453
117  0.40272948145866394
207  0.40270984172821045
196  0.40270501375198364
660  0.40268170833587646
1567  0.4026763141155243
868  0.4026760160923004
1251  0.4026747941970825
1457  0.40267303586006165
1256  0.402654767036438
1422  0.4026527404785156
87  0.40264177322387695
200  0.4026390612125397
772  0.4026276469230652
551  0.4026168882846832
916  0.4025982618331909
1224  0.4025842547416687
1544  0.40257447957992554
1753  0.40256771445274353
1754  0.4025605022907257
774  0.40255141258239746
1057  0.4025501012802124
1121  0.4025488793849945
1333  0.40254679322242737
1420  0.4025465250015259
1174  0.40253669023513794
148  0.40253639221191406
1042  0.4025334417819977
104  0.4025329649448395
1667  0.4025258421897888
63  0.40252530574798584
687  0.4025077521800995
913  0.402496337890625
325  0.40249526500701904
1431  0.40249019861221313
49  0.40248438715934753
995  0.4024788737297058
1091  0.40247610211372375
13  0.402476042509079
36  0.4024731516838074
882  0.40247249603271484
1724  0.4024678170681
1034  0.40246179699897766
876  0.4024601876735687
1593  0.4024506211280823
811  0.4024363160133362
749  0.40243589878082275
1350  0.40243563055992126
937  0.40242883563041687
1250  0.40241894125938416
1516  0.4024146497249603
989  0.4024119973182678
942  0.4024111330509186
899  0.40240752696990967
1186  0.4024043381214142
64  0.40240389108657837
1700  0.40239593386650085
1246  0.4023917615413666
1747  0.4023880660533905
363  0.4023853540420532
762  0.4023762047290802
545  0.40236860513687134
79  0.4023674428462982
83  0.40236392617225647
300  0.40235811471939087
1035  0.4023531377315521
996  0.4023427665233612
1151  0.4023407995700836
1429  0.40234044194221497
1087  0.40233707427978516
836  0.40230250358581543
403  0.4022866189479828
949  0.4022679924964905
681  0.40225332975387573
1023  0.40223395824432373
982  0.4021964371204376
912  0.4021942913532257
1555  0.40218496322631836
73  0.4021826386451721
733  0.40217992663383484
1482  0.40217748284339905
1373  0.40216606855392456
1664  0.4021586775779724
19  0.402154803276062
1666  0.4021502435207367
1245  0.40214696526527405
52  0.4021460711956024
1500  0.40213775634765625
1496  0.4021371006965637
717  0.40213504433631897
1286  0.40212711691856384
1288  0.4021187126636505
435  0.4021153151988983
1135  0.4021080732345581
151  0.40210583806037903
963  0.4021013677120209
1076  0.4020959734916687
108  0.40209445357322693
997  0.40208563208580017
917  0.4020843207836151
412  0.4020770788192749
237  0.4020732343196869
1709  0.40207183361053467
924  0.4020598828792572
1079  0.40205803513526917
1073  0.4020553231239319
1332  0.4020487070083618
661  0.4020371735095978
764  0.40202978253364563
322  0.40201157331466675
1705  0.4020075798034668
1292  0.40200692415237427
1257  0.40200358629226685
728  0.4019996225833893
666  0.4019908010959625
274  0.4019855260848999
786  0.40198132395744324
33  0.4019802510738373
1301  0.4019731879234314
695  0.4019588530063629
1552  0.40194907784461975
348  0.40194737911224365
679  0.40193668007850647
72  0.4019286334514618
1561  0.40192657709121704
1175  0.4019147455692291
1385  0.40191125869750977
778  0.40190863609313965
1297  0.4019051194190979
81  0.401901513338089
716  0.40189775824546814
461  0.40188929438591003
659  0.4018877446651459
810  0.40188443660736084
1240  0.40187838673591614
1231  0.401878297328949
235  0.4018731117248535
1418  0.40187057852745056
481  0.40187007188796997
665  0.4018518030643463
1238  0.40184924006462097
152  0.40184471011161804
1172  0.4018428921699524
93  0.40183892846107483
821  0.40183693170547485
1458  0.40183037519454956
1546  0.4018271565437317
69  0.4018216133117676
1554  0.4018203020095825
15  0.40180352330207825
1506  0.4018001854419708
480  0.401798278093338
708  0.40179547667503357
1093  0.4017919600009918
346  0.4017874598503113
1760  0.4017849266529083
883  0.40178319811820984
1547  0.40178316831588745
54  0.40178218483924866
1043  0.4017770290374756
959  0.4017718732357025
614  0.4017672538757324
66  0.40176671743392944
408  0.40176257491111755
1406  0.40174418687820435
655  0.40173956751823425
588  0.40173274278640747
1061  0.4017133116722107
1051  0.40171119570732117
127  0.40169742703437805
1507  0.4016909897327423
1273  0.4016897678375244
209  0.40168845653533936
1037  0.40168485045433044
419  0.4016842246055603
1556  0.4016839265823364
686  0.4016832411289215
775  0.40167906880378723
1566  0.40167683362960815
1143  0.40166446566581726
1210  0.40166330337524414
1316  0.4016631543636322
375  0.40165975689888
990  0.40165871381759644
1020  0.401647686958313
464  0.40164467692375183
923  0.40164467692375183
407  0.40163853764533997
636  0.4016197621822357
1089  0.4016106426715851
1508  0.40160438418388367
1460  0.40160253643989563
1752  0.4016014635562897
1137  0.40160083770751953
773  0.4015783965587616
103  0.4015735387802124
173  0.4015548527240753
1563  0.4015403389930725
779  0.40153926610946655
1454  0.40153616666793823
241  0.40153568983078003
369  0.4015192687511444
787  0.4015180468559265
18  0.4015161097049713
30  0.40150827169418335
1525  0.40150758624076843
1248  0.4015013873577118
530  0.4015011787414551
431  0.4015009105205536
1540  0.4014987349510193
798  0.4014928936958313
1207  0.4014880955219269
670  0.40147969126701355
616  0.4014742374420166
221  0.40146729350090027
707  0.40145593881607056
411  0.4014557898044586
1047  0.4014550745487213
1430  0.4014398753643036
60  0.4014332592487335
689  0.40143319964408875
1053  0.40143275260925293
693  0.40141740441322327
1533  0.4014165997505188
1267  0.4014146029949188
189  0.4014115333557129
729  0.4014115333557129
1403  0.4014098644256592
1509  0.40140146017074585
32  0.40139448642730713
1294  0.40139269828796387
1138  0.4013914167881012
1078  0.4013899266719818
1543  0.40138953924179077
750  0.40138742327690125
919  0.4013860821723938
1491  0.4013734757900238
444  0.4013734459877014
596  0.40136343240737915
443  0.4013417959213257
1179  0.4013373851776123
1433  0.401334673166275
620  0.40133076906204224
71  0.40131914615631104
1655  0.40131673216819763
74  0.4013151228427887
68  0.40130099654197693
1072  0.4012897312641144
262  0.4012809097766876
284  0.40127721428871155
1217  0.40127018094062805
1300  0.4012690484523773
1052  0.40126168727874756
734  0.4012596905231476
463  0.4012581706047058
1750  0.4012569189071655
446  0.40124985575675964
145  0.40124452114105225
433  0.4012441635131836
1236  0.4012426435947418
1763  0.4012398421764374
1511  0.40123772621154785
617  0.4012314975261688
742  0.40121254324913025
712  0.40121224522590637
327  0.401201069355011
413  0.40119948983192444
1695  0.4011906385421753
1384  0.4011770188808441
789  0.40116554498672485
482  0.4011646509170532
1761  0.40116050839424133
824  0.4011542499065399
747  0.4011486768722534
768  0.401131808757782
1378  0.4011257588863373
146  0.4011244773864746
555  0.4011184275150299
277  0.4011177718639374
275  0.4011112451553345
1161  0.4010833203792572
459  0.4010803997516632
1064  0.4010796546936035
1302  0.40107426047325134
1493  0.4010641574859619
467  0.4010617733001709
399  0.4010544717311859
767  0.4010498821735382
939  0.4010235071182251
1521  0.4010196626186371
1059  0.4010191261768341
213  0.40101897716522217
900  0.4010173976421356
1277  0.4010166525840759
1351  0.40101486444473267
112  0.40101176500320435
167  0.40100640058517456
1285  0.40099701285362244
1233  0.40098944306373596
711  0.40098831057548523
727  0.4009830057621002
1054  0.400981068611145
1518  0.4009722173213959
1168  0.40096163749694824
1541  0.40095818042755127
763  0.40095454454421997
1041  0.4009498953819275
184  0.4009447991847992
336  0.4009397327899933
542  0.40093353390693665
1166  0.4009309709072113
358  0.40093010663986206
339  0.4009242057800293
1534  0.40090131759643555
122  0.400889128446579
197  0.4008888602256775
468  0.4008880853652954
1187  0.4008840322494507
902  0.4008788764476776
305  0.4008691906929016
1719  0.40086376667022705
355  0.40086033940315247
144  0.40085458755493164
1295  0.4008486568927765
1669  0.4008468985557556
252  0.40083831548690796
957  0.4008382260799408
1426  0.40083789825439453
1361  0.4008370041847229
1616  0.4008276164531708
657  0.4008179306983948
746  0.4008113443851471
406  0.4008043706417084
447  0.4007965624332428
1545  0.400790810585022
1644  0.4007798731327057
895  0.4007715880870819
918  0.4007590413093567
1472  0.4007568061351776
759  0.4007532298564911
421  0.4007379114627838
1148  0.40073686838150024
1208  0.40073463320732117
981  0.40073245763778687
1455  0.40071022510528564
287  0.4006911814212799
251  0.4006774127483368
505  0.40067610144615173
878  0.4006727933883667
1145  0.4006703197956085
231  0.40066975355148315
269  0.4006686806678772
164  0.40066593885421753
1615  0.4006504416465759
1519  0.4006491005420685
1025  0.4006441831588745
222  0.4006408154964447
1675  0.400634765625
1392  0.40063416957855225
78  0.40063226222991943
1338  0.4006258249282837
1289  0.40061289072036743
737  0.40061137080192566
115  0.40060415863990784
881  0.40060320496559143
462  0.40059173107147217
1299  0.40058496594429016
1405  0.4005650579929352
1269  0.40055933594703674
1237  0.4005536735057831
1230  0.4005505442619324
402  0.4005311131477356
494  0.4005187153816223
1122  0.4005129039287567
442  0.4005095660686493
743  0.4005085825920105
1140  0.4005039930343628
460  0.40049299597740173
1580  0.4004911780357361
1529  0.4004863500595093
1532  0.4004857540130615
1278  0.40048038959503174
1372  0.4004686772823334
1492  0.4004647135734558
976  0.4004637897014618
473  0.40045806765556335
1123  0.4004538059234619
202  0.40043362975120544
894  0.40042969584465027
335  0.40042921900749207
820  0.4004221260547638
201  0.4004216194152832
1758  0.40041980147361755
726  0.400418221950531
704  0.40041524171829224
862  0.40041035413742065
212  0.40040889382362366
280  0.40040600299835205
1421  0.4004059135913849
1109  0.4004041850566864
544  0.4003976881504059
130  0.4003973603248596
1383  0.4003906548023224
1562  0.4003831446170807
699  0.40037691593170166
556  0.4003736972808838
794  0.40037035942077637
139  0.4003676176071167
420  0.4003646671772003
226  0.4003634750843048
1536  0.4003611207008362
573  0.40036019682884216
1699  0.40035828948020935
286  0.40034934878349304
910  0.4003329277038574
1564  0.40033191442489624
938  0.40032532811164856
1757  0.4003191590309143
1222  0.40031686425209045
105  0.40031129121780396
123  0.4003061056137085
1631  0.40029841661453247
80  0.40029609203338623
552  0.40028461813926697
465  0.4002797305583954
1423  0.40027928352355957
575  0.4002731740474701
1551  0.4002670645713806
1587  0.4002596437931061
353  0.40025192499160767
1718  0.4002442955970764
950  0.4002392590045929
1542  0.40023520588874817
135  0.4002343714237213
198  0.4002329111099243
1136  0.4002217948436737
691  0.4002135097980499
1630  0.4002090096473694
174  0.4002038538455963
1393  0.4002009928226471
639  0.4001997709274292
698  0.40019914507865906
389  0.4001968502998352
289  0.40019604563713074
347  0.400193989276886
22  0.4001835584640503
1720  0.4001821279525757
819  0.40017902851104736
1044  0.4001723527908325
735  0.4001709818840027
43  0.40016236901283264
1272  0.400153249502182
206  0.4001481831073761
332  0.4001479148864746
99  0.4001455307006836
1362  0.40013301372528076
1218  0.40013134479522705
760  0.40012431144714355
236  0.4001164138317108
908  0.40010756254196167
170  0.40010133385658264
424  0.40007874369621277
218  0.40007543563842773
703  0.4000647962093353
178  0.40004950761795044
1473  0.40004274249076843
1740  0.4000406563282013
1266  0.4000377058982849
171  0.4000334143638611
1440  0.40002211928367615
470  0.4000200033187866
362  0.40001457929611206
565  0.3999955654144287
946  0.3999902307987213
1651  0.3999864459037781
1535  0.39997604489326477
1083  0.3999670445919037
539  0.39996156096458435
662  0.3999614417552948
1013  0.3999335467815399
1647  0.3999328017234802
51  0.39993005990982056
1329  0.39992761611938477
885  0.3999267816543579
118  0.39992472529411316
522  0.3999214470386505
1400  0.39991262555122375
525  0.3999052345752716
529  0.39989787340164185
829  0.3998940587043762
528  0.3998930752277374
641  0.3998849093914032
1119  0.3998793661594391
1441  0.39987727999687195
1141  0.39986279606819153
1484  0.39985692501068115
1319  0.3998475968837738
1618  0.39983195066452026
586  0.3998309373855591
349  0.399829238653183
1717  0.3998257517814636
1612  0.39982545375823975
1395  0.3998221158981323
1494  0.3998163044452667
1528  0.399812787771225
1409  0.39980578422546387
1339  0.399799644947052
1229  0.39979803562164307
445  0.3997911512851715
265  0.39977893233299255
547  0.3997788727283478
546  0.3997768759727478
702  0.39977186918258667
1744  0.3997710943222046
1579  0.39976194500923157
1178  0.39976054430007935
1045  0.3997587561607361
632  0.3997550308704376
234  0.3997531831264496
658  0.3997470438480377
250  0.3997393250465393
603  0.3997306227684021
1665  0.39972952008247375
930  0.39972788095474243
1722  0.3997200131416321
1487  0.39971524477005005
162  0.39970090985298157
1657  0.3997000753879547
962  0.3996996283531189
1364  0.39969688653945923
1721  0.39969390630722046
42  0.39969033002853394
1486  0.399689644575119
116  0.3996824622154236
38  0.3996793329715729
483  0.3996778428554535
304  0.3996713161468506
16  0.3996618986129761
1610  0.39965102076530457
1619  0.39964917302131653
1276  0.3996410667896271
1374  0.39963990449905396
1632  0.39963215589523315
1712  0.3996266722679138
619  0.3996179699897766
334  0.39961639046669006
267  0.3996134102344513
1008  0.39960891008377075
1330  0.39960145950317383
1398  0.39959612488746643
818  0.39959293603897095
1723  0.3995903730392456
1153  0.3995857238769531
1363  0.39958539605140686
673  0.39956924319267273
1167  0.3995683491230011
1662  0.3995606601238251
827  0.39955922961235046
1379  0.3995562195777893
797  0.39955317974090576
1701  0.39954063296318054
1425  0.39953503012657166
526  0.39953309297561646
397  0.399525910615921
1243  0.39952585101127625
232  0.3995129466056824
149  0.3995106518268585
333  0.3995024263858795
720  0.3995014727115631
571  0.3994911313056946
415  0.3994871973991394
88  0.39948606491088867
758  0.39947113394737244
1727  0.3994687795639038
979  0.39946824312210083
404  0.3994629979133606
67  0.3994564116001129
1652  0.3994539976119995
1733  0.3994476795196533
672  0.3994307518005371
1738  0.39943021535873413
264  0.3994279205799103
441  0.3994235396385193
1668  0.3994225263595581
1715  0.39941081404685974
1726  0.3994063138961792
1194  0.39939871430397034
338  0.3993850350379944
1495  0.3993835747241974
905  0.399381160736084
1513  0.39937910437583923
1702  0.3993777632713318
1173  0.3993770480155945
295  0.3993768095970154
624  0.3993757367134094
159  0.39937183260917664
89  0.39936745166778564
169  0.3993609845638275
816  0.39934638142585754
1033  0.3993416428565979
1340  0.39933788776397705
1434  0.39933615922927856
1671  0.39933305978775024
1113  0.39932748675346375
1394  0.39932259917259216
1594  0.3993195593357086
210  0.3993155062198639
41  0.3993138372898102
1755  0.3993106484413147
1605  0.3993024528026581
625  0.39927491545677185
391  0.3992718756198883
1410  0.39926794171333313
1142  0.3992522060871124
172  0.39922913908958435
1197  0.39922696352005005
410  0.39922472834587097
613  0.39922112226486206
240  0.39921799302101135
1427  0.3992086946964264
667  0.39920803904533386
1439  0.39920592308044434
1698  0.39920005202293396
1498  0.39919936656951904
541  0.39919495582580566
1198  0.39918455481529236
978  0.3991831839084625
576  0.3991820514202118
643  0.3991817831993103
1328  0.3991812467575073
1325  0.3991766571998596
958  0.3991679847240448
1377  0.39915549755096436
1298  0.3991542458534241
417  0.3991466760635376
1746  0.3991352915763855
654  0.39912697672843933
370  0.3991156220436096
298  0.3991149067878723
731  0.3991139829158783
1523  0.39911383390426636
1589  0.399111807346344
100  0.39911139011383057
1290  0.39911025762557983
1120  0.39910417795181274
180  0.3990921974182129
279  0.39907965064048767
1475  0.39907827973365784
25  0.399075448513031
1670  0.39907366037368774
1565  0.39906400442123413
1762  0.3990345597267151
1748  0.3990248143672943
1367  0.39901459217071533
1442  0.39901024103164673
1512  0.39900586009025574
1039  0.3989873230457306
1110  0.39898648858070374
380  0.39898523688316345
345  0.3989844024181366
1713  0.3989841341972351
223  0.39898306131362915
490  0.39897701144218445
926  0.3989655375480652
1112  0.3989603817462921
1732  0.39895862340927124
1009  0.3989545404911041
795  0.39895179867744446
612  0.39893293380737305
564  0.39892828464508057
1745  0.39891430735588074
472  0.39891305565834045
357  0.3989127576351166
371  0.3989102244377136
1334  0.3989046514034271
1268  0.3989032804965973
1270  0.39889368414878845
1588  0.3988931477069855
826  0.39888620376586914
1592  0.3988827168941498
418  0.39887773990631104
761  0.3988766074180603
1467  0.3988746404647827
121  0.39886531233787537
1413  0.3988632559776306
449  0.3988591134548187
308  0.3988553583621979
1244  0.398854523897171
454  0.3988414704799652
458  0.39883214235305786
142  0.3988262116909027
1656  0.3988249599933624
255  0.3988207280635834
271  0.3988126516342163
1716  0.39879676699638367
563  0.3987964689731598
1628  0.3987911641597748
1591  0.3987908661365509
1730  0.39878952503204346
394  0.3987874984741211
1596  0.3987870216369629
107  0.3987652063369751
696  0.39875176548957825
1040  0.3987369239330292
1480  0.3987344801425934
96  0.39872774481773376
967  0.3987235426902771
1335  0.39871254563331604
671  0.39871084690093994
97  0.3986630141735077
1673  0.3986615538597107
493  0.39866095781326294
629  0.39866089820861816
1614  0.3986586928367615
1570  0.3986538350582123
540  0.3986527621746063
1036  0.398649662733078
111  0.3986489772796631
293  0.39864784479141235
637  0.3986458480358124
119  0.39863911271095276
1359  0.398639053106308
373  0.398617148399353
833  0.3986108601093292
631  0.39860230684280396
1407  0.39859539270401
1402  0.3985917866230011
187  0.3985893726348877
456  0.3985776901245117
548  0.3985756039619446
1606  0.3985702395439148
177  0.39856570959091187
110  0.39856094121932983
455  0.39855727553367615
1550  0.3985375165939331
1682  0.39853399991989136
1604  0.3985253572463989
858  0.39852073788642883
1568  0.39851897954940796
39  0.3985113799571991
1443  0.3985075056552887
1577  0.39849498867988586
669  0.3984926640987396
652  0.39848658442497253
1696  0.3984837532043457
120  0.39847832918167114
964  0.398475706577301
243  0.3984712064266205
256  0.39846885204315186
1499  0.39846470952033997
1331  0.3984590172767639
1742  0.3984529674053192
1201  0.3984522223472595
423  0.398449182510376
911  0.39843690395355225
1601  0.3984321057796478
401  0.39842644333839417
1538  0.39842572808265686
166  0.39841949939727783
70  0.3984173834323883
977  0.3984173834323883
1375  0.39841705560684204
1729  0.39840877056121826
1396  0.3983991742134094
1489  0.39839476346969604
968  0.3983939588069916
188  0.3983828127384186
1759  0.3983805775642395
591  0.3983692526817322
1411  0.3983634412288666
511  0.39835768938064575
1200  0.39835095405578613
1572  0.3983348309993744
1714  0.39832794666290283
1471  0.3983202874660492
1674  0.3983173370361328
1221  0.39830660820007324
1571  0.398302286863327
204  0.3983006179332733
1389  0.39829736948013306
651  0.3982824683189392
297  0.39827921986579895
1337  0.3982767164707184
1693  0.39827102422714233
254  0.3982708156108856
653  0.39824479818344116
714  0.3982226550579071
830  0.3982188105583191
650  0.3982182741165161
1483  0.39821523427963257
736  0.3982132077217102
1435  0.3982084393501282
386  0.3982068598270416
627  0.3982061743736267
388  0.3981899917125702
1611  0.3981785774230957
260  0.3981728255748749
306  0.3981710970401764
1645  0.3981694281101227
1366  0.3981678783893585
1607  0.3981667160987854
324  0.3981643617153168
649  0.3981581926345825
531  0.3981564939022064
141  0.3981548249721527
1660  0.3981543779373169
581  0.39815157651901245
877  0.3981495499610901
1659  0.3981495499610901
354  0.3981470465660095
574  0.3981247842311859
1581  0.39812082052230835
396  0.3980945348739624
585  0.3980860114097595
1737  0.39806678891181946
224  0.3980664610862732
436  0.3980579078197479
299  0.3980562090873718
263  0.39803287386894226
513  0.398029625415802
1386  0.39802682399749756
1464  0.3980116844177246
405  0.39799216389656067
257  0.3979703187942505
163  0.397967129945755
1219  0.3979659378528595
897  0.3979648947715759
1681  0.3979569673538208
1749  0.3979469835758209
422  0.3979436457157135
390  0.3979406952857971
626  0.3979375660419464
1381  0.39793649315834045
484  0.3979274332523346
1387  0.3979169428348541
378  0.397895485162735
732  0.39787280559539795
1354  0.39787134528160095
1756  0.39784500002861023
328  0.397844523191452
692  0.3978427052497864
440  0.39784085750579834
203  0.39783865213394165
193  0.3978322446346283
674  0.39783012866973877
861  0.3978292644023895
175  0.3978189527988434
430  0.3978182077407837
506  0.3977939188480377
1111  0.39777013659477234
713  0.39776086807250977
1365  0.39775222539901733
1206  0.39775168895721436
642  0.39772456884384155
604  0.3977198302745819
602  0.39771443605422974
124  0.3977053463459015
1558  0.3976772129535675
320  0.39767351746559143
1595  0.39767080545425415
1703  0.397664874792099
644  0.3976648449897766
140  0.3976622223854065
879  0.39765027165412903
1152  0.39764443039894104
705  0.39764404296875
584  0.3976381719112396
1488  0.39761966466903687
1731  0.3976127505302429
451  0.3976011574268341
645  0.3976002335548401
416  0.3975946307182312
1537  0.39758923649787903
1586  0.39757040143013
1074  0.3975566625595093
1451  0.3975497782230377
601  0.39754289388656616
414  0.3975290060043335
1734  0.3975237309932709
383  0.39751410484313965
1676  0.3974896967411041
219  0.39748576283454895
1658  0.3974780738353729
1531  0.39747506380081177
1560  0.3974715769290924
393  0.3974705636501312
294  0.39746567606925964
1205  0.3974648714065552
906  0.39745765924453735
543  0.39743852615356445
1639  0.3974233865737915
266  0.3974173367023468
523  0.3974129557609558
557  0.3974107503890991
1412  0.3974098861217499
1220  0.39740702509880066
303  0.3974018692970276
1355  0.39739423990249634
909  0.3973800241947174
560  0.39735984802246094
1613  0.39735645055770874
374  0.3973546326160431
1602  0.39735284447669983
623  0.39734184741973877
372  0.39733579754829407
1428  0.3973170816898346
1569  0.3973124921321869
1622  0.39728766679763794
832  0.397254079580307
618  0.3972492218017578
1453  0.39724573493003845
521  0.397244930267334
1462  0.3972291946411133
1476  0.3972146213054657
587  0.3972046673297882
1514  0.3972029387950897
1548  0.39718276262283325
425  0.3971652388572693
147  0.39714714884757996
340  0.39714714884757996
828  0.3971455991268158
512  0.3971390724182129
1583  0.3971380889415741
214  0.3971233367919922
1399  0.39711838960647583
278  0.3971083462238312
524  0.39710327982902527
1249  0.39709770679473877
572  0.39709338545799255
1646  0.39709019660949707
1170  0.39706581830978394
395  0.3970643877983093
337  0.3970581591129303
1691  0.3970557451248169
1353  0.3970544636249542
1336  0.3970447778701782
1391  0.397038996219635
1559  0.3970325291156769
361  0.3970264494419098
605  0.3970228433609009
469  0.3970121443271637
150  0.3970045745372772
857  0.396999329328537
706  0.3969799876213074
647  0.39697396755218506
598  0.3969654142856598
165  0.3969499468803406
282  0.39694592356681824
1680  0.3969340920448303
621  0.3969295024871826
1416  0.39691880345344543
448  0.3969169557094574
536  0.3969140350818634
562  0.3969089984893799
1686  0.39686205983161926
1474  0.396859347820282
646  0.3968423306941986
227  0.3968358337879181
896  0.39683422446250916
217  0.396826833486557
499  0.3968246579170227
429  0.3968214988708496
1369  0.3967689275741577
578  0.39675384759902954
261  0.396751344203949
450  0.39674949645996094
532  0.396746963262558
1324  0.39674070477485657
491  0.39673295617103577
1320  0.39672544598579407
1640  0.3967049717903137
1024  0.39668789505958557
1490  0.3966791033744812
1642  0.3966667652130127
1585  0.396656334400177
648  0.3966556191444397
1590  0.39665156602859497
1447  0.3966390788555145
276  0.3966321051120758
777  0.39662036299705505
434  0.3965972661972046
656  0.39659005403518677
1637  0.39658913016319275
640  0.3965783715248108
387  0.396573007106781
592  0.39655601978302
1084  0.3965534567832947
606  0.39655253291130066
1576  0.39653220772743225
1388  0.39652976393699646
1694  0.3965243697166443
1636  0.39652320742607117
517  0.39649903774261475
1623  0.3964981436729431
1741  0.3964911699295044
1627  0.39646264910697937
577  0.3964587152004242
316  0.3964574337005615
1638  0.39645248651504517
205  0.39645034074783325
1028  0.39644932746887207
307  0.39644530415534973
438  0.39644500613212585
360  0.39644086360931396
228  0.3964344561100006
1414  0.3964252471923828
510  0.3964136838912964
1573  0.3963974118232727
381  0.39638659358024597
1382  0.3963841497898102
1725  0.3963831663131714
1436  0.3963741958141327
292  0.3963611423969269
98  0.39634737372398376
40  0.396340548992157
582  0.396335244178772
628  0.39632633328437805
385  0.3963260054588318
907  0.396300345659256
242  0.3962894082069397
1609  0.39627891778945923
1275  0.39626896381378174
1704  0.39626768231391907
1689  0.39626505970954895
229  0.3962605595588684
1527  0.39625900983810425
457  0.39624693989753723
1011  0.39624688029289246
302  0.3962290585041046
1271  0.3962115943431854
291  0.3962002992630005
1356  0.396171897649765
1706  0.39616939425468445
1515  0.396158367395401
630  0.39615750312805176
244  0.39615562558174133
1649  0.39615434408187866
595  0.39615240693092346
1450  0.39614513516426086
246  0.3961258828639984
1661  0.3961144685745239
1710  0.39611393213272095
1678  0.39610347151756287
1466  0.39610204100608826
1199  0.396100252866745
1031  0.3960905373096466
1038  0.396083265542984
520  0.3960765302181244
1574  0.3960740566253662
233  0.3960622549057007
788  0.39605143666267395
570  0.3960457146167755
330  0.3960447609424591
1408  0.39603227376937866
533  0.39601296186447144
1348  0.3959943950176239
527  0.3959822654724121
1397  0.39597079157829285
597  0.3959531784057617
515  0.3959331810474396
1046  0.39593154191970825
1368  0.395921915769577
1010  0.3959207832813263
312  0.3959168493747711
319  0.3959164619445801
352  0.3959122598171234
1677  0.39589956402778625
928  0.3958825170993805
1549  0.3958750367164612
519  0.39587053656578064
1417  0.395865261554718
1380  0.39586225152015686
1690  0.3958614468574524
1679  0.3958577811717987
1479  0.39585599303245544
1415  0.39583805203437805
594  0.3958158791065216
538  0.3958151340484619
1505  0.3958122730255127
106  0.39580973982810974
400  0.3958089053630829
622  0.3957808315753937
1687  0.395772248506546
518  0.3957692086696625
350  0.3957687318325043
310  0.3957676887512207
258  0.395753413438797
1520  0.3957401216030121
1274  0.39573878049850464
1650  0.3957160711288452
1736  0.39569252729415894
1728  0.395689457654953
452  0.3956892192363739
501  0.3956839442253113
317  0.39568009972572327
309  0.39567703008651733
1620  0.3956768214702606
1349  0.3956752419471741
315  0.395662397146225
253  0.39564889669418335
131  0.3956361413002014
220  0.39563441276550293
1643  0.39563390612602234
593  0.3956325352191925
1012  0.3955994248390198
288  0.3955940306186676
1029  0.39559298753738403
1685  0.39559105038642883
384  0.3955710530281067
1080  0.39556941390037537
498  0.39556434750556946
331  0.3955540060997009
1481  0.3955431580543518
1478  0.39553651213645935
1169  0.3955255448818207
607  0.39551931619644165
185  0.39551424980163574
379  0.39551204442977905
1634  0.39550405740737915
859  0.39545804262161255
1684  0.3954487144947052
1463  0.39543959498405457
1653  0.3954385817050934
216  0.3954378366470337
1032  0.39543500542640686
382  0.39539992809295654
1633  0.3953893184661865
1621  0.39537549018859863
259  0.39535748958587646
497  0.3953523635864258
453  0.3953424096107483
1449  0.39529815316200256
496  0.39528146386146545
927  0.39527103304862976
1557  0.39526060223579407
1446  0.3952459692955017
514  0.39523643255233765
1530  0.39521706104278564
437  0.39521241188049316
1437  0.3952108919620514
211  0.3952101767063141
495  0.39520183205604553
186  0.39519864320755005
1582  0.3951929807662964
17  0.39518114924430847
610  0.39514052867889404
634  0.3951130509376526
1452  0.39509299397468567
1322  0.3950858414173126
561  0.39505353569984436
1477  0.39505019783973694
1347  0.3950391709804535
351  0.395023375749588
558  0.39501267671585083
1626  0.39498594403266907
825  0.3949468433856964
1358  0.3949125409126282
966  0.39488130807876587
502  0.39484792947769165
489  0.3948407769203186
516  0.3948315978050232
492  0.3948177099227905
1641  0.3948070704936981
860  0.394775927066803
730  0.39477288722991943
1648  0.39476263523101807
1683  0.39473283290863037
638  0.3946954011917114
1438  0.39467278122901917
503  0.3946676254272461
1321  0.3946487605571747
1360  0.3946278691291809
925  0.39462393522262573
1027  0.39460211992263794
1357  0.39454013109207153
230  0.3945368528366089
487  0.39453619718551636
599  0.3944798707962036
1470  0.39446160197257996
1370  0.39444848895072937
314  0.3944447338581085
427  0.39441317319869995
1654  0.39440271258354187
1376  0.3943924009799957
313  0.39438578486442566
225  0.394379198551178
1390  0.39436882734298706
1735  0.39431965351104736
1672  0.3943037986755371
439  0.39430370926856995
1501  0.394278347492218
318  0.39426887035369873
1468  0.3942573070526123
1510  0.3942306637763977
504  0.39417487382888794
1465  0.39416128396987915
1503  0.39413997530937195
1342  0.39412763714790344
1597  0.39406725764274597
633  0.3940284848213196
329  0.39402642846107483
486  0.3940082788467407
1743  0.3939949572086334
1469  0.39399170875549316
1692  0.3939884305000305
1346  0.39392125606536865
1635  0.3938969671726227
1603  0.3938366770744324
1739  0.39383354783058167
559  0.3938318192958832
507  0.39378654956817627
1575  0.39374566078186035
1504  0.3937441110610962
569  0.39373576641082764
488  0.39371320605278015
1343  0.3937106728553772
965  0.3937073349952698
1323  0.39364007115364075
1326  0.39359259605407715
1445  0.3935866355895996
1327  0.3934984505176544
1341  0.3934763967990875
428  0.393463671207428
1448  0.3934550881385803
247  0.3934270739555359
567  0.3934215307235718
1707  0.3934211730957031
426  0.3934022784233093
600  0.39340078830718994
608  0.3933820128440857
248  0.3933187425136566
831  0.3932848870754242
508  0.39321815967559814
1608  0.3931480944156647
566  0.3931238353252411
579  0.39307352900505066
583  0.39300212264060974
1584  0.3929699957370758
296  0.39286908507347107
1711  0.3928636908531189
1444  0.3927517235279083
500  0.39272433519363403
1345  0.392701119184494
635  0.3926304876804352
535  0.39262744784355164
249  0.3925853967666626
534  0.39246895909309387
580  0.3922662138938904
215  0.39222952723503113
609  0.39216431975364685
311  0.3920891582965851
1502  0.39202120900154114
1688  0.3919842839241028
245  0.3917239308357239
1624  0.391427606344223
509  0.3913838267326355
290  0.3913698196411133
611  0.3913410007953644
1599  0.39121925830841064
485  0.3910942077636719
568  0.3909803032875061
1344  0.3908630907535553
1625  0.3907935917377472
377  0.3906639516353607
1598  0.39055901765823364
1600  0.3903859257698059
376  0.39026162028312683
