1771  0.427858829498291
1  0.42074358463287354
1770  0.41083192825317383
822  0.40831002593040466
966  0.40774229168891907
28  0.40746834874153137
1093  0.4069307744503021
965  0.4069121181964874
2  0.40686336159706116
25  0.4065379500389099
781  0.4062157869338989
1147  0.4060550332069397
1113  0.4059638977050781
27  0.4059566259384155
3  0.40590351819992065
1111  0.4058363437652588
821  0.4055788218975067
833  0.4055359363555908
974  0.40552642941474915
1206  0.40541836619377136
26  0.405251145362854
1281  0.40522122383117676
1158  0.40478456020355225
733  0.40474066138267517
116  0.40466177463531494
29  0.4045948088169098
719  0.4045677185058594
969  0.4045622646808624
1205  0.4045533239841461
771  0.4045499563217163
1115  0.40452519059181213
862  0.40450599789619446
1288  0.4044893980026245
1279  0.40446338057518005
739  0.40446192026138306
742  0.404405415058136
1112  0.404384583234787
148  0.404360830783844
860  0.4042726159095764
732  0.4042694866657257
1204  0.40423130989074707
1142  0.40421587228775024
1289  0.4041696786880493
832  0.40415629744529724
181  0.4041557312011719
855  0.40408480167388916
1148  0.40402546525001526
114  0.40401729941368103
995  0.4039255976676941
1104  0.40391793847084045
1151  0.40389716625213623
881  0.40368926525115967
1260  0.4036659598350525
736  0.4036397337913513
999  0.403582364320755
783  0.4035818874835968
1070  0.4035816788673401
1150  0.4035729765892029
1109  0.4035102128982544
708  0.4034700095653534
882  0.4034590721130371
417  0.40345627069473267
840  0.4034048914909363
1189  0.4033909738063812
1114  0.40332701802253723
1259  0.4033084809780121
894  0.4032730162143707
53  0.40326744318008423
1220  0.4032256007194519
883  0.4032132923603058
818  0.40320613980293274
1301  0.4031870365142822
130  0.40318039059638977
1620  0.40315812826156616
1282  0.40315011143684387
740  0.40310463309288025
745  0.40309739112854004
820  0.40308475494384766
791  0.4030616581439972
1303  0.40305468440055847
819  0.40303510427474976
895  0.40298205614089966
31  0.40297818183898926
861  0.40296825766563416
1011  0.4029603600502014
854  0.4029252231121063
1103  0.4029090702533722
1001  0.4029078781604767
734  0.4029073715209961
1099  0.4029063880443573
987  0.4028908312320709
1159  0.40278080105781555
823  0.4027777910232544
54  0.40277424454689026
1055  0.4027572274208069
992  0.4027055501937866
914  0.4027037024497986
1327  0.40266290307044983
115  0.40266239643096924
767  0.4026379883289337
724  0.4026317894458771
258  0.4026290774345398
1116  0.4026031196117401
971  0.4025731682777405
146  0.40254679322242737
731  0.4025269150733948
252  0.40251216292381287
1110  0.4025087058544159
722  0.40250739455223083
997  0.40250536799430847
1143  0.4024651348590851
1071  0.4024616479873657
1258  0.402424156665802
1247  0.4024219512939453
1769  0.40239831805229187
644  0.4023917019367218
416  0.402383953332901
1304  0.40236949920654297
726  0.40235888957977295
967  0.4023407995700836
968  0.4023313522338867
744  0.40231356024742126
856  0.40230634808540344
1000  0.40230539441108704
1060  0.4022958278656006
777  0.40222644805908203
768  0.4022190570831299
30  0.4022151827812195
815  0.402201384305954
1226  0.40219807624816895
782  0.40218162536621094
775  0.4021732211112976
1152  0.40215951204299927
1203  0.40213605761528015
1284  0.40212762355804443
1314  0.40211793780326843
970  0.4021017551422119
674  0.40208402276039124
880  0.40204480290412903
761  0.4020434319972992
911  0.40200290083885193
1317  0.40200138092041016
1238  0.4019792675971985
901  0.40196463465690613
826  0.40196454524993896
1285  0.4019440710544586
900  0.4019363522529602
1591  0.40190747380256653
717  0.40187597274780273
913  0.4018431007862091
1287  0.4018382430076599
9  0.40180766582489014
1146  0.4017762243747711
642  0.4017443358898163
561  0.40174195170402527
135  0.40172886848449707
1248  0.4017130136489868
1425  0.4016639292240143
1237  0.40165698528289795
1012  0.4016566872596741
721  0.4016328752040863
102  0.40162375569343567
778  0.4016018807888031
1299  0.40160176157951355
1305  0.40159714221954346
960  0.40158048272132874
1122  0.40156033635139465
1141  0.40153542160987854
1157  0.40150710940361023
772  0.40149667859077454
159  0.40147969126701355
773  0.4014420211315155
1621  0.4014405906200409
699  0.4014261066913605
1144  0.4014032483100891
398  0.4014004170894623
415  0.40136048197746277
1073  0.4013538956642151
902  0.4013477563858032
1107  0.4013316035270691
903  0.4013284742832184
1246  0.40132206678390503
1105  0.4013189673423767
853  0.40130072832107544
468  0.4012968838214874
692  0.4012826681137085
1032  0.4012710452079773
1100  0.4012681245803833
694  0.40123671293258667
35  0.4012320339679718
50  0.401227742433548
908  0.40122145414352417
975  0.40119388699531555
24  0.4011892080307007
1065  0.40117931365966797
1768  0.4011728763580322
1278  0.40116366744041443
709  0.40112555027008057
52  0.40112408995628357
1066  0.4011199176311493
1244  0.4010920226573944
779  0.4010899066925049
886  0.4010801911354065
1218  0.4010355472564697
774  0.4010179340839386
973  0.40101268887519836
178  0.4009993374347687
955  0.40099912881851196
738  0.4009900391101837
814  0.4009694457054138
23  0.40096715092658997
1261  0.4009614586830139
1219  0.4009535014629364
419  0.40094345808029175
65  0.4009130001068115
994  0.4009016156196594
63  0.400881826877594
1207  0.4008760154247284
1139  0.40087494254112244
1678  0.4008663296699524
890  0.400856077671051
1680  0.4008454382419586
1711  0.40083834528923035
559  0.40083345770835876
232  0.4008053243160248
1013  0.40079811215400696
743  0.40079641342163086
162  0.4007849097251892
863  0.4007580280303955
533  0.4007573127746582
1515  0.400752991437912
1310  0.4007522463798523
956  0.4007456302642822
1069  0.40074050426483154
909  0.4007400572299957
100  0.4007064998149872
1002  0.4007045030593872
1057  0.4006989300251007
337  0.4006986916065216
487  0.4006722867488861
198  0.4006620943546295
769  0.4006562829017639
1149  0.4006308615207672
964  0.4006224572658539
1054  0.4006204605102539
1092  0.40061867237091064
1215  0.4006034731864929
101  0.400602251291275
1296  0.40060147643089294
1033  0.4005906879901886
896  0.4005885422229767
825  0.40058445930480957
1003  0.4005596339702606
1351  0.40055954456329346
887  0.4005570411682129
51  0.4005431532859802
10  0.40053483843803406
990  0.40053457021713257
22  0.40048766136169434
1068  0.40048378705978394
370  0.40047603845596313
893  0.40046846866607666
318  0.4004558026790619
338  0.40045323967933655
1309  0.40045252442359924
1727  0.40044718980789185
1227  0.40044713020324707
320  0.4004444181919098
986  0.4004441797733307
943  0.4004381000995636
839  0.400423139333725
431  0.4004206657409668
770  0.4003860056400299
932  0.4003799855709076
679  0.40036600828170776
94  0.400350421667099
1209  0.4003450572490692
1224  0.4003351628780365
408  0.4003344178199768
486  0.4003254175186157
766  0.4003065228462219
1286  0.40030479431152344
1516  0.4003005921840668
1283  0.40027618408203125
910  0.4002748131752014
735  0.40026506781578064
741  0.40024298429489136
1072  0.400238037109375
289  0.4002273678779602
1117  0.40021052956581116
290  0.4001919627189636
646  0.4001769423484802
1221  0.40016692876815796
747  0.40016040205955505
449  0.40015897154808044
1074  0.4001559913158417
319  0.40014058351516724
49  0.4001312553882599
1121  0.4001277685165405
915  0.4001196324825287
1102  0.4001182019710541
253  0.4001074433326721
149  0.40010127425193787
715  0.4001011252403259
809  0.400099515914917
1097  0.4000965654850006
1590  0.40009230375289917
369  0.4000822603702545
1223  0.4000777304172516
720  0.4000585377216339
617  0.4000510573387146
147  0.4000043570995331
367  0.4000038504600525
1655  0.3999878764152527
1290  0.3999764323234558
707  0.3999449908733368
1004  0.39994317293167114
816  0.39994263648986816
792  0.39992257952690125
1098  0.39992189407348633
637  0.39990925788879395
620  0.399896502494812
838  0.3998936414718628
1179  0.39988985657691956
876  0.39988231658935547
1201  0.39988189935684204
647  0.39987459778785706
1064  0.3998625576496124
1252  0.39985722303390503
1280  0.39984869956970215
755  0.39984068274497986
1053  0.3998335301876068
907  0.3998231589794159
976  0.3998231589794159
1094  0.3998152017593384
1370  0.3998081386089325
1636  0.3997951149940491
158  0.39978599548339844
834  0.39978325366973877
730  0.39978212118148804
1140  0.3997704088687897
737  0.39976122975349426
723  0.39974457025527954
134  0.3997400104999542
1266  0.3997287154197693
1302  0.3997219502925873
1329  0.39971673488616943
104  0.3997158408164978
727  0.399707555770874
1306  0.39970701932907104
1128  0.3997046649456024
550  0.3997037708759308
836  0.39970260858535767
11  0.39970144629478455
169  0.39970144629478455
1108  0.3996999263763428
1554  0.3996962904930115
1095  0.39969420433044434
1052  0.3996938467025757
1438  0.3996933102607727
1300  0.3996870517730713
1067  0.3996472656726837
869  0.3996430039405823
762  0.3996264636516571
1056  0.39962098002433777
1686  0.3996134102344513
790  0.39960777759552
1251  0.39959537982940674
632  0.399568110704422
787  0.3995649516582489
993  0.39955273270606995
368  0.39954230189323425
1291  0.39953455328941345
1101  0.39953339099884033
751  0.39953112602233887
693  0.3995164930820465
700  0.39951521158218384
469  0.39951270818710327
959  0.39950674772262573
476  0.39948582649230957
756  0.39946863055229187
639  0.39945855736732483
1042  0.39945143461227417
697  0.39945098757743835
1265  0.3994363248348236
478  0.3994346857070923
1298  0.39943310618400574
793  0.3994300663471222
1172  0.39942654967308044
1193  0.3994089365005493
177  0.3994012176990509
48  0.39939722418785095
905  0.39939427375793457
752  0.3993872404098511
841  0.39937978982925415
754  0.3993614614009857
884  0.3993612229824066
229  0.3993580937385559
1061  0.39935216307640076
807  0.39934706687927246
66  0.399338036775589
716  0.3993339240550995
1232  0.3993290960788727
1006  0.3993263840675354
555  0.3993242383003235
1180  0.3993118703365326
944  0.39930176734924316
129  0.39929962158203125
160  0.39929020404815674
291  0.39928704500198364
1034  0.39928534626960754
831  0.39928123354911804
843  0.3992803990840912
1319  0.3992759883403778
813  0.39927080273628235
753  0.3992631435394287
560  0.3992624282836914
1316  0.39925917983055115
780  0.3992537558078766
6  0.39923572540283203
643  0.3992304503917694
12  0.3992283046245575
571  0.3992161750793457
785  0.39920738339424133
934  0.399204820394516
864  0.3991941213607788
954  0.39918893575668335
96  0.39917999505996704
1190  0.399161696434021
1005  0.39915400743484497
871  0.39912149310112
1106  0.39911937713623047
1744  0.39911341667175293
1522  0.39911019802093506
1176  0.3991049826145172
763  0.3990735709667206
789  0.3990671634674072
1081  0.39906400442123413
5  0.39905762672424316
1689  0.3990505039691925
1528  0.39904943108558655
701  0.39904654026031494
1124  0.39902162551879883
1169  0.3990197479724884
470  0.3990095257759094
1191  0.3990061581134796
897  0.3989923298358917
675  0.3989794850349426
548  0.3989771604537964
931  0.3989694118499756
127  0.3989593982696533
1245  0.39892950654029846
705  0.3989197909832001
150  0.3989183008670807
413  0.3989090025424957
1145  0.3988996744155884
613  0.39889901876449585
1292  0.398896187543869
963  0.398884654045105
842  0.39887773990631104
1569  0.3988630175590515
1041  0.3988560438156128
1742  0.39884835481643677
1021  0.3988477885723114
1222  0.39884471893310547
1126  0.39880552887916565
648  0.39880120754241943
1726  0.3987993001937866
1619  0.3987971842288971
552  0.3987877070903778
725  0.39877331256866455
892  0.3987644612789154
1182  0.3987639546394348
1171  0.39875373244285583
868  0.39875054359436035
418  0.3987358510494232
171  0.39872121810913086
1177  0.3987199664115906
1426  0.3987063467502594
8  0.3987022042274475
1366  0.39868536591529846
906  0.3986848294734955
1225  0.3986794650554657
1318  0.3986789882183075
1216  0.39866527915000916
829  0.39865541458129883
1007  0.3986506462097168
982  0.39864110946655273
227  0.3986261785030365
1035  0.3986157476902008
562  0.3986094295978546
1607  0.39859259128570557
1039  0.39859238266944885
407  0.3985893726348877
294  0.39857321977615356
46  0.39856046438217163
929  0.3985484838485718
689  0.39854422211647034
904  0.3985375761985779
1242  0.3985339403152466
430  0.3985323905944824
827  0.3985288441181183
73  0.39852383732795715
1162  0.39852020144462585
86  0.39851468801498413
888  0.3985140025615692
1540  0.3985077440738678
1022  0.39850181341171265
1696  0.39849719405174255
153  0.3984896242618561
448  0.39848703145980835
1075  0.39848271012306213
284  0.3984668254852295
1466  0.3984659016132355
563  0.39846333861351013
1411  0.3984619081020355
551  0.3984322249889374
55  0.3984275460243225
1423  0.39840978384017944
1233  0.3984069526195526
977  0.3983960449695587
1293  0.39839252829551697
14  0.39838212728500366
686  0.39837467670440674
593  0.3983696401119232
1677  0.39836207032203674
776  0.3983612656593323
84  0.3983595371246338
1256  0.3983490765094757
133  0.3983320891857147
857  0.39833030104637146
1029  0.3983265161514282
962  0.39832615852355957
1307  0.3982982039451599
68  0.3982912600040436
432  0.39828890562057495
1194  0.39827486872673035
1208  0.39826902747154236
961  0.39826834201812744
989  0.39825862646102905
1412  0.3982556164264679
879  0.3982543349266052
1214  0.3982531726360321
1667  0.39825132489204407
1263  0.3982490599155426
998  0.3982449769973755
233  0.39824315905570984
850  0.39822718501091003
1702  0.3982260525226593
74  0.3982209861278534
817  0.3982158601284027
126  0.3982139825820923
661  0.3982011377811432
638  0.3981998860836029
549  0.39819929003715515
885  0.39819538593292236
278  0.39819228649139404
1125  0.3981873393058777
718  0.3981826603412628
113  0.3981685936450958
1262  0.3981640636920929
95  0.39816194772720337
511  0.39814502000808716
32  0.3981378376483917
1217  0.3981306552886963
1311  0.3981296718120575
1637  0.39811795949935913
405  0.3981165885925293
163  0.3981131911277771
1715  0.3981124758720398
1617  0.3981112241744995
870  0.3981103301048279
276  0.3981034457683563
72  0.39810076355934143
383  0.3980996608734131
835  0.39809784293174744
283  0.3980967104434967
899  0.39809301495552063
564  0.3980879485607147
1234  0.39806368947029114
42  0.3980587124824524
1127  0.39804163575172424
1315  0.3980325758457184
824  0.3980256915092468
554  0.39802131056785583
1437  0.39801421761512756
532  0.39801251888275146
257  0.3980123996734619
706  0.3980077803134918
729  0.3980052173137665
462  0.3979918658733368
131  0.3979857265949249
1170  0.39798566699028015
1037  0.3979828655719757
311  0.39797887206077576
1197  0.3979782462120056
1413  0.397977352142334
1462  0.39797449111938477
696  0.39796873927116394
925  0.39796769618988037
760  0.3979657292366028
928  0.3979453444480896
920  0.3979409635066986
1020  0.39793649315834045
1717  0.3979315757751465
957  0.3979245722293854
467  0.3979233503341675
1767  0.397914856672287
103  0.39791083335876465
1615  0.3979087173938751
1650  0.39790138602256775
182  0.3978959918022156
414  0.3978920876979828
164  0.3978860676288605
1183  0.3978666663169861
1625  0.39786046743392944
927  0.3978598713874817
695  0.39785587787628174
360  0.3978554904460907
292  0.39784979820251465
322  0.3978457450866699
1745  0.39784494042396545
688  0.3978431522846222
491  0.39783307909965515
193  0.3978307843208313
1096  0.39783066511154175
1153  0.3978181779384613
958  0.3978113532066345
19  0.3978092670440674
156  0.3978065550327301
919  0.39780545234680176
837  0.39779865741729736
941  0.39779338240623474
749  0.397788941860199
898  0.3977850377559662
1728  0.397779643535614
1326  0.397776335477829
1076  0.39776742458343506
859  0.39776161313056946
1372  0.397745817899704
71  0.3977411687374115
704  0.39773091673851013
1273  0.3977184593677521
1078  0.3977006673812866
746  0.3977005183696747
1568  0.39766836166381836
1320  0.39766576886177063
592  0.39766380190849304
1038  0.39766207337379456
1518  0.3976554274559021
136  0.3976548910140991
847  0.39764758944511414
1565  0.3976385295391083
1077  0.3976248502731323
1014  0.3976193964481354
64  0.3976132869720459
1322  0.3976103663444519
584  0.3975905776023865
1566  0.3975832462310791
594  0.39758241176605225
978  0.3975798785686493
1556  0.3975774347782135
1461  0.39757055044174194
616  0.3975638747215271
517  0.39756280183792114
1666  0.3975619077682495
1509  0.3975612223148346
1090  0.39755386114120483
152  0.3975490927696228
1453  0.3975434899330139
88  0.39753755927085876
526  0.39752650260925293
125  0.3975205719470978
1606  0.3975175619125366
1264  0.397504061460495
222  0.3975026309490204
672  0.3974980413913727
750  0.39748379588127136
1517  0.39748334884643555
1671  0.39748284220695496
1118  0.3974822163581848
151  0.3974771797657013
336  0.39746707677841187
1123  0.3974607586860657
573  0.39745020866394043
343  0.3974435031414032
985  0.39744332432746887
621  0.3974393606185913
691  0.39743468165397644
1748  0.3974303901195526
180  0.3974283039569855
712  0.39742520451545715
1030  0.39742082357406616
1036  0.3974178731441498
420  0.39741620421409607
58  0.39741596579551697
34  0.39741238951683044
529  0.39740681648254395
128  0.39740505814552307
808  0.3974016606807709
713  0.3974015712738037
649  0.3973969519138336
475  0.39737728238105774
1161  0.3973671495914459
810  0.39735960960388184
1173  0.3973497450351715
1414  0.39734145998954773
848  0.3973378539085388
477  0.3973321318626404
1230  0.3973247706890106
1746  0.3973221182823181
1690  0.39731913805007935
321  0.3973165452480316
878  0.3973104655742645
440  0.3973080515861511
111  0.3973054885864258
1376  0.39728495478630066
636  0.39728471636772156
1166  0.3972633183002472
784  0.3972592055797577
21  0.3972419500350952
1202  0.3972388803958893
445  0.3972350060939789
759  0.3972311019897461
687  0.39722713828086853
844  0.39722010493278503
62  0.3972139358520508
508  0.3972121775150299
1626  0.39721179008483887
645  0.3972049653530121
921  0.3971957862377167
1132  0.3971952497959137
889  0.3971900939941406
365  0.3971840441226959
618  0.39718392491340637
179  0.3971818685531616
758  0.3971560597419739
466  0.39714086055755615
1699  0.39713576436042786
482  0.3971081078052521
1274  0.39710062742233276
591  0.3970967233181
1555  0.3970920741558075
748  0.39708957076072693
1010  0.3970787525177002
1313  0.39707812666893005
349  0.3970780074596405
1028  0.3970608711242676
1243  0.39705973863601685
1713  0.39704418182373047
1240  0.3970368504524231
534  0.397034615278244
1241  0.397034227848053
664  0.39702892303466797
1200  0.39702147245407104
1595  0.39702004194259644
1024  0.3970155417919159
1596  0.39701536297798157
509  0.39700427651405334
979  0.39699786901474
266  0.396989643573761
170  0.3969878852367401
1725  0.3969874680042267
1508  0.3969821631908417
1529  0.3969797194004059
516  0.39697855710983276
988  0.3969782590866089
119  0.39697569608688354
635  0.3969748020172119
930  0.3969709277153015
1023  0.39696744084358215
411  0.39696431159973145
1605  0.39695820212364197
1031  0.39695680141448975
575  0.39693784713745117
250  0.3969358205795288
442  0.3969351351261139
451  0.3969230353832245
714  0.3969130516052246
75  0.39691102504730225
1228  0.39690539240837097
1405  0.39690524339675903
640  0.3969011902809143
118  0.39689821004867554
663  0.39689645171165466
710  0.396893709897995
582  0.39688795804977417
1175  0.39687278866767883
206  0.3968658447265625
510  0.3968586027622223
39  0.396848201751709
1210  0.3968469500541687
794  0.3968406319618225
728  0.3968367278575897
1250  0.3968346416950226
1295  0.3968324065208435
846  0.39682820439338684
161  0.3968234062194824
662  0.3968217968940735
1371  0.3968162536621094
507  0.39681488275527954
1417  0.3968096375465393
918  0.3968002498149872
1091  0.39678478240966797
1654  0.39678043127059937
230  0.3967796862125397
984  0.3967779874801636
172  0.39675912261009216
1328  0.3967471718788147
67  0.3967345654964447
788  0.3967289328575134
87  0.3967253267765045
830  0.39672330021858215
684  0.39672112464904785
1436  0.3967195153236389
17  0.39671868085861206
1362  0.396714448928833
1367  0.3967106342315674
946  0.3967074751853943
852  0.39670589566230774
1618  0.3967050015926361
1375  0.39669662714004517
89  0.3966934382915497
806  0.3966899812221527
1404  0.39668962359428406
558  0.39668330550193787
877  0.3966830372810364
61  0.3966790735721588
1051  0.39667609333992004
1519  0.3966675102710724
1275  0.39665573835372925
140  0.3966439962387085
105  0.3966403305530548
1249  0.3966376483440399
599  0.39663371443748474
92  0.39660942554473877
996  0.3966083526611328
942  0.39660245180130005
175  0.3966013789176941
1058  0.39659568667411804
13  0.39659029245376587
670  0.3965880274772644
377  0.3965844511985779
514  0.39657941460609436
1679  0.39657288789749146
1485  0.39657101035118103
441  0.39657095074653625
145  0.3965694010257721
1474  0.3965650796890259
20  0.39656469225883484
1479  0.3965644836425781
1186  0.396556556224823
765  0.39655640721321106
1416  0.39655542373657227
1178  0.39655181765556335
1297  0.3965514302253723
1523  0.39655038714408875
530  0.39651763439178467
1541  0.396516352891922
282  0.39650455117225647
515  0.3965010643005371
231  0.3964996635913849
797  0.3964988887310028
1651  0.3964897394180298
680  0.39648687839508057
1324  0.39648476243019104
1134  0.3964846432209015
991  0.39648425579071045
1083  0.39648202061653137
565  0.39647942781448364
875  0.39647287130355835
1079  0.3964686691761017
1212  0.39646583795547485
490  0.39646103978157043
399  0.39645522832870483
1040  0.3964521288871765
939  0.39644333720207214
4  0.39642903208732605
872  0.39642828702926636
371  0.3964276909828186
1395  0.3964199423789978
1701  0.3964076638221741
874  0.39639610052108765
676  0.39638230204582214
865  0.39638128876686096
1184  0.3963778614997864
1213  0.3963726758956909
1133  0.39636939764022827
1587  0.3963690996170044
1766  0.39635956287384033
764  0.3963572084903717
255  0.3963487148284912
154  0.3963482677936554
1463  0.39634713530540466
851  0.396342009305954
1163  0.39633411169052124
1388  0.396319717168808
200  0.39631447196006775
574  0.39631417393684387
1692  0.39629971981048584
1594  0.39629703760147095
711  0.39629262685775757
1681  0.39627283811569214
922  0.3962726891040802
1229  0.39627131819725037
786  0.3962671458721161
698  0.3962651491165161
1156  0.3962581753730774
279  0.3962514400482178
36  0.39624282717704773
460  0.39624103903770447
1552  0.39623990654945374
527  0.39623722434043884
480  0.3962351977825165
18  0.3962342441082001
1387  0.3962298035621643
595  0.3962279260158539
1739  0.3962273895740509
406  0.3962169289588928
1632  0.39621520042419434
1407  0.39621251821517944
912  0.396207720041275
176  0.3962057828903198
1277  0.39620426297187805
444  0.39620015025138855
330  0.39619579911231995
435  0.3961910903453827
1652  0.3961903154850006
1760  0.3961893618106842
1192  0.3961890637874603
583  0.3961847424507141
97  0.39616766571998596
174  0.39616647362709045
1622  0.39615875482559204
70  0.3961579501628876
671  0.3961551785469055
122  0.3961540162563324
1729  0.3961479663848877
673  0.3961457908153534
588  0.39614078402519226
702  0.3961404263973236
953  0.3961299657821655
1015  0.3961227834224701
1531  0.39609917998313904
633  0.3960953950881958
335  0.396081805229187
481  0.3960796892642975
7  0.3960736095905304
1321  0.39606553316116333
93  0.39606449007987976
660  0.39606255292892456
1738  0.39605915546417236
1331  0.396047979593277
1564  0.39604729413986206
1446  0.39604485034942627
641  0.39604300260543823
683  0.3960418999195099
535  0.39603421092033386
267  0.3960292935371399
1741  0.3960249423980713
623  0.3960045874118805
1154  0.39599883556365967
1687  0.3959966003894806
1137  0.3959816098213196
499  0.39597779512405396
1406  0.39597639441490173
358  0.3959755301475525
1239  0.3959740102291107
186  0.3959592878818512
1435  0.3959463834762573
1017  0.3959367871284485
327  0.3959340751171112
631  0.395932137966156
1025  0.3959316313266754
259  0.39592525362968445
155  0.3959214687347412
117  0.39591628313064575
1119  0.3959069848060608
1199  0.39590397477149963
254  0.39589837193489075
56  0.39589738845825195
1557  0.39589694142341614
380  0.3958910405635834
1501  0.39589017629623413
83  0.395882785320282
1743  0.39587679505348206
329  0.3958744406700134
274  0.39586755633354187
1195  0.3958647549152374
1580  0.3958588242530823
1160  0.3958587646484375
933  0.3958389461040497
845  0.395835816860199
531  0.395824670791626
1510  0.3958245813846588
1581  0.3958219289779663
1350  0.39581990242004395
685  0.39581552147865295
1698  0.39581161737442017
572  0.39580821990966797
1676  0.3958035409450531
1747  0.39579206705093384
241  0.3957817256450653
1586  0.3957672417163849
340  0.39575469493865967
1084  0.39575180411338806
433  0.395748108625412
57  0.39574483036994934
682  0.3957064151763916
471  0.3957045078277588
1527  0.3957042098045349
1718  0.3957034647464752
1693  0.3956921696662903
81  0.3956908881664276
622  0.39568501710891724
1573  0.39567533135414124
1685  0.39566460251808167
812  0.3956632912158966
139  0.3956555426120758
225  0.3956553041934967
703  0.3956376314163208
1211  0.39563634991645813
1130  0.3956361711025238
240  0.3956303000450134
612  0.39563021063804626
463  0.3956245481967926
690  0.395617812871933
464  0.3956122100353241
1497  0.39560046792030334
273  0.3955802321434021
1588  0.39557889103889465
1468  0.3955633044242859
1358  0.3955473303794861
409  0.3955335319042206
1740  0.39553311467170715
323  0.3955227732658386
438  0.39552009105682373
1633  0.395519882440567
1135  0.3955172002315521
569  0.39549002051353455
277  0.3954857289791107
952  0.39548566937446594
249  0.39548400044441223
596  0.39548176527023315
1384  0.3954766094684601
1138  0.39547017216682434
400  0.39546141028404236
1424  0.3954605460166931
120  0.3954415023326874
1492  0.3954346776008606
1257  0.39542949199676514
501  0.39541226625442505
891  0.39540722966194153
512  0.3954065144062042
256  0.39540600776672363
60  0.3954007029533386
1670  0.39539504051208496
106  0.3953929543495178
945  0.3953857719898224
1364  0.3953816592693329
187  0.39537835121154785
1129  0.3953768312931061
479  0.39536991715431213
295  0.3953682780265808
1724  0.3953666388988495
650  0.39536499977111816
1231  0.3953550159931183
1294  0.3953545391559601
228  0.3953534662723541
757  0.39535292983055115
1700  0.3953463137149811
1089  0.39533907175064087
1046  0.3953269124031067
935  0.3953246772289276
1703  0.3953186571598053
1495  0.39530035853385925
598  0.39529725909233093
1478  0.39529332518577576
1272  0.3952910304069519
1008  0.3952881097793579
1526  0.39528679847717285
421  0.3952769935131073
450  0.3952749967575073
1467  0.3952668607234955
1082  0.3952632546424866
238  0.39526084065437317
1629  0.3952595591545105
1377  0.3952511250972748
1647  0.3952467143535614
447  0.3952432870864868
803  0.39523938298225403
1062  0.3952349126338959
312  0.3952295482158661
474  0.39522528648376465
157  0.3952125608921051
364  0.39521029591560364
1545  0.39520952105522156
678  0.3951943814754486
40  0.39519399404525757
656  0.39518415927886963
168  0.39518046379089355
1539  0.3951781690120697
1688  0.39517757296562195
275  0.39517420530319214
681  0.3951616883277893
538  0.395160436630249
1397  0.3951526880264282
234  0.395151287317276
981  0.3951478600502014
1398  0.3951384723186493
366  0.3951365649700165
801  0.3951219320297241
427  0.3951031565666199
828  0.39510148763656616
1635  0.3950915038585663
1542  0.39508256316185
167  0.3950789272785187
983  0.3950783908367157
557  0.39507028460502625
619  0.39506787061691284
224  0.39506515860557556
382  0.39505481719970703
1429  0.3950425982475281
297  0.39503997564315796
796  0.3950384855270386
1325  0.3950318992137909
948  0.39502185583114624
1394  0.395008385181427
625  0.3950001895427704
950  0.39498844742774963
1430  0.3949841260910034
317  0.3949792981147766
587  0.3949736952781677
1365  0.3949659764766693
381  0.3949607014656067
668  0.39495474100112915
1551  0.3949514329433441
570  0.39494606852531433
654  0.3949432969093323
547  0.3949364423751831
1709  0.39492183923721313
1694  0.3949166238307953
342  0.394912451505661
251  0.3949052095413208
339  0.39490342140197754
459  0.39489999413490295
452  0.3948937654495239
1609  0.39488789439201355
188  0.39488446712493896
412  0.3948766887187958
811  0.3948754668235779
1276  0.39486855268478394
1550  0.3948673605918884
951  0.3948661684989929
1496  0.3948376178741455
197  0.39483532309532166
386  0.3948318362236023
1332  0.3948127329349518
1445  0.3948085606098175
1514  0.3948076069355011
348  0.39479273557662964
37  0.3947889506816864
1431  0.39478829503059387
849  0.3947873115539551
1614  0.3947772681713104
15  0.39476457238197327
1330  0.3947625458240509
1268  0.3947586417198181
483  0.39474716782569885
429  0.3947349786758423
1575  0.39473143219947815
397  0.3947301506996155
235  0.39473000168800354
1720  0.39473000168800354
805  0.3947235345840454
1502  0.3947228193283081
611  0.3947155177593231
1312  0.3947136402130127
425  0.3947078585624695
798  0.3947034180164337
108  0.39470282196998596
443  0.39470207691192627
496  0.3946809768676758
1308  0.3946794867515564
1582  0.39465761184692383
1167  0.3946521282196045
346  0.39463600516319275
586  0.3946247696876526
1589  0.3946177065372467
1543  0.39460697770118713
500  0.39459943771362305
1267  0.3945876359939575
1455  0.39458614587783813
799  0.3945683240890503
316  0.3945646286010742
1188  0.3945552706718445
1749  0.3945521414279938
1578  0.3945259749889374
332  0.3945138454437256
494  0.39451250433921814
1464  0.39451199769973755
1080  0.3945100009441376
1673  0.3945060670375824
1427  0.39449357986450195
1672  0.39448973536491394
1440  0.3944810628890991
236  0.3944779336452484
528  0.39447614550590515
1638  0.39447319507598877
1520  0.3944643437862396
1385  0.39446398615837097
795  0.3944603204727173
341  0.39445731043815613
858  0.39443719387054443
422  0.394419401884079
424  0.3944108188152313
1196  0.39438319206237793
196  0.39437592029571533
361  0.3943745195865631
553  0.394368439912796
585  0.3943476378917694
1674  0.394344300031662
1174  0.39434322714805603
384  0.3943384885787964
1597  0.3943255543708801
428  0.39432409405708313
1712  0.39432376623153687
800  0.394313246011734
566  0.394311785697937
940  0.3943071663379669
1408  0.39430350065231323
589  0.39430099725723267
1613  0.39428478479385376
1410  0.39428213238716125
546  0.39428168535232544
82  0.39426189661026
473  0.3942500352859497
652  0.3942387104034424
1059  0.3942364454269409
614  0.3942323923110962
16  0.3942188322544098
1390  0.3942157030105591
439  0.3942127525806427
653  0.39421114325523376
1016  0.3942098319530487
107  0.3942081034183502
204  0.39420801401138306
372  0.39420416951179504
1507  0.3942015469074249
185  0.39419907331466675
1486  0.39419782161712646
917  0.3941977322101593
393  0.39419546723365784
1544  0.39417919516563416
1443  0.39417576789855957
1484  0.39417216181755066
1763  0.394156277179718
1585  0.3941541016101837
313  0.3941529393196106
1086  0.3941521644592285
401  0.39415115118026733
226  0.39415037631988525
597  0.39414823055267334
1500  0.39412811398506165
1475  0.39412572979927063
1521  0.39412519335746765
1359  0.3941112458705902
426  0.3940894305706024
374  0.39408934116363525
239  0.39408349990844727
260  0.3940829932689667
1695  0.39407941699028015
137  0.39407801628112793
288  0.3940688371658325
281  0.39405587315559387
395  0.39404886960983276
949  0.3940449357032776
324  0.39404305815696716
293  0.39403143525123596
434  0.39403095841407776
1088  0.39402899146080017
1044  0.39402613043785095
1198  0.3940165638923645
109  0.3940082788467407
1559  0.39400190114974976
221  0.39399316906929016
1164  0.3939915597438812
1045  0.3939882218837738
1439  0.3939875364303589
947  0.3939853310585022
280  0.3939821422100067
1465  0.39396408200263977
1341  0.3939613103866577
1697  0.39395979046821594
495  0.39395928382873535
1761  0.3939583897590637
1379  0.3939574956893921
461  0.3939441740512848
272  0.39394158124923706
1396  0.39392974972724915
263  0.39392760396003723
1047  0.39392539858818054
1567  0.3939230442047119
465  0.3939223289489746
1649  0.39391976594924927
1085  0.3939129412174225
916  0.39390066266059875
112  0.3939001262187958
1356  0.39389312267303467
1415  0.3938928246498108
1658  0.39387160539627075
362  0.3938606381416321
1487  0.3938505947589874
1707  0.3938326835632324
1235  0.39383217692375183
1444  0.39383143186569214
1120  0.3938193917274475
567  0.3938125669956207
506  0.39379194378852844
926  0.39378440380096436
523  0.3937740623950958
183  0.3937735855579376
1665  0.39376938343048096
1168  0.3937602937221527
1577  0.39375290274620056
1579  0.3937482237815857
524  0.39374783635139465
132  0.3937462568283081
41  0.3937380611896515
630  0.39373716711997986
423  0.39372971653938293
1452  0.3937279284000397
651  0.3937278389930725
287  0.39372333884239197
298  0.39371615648269653
59  0.39371585845947266
1755  0.3937157690525055
219  0.3937152028083801
184  0.39370954036712646
326  0.393708199262619
1753  0.3936965763568878
379  0.3936948776245117
1504  0.3936912715435028
1448  0.39368942379951477
1512  0.3936891257762909
1624  0.3936691880226135
454  0.39366415143013
121  0.3936523199081421
396  0.3936494290828705
38  0.3936447501182556
1661  0.39364272356033325
1399  0.39364099502563477
488  0.39364078640937805
143  0.39363089203834534
1363  0.3936260938644409
1572  0.3936222493648529
1442  0.3936188519001007
1710  0.39361822605133057
141  0.3936023414134979
1420  0.3935953378677368
1271  0.39357540011405945
1480  0.393566757440567
211  0.39356645941734314
376  0.3935483396053314
315  0.39354753494262695
1369  0.3935360908508301
190  0.39353540539741516
1403  0.3935304582118988
1490  0.39352917671203613
1751  0.39351218938827515
1269  0.39350008964538574
265  0.3934864103794098
936  0.3934856057167053
99  0.3934785723686218
207  0.39347371459007263
1604  0.39347031712532043
1716  0.39345571398735046
1441  0.3934486508369446
199  0.3934440612792969
1598  0.3934336304664612
1584  0.39343321323394775
191  0.39341989159584045
1433  0.39340442419052124
1477  0.3933878242969513
1456  0.39338457584381104
285  0.39337483048439026
579  0.3933592140674591
1664  0.393351286649704
1009  0.3933500051498413
1563  0.39334022998809814
1730  0.3933379352092743
138  0.3933292031288147
1754  0.3933137357234955
669  0.39330917596817017
173  0.3933056890964508
866  0.39329808950424194
1623  0.39328503608703613
1236  0.3932834267616272
1087  0.3932821750640869
216  0.3932735323905945
489  0.39327043294906616
802  0.3932681679725647
1558  0.39325326681137085
1639  0.39324718713760376
1765  0.39324596524238586
1675  0.39322730898857117
972  0.393211305141449
1714  0.3931957483291626
1254  0.3931938707828522
1610  0.3931932747364044
659  0.3931930959224701
1460  0.3931838870048523
142  0.3931834101676941
1048  0.39318233728408813
165  0.39318203926086426
387  0.39318177103996277
237  0.39317813515663147
1570  0.39317458868026733
1553  0.39317163825035095
1481  0.3931618332862854
33  0.39316117763519287
1027  0.3931579291820526
363  0.3931245505809784
634  0.39307981729507446
615  0.3930739164352417
521  0.39306774735450745
606  0.39306700229644775
666  0.39303454756736755
1599  0.3930279612541199
1592  0.39302220940589905
1608  0.39301469922065735
214  0.39301013946533203
1401  0.3930036127567291
493  0.39300280809402466
1255  0.3930019736289978
124  0.3929944634437561
308  0.3929932117462158
110  0.3929809629917145
1494  0.3929804265499115
1422  0.3929610848426819
1737  0.3929567337036133
607  0.392952024936676
1616  0.39294570684432983
325  0.3929368555545807
1155  0.3929254114627838
373  0.39292532205581665
391  0.3929102122783661
1368  0.3929036557674408
270  0.39290279150009155
1723  0.3928954303264618
1323  0.39288416504859924
453  0.3928830325603485
1530  0.39287999272346497
189  0.39286261796951294
1352  0.3928529620170593
498  0.39285263419151306
677  0.39285141229629517
458  0.39284756779670715
1165  0.39283767342567444
357  0.39282476902008057
556  0.3928210139274597
937  0.3928208649158478
1185  0.3928152918815613
1732  0.39281365275382996
1669  0.39279770851135254
166  0.3927955627441406
1691  0.3927801847457886
525  0.39277753233909607
80  0.3927675187587738
203  0.3927590847015381
873  0.39274826645851135
392  0.3927459120750427
314  0.3927406370639801
76  0.3927406072616577
665  0.3927314877510071
1131  0.3927054703235626
268  0.3926917016506195
242  0.39268428087234497
1612  0.3926715850830078
85  0.3926698565483093
404  0.3926258385181427
1646  0.39260801672935486
1043  0.39260613918304443
347  0.39260217547416687
923  0.39259591698646545
1503  0.3925818204879761
1722  0.3925805687904358
1489  0.3925711512565613
519  0.3925657272338867
47  0.39256006479263306
1659  0.39255595207214355
1253  0.3925545811653137
629  0.39255329966545105
1634  0.39254939556121826
328  0.3925471305847168
394  0.39254680275917053
938  0.39254575967788696
624  0.3925414979457855
513  0.39252206683158875
436  0.39251384139060974
518  0.3925100266933441
1374  0.3924832046031952
1333  0.39246198534965515
1355  0.39245712757110596
220  0.39245158433914185
522  0.3924418091773987
1593  0.3924182951450348
305  0.39241310954093933
1759  0.39241135120391846
492  0.39240267872810364
1389  0.3923988342285156
484  0.39239412546157837
301  0.39238712191581726
657  0.3923792243003845
385  0.392377108335495
202  0.3923620879650116
1571  0.3923614025115967
1049  0.3923552334308624
1419  0.39234480261802673
331  0.3923279643058777
1409  0.39232611656188965
359  0.39231008291244507
1473  0.39230892062187195
539  0.3922976553440094
1338  0.3922940194606781
924  0.3922904133796692
1536  0.39228829741477966
1063  0.3922685384750366
217  0.39226263761520386
581  0.392253577709198
1706  0.39224207401275635
1762  0.39222875237464905
1136  0.3922284245491028
1402  0.3922259211540222
1683  0.39222538471221924
213  0.39221733808517456
604  0.3922167420387268
1583  0.3922126591205597
378  0.3922077417373657
1548  0.3922077417373657
402  0.39220067858695984
1493  0.39219582080841064
1181  0.3921954035758972
262  0.3921932876110077
457  0.3921922445297241
1506  0.3921803832054138
1345  0.3921745717525482
310  0.3921600878238678
1574  0.3921269178390503
1705  0.39212384819984436
1538  0.3921150267124176
309  0.39207640290260315
307  0.3920542001724243
1511  0.3920454680919647
502  0.39204302430152893
1019  0.39202919602394104
1534  0.39202672243118286
446  0.3920195996761322
610  0.3920082449913025
536  0.39199864864349365
1386  0.3919891119003296
1719  0.3919726014137268
867  0.3919605016708374
1447  0.3919559717178345
1601  0.39193058013916016
210  0.3918933868408203
1400  0.39189088344573975
296  0.39187437295913696
403  0.3918708264827728
1434  0.3918628394603729
472  0.39185184240341187
212  0.3918333649635315
1648  0.39179277420043945
1505  0.39178532361984253
353  0.39177125692367554
627  0.3917604982852936
1187  0.3917548358440399
1373  0.3917413651943207
1662  0.39173606038093567
344  0.3917214274406433
223  0.3917132318019867
1653  0.3916887044906616
1342  0.3916826844215393
410  0.3916696310043335
1641  0.39166611433029175
208  0.39163854718208313
78  0.3916383683681488
1756  0.391628235578537
1428  0.39157721400260925
1348  0.39155998826026917
1657  0.39154836535453796
578  0.3915445804595947
1018  0.39152809977531433
485  0.3914962112903595
91  0.3914810121059418
1750  0.3914613425731659
1421  0.39146023988723755
192  0.3914281725883484
626  0.3914244472980499
1735  0.3914198577404022
79  0.3913966119289398
1656  0.39139288663864136
667  0.39139121770858765
45  0.39138150215148926
90  0.39137744903564453
345  0.3913678526878357
390  0.3913576900959015
1432  0.391348272562027
1476  0.3913145959377289
1471  0.39127275347709656
248  0.39127177000045776
1752  0.391268253326416
804  0.3912641406059265
1392  0.39125773310661316
1627  0.39125704765319824
1378  0.3912400007247925
1668  0.3912222683429718
1449  0.39120757579803467
1026  0.3911943733692169
261  0.39117372035980225
1469  0.3911634385585785
580  0.39113497734069824
590  0.39112478494644165
1549  0.39111801981925964
1631  0.39111611247062683
980  0.3911151587963104
603  0.39111435413360596
1491  0.3911104202270508
286  0.3911031186580658
1645  0.3910740911960602
264  0.3910609185695648
215  0.3910602927207947
1611  0.3910507559776306
1708  0.3910350501537323
1393  0.39102232456207275
1391  0.39101171493530273
195  0.3909941613674164
1270  0.39090412855148315
333  0.3908817172050476
541  0.39085710048675537
375  0.39085090160369873
600  0.3908475637435913
1532  0.3908461034297943
1344  0.3908073604106903
1682  0.39078566431999207
299  0.3907824754714966
1418  0.39078032970428467
1499  0.3907698392868042
542  0.39075562357902527
1628  0.390753835439682
1383  0.3907450735569
609  0.39072638750076294
1562  0.39070001244544983
123  0.3906935751438141
98  0.3906881809234619
1050  0.39064326882362366
576  0.39063555002212524
1482  0.39062803983688354
388  0.3906198740005493
1354  0.3906165063381195
194  0.39059895277023315
201  0.3905876874923706
1360  0.39058631658554077
209  0.3905789256095886
1470  0.3905591368675232
605  0.39055734872817993
520  0.39054250717163086
1380  0.3905330002307892
1337  0.3904593288898468
1560  0.390455037355423
497  0.39041754603385925
655  0.3903864324092865
1684  0.39035195112228394
1603  0.3903299868106842
1472  0.39032986760139465
1663  0.3903069496154785
1357  0.3902865946292877
306  0.3902784287929535
1513  0.39024049043655396
437  0.3902343213558197
537  0.390201598405838
205  0.39011576771736145
1640  0.3900952637195587
504  0.3900361955165863
1602  0.3900231122970581
1764  0.3900039792060852
334  0.3899978697299957
1525  0.3899943232536316
1546  0.3899873197078705
1736  0.3899860680103302
1576  0.38990354537963867
1454  0.38982224464416504
1600  0.38980621099472046
269  0.3898034691810608
300  0.38979142904281616
303  0.3897823095321655
1498  0.3897819519042969
144  0.38973963260650635
1524  0.38971084356307983
1630  0.3897014856338501
69  0.3896738886833191
304  0.3896615207195282
1483  0.38965940475463867
356  0.38963478803634644
1660  0.3896043598651886
545  0.3895926773548126
1339  0.3895408511161804
44  0.3895310163497925
271  0.3895222842693329
1488  0.3895014226436615
568  0.3894536793231964
1704  0.38936930894851685
218  0.38931041955947876
1533  0.38929837942123413
1731  0.3892660439014435
602  0.38926008343696594
608  0.38924440741539
43  0.38922667503356934
1537  0.3891443908214569
1644  0.38914185762405396
1361  0.3890455961227417
1733  0.3890435993671417
1459  0.38901638984680176
540  0.38899877667427063
1734  0.3889884054660797
1335  0.3887765407562256
1349  0.3887655735015869
1353  0.38872984051704407
302  0.388720840215683
1347  0.3886866569519043
1382  0.38859808444976807
1381  0.3885711431503296
243  0.38856688141822815
456  0.3885441720485687
1451  0.3885416090488434
1547  0.3885127902030945
1535  0.3884338438510895
1343  0.38839370012283325
352  0.38836416602134705
505  0.38836026191711426
1457  0.38833746314048767
455  0.38831695914268494
245  0.38817593455314636
1334  0.3881673514842987
351  0.3879883885383606
543  0.38793978095054626
1346  0.38779938220977783
1450  0.387776255607605
1721  0.3877753019332886
1758  0.3876725435256958
246  0.3876054584980011
544  0.3875572979450226
77  0.38755306601524353
355  0.3875303864479065
658  0.38752907514572144
389  0.3875199556350708
1340  0.387436181306839
247  0.38728976249694824
1642  0.3872590959072113
1561  0.38720059394836426
628  0.3871847987174988
350  0.3870915472507477
244  0.3870137333869934
354  0.3869266211986542
1458  0.38692331314086914
577  0.386762797832489
1643  0.3860401511192322
1336  0.38588574528694153
503  0.3857405483722687
601  0.3843148648738861
1757  0.3836224675178528
