1010  0.16573742032051086
199  0.16564786434173584
1425  0.16561324894428253
926  0.16555723547935486
1653  0.1655529886484146
1086  0.16553668677806854
1237  0.16553226113319397
873  0.1654764711856842
900  0.1654718965291977
1567  0.16547100245952606
1141  0.1654617190361023
185  0.16542473435401917
917  0.16540977358818054
1006  0.16540828347206116
120  0.1653851568698883
201  0.16537323594093323
1320  0.16536836326122284
759  0.16535323858261108
1286  0.16531407833099365
1123  0.16530370712280273
962  0.16529950499534607
230  0.16529737412929535
1308  0.16528519988059998
849  0.16527380049228668
1011  0.16526852548122406
26  0.16525451838970184
1212  0.16522659361362457
701  0.16521567106246948
501  0.16521330177783966
234  0.16521136462688446
731  0.16520945727825165
813  0.16520093381404877
108  0.1651974767446518
927  0.16519635915756226
139  0.16519516706466675
1104  0.16518588364124298
1063  0.16517427563667297
1392  0.16517214477062225
673  0.16516408324241638
1126  0.16515719890594482
192  0.16515323519706726
1102  0.1651446521282196
1373  0.16514460742473602
25  0.16512982547283173
58  0.16512715816497803
677  0.1651221364736557
757  0.1651177704334259
125  0.1651172786951065
277  0.16510729491710663
819  0.16510531306266785
513  0.16509559750556946
1215  0.16509266197681427
1302  0.16508805751800537
1465  0.16508705914020538
655  0.16508424282073975
1087  0.16508205235004425
995  0.16507385671138763
1307  0.16506512463092804
668  0.1650623083114624
94  0.16505707800388336
875  0.16505010426044464
627  0.1650490164756775
1097  0.1650482714176178
70  0.16504764556884766
781  0.16504549980163574
1279  0.16504375636577606
366  0.165038600564003
83  0.16503818333148956
1220  0.1650373637676239
358  0.16503602266311646
729  0.16503599286079407
1025  0.16502787172794342
1440  0.16502611339092255
1053  0.16502122581005096
178  0.16501784324645996
906  0.16501736640930176
1209  0.1650077849626541
163  0.16500680148601532
1638  0.16500617563724518
1281  0.16500486433506012
1199  0.16500349342823029
249  0.16499941051006317
1494  0.16499818861484528
832  0.16499759256839752
1098  0.1649949699640274
1150  0.16499291360378265
1191  0.16499218344688416
117  0.16499146819114685
382  0.1649893969297409
1433  0.1649874895811081
532  0.16498522460460663
321  0.16498520970344543
229  0.1649848073720932
708  0.1649804562330246
710  0.1649787575006485
1029  0.16497628390789032
969  0.16497616469860077
783  0.16497310996055603
1344  0.16496776044368744
1246  0.16496722400188446
1589  0.1649640053510666
633  0.16496390104293823
395  0.1649584174156189
1228  0.1649577021598816
416  0.16495555639266968
1686  0.1649547815322876
1362  0.16495460271835327
56  0.16495251655578613
1424  0.16494885087013245
1033  0.16494029760360718
1114  0.1649402678012848
930  0.1649392992258072
48  0.16493646800518036
660  0.16493433713912964
101  0.16493338346481323
1476  0.1649322658777237
1338  0.16493025422096252
1103  0.16492781043052673
1049  0.16492769122123718
1232  0.16492360830307007
669  0.16492299735546112
171  0.16492176055908203
132  0.1649143248796463
1173  0.1649138331413269
546  0.16491249203681946
1295  0.1649046689271927
596  0.16490338742733002
79  0.16490308940410614
2  0.16490229964256287
828  0.164901003241539
439  0.1648997962474823
1468  0.16489893198013306
771  0.16489121317863464
1079  0.16489064693450928
368  0.1648864448070526
714  0.16488341987133026
1283  0.16487905383110046
143  0.1648772656917572
33  0.16487616300582886
1068  0.1648758202791214
1217  0.16487248241901398
1130  0.1648724228143692
554  0.16486822068691254
936  0.16486777365207672
1587  0.16486619412899017
525  0.16486294567584991
635  0.16486112773418427
1178  0.16486111283302307
586  0.16485954821109772
1023  0.16485945880413055
598  0.16485773026943207
1241  0.16485702991485596
857  0.16485366225242615
1529  0.16485249996185303
422  0.1648520529270172
833  0.16485145688056946
1032  0.1648513823747635
1292  0.16485077142715454
1174  0.16484853625297546
880  0.16484813392162323
1420  0.16484753787517548
462  0.1648452877998352
941  0.1648452877998352
1058  0.16484209895133972
1582  0.164840966463089
928  0.1648382693529129
864  0.1648319959640503
1254  0.16483178734779358
9  0.1648310422897339
259  0.16483095288276672
1505  0.16482877731323242
126  0.1648283451795578
68  0.16482722759246826
112  0.16482296586036682
944  0.16481803357601166
1041  0.1648169308900833
544  0.16481685638427734
1223  0.16481462121009827
1021  0.16481253504753113
1163  0.16481010615825653
93  0.1648084968328476
99  0.16480593383312225
1197  0.16480287909507751
1306  0.1648007035255432
376  0.16480031609535217
887  0.16480006277561188
1016  0.16480006277561188
1569  0.1647988259792328
1081  0.16479802131652832
1139  0.16479794681072235
1593  0.16479726135730743
97  0.16479690372943878
182  0.16479623317718506
67  0.16479429602622986
712  0.16479423642158508
14  0.16479408740997314
672  0.16479365527629852
1190  0.16479270160198212
885  0.16479258239269257
1495  0.16479136049747467
1469  0.164791077375412
594  0.16478756070137024
374  0.16478689014911652
666  0.1647838056087494
482  0.1647833287715912
1208  0.16478295624256134
940  0.16478222608566284
1274  0.1647818237543106
686  0.16478100419044495
1346  0.164780855178833
608  0.16478005051612854
1184  0.1647798717021942
1229  0.16477903723716736
910  0.16477462649345398
494  0.16477440297603607
1613  0.16477277874946594
1272  0.1647726595401764
1573  0.16477259993553162
670  0.164772167801857
15  0.1647719293832779
785  0.16477151215076447
1304  0.16477078199386597
914  0.16476714611053467
858  0.1647665798664093
1073  0.16476650536060333
1012  0.1647624522447586
733  0.16476190090179443
1284  0.16476018726825714
722  0.16475985944271088
1198  0.16475911438465118
1557  0.16475842893123627
1618  0.16475750505924225
1731  0.1647547036409378
744  0.16475450992584229
1264  0.16475293040275574
512  0.16475190222263336
415  0.16474755108356476
1256  0.1647472232580185
825  0.16474466025829315
1225  0.16474319994449615
821  0.1647411733865738
1142  0.16474083065986633
1312  0.16474053263664246
1718  0.16473954916000366
846  0.1647387593984604
866  0.1647377759218216
35  0.16473761200904846
162  0.16473741829395294
1775  0.1647370606660843
109  0.1647319495677948
1690  0.16473045945167542
452  0.16472569108009338
1332  0.16472436487674713
867  0.16472409665584564
1559  0.1647234410047531
565  0.1647232323884964
684  0.16472315788269043
1700  0.16471537947654724
267  0.16471527516841888
703  0.16471350193023682
1294  0.16471341252326965
12  0.16471147537231445
1523  0.16471008956432343
1124  0.16470567882061005
890  0.16470547020435333
972  0.16470319032669067
1314  0.16470104455947876
934  0.16469892859458923
1408  0.1646983027458191
1318  0.16469790041446686
550  0.1646968424320221
1038  0.16469457745552063
1280  0.16469360888004303
1660  0.16469252109527588
907  0.16469189524650574
803  0.16469082236289978
640  0.16468952596187592
732  0.16468796133995056
643  0.16468621790409088
1035  0.16468356549739838
808  0.16468192636966705
774  0.16468162834644318
1615  0.16468048095703125
317  0.1646803468465805
1766  0.1646794229745865
1581  0.16467921435832977
1037  0.16467799246311188
1094  0.1646769642829895
578  0.16467471420764923
1193  0.16467393934726715
1020  0.16467352211475372
123  0.16467313468456268
82  0.164672389626503
877  0.1646718680858612
795  0.16467180848121643
868  0.16467148065567017
1061  0.16467109322547913
1546  0.16467107832431793
372  0.16467013955116272
1018  0.1646699607372284
1095  0.1646682620048523
437  0.1646663397550583
1071  0.16466230154037476
1050  0.16466203331947327
1602  0.16466203331947327
246  0.16466058790683746
610  0.16466030478477478
1175  0.16466017067432404
1007  0.16465996205806732
1252  0.16465945541858673
859  0.16465815901756287
1316  0.1646576225757599
490  0.1646573692560196
817  0.16465584933757782
620  0.16465571522712708
102  0.16465556621551514
1612  0.16465462744235992
830  0.16465318202972412
696  0.16465310752391815
1013  0.16465216875076294
60  0.1646491289138794
689  0.1646483689546585
1271  0.16464807093143463
970  0.16464708745479584
802  0.16464540362358093
903  0.16464483737945557
884  0.16464321315288544
1001  0.16464276611804962
157  0.16464227437973022
20  0.16464172303676605
144  0.1646413505077362
650  0.1646410971879959
1106  0.16464082896709442
379  0.16463536024093628
1678  0.16463378071784973
745  0.16463343799114227
1236  0.16463343799114227
957  0.16463293135166168
443  0.16462931036949158
1121  0.1646292507648468
1159  0.1646287441253662
1374  0.16462856531143188
1473  0.16462667286396027
487  0.16462525725364685
1160  0.16462452709674835
241  0.16462449729442596
1322  0.16462378203868866
1297  0.1646227240562439
248  0.16462135314941406
1729  0.16462096571922302
540  0.1646198183298111
1620  0.16461840271949768
1235  0.16461826860904694
1565  0.16461627185344696
1176  0.16461428999900818
1222  0.16461364924907684
1261  0.16461093723773956
1218  0.1646100878715515
524  0.16461004316806793
325  0.16460919380187988
1548  0.16460904479026794
210  0.16460809111595154
662  0.1646076738834381
95  0.16460689902305603
1578  0.16460669040679932
1492  0.16460630297660828
1596  0.16460460424423218
1211  0.16459999978542328
1677  0.1645997017621994
891  0.1645990014076233
1213  0.16459539532661438
1206  0.16459521651268005
324  0.16459450125694275
1382  0.1645936518907547
1735  0.16459143161773682
1500  0.16459040343761444
427  0.1645900458097458
841  0.16458813846111298
1704  0.16458813846111298
155  0.16458748281002045
704  0.16458718478679657
921  0.16458702087402344
1555  0.1645851582288742
240  0.16458480060100555
1066  0.1645829975605011
1169  0.16458268463611603
1730  0.1645817905664444
364  0.1645813286304474
1287  0.16458046436309814
333  0.1645791232585907
1065  0.16457729041576385
951  0.16457712650299072
1743  0.1645761877298355
838  0.16457615792751312
645  0.16457605361938477
1030  0.16457600891590118
78  0.16457493603229523
651  0.16457438468933105
1255  0.1645725816488266
548  0.1645723283290863
1630  0.16457201540470123
408  0.16456986963748932
1057  0.1645687371492386
769  0.16456864774227142
966  0.16456826031208038
445  0.16456690430641174
18  0.16456684470176697
1203  0.1645667403936386
763  0.1645665466785431
226  0.164564311504364
491  0.16456428170204163
1107  0.16456112265586853
963  0.16456012427806854
788  0.164559006690979
796  0.16455848515033722
1135  0.16455818712711334
1734  0.1645580530166626
894  0.16455700993537903
1431  0.16455650329589844
87  0.16455644369125366
507  0.16455626487731934
360  0.16455622017383575
1670  0.16455543041229248
901  0.16455376148223877
1194  0.1645517200231552
90  0.16455015540122986
952  0.16454851627349854
1679  0.1645483672618866
986  0.16454710066318512
436  0.1645468771457672
1632  0.16454654932022095
283  0.16454589366912842
591  0.16454586386680603
486  0.16454540193080902
563  0.16454264521598816
44  0.16454091668128967
410  0.16453976929187775
312  0.1645391434431076
1182  0.16453424096107483
515  0.16453422605991364
1151  0.1645330786705017
1245  0.16453225910663605
215  0.1645321547985077
1183  0.16453127562999725
448  0.1645311862230301
1572  0.16453112661838531
467  0.16452842950820923
256  0.1645282357931137
1774  0.16452793776988983
1321  0.16452649235725403
1269  0.16452616453170776
398  0.16452574729919434
1671  0.16452567279338837
46  0.1645253449678421
1091  0.16452522575855255
282  0.16452297568321228
937  0.16452263295650482
116  0.16452056169509888
908  0.16451862454414368
13  0.16451707482337952
1773  0.164516419172287
552  0.164515882730484
688  0.16451582312583923
204  0.16451489925384521
1693  0.16451196372509003
869  0.16451005637645721
365  0.16450998187065125
65  0.1645098179578781
140  0.16450932621955872
454  0.16450925171375275
328  0.16450843214988708
1242  0.16450779139995575
942  0.16450738906860352
1357  0.16450659930706024
735  0.1645064651966095
450  0.16450387239456177
988  0.16450375318527222
1771  0.16450342535972595
1695  0.1645021140575409
761  0.16449882090091705
1161  0.1644987016916275
161  0.16449591517448425
41  0.16449424624443054
245  0.16449333727359772
238  0.1644923985004425
862  0.16449210047721863
618  0.16449026763439178
208  0.16448967158794403
878  0.16448959708213806
1293  0.16448867321014404
1417  0.1644883006811142
220  0.16448508203029633
1514  0.16448456048965454
715  0.16448436677455902
850  0.16448380053043365
974  0.1644824892282486
1291  0.1644781082868576
522  0.16447752714157104
1764  0.1644769310951233
1026  0.16447637975215912
768  0.16447533667087555
250  0.16447213292121887
1453  0.1644713431596756
979  0.16447071731090546
1048  0.16447049379348755
359  0.16447021067142487
403  0.16446971893310547
772  0.1644696295261383
1427  0.1644696295261383
736  0.16446848213672638
1667  0.16446848213672638
338  0.16446687281131744
1566  0.16446615755558014
1128  0.16446498036384583
976  0.1644645631313324
1145  0.16446416079998016
592  0.16446349024772644
122  0.16446298360824585
1486  0.16446234285831451
977  0.16446106135845184
706  0.16445888578891754
931  0.16445869207382202
905  0.16445857286453247
1187  0.16445817053318024
1330  0.16445690393447876
538  0.16445687413215637
218  0.16445542871952057
1402  0.16445517539978027
920  0.16445505619049072
409  0.1644548624753952
1608  0.16445453464984894
1713  0.1644536852836609
716  0.16445347666740417
719  0.16445274651050568
1448  0.1644517183303833
874  0.16445142030715942
747  0.16445091366767883
85  0.16444841027259827
313  0.16444824635982513
396  0.16444648802280426
1520  0.16444595158100128
555  0.16444572806358337
599  0.16444551944732666
251  0.16444484889507294
363  0.16444464027881622
460  0.16444414854049683
603  0.16444343328475952
955  0.16444316506385803
263  0.1644422858953476
1525  0.16444218158721924
1153  0.16444215178489685
1634  0.16444212198257446
574  0.16444142162799835
225  0.16444112360477448
1719  0.16444064676761627
614  0.16444048285484314
1282  0.16443979740142822
1290  0.16443921625614166
221  0.1644391268491745
36  0.16443786025047302
1221  0.16443514823913574
526  0.1644335687160492
829  0.16443124413490295
1118  0.16442926228046417
1352  0.16442900896072388
1447  0.16442784667015076
929  0.16442705690860748
49  0.16442470252513885
626  0.1644246131181717
301  0.16442401707172394
1112  0.1644202172756195
1310  0.16442006826400757
397  0.1644197255373001
1348  0.16441914439201355
353  0.16441760957241058
381  0.16441649198532104
1672  0.16441616415977478
1754  0.1644129604101181
797  0.16441218554973602
683  0.16441158950328827
1625  0.16441017389297485
1395  0.16440969705581665
902  0.16440919041633606
1331  0.16440901160240173
1276  0.16440866887569427
1720  0.16440777480602264
45  0.1644076704978943
1562  0.1644076108932495
179  0.164406880736351
316  0.16440586745738983
1247  0.16440320014953613
831  0.16440288722515106
1192  0.1644025593996048
1726  0.16440199315547943
854  0.16439911723136902
1005  0.16439905762672424
685  0.16439823806285858
504  0.16439764201641083
922  0.16439728438854218
835  0.16439712047576904
663  0.16439709067344666
1144  0.1643962562084198
993  0.16439522802829742
1257  0.1643926054239273
367  0.16438953578472137
146  0.16438941657543182
848  0.16438941657543182
968  0.1643892079591751
1659  0.16438725590705872
1093  0.16438651084899902
605  0.16438332200050354
998  0.1643829196691513
997  0.16438181698322296
1412  0.16438081860542297
1140  0.16438017785549164
558  0.16437996923923492
981  0.1643795222043991
1024  0.16437937319278717
822  0.1643778681755066
327  0.1643773913383484
810  0.16437628865242004
1146  0.16437594592571259
883  0.1643756926059723
1278  0.16437514126300812
595  0.1643744856119156
916  0.16437438130378723
778  0.16437338292598724
1460  0.16437271237373352
175  0.1643725335597992
1376  0.1643715798854828
1253  0.16437020897865295
435  0.16436776518821716
787  0.1643650084733963
393  0.16436491906642914
730  0.16436482965946198
57  0.16436445713043213
1627  0.16436420381069183
1188  0.16436387598514557
1335  0.1643628627061844
1383  0.164362370967865
1445  0.16436201333999634
893  0.1643599420785904
130  0.1643596887588501
676  0.16435950994491577
1768  0.164359450340271
811  0.164358988404274
1166  0.16435833275318146
790  0.16435791552066803
1742  0.164356991648674
158  0.16435588896274567
1540  0.16435429453849792
62  0.1643534004688263
1158  0.1643524467945099
725  0.16435202956199646
288  0.1643519550561905
1699  0.1643504947423935
167  0.16435004770755768
188  0.1643497347831726
572  0.1643494963645935
471  0.16434916853904724
723  0.16434864699840546
982  0.16434790194034576
773  0.1643475592136383
390  0.16434726119041443
1233  0.16434650123119354
16  0.16434572637081146
1524  0.16434483230113983
1535  0.16434301435947418
1076  0.16434235870838165
1550  0.16434186697006226
1626  0.1643413007259369
1202  0.16434112191200256
1230  0.16434065997600555
888  0.1643400639295578
173  0.1643386334180832
1570  0.16433806717395782
1696  0.16433702409267426
28  0.1643366515636444
953  0.1643357127904892
843  0.16433565318584442
567  0.16433554887771606
1378  0.1643352508544922
1539  0.1643352061510086
1516  0.16433434188365936
1088  0.164333313703537
776  0.1643328070640564
279  0.16433273255825043
1459  0.16433186829090118
1601  0.16433106362819672
1064  0.1643308401107788
564  0.16433046758174896
1558  0.16433028876781464
665  0.16432955861091614
1299  0.1643284112215042
800  0.16432838141918182
186  0.16432802379131317
762  0.1643242985010147
1189  0.16432419419288635
742  0.16432364284992218
1499  0.16432231664657593
1305  0.16432136297225952
32  0.1643194556236267
1185  0.16431663930416107
870  0.16431590914726257
847  0.16431446373462677
1327  0.16431383788585663
1154  0.1643136441707611
709  0.16431266069412231
1062  0.1643121987581253
375  0.16430878639221191
138  0.16430874168872833
244  0.1643076241016388
699  0.16430701315402985
1749  0.16430625319480896
1074  0.16430595517158508
106  0.16430537402629852
1171  0.16430507600307465
657  0.16430433094501495
576  0.1643039882183075
967  0.1643030047416687
1584  0.16430215537548065
469  0.1643020510673523
1075  0.1643017828464508
1437  0.16430161893367767
255  0.1643003523349762
174  0.16429919004440308
602  0.16429705917835236
474  0.16429632902145386
1262  0.1642940491437912
837  0.16429299116134644
1000  0.16429272294044495
500  0.16429269313812256
1464  0.16429196298122406
935  0.16429167985916138
1111  0.16429045796394348
1084  0.16428996622562408
1148  0.16428932547569275
898  0.1642884761095047
21  0.1642884463071823
433  0.1642882227897644
600  0.16428762674331665
895  0.16428746283054352
519  0.16428522765636444
1315  0.16428452730178833
939  0.16428424417972565
275  0.16428297758102417
1507  0.16428183019161224
128  0.16428156197071075
1170  0.16428129374980927
1132  0.1642809808254242
100  0.16427907347679138
1401  0.164279043674469
1574  0.164279043674469
1044  0.16427874565124512
727  0.16427859663963318
1628  0.16427847743034363
86  0.1642782986164093
799  0.16427737474441528
1384  0.16427718102931976
1298  0.16427622735500336
413  0.16427554190158844
764  0.16427531838417053
228  0.16427502036094666
84  0.1642739325761795
1019  0.16427335143089294
1239  0.1642732322216034
1512  0.16427217423915863
892  0.16427092254161835
89  0.16427044570446014
1511  0.16426916420459747
342  0.16426776349544525
142  0.16426721215248108
1411  0.16426631808280945
314  0.16426630318164825
400  0.16426536440849304
622  0.164264515042305
1334  0.1642637848854065
1646  0.16426289081573486
1109  0.16426150500774384
1423  0.16426131129264832
1466  0.1642604023218155
1085  0.1642591953277588
1689  0.16425827145576477
183  0.16425669193267822
1706  0.1642557829618454
1725  0.1642540991306305
268  0.16425400972366333
42  0.16425395011901855
124  0.16425348818302155
214  0.16425290703773499
1043  0.16425253450870514
77  0.16425231099128723
1216  0.16425202786922455
300  0.16425128281116486
692  0.1642511785030365
231  0.16425079107284546
428  0.16425064206123352
1506  0.16424952447414398
351  0.16424906253814697
912  0.16424889862537384
1579  0.16424879431724548
1196  0.1642475575208664
107  0.1642467975616455
579  0.16424599289894104
809  0.1642458736896515
296  0.1642456203699112
71  0.1642453968524933
64  0.16424493491649628
1510  0.16424399614334106
472  0.1642439365386963
842  0.16424356400966644
1090  0.1642429232597351
4  0.16424252092838287
339  0.16424162685871124
286  0.1642407476902008
1521  0.1642392873764038
1265  0.16423891484737396
52  0.16423830389976501
664  0.1642378717660904
1404  0.16423767805099487
1351  0.16423392295837402
535  0.1642334908246994
1319  0.1642313003540039
1664  0.16423070430755615
881  0.1642305701971054
786  0.16422991454601288
1387  0.16422978043556213
399  0.16422632336616516
824  0.16422612965106964
160  0.16422604024410248
1750  0.16422444581985474
476  0.1642235666513443
484  0.1642216295003891
110  0.164220929145813
294  0.1642208695411682
1289  0.1642199009656906
652  0.16421934962272644
196  0.16421915590763092
66  0.16421912610530853
889  0.1642187237739563
1092  0.1642170548439026
1563  0.16421684622764587
119  0.16421586275100708
1419  0.16421569883823395
1  0.16421543061733246
1326  0.1642143428325653
1120  0.16421343386173248
1583  0.16421273350715637
1542  0.1642097681760788
1744  0.16420960426330566
1504  0.164209246635437
61  0.16420885920524597
1067  0.16420802474021912
73  0.1642073690891266
22  0.16420704126358032
1168  0.16420644521713257
632  0.1642063409090042
568  0.16420485079288483
718  0.16420429944992065
1477  0.16420415043830872
1324  0.16420364379882812
495  0.16420242190361023
488  0.16420212388038635
27  0.164202019572258
545  0.1642012745141983
1054  0.16419965028762817
1134  0.16419896483421326
1143  0.16419750452041626
115  0.1641974002122879
331  0.1641957312822342
871  0.1641954630613327
1623  0.16419503092765808
647  0.1641945242881775
975  0.16419415175914764
1386  0.16419406235218048
1210  0.16419368982315063
405  0.16419366002082825
329  0.16419270634651184
1014  0.16419266164302826
1313  0.16419117152690887
434  0.16419029235839844
394  0.16418898105621338
135  0.1641884595155716
299  0.16418682038784027
1099  0.16418659687042236
1231  0.1641853004693985
999  0.16418476402759552
1089  0.16418442130088806
1759  0.16418424248695374
1515  0.16418397426605225
1328  0.16418257355690002
202  0.16418135166168213
805  0.16418054699897766
463  0.16418029367923737
1369  0.1641792505979538
1101  0.16417796909809113
466  0.16417786478996277
506  0.1641777753829956
807  0.1641770303249359
659  0.1641749143600464
751  0.16417470574378967
1055  0.16417400538921356
1268  0.16417400538921356
39  0.1641734093427658
1454  0.16417302191257477
1702  0.1641724556684494
539  0.16417241096496582
1100  0.1641719937324524
624  0.16417196393013
562  0.16417069733142853
1721  0.16416965425014496
1078  0.16416946053504944
1244  0.16416901350021362
1426  0.16416749358177185
604  0.16416583955287933
756  0.164165198802948
1372  0.16416442394256592
309  0.16416384279727936
1004  0.1641635000705719
804  0.16416339576244354
593  0.16416336596012115
1434  0.16416320204734802
1697  0.16416265070438385
278  0.1641625612974167
1705  0.16416247189044952
420  0.16416221857070923
815  0.16416199505329132
1544  0.16416068375110626
1296  0.16416043043136597
945  0.1641601026058197
606  0.1641593724489212
457  0.16415904462337494
1413  0.16415885090827942
646  0.16415728628635406
1155  0.1641543060541153
145  0.16415350139141083
1530  0.1641528308391571
784  0.16415256261825562
573  0.16415131092071533
1603  0.16414962708950043
1748  0.16414958238601685
425  0.16414938867092133
1311  0.16414794325828552
1762  0.1641477346420288
1527  0.1641474813222885
1528  0.16414734721183777
386  0.1641472727060318
1181  0.16414658725261688
816  0.16414518654346466
1070  0.16414491832256317
557  0.164144366979599
1636  0.16414368152618408
141  0.16414299607276917
1541  0.16414299607276917
682  0.16414274275302887
1162  0.1641419678926468
721  0.16414131224155426
297  0.16414126753807068
1329  0.16414111852645874
1300  0.16414016485214233
959  0.16413980722427368
950  0.16413934528827667
1195  0.1641387939453125
88  0.16413839161396027
738  0.16413764655590057
965  0.16413596272468567
623  0.16413530707359314
293  0.16413484513759613
29  0.1641339212656021
270  0.1641310304403305
1072  0.16412949562072754
1455  0.16412889957427979
1479  0.16412833333015442
337  0.16412638127803802
789  0.16412584483623505
1497  0.16412568092346191
601  0.16412431001663208
1393  0.16412408649921417
1240  0.16412368416786194
180  0.16412311792373657
6  0.16412211954593658
195  0.16412198543548584
1733  0.1641196310520172
1575  0.16411957144737244
55  0.1641191691160202
212  0.1641191691160202
274  0.16411887109279633
1180  0.16411875188350677
1475  0.16411803662776947
127  0.16411714255809784
654  0.1641145497560501
184  0.1641138792037964
1685  0.1641126275062561
152  0.16411170363426208
1534  0.16411155462265015
980  0.16411085426807404
1728  0.16411049664020538
98  0.16410915553569794
1400  0.16410796344280243
1059  0.16410747170448303
1277  0.1641068011522293
1275  0.1641056388616562
1418  0.16410544514656067
1186  0.16410531103610992
1172  0.16410431265830994
750  0.16410405933856964
310  0.16410383582115173
638  0.16410350799560547
1616  0.16410177946090698
844  0.1641015112400055
1502  0.1641012579202652
1449  0.16410066187381744
641  0.16410040855407715
765  0.16409772634506226
1147  0.1640973538160324
1052  0.16409701108932495
206  0.16409613192081451
992  0.16409501433372498
147  0.16409413516521454
1483  0.16409403085708618
54  0.16409249603748322
1648  0.16409088671207428
1595  0.16409039497375488
31  0.16409023106098175
209  0.16408680379390717
801  0.16408474743366241
91  0.164082869887352
1407  0.16407999396324158
1501  0.16407957673072815
1164  0.16407938301563263
570  0.1640787571668625
391  0.16407738626003265
964  0.16407714784145355
272  0.1640758514404297
429  0.1640758216381073
943  0.16407422721385956
1353  0.16407382488250732
1046  0.16407336294651031
628  0.1640731692314148
1604  0.1640729308128357
521  0.16407237946987152
856  0.16407206654548645
806  0.16407205164432526
1165  0.16407200694084167
556  0.1640707105398178
739  0.1640705168247223
648  0.16406996548175812
81  0.16406989097595215
1772  0.16406796872615814
933  0.16406677663326263
156  0.16406625509262085
266  0.1640653908252716
1737  0.16406524181365967
37  0.1640649437904358
11  0.16406473517417908
1617  0.1640646904706955
1122  0.16406464576721191
257  0.16406449675559998
59  0.1640637367963791
1676  0.1640627086162567
616  0.16406019032001495
1380  0.16405998170375824
1301  0.16405992209911346
308  0.1640578657388687
983  0.1640567034482956
442  0.1640550196170807
1478  0.16405464708805084
1471  0.1640544831752777
1457  0.16405442357063293
136  0.16405437886714935
1339  0.16405437886714935
254  0.16405370831489563
1684  0.16405312716960907
205  0.16405275464057922
362  0.16404955089092255
1458  0.16404752433300018
290  0.1640472561120987
407  0.16404712200164795
523  0.16404689848423004
580  0.16404595971107483
470  0.16404560208320618
855  0.16404412686824799
775  0.16404390335083008
1273  0.1640424281358719
111  0.16404078900814056
1077  0.16404056549072266
378  0.1640402227640152
625  0.16403968632221222
1767  0.16403818130493164
946  0.16403628885746002
1592  0.16403530538082123
223  0.16403529047966003
348  0.1640344262123108
1436  0.1640338897705078
510  0.1640336662530899
1259  0.16403330862522125
475  0.1640332043170929
320  0.16403210163116455
1722  0.16403181850910187
1688  0.1640312671661377
1045  0.16403049230575562
1761  0.16402925550937653
770  0.1640278697013855
707  0.1640276461839676
826  0.16402754187583923
667  0.16402669250965118
990  0.16402509808540344
758  0.1640244871377945
1251  0.16402274370193481
213  0.16402091085910797
697  0.16401971876621246
1337  0.16401949524879456
1537  0.1640188992023468
285  0.16401821374893188
211  0.16401800513267517
344  0.164017915725708
1605  0.1640164703130722
1763  0.16401582956314087
1117  0.1640147715806961
690  0.16401416063308716
671  0.1640140414237976
661  0.16401337087154388
559  0.16401240229606628
581  0.16401173174381256
168  0.16401100158691406
1113  0.1640106737613678
335  0.16401036083698273
960  0.1640089750289917
1580  0.16400861740112305
203  0.16400839388370514
1047  0.16400830447673798
133  0.16400638222694397
80  0.1640058010816574
1056  0.16400492191314697
1598  0.16400422155857086
1752  0.16400237381458282
43  0.16400207579135895
720  0.1640017181634903
1631  0.16400150954723358
302  0.1640007495880127
1732  0.16400037705898285
1703  0.16399745643138885
418  0.16399724781513214
840  0.16399583220481873
1518  0.1639956384897232
791  0.16399528086185455
1556  0.16399456560611725
176  0.16399452090263367
499  0.16399331390857697
584  0.1639929562807083
1709  0.16399259865283966
1547  0.16399025917053223
7  0.16399002075195312
1260  0.16398963332176208
1370  0.1639895886182785
923  0.1639886498451233
886  0.16398851573467255
1060  0.16398738324642181
938  0.16398701071739197
1127  0.1639861911535263
76  0.16398587822914124
1214  0.16398583352565765
1553  0.16398552060127258
377  0.16398410499095917
984  0.163984015583992
621  0.16398371756076813
345  0.16398365795612335
631  0.16398319602012634
432  0.163982093334198
1658  0.163982093334198
1226  0.16398128867149353
1493  0.1639809012413025
1082  0.16398043930530548
1745  0.16398034989833832
865  0.16397953033447266
1309  0.16397732496261597
332  0.16397613286972046
3  0.16397599875926971
319  0.16397282481193542
177  0.16397014260292053
1204  0.16396856307983398
1224  0.16396844387054443
909  0.16396822035312653
948  0.16396792232990265
235  0.16396789252758026
1715  0.1639675348997116
1727  0.16396750509738922
1415  0.16396740078926086
839  0.1639668494462967
412  0.16396644711494446
361  0.16396541893482208
1410  0.16396521031856537
198  0.1639646589756012
1022  0.16396410763263702
1509  0.16396334767341614
814  0.1639629751443863
1736  0.16396237909793854
1517  0.16396234929561615
752  0.16396161913871765
1491  0.1639614999294281
1432  0.1639607548713684
1655  0.1639602780342102
392  0.16395968198776245
1156  0.16395960748195648
10  0.1639583855867386
932  0.16395758092403412
8  0.16395729780197144
1714  0.16395698487758636
388  0.16395658254623413
1105  0.1639554798603058
583  0.16395507752895355
760  0.16395443677902222
50  0.16395241022109985
289  0.1639522761106491
401  0.16395077109336853
164  0.16395045816898346
419  0.16394880414009094
919  0.16394880414009094
150  0.1639484316110611
794  0.16394832730293274
741  0.16394813358783722
743  0.16394685208797455
1590  0.16394373774528503
653  0.16394345462322235
252  0.16394329071044922
1746  0.16394168138504028
370  0.1639413684606552
971  0.16393926739692688
987  0.16393877565860748
23  0.16393861174583435
1363  0.16393771767616272
1444  0.16393698751926422
1639  0.16393694281578064
181  0.16393683850765228
424  0.1639367789030075
1621  0.16393640637397766
1080  0.16393622756004333
479  0.16393429040908813
597  0.1639331877231598
63  0.16393283009529114
485  0.1639319360256195
536  0.16393184661865234
1747  0.16393104195594788
51  0.16393089294433594
1586  0.16393038630485535
227  0.16393019258975983
159  0.16392365097999573
1668  0.16392286121845245
691  0.16392244398593903
740  0.16392242908477783
973  0.16392193734645844
1110  0.1639210432767868
1443  0.16391995549201965
737  0.16391968727111816
369  0.16391941905021667
1467  0.16391852498054504
1108  0.16391780972480774
402  0.16391639411449432
1707  0.16391552984714508
566  0.16391411423683167
505  0.1639108955860138
1552  0.16391056776046753
30  0.16390956938266754
1364  0.16390955448150635
571  0.16390924155712128
1133  0.16390889883041382
461  0.16390886902809143
1633  0.16390761733055115
315  0.16390620172023773
639  0.1639048010110855
72  0.16390329599380493
1756  0.16390269994735718
1036  0.1639024019241333
334  0.16390226781368256
105  0.16390195488929749
1439  0.16390074789524078
779  0.16390059888362885
1591  0.1639004647731781
253  0.16390031576156616
1607  0.1638999879360199
753  0.16389942169189453
863  0.16389904916286469
1622  0.16389797627925873
483  0.16389785706996918
349  0.16389727592468262
1137  0.1638965755701065
698  0.16389554738998413
527  0.1638953983783722
137  0.16389475762844086
543  0.16389435529708862
1367  0.1638931930065155
453  0.1638929843902588
674  0.1638910174369812
577  0.16389048099517822
1600  0.16389042139053345
1002  0.16388940811157227
728  0.16388748586177826
1656  0.16388699412345886
307  0.1638862043619156
24  0.16388505697250366
269  0.16388489305973053
1549  0.16388462483882904
190  0.16388431191444397
845  0.16388365626335144
1421  0.16388210654258728
258  0.16388189792633057
1571  0.16388048231601715
918  0.16388018429279327
456  0.16388003528118134
961  0.1638794094324112
1234  0.16387832164764404
489  0.16387800872325897
1397  0.16387800872325897
464  0.163877472281456
1758  0.16387656331062317
681  0.16387391090393066
1138  0.16387365758419037
1375  0.16387291252613068
575  0.16387273371219635
978  0.16387152671813965
1577  0.16387087106704712
915  0.16386860609054565
1645  0.16386856138706207
766  0.16386796534061432
827  0.16386784613132477
498  0.16386647522449493
508  0.16386647522449493
1657  0.16386647522449493
169  0.16386643052101135
129  0.1638648509979248
478  0.16386473178863525
702  0.1638646423816681
1243  0.16386425495147705
1450  0.16386286914348602
1452  0.16386160254478455
1040  0.16386060416698456
1484  0.16386060416698456
541  0.16386055946350098
1463  0.1638600379228592
1042  0.16385987401008606
582  0.1638597995042801
629  0.16385886073112488
373  0.16385790705680847
1250  0.16385787725448608
311  0.1638571321964264
1288  0.16385403275489807
853  0.16385291516780853
818  0.16385233402252197
700  0.16385097801685333
103  0.16385015845298767
118  0.1638501137495041
1642  0.1638493537902832
1368  0.16384820640087128
656  0.1638479083776474
113  0.16384755074977875
872  0.1638469696044922
724  0.163845956325531
1227  0.16384591162204742
165  0.16384495794773102
1481  0.16384398937225342
281  0.16384387016296387
1349  0.16384297609329224
1640  0.16384296119213104
154  0.16384127736091614
34  0.16384108364582062
1498  0.1638404279947281
38  0.16383926570415497
1687  0.16383926570415497
92  0.1638375222682953
1532  0.1638372242450714
882  0.1638365387916565
1238  0.1638340801000595
547  0.1638331115245819
996  0.16383284330368042
197  0.1638302057981491
1389  0.16382981836795807
1531  0.1638297289609909
262  0.1638261377811432
755  0.1638258695602417
1366  0.16382478177547455
1405  0.16382350027561188
1249  0.16382285952568054
1487  0.1638212949037552
1152  0.16382065415382385
458  0.1638205498456955
1391  0.16382041573524475
1027  0.16381989419460297
1285  0.1638195961713791
1661  0.16381853818893433
1416  0.1638183891773224
1317  0.163818359375
1533  0.16381800174713135
343  0.1638173758983612
1266  0.16381613910198212
414  0.16381359100341797
1594  0.1638130396604538
533  0.16381265223026276
148  0.16381238400936127
323  0.16381235420703888
897  0.16381214559078217
194  0.16381005942821503
876  0.16380979120731354
1609  0.1638093739748001
1597  0.16380800306797028
767  0.16380725800991058
1461  0.1638069748878479
861  0.16380591690540314
1599  0.16380488872528076
1034  0.16380375623703003
1519  0.16380272805690765
1462  0.163801908493042
823  0.16380079090595245
1682  0.16380079090595245
913  0.1637997031211853
1543  0.16379772126674652
53  0.16379739344120026
569  0.16379542648792267
649  0.16379521787166595
1258  0.16379323601722717
1039  0.16379116475582123
1723  0.16378988325595856
746  0.16378921270370483
1513  0.1637883484363556
1692  0.1637873351573944
1396  0.16378672420978546
911  0.1637866348028183
1303  0.1637861281633377
587  0.1637835055589676
1017  0.16378052532672882
517  0.1637803316116333
1446  0.16377775371074677
69  0.16377609968185425
590  0.163773775100708
121  0.1637711524963379
243  0.16377075016498566
356  0.16376815736293793
1545  0.1637674868106842
233  0.16376672685146332
1673  0.16376443207263947
1755  0.1637641191482544
954  0.1637640744447708
459  0.16376346349716187
264  0.1637611836194992
187  0.1637604534626007
1637  0.16375961899757385
585  0.16375833749771118
1430  0.1637554168701172
1201  0.16375459730625153
237  0.16375115513801575
207  0.16374923288822174
834  0.16374801099300385
529  0.1637474000453949
1470  0.16374392807483673
1611  0.16374237835407257
473  0.16374154388904572
534  0.16374127566814423
355  0.1637406200170517
1770  0.16373731195926666
860  0.16373717784881592
1681  0.16373619437217712
1385  0.16373613476753235
1343  0.16373489797115326
149  0.16373038291931152
1674  0.16373029351234436
1131  0.1637296974658966
516  0.16372919082641602
273  0.16372859477996826
1765  0.16372549533843994
1125  0.1637251377105713
1680  0.16372431814670563
561  0.1637241691350937
1333  0.16372233629226685
1403  0.16371680796146393
1474  0.16371671855449677
1355  0.16371305286884308
949  0.16371187567710876
1741  0.16371186077594757
836  0.1637110859155655
189  0.16371022164821625
1129  0.16370965540409088
1200  0.1637093424797058
1710  0.1637069433927536
1716  0.163704514503479
553  0.1637037992477417
1083  0.1637026071548462
292  0.16370142996311188
417  0.16370072960853577
346  0.16369928419589996
340  0.16369736194610596
985  0.16369687020778656
291  0.1636960506439209
518  0.1636945605278015
675  0.1636928766965866
1398  0.16369174420833588
1650  0.1636911779642105
1371  0.16369053721427917
1390  0.16368916630744934
224  0.16368845105171204
423  0.16368719935417175
5  0.1636851727962494
306  0.16368398070335388
430  0.16368195414543152
170  0.16368162631988525
879  0.1636810004711151
1359  0.16368022561073303
611  0.16367986798286438
1666  0.16367970407009125
1564  0.16367633640766144
449  0.16367404162883759
644  0.16367389261722565
1675  0.1636720597743988
520  0.16367128491401672
1522  0.16367027163505554
630  0.16366806626319885
1347  0.16366727650165558
530  0.16366668045520782
1015  0.16366654634475708
411  0.16366614401340485
549  0.16366533935070038
19  0.16366390883922577
1263  0.1636630892753601
502  0.16366185247898102
1663  0.1636596918106079
1096  0.16365943849086761
1610  0.16365686058998108
717  0.16365604102611542
1051  0.16365598142147064
1644  0.16365066170692444
330  0.1636478304862976
958  0.16364337503910065
481  0.1636432260274887
1414  0.163640558719635
588  0.1636398285627365
153  0.16363874077796936
431  0.16363780200481415
40  0.16363757848739624
1490  0.16363558173179626
1342  0.16363339126110077
166  0.16363316774368286
687  0.16363316774368286
151  0.16363289952278137
447  0.16363248229026794
1379  0.16363106667995453
303  0.16362689435482025
1739  0.16362327337265015
1409  0.16362306475639343
352  0.16362228989601135
528  0.1636209636926651
1435  0.16361968219280243
989  0.16361966729164124
260  0.16361798346042633
347  0.1636175662279129
634  0.16361720860004425
514  0.16361625492572784
1219  0.1636154055595398
96  0.16361454129219055
1451  0.16361407935619354
560  0.16361065208911896
1652  0.16360953450202942
1207  0.16360807418823242
777  0.16360700130462646
1388  0.1636047214269638
354  0.16360294818878174
705  0.16360217332839966
242  0.16360077261924744
711  0.16359949111938477
904  0.1635989248752594
468  0.16359882056713104
991  0.16359837353229523
609  0.16359712183475494
680  0.16359667479991913
1365  0.16359612345695496
749  0.16359499096870422
236  0.16359339654445648
1323  0.16359290480613708
542  0.1635894626379013
1116  0.1635884940624237
1167  0.16358552873134613
812  0.1635846495628357
1643  0.16357655823230743
440  0.16357482969760895
1662  0.16357137262821198
1691  0.163569837808609
1377  0.16356870532035828
637  0.1635684072971344
1624  0.1635667383670807
1028  0.16356591880321503
371  0.16356368362903595
384  0.16356223821640015
17  0.16356006264686584
925  0.16355693340301514
1538  0.16355669498443604
438  0.16355642676353455
134  0.16355496644973755
956  0.16355156898498535
1069  0.16355052590370178
131  0.16354739665985107
1350  0.1635461300611496
1753  0.1635448932647705
619  0.16354435682296753
1361  0.16354374587535858
492  0.16354133188724518
455  0.16353924572467804
1651  0.16353249549865723
1119  0.1635316163301468
780  0.16353094577789307
1325  0.16353058815002441
287  0.1635304093360901
1751  0.16352972388267517
1614  0.16352476179599762
1757  0.16352418065071106
694  0.163523331284523
503  0.16352316737174988
754  0.1635209023952484
357  0.16351954638957977
1712  0.1635153740644455
994  0.16351519525051117
383  0.1635151207447052
104  0.16351136565208435
1341  0.16350634396076202
947  0.16350573301315308
1149  0.1635054647922516
537  0.1635039895772934
172  0.16350148618221283
1270  0.16350030899047852
1441  0.1635000854730606
1694  0.16349972784519196
1588  0.16349515318870544
798  0.1634945422410965
1526  0.1634911745786667
1179  0.16349059343338013
232  0.16349023580551147
1561  0.1634896695613861
642  0.1634894609451294
695  0.1634889543056488
247  0.16348782181739807
636  0.16348376870155334
1576  0.1634826809167862
820  0.16348136961460114
336  0.16348104178905487
1205  0.16347995400428772
114  0.16347835958003998
496  0.16347534954547882
679  0.16347481310367584
387  0.16346728801727295
222  0.163466215133667
350  0.16346599161624908
465  0.16345708072185516
896  0.16345258057117462
589  0.16345097124576569
1009  0.16345001757144928
1031  0.16344256699085236
1394  0.16343951225280762
493  0.16343896090984344
193  0.16343830525875092
1711  0.1634366661310196
1698  0.16343389451503754
1568  0.1634329855442047
1551  0.16343249380588531
389  0.16343167424201965
239  0.16343095898628235
792  0.16342845559120178
276  0.16342560946941376
1358  0.16342170536518097
1760  0.16342125833034515
693  0.16342085599899292
1629  0.16342045366764069
658  0.1634201556444168
497  0.1634177565574646
1554  0.16341695189476013
322  0.16341426968574524
748  0.163408100605011
216  0.16340668499469757
75  0.16340292990207672
1136  0.16340233385562897
271  0.16340182721614838
385  0.1633971929550171
1619  0.1633945107460022
924  0.1633901596069336
1724  0.16338735818862915
74  0.1633869856595993
1336  0.16338635981082916
899  0.16338135302066803
1536  0.16337716579437256
678  0.16336935758590698
1422  0.16336877644062042
284  0.16336765885353088
782  0.16336674988269806
280  0.16336509585380554
1701  0.16336292028427124
1635  0.16336171329021454
1665  0.16336078941822052
852  0.16336023807525635
219  0.16335859894752502
1738  0.16335710883140564
1267  0.1633506864309311
1740  0.1633489727973938
1381  0.16334496438503265
261  0.1633445918560028
1356  0.16333353519439697
551  0.16333244740962982
444  0.16333115100860596
1606  0.16332323849201202
1485  0.16332107782363892
1717  0.1633089929819107
734  0.16330388188362122
426  0.1632988005876541
446  0.16329795122146606
1480  0.16329558193683624
200  0.16329333186149597
191  0.16328677535057068
1456  0.16328364610671997
509  0.16328302025794983
1496  0.16328170895576477
617  0.16327978670597076
1428  0.16327403485774994
1647  0.1632736176252365
1708  0.16326390206813812
477  0.1632600724697113
318  0.16325919330120087
1442  0.16325050592422485
265  0.16324223577976227
1429  0.1632402390241623
1641  0.1632392704486847
726  0.16323789954185486
713  0.16323164105415344
451  0.16322971880435944
511  0.1632295399904251
304  0.16322913765907288
1248  0.1632290780544281
1003  0.16322658956050873
47  0.16322436928749084
1503  0.1632116287946701
1157  0.16320236027240753
1008  0.16319717466831207
1769  0.16319510340690613
295  0.1631942093372345
531  0.1631796658039093
1360  0.16317100822925568
305  0.1631612926721573
1406  0.1631568968296051
326  0.16315031051635742
1488  0.16313397884368896
1482  0.1631096750497818
217  0.16310222446918488
1654  0.16307954490184784
1649  0.16307245194911957
1683  0.163061261177063
1177  0.1630604863166809
421  0.16305452585220337
480  0.16304662823677063
1340  0.16304311156272888
1489  0.16304071247577667
441  0.16302314400672913
1508  0.16300565004348755
607  0.1629958152770996
1585  0.1629830300807953
1345  0.16296268999576569
615  0.16295386850833893
851  0.16294074058532715
406  0.16292794048786163
1399  0.1629233956336975
1438  0.16289125382900238
1669  0.1628776490688324
613  0.16286681592464447
341  0.16285306215286255
793  0.16283686459064484
404  0.162786066532135
1354  0.1627737283706665
380  0.1627207100391388
1115  0.16270335018634796
1472  0.16267195343971252
1560  0.16264688968658447
612  0.16261453926563263
298  0.16239747405052185
