706  0.2310395985841751
520  0.23076310753822327
385  0.23065586388111115
922  0.23063671588897705
778  0.23053276538848877
546  0.2302456498146057
973  0.23024332523345947
601  0.22999364137649536
495  0.22991906106472015
874  0.22987541556358337
85  0.22986634075641632
459  0.22985000908374786
636  0.22985000908374786
549  0.22983390092849731
147  0.22981883585453033
715  0.22976309061050415
958  0.22975432872772217
741  0.2297421395778656
766  0.22973290085792542
499  0.22971521317958832
255  0.22969061136245728
48  0.22968140244483948
179  0.22966966032981873
907  0.22966505587100983
703  0.22964417934417725
461  0.22962215542793274
531  0.22958685457706451
640  0.22957345843315125
886  0.2295180708169937
542  0.22951734066009521
723  0.22949616611003876
716  0.22949349880218506
647  0.22948767244815826
502  0.2294847071170807
691  0.2294754683971405
758  0.22947366535663605
634  0.22946853935718536
241  0.22945277392864227
588  0.229450985789299
649  0.22944603860378265
713  0.22943715751171112
84  0.22943545877933502
928  0.22943444550037384
310  0.22943103313446045
468  0.22942347824573517
120  0.2294130176305771
341  0.22940263152122498
573  0.22938968241214752
528  0.2293410301208496
448  0.22932571172714233
371  0.22932395339012146
1  0.22932219505310059
619  0.22931252419948578
168  0.22930410504341125
665  0.22929930686950684
651  0.22928427159786224
482  0.22928279638290405
14  0.22927512228488922
630  0.22926825284957886
671  0.22926050424575806
562  0.22925564646720886
455  0.22924476861953735
672  0.2292446494102478
628  0.22923752665519714
550  0.22923687100410461
813  0.22923417389392853
722  0.22923001646995544
641  0.22922709584236145
93  0.22921665012836456
631  0.2292156219482422
811  0.2292003482580185
194  0.22919557988643646
442  0.22918666899204254
435  0.22918544709682465
126  0.2291816920042038
493  0.22917628288269043
655  0.2291714996099472
560  0.22916573286056519
676  0.22916530072689056
687  0.2291550636291504
351  0.22914452850818634
762  0.22914324700832367
704  0.22913984954357147
186  0.2291351854801178
328  0.22913308441638947
730  0.22913143038749695
479  0.2291298359632492
572  0.22912326455116272
775  0.2291218638420105
78  0.2291191965341568
580  0.22911511361598969
525  0.22911331057548523
569  0.229112908244133
494  0.22910067439079285
299  0.2291000634431839
429  0.22909332811832428
486  0.2290925830602646
491  0.22907905280590057
313  0.22907011210918427
683  0.22906450927257538
608  0.2290618121623993
583  0.22905892133712769
893  0.22905510663986206
476  0.22904318571090698
347  0.2290404886007309
738  0.2290363907814026
72  0.22902821004390717
289  0.22902311384677887
959  0.2290230393409729
759  0.2290114462375641
967  0.22900572419166565
539  0.2290017306804657
652  0.22900041937828064
227  0.22899819910526276
855  0.2289857268333435
25  0.22898030281066895
234  0.22897154092788696
939  0.2289629727602005
781  0.22895796597003937
768  0.22895757853984833
454  0.22895744442939758
165  0.22894279658794403
616  0.2289397269487381
797  0.2289387285709381
900  0.22893403470516205
686  0.2289295345544815
196  0.2289285808801651
760  0.22892433404922485
840  0.22892428934574127
591  0.22891895473003387
581  0.22891443967819214
450  0.22889475524425507
136  0.22889305651187897
638  0.22886806726455688
437  0.2288670688867569
501  0.22886142134666443
633  0.22885997593402863
35  0.22885838150978088
586  0.22885555028915405
695  0.22885136306285858
839  0.22885093092918396
530  0.22885039448738098
748  0.2288467437028885
396  0.22884130477905273
106  0.22883225977420807
372  0.22883033752441406
150  0.22882786393165588
51  0.22882436215877533
954  0.22882376611232758
920  0.22880923748016357
447  0.22880561649799347
376  0.22879216074943542
529  0.2287895381450653
139  0.22877858579158783
871  0.22877658903598785
639  0.22877594828605652
409  0.22877103090286255
755  0.2287687361240387
268  0.22876471281051636
648  0.22876256704330444
187  0.22876237332820892
536  0.22875730693340302
584  0.228755384683609
208  0.2287546843290329
474  0.22875232994556427
507  0.22873267531394958
46  0.22872509062290192
889  0.2287198305130005
791  0.22871924936771393
809  0.22871895134449005
339  0.22871242463588715
343  0.22871212661266327
684  0.228701651096344
926  0.22869595885276794
852  0.22869470715522766
405  0.22869296371936798
551  0.22869232296943665
490  0.22868596017360687
802  0.22868318855762482
600  0.22867897152900696
451  0.22867467999458313
544  0.22866658866405487
318  0.22866548597812653
303  0.22865888476371765
153  0.22865678369998932
598  0.2286502718925476
609  0.22864793241024017
202  0.22864539921283722
593  0.2286415994167328
661  0.22863495349884033
789  0.22863170504570007
414  0.22862814366817474
849  0.22862809896469116
668  0.22861911356449127
666  0.22861836850643158
284  0.22861629724502563
397  0.22860591113567352
650  0.22860023379325867
879  0.2285986840724945
312  0.22859589755535126
860  0.2285921275615692
526  0.22859156131744385
359  0.22858715057373047
612  0.22858493030071259
658  0.228584885597229
796  0.22858373820781708
816  0.22858184576034546
664  0.22858048975467682
249  0.22857965528964996
891  0.2285776287317276
431  0.22857721149921417
504  0.22857700288295746
151  0.22857387363910675
745  0.2285701334476471
130  0.2285686582326889
109  0.22856728732585907
415  0.2285640984773636
835  0.22856278717517853
807  0.22856134176254272
132  0.2285609096288681
877  0.22855249047279358
610  0.2285521924495697
780  0.22855070233345032
923  0.2285441756248474
632  0.22854183614253998
18  0.22853834927082062
727  0.22851763665676117
297  0.2285115271806717
453  0.2285076230764389
489  0.22850733995437622
567  0.22850553691387177
596  0.22850525379180908
571  0.2285018414258957
223  0.22850053012371063
679  0.22849459946155548
933  0.2284930795431137
128  0.2284926325082779
433  0.22849024832248688
644  0.2284865528345108
599  0.22848528623580933
43  0.22848212718963623
953  0.22848163545131683
154  0.2284790426492691
678  0.2284759283065796
656  0.22847400605678558
985  0.228470578789711
645  0.22846783697605133
410  0.22846752405166626
28  0.22846154868602753
214  0.22845932841300964
238  0.22845907509326935
682  0.2284497171640396
896  0.22844329476356506
472  0.2284431755542755
467  0.2284429967403412
742  0.22844065725803375
426  0.22843478620052338
793  0.22843295335769653
969  0.228430837392807
931  0.22843025624752045
483  0.22842605412006378
710  0.22842369973659515
763  0.22842095792293549
585  0.22842085361480713
197  0.2284104824066162
135  0.22840647399425507
245  0.22839847207069397
726  0.22839100658893585
673  0.2283860296010971
773  0.22838488221168518
752  0.22838464379310608
850  0.2283838987350464
2  0.22838376462459564
369  0.22838224470615387
82  0.22837787866592407
657  0.22837772965431213
808  0.22837747633457184
552  0.22837238013744354
279  0.22836847603321075
338  0.22836638987064362
317  0.22836297750473022
563  0.2283569574356079
232  0.22835315763950348
122  0.22835107147693634
819  0.22834962606430054
470  0.2283485382795334
847  0.22834846377372742
675  0.2283455729484558
251  0.22833898663520813
629  0.22833873331546783
545  0.2283373475074768
527  0.22833654284477234
699  0.2283318042755127
315  0.22832928597927094
366  0.22832824289798737
519  0.22832690179347992
685  0.22832496464252472
406  0.22832417488098145
592  0.2283240258693695
885  0.22832098603248596
107  0.22831949591636658
290  0.2283181995153427
30  0.22831770777702332
815  0.22831521928310394
488  0.22831444442272186
739  0.22831279039382935
674  0.22831173241138458
548  0.22831138968467712
949  0.22830691933631897
767  0.2283066213130951
670  0.22830650210380554
12  0.22830647230148315
4  0.22830532491207123
787  0.22830453515052795
770  0.22830408811569214
17  0.22830338776111603
810  0.22830334305763245
498  0.2283032387495041
155  0.22829940915107727
554  0.22829744219779968
166  0.22829508781433105
938  0.22829237580299377
543  0.228291854262352
820  0.22829091548919678
878  0.22828972339630127
750  0.22828559577465057
452  0.22828400135040283
978  0.22828082740306854
172  0.2282782942056656
140  0.22827565670013428
367  0.22827565670013428
783  0.22827187180519104
597  0.22826944291591644
870  0.22826561331748962
761  0.228264719247818
41  0.22826342284679413
335  0.22825641930103302
625  0.2282549887895584
582  0.22825269401073456
731  0.22824886441230774
54  0.22824788093566895
26  0.22824439406394958
449  0.22824236750602722
828  0.22824162244796753
681  0.22823522984981537
892  0.2282327264547348
951  0.22822263836860657
617  0.22822155058383942
794  0.22822076082229614
604  0.2282155603170395
800  0.22821544110774994
561  0.22821491956710815
868  0.22821271419525146
864  0.22821122407913208
263  0.2282094806432724
646  0.22820813953876495
112  0.2282009869813919
342  0.22819960117340088
374  0.2281966209411621
285  0.22819499671459198
458  0.22818902134895325
654  0.22818727791309357
799  0.22818657755851746
753  0.2281784862279892
60  0.22817610204219818
104  0.22817136347293854
902  0.22816923260688782
412  0.22816704213619232
292  0.22816528379917145
252  0.22815659642219543
946  0.22815655171871185
457  0.22815614938735962
332  0.22815532982349396
702  0.22815239429473877
90  0.22814984619617462
88  0.2281467169523239
937  0.22814473509788513
876  0.2281346619129181
416  0.228132426738739
613  0.22812636196613312
352  0.22812619805335999
445  0.22812537848949432
624  0.22812522947788239
534  0.22812333703041077
538  0.22812311351299286
579  0.22812125086784363
16  0.22811807692050934
363  0.22811569273471832
377  0.2281073033809662
764  0.22810721397399902
559  0.22810299694538116
574  0.2281002700328827
103  0.22809560596942902
696  0.22809560596942902
424  0.22809284925460815
795  0.22809277474880219
471  0.22808027267456055
27  0.2280699461698532
564  0.22806763648986816
129  0.22806572914123535
288  0.22806210815906525
895  0.22805903851985931
643  0.2280566245317459
209  0.22805511951446533
185  0.2280372828245163
195  0.22803285717964172
743  0.22803032398223877
707  0.22803010046482086
193  0.22802753746509552
595  0.22802734375
510  0.22802266478538513
721  0.22802157700061798
346  0.22802002727985382
430  0.22801926732063293
216  0.22801916301250458
91  0.2280188947916031
334  0.22801515460014343
756  0.22801482677459717
965  0.22800424695014954
67  0.22800156474113464
927  0.22799576818943024
102  0.22799548506736755
627  0.2279883772134781
229  0.22798635065555573
21  0.2279844880104065
689  0.2279844433069229
618  0.2279776632785797
929  0.22797660529613495
506  0.22797608375549316
110  0.22797439992427826
977  0.22797060012817383
287  0.22796770930290222
465  0.22796495258808136
698  0.22795866429805756
853  0.2279570996761322
832  0.22795695066452026
576  0.22795462608337402
270  0.22795264422893524
566  0.22795216739177704
734  0.22795212268829346
273  0.2279520034790039
557  0.22795170545578003
701  0.2279508262872696
705  0.2279496192932129
427  0.22794823348522186
981  0.2279473841190338
411  0.22794543206691742
603  0.22794288396835327
480  0.2279423326253891
854  0.22794079780578613
667  0.22793929278850555
192  0.22793708741664886
952  0.22793225944042206
137  0.22793197631835938
417  0.22792771458625793
152  0.22792568802833557
708  0.22792315483093262
976  0.22792068123817444
432  0.22791989147663116
831  0.22791850566864014
57  0.22791406512260437
925  0.22791266441345215
577  0.22790926694869995
693  0.2279084175825119
497  0.22790437936782837
909  0.22790369391441345
827  0.22790269553661346
161  0.22790126502513885
662  0.22789894044399261
782  0.227889746427536
333  0.22788843512535095
365  0.22788694500923157
621  0.22788526117801666
867  0.2278844714164734
817  0.22788159549236298
590  0.22788020968437195
602  0.2278776913881302
669  0.22787661850452423
568  0.2278764545917511
724  0.2278747707605362
578  0.22787462174892426
508  0.22787204384803772
570  0.22787095606327057
830  0.2278689742088318
558  0.22786381840705872
513  0.2278604358434677
659  0.22785818576812744
329  0.22785699367523193
250  0.22785179316997528
822  0.22784744203090668
971  0.22784669697284698
883  0.22784371674060822
776  0.227842777967453
754  0.22783827781677246
413  0.22783693671226501
228  0.22783580422401428
121  0.2278285026550293
732  0.22782611846923828
117  0.227823868393898
248  0.2278192639350891
626  0.2278168499469757
637  0.22781100869178772
615  0.22780932486057281
403  0.2278028428554535
765  0.22780124843120575
320  0.2277982383966446
915  0.22779645025730133
198  0.22779642045497894
206  0.22779135406017303
481  0.2277875393629074
751  0.22778677940368652
156  0.2277849167585373
94  0.22777943313121796
865  0.22777871787548065
575  0.22777239978313446
75  0.227761372923851
92  0.2277587503194809
836  0.22775061428546906
587  0.22774888575077057
76  0.2277446985244751
373  0.22774454951286316
83  0.2277439534664154
190  0.22773970663547516
589  0.22773419320583344
143  0.22773097455501556
394  0.22773021459579468
511  0.2277274876832962
660  0.22772425413131714
74  0.22772373259067535
395  0.2277218997478485
505  0.22771808505058289
37  0.22771146893501282
324  0.22771087288856506
233  0.22770696878433228
256  0.22770386934280396
825  0.227703258395195
101  0.22769737243652344
304  0.22769564390182495
932  0.2276918888092041
86  0.22768674790859222
302  0.22767502069473267
242  0.22767406702041626
843  0.22767312824726105
533  0.2276688516139984
148  0.22766706347465515
714  0.22766529023647308
786  0.22766301035881042
680  0.22766296565532684
725  0.22765302658081055
857  0.22764423489570618
663  0.22764359414577484
438  0.2276412397623062
466  0.22763818502426147
772  0.22763504087924957
771  0.22763237357139587
487  0.22763118147850037
309  0.22763116657733917
381  0.22763046622276306
236  0.22762975096702576
337  0.22762802243232727
851  0.22762565314769745
523  0.22762295603752136
247  0.22761903703212738
899  0.22761769592761993
984  0.22761672735214233
111  0.2276163101196289
183  0.22760924696922302
887  0.22760812938213348
805  0.2276081144809723
422  0.22760747373104095
269  0.22760406136512756
842  0.2276025265455246
974  0.22760242223739624
38  0.2275954633951187
863  0.2275937795639038
159  0.22759215533733368
968  0.22758454084396362
393  0.22758059203624725
307  0.22758054733276367
515  0.22757762670516968
390  0.2275775521993637
283  0.22757254540920258
11  0.22757014632225037
3  0.2275698333978653
963  0.22756898403167725
95  0.22756503522396088
916  0.22756479680538177
77  0.22756394743919373
492  0.22756266593933105
191  0.22755461931228638
53  0.22755210101604462
541  0.22754928469657898
167  0.2275492399930954
243  0.22754353284835815
89  0.22754281759262085
744  0.22754064202308655
957  0.22753939032554626
460  0.22753816843032837
440  0.22753582894802094
873  0.2275349646806717
935  0.22753390669822693
22  0.22752191126346588
319  0.22752119600772858
189  0.2275184690952301
19  0.22751818597316742
594  0.22751356661319733
439  0.22751040756702423
862  0.22750946879386902
503  0.22750890254974365
694  0.22750751674175262
127  0.2275044023990631
509  0.22750267386436462
524  0.22750194370746613
400  0.22750094532966614
614  0.2274995744228363
181  0.22749735414981842
484  0.22749653458595276
788  0.22749507427215576
32  0.22748975455760956
635  0.2274896502494812
875  0.22748912870883942
160  0.2274874746799469
402  0.22748495638370514
653  0.2274833768606186
350  0.227483332157135
838  0.22748017311096191
848  0.22747927904129028
955  0.22747211158275604
105  0.22747188806533813
261  0.2274571806192398
387  0.2274566888809204
606  0.22745372354984283
23  0.2274489402770996
291  0.2274482697248459
845  0.2274458259344101
812  0.22744238376617432
906  0.22744043171405792
556  0.2274373471736908
212  0.2274366021156311
10  0.22743472456932068
146  0.22742994129657745
700  0.22742398083209991
178  0.2274145632982254
798  0.2274114489555359
517  0.22740711271762848
956  0.2274041324853897
331  0.22740210592746735
769  0.22740168869495392
733  0.2274012416601181
360  0.22740112245082855
50  0.22739887237548828
475  0.22739724814891815
6  0.22739571332931519
282  0.2273925095796585
824  0.22739191353321075
841  0.22738733887672424
253  0.22738328576087952
757  0.22738170623779297
386  0.22738142311573029
39  0.22737514972686768
100  0.2273629754781723
905  0.22736014425754547
924  0.2273562252521515
749  0.22735381126403809
239  0.22735196352005005
330  0.22734764218330383
306  0.22734232246875763
565  0.22734101116657257
391  0.22734086215496063
473  0.22734017670154572
858  0.22733202576637268
326  0.22733132541179657
777  0.22732679545879364
361  0.2273261994123459
737  0.22732599079608917
59  0.22732551395893097
856  0.22732441127300262
709  0.22732186317443848
982  0.2273211032152176
622  0.22731846570968628
720  0.22730723023414612
157  0.22730597853660583
428  0.22730088233947754
389  0.22729812562465668
134  0.22729378938674927
125  0.22729341685771942
620  0.22729255259037018
904  0.22729229927062988
164  0.2272905558347702
280  0.22728225588798523
257  0.22728218138217926
275  0.22728119790554047
378  0.22728028893470764
910  0.22727838158607483
861  0.2272757589817047
903  0.22727221250534058
478  0.2272719293832779
948  0.2272697389125824
340  0.22726966440677643
804  0.22726964950561523
747  0.22725972533226013
950  0.2272559553384781
774  0.2272518128156662
15  0.22724886238574982
829  0.22724151611328125
945  0.22723954916000366
170  0.22723811864852905
740  0.22723796963691711
348  0.2272377759218216
210  0.22723297774791718
462  0.22723211348056793
880  0.2272300273180008
267  0.22722728550434113
960  0.22722724080085754
540  0.22722573578357697
485  0.2272244393825531
388  0.227206289768219
145  0.22720611095428467
436  0.22720059752464294
9  0.2272002398967743
79  0.22719942033290863
401  0.2271958291530609
355  0.2271939516067505
790  0.22719356417655945
408  0.22719231247901917
697  0.2271912544965744
690  0.22718510031700134
477  0.2271784543991089
323  0.22717633843421936
286  0.22717486321926117
936  0.2271733283996582
383  0.22717225551605225
31  0.2271663397550583
293  0.2271650731563568
521  0.2271556705236435
141  0.22715254127979279
677  0.22715197503566742
384  0.22715117037296295
34  0.22714222967624664
555  0.22713898122310638
99  0.22713874280452728
63  0.22713643312454224
522  0.22713632881641388
71  0.22713568806648254
163  0.22713187336921692
514  0.2271314114332199
944  0.22713017463684082
98  0.22712990641593933
55  0.22712936997413635
149  0.2271285504102707
357  0.22712847590446472
177  0.2271249145269394
144  0.2271236926317215
972  0.22712339460849762
962  0.22712215781211853
204  0.22711613774299622
818  0.22710764408111572
940  0.22710423171520233
80  0.2270827442407608
353  0.22707867622375488
921  0.22707408666610718
792  0.2270740121603012
823  0.22707197070121765
866  0.22706958651542664
779  0.2270689159631729
65  0.22706812620162964
175  0.22706004977226257
272  0.22705994546413422
199  0.22705478966236115
271  0.22705426812171936
380  0.22705380618572235
213  0.22705078125
890  0.22704166173934937
47  0.2270282804965973
24  0.2270268350839615
833  0.22702673077583313
735  0.22702407836914062
623  0.22702021896839142
446  0.22701825201511383
975  0.22701825201511383
901  0.22701594233512878
947  0.2270120233297348
219  0.2270105928182602
44  0.2270062118768692
418  0.22700552642345428
114  0.22700518369674683
276  0.2270042598247528
512  0.2270030677318573
201  0.2269997000694275
423  0.2269965410232544
316  0.2269936352968216
344  0.22698555886745453
296  0.22698472440242767
607  0.22698067128658295
441  0.226976215839386
246  0.22697575390338898
881  0.2269742339849472
96  0.22697359323501587
532  0.22696992754936218
718  0.2269674688577652
803  0.22696730494499207
688  0.22696641087532043
712  0.2269628345966339
142  0.22695514559745789
281  0.22695113718509674
58  0.22695079445838928
207  0.22694943845272064
919  0.2269420474767685
884  0.22694113850593567
254  0.2269350290298462
846  0.22693419456481934
859  0.226933553814888
500  0.22693316638469696
356  0.2269287407398224
966  0.2269252985715866
547  0.2269209325313568
421  0.22692063450813293
611  0.22691695392131805
259  0.22691380977630615
20  0.22690080106258392
806  0.22689658403396606
61  0.2268962860107422
908  0.2268957942724228
605  0.2268950641155243
821  0.22688518464565277
979  0.2268829345703125
364  0.22688283026218414
934  0.22687414288520813
321  0.22686825692653656
443  0.22685687243938446
97  0.22685132920742035
56  0.22684773802757263
407  0.2268466055393219
537  0.22682364284992218
295  0.22682182490825653
133  0.22680966556072235
912  0.22680500149726868
215  0.22680431604385376
913  0.22680269181728363
327  0.22679857909679413
244  0.22679781913757324
262  0.22679752111434937
174  0.2267906367778778
64  0.22678020596504211
711  0.22677412629127502
116  0.22676554322242737
729  0.22676508128643036
553  0.22676272690296173
115  0.22676169872283936
45  0.2267545759677887
362  0.2267446517944336
162  0.22674207389354706
911  0.22673316299915314
311  0.22671926021575928
801  0.22671163082122803
240  0.22670535743236542
970  0.2267010658979416
914  0.2266959547996521
7  0.22669139504432678
301  0.2266906350851059
382  0.22668614983558655
463  0.22668181359767914
518  0.22667600214481354
882  0.22667397558689117
897  0.22667154669761658
746  0.2266683578491211
205  0.22666311264038086
719  0.22665782272815704
456  0.22665630280971527
8  0.22665131092071533
182  0.22664523124694824
375  0.22664283215999603
277  0.22664229571819305
264  0.22663989663124084
392  0.2266344130039215
420  0.22663377225399017
692  0.22662946581840515
113  0.22661954164505005
728  0.22661888599395752
294  0.22661706805229187
5  0.22660955786705017
158  0.22660620510578156
69  0.22660507261753082
124  0.22660274803638458
354  0.22659537196159363
68  0.2265930324792862
73  0.2265770435333252
222  0.22657334804534912
173  0.22655797004699707
300  0.22655494511127472
70  0.22654001414775848
203  0.22653526067733765
869  0.22652722895145416
40  0.22652123868465424
258  0.22651074826717377
298  0.22651055455207825
188  0.22650504112243652
314  0.2265026718378067
230  0.22649219632148743
349  0.22649192810058594
404  0.22648918628692627
52  0.22648784518241882
917  0.22648067772388458
736  0.22647106647491455
184  0.2264624685049057
983  0.22645390033721924
87  0.2264518290758133
29  0.22643576562404633
33  0.2264300435781479
894  0.22641845047473907
218  0.22641544044017792
379  0.22640395164489746
784  0.22640261054039001
943  0.22640153765678406
930  0.22638379037380219
535  0.2263837456703186
237  0.22638340294361115
368  0.22637413442134857
266  0.22636888921260834
200  0.22636468708515167
138  0.22635136544704437
49  0.22634288668632507
180  0.22633668780326843
425  0.22630317509174347
826  0.22628769278526306
419  0.2262825220823288
469  0.22627930343151093
980  0.22625800967216492
785  0.22625303268432617
496  0.22625161707401276
322  0.22624990344047546
308  0.22624756395816803
274  0.2262415587902069
260  0.22621573507785797
224  0.22621478140354156
964  0.2261863648891449
872  0.22618445754051208
226  0.22617831826210022
36  0.22616343200206757
642  0.22612929344177246
961  0.2261086106300354
942  0.22608759999275208
217  0.22607620060443878
370  0.22607466578483582
941  0.22606432437896729
398  0.2260451465845108
464  0.22604374587535858
225  0.22603389620780945
81  0.2260289341211319
171  0.2260122150182724
898  0.22599628567695618
888  0.22599200904369354
399  0.2259853333234787
434  0.22598211467266083
717  0.22597862780094147
444  0.22596000134944916
169  0.2259521186351776
119  0.22594857215881348
278  0.22591358423233032
336  0.22590747475624084
918  0.22587428987026215
42  0.22585731744766235
837  0.22583763301372528
66  0.2257622927427292
834  0.2257569432258606
108  0.2257382869720459
235  0.2256273627281189
814  0.22551187872886658
305  0.22547902166843414
325  0.2254674881696701
176  0.22541974484920502
62  0.22538737952709198
220  0.22538714110851288
844  0.22531943023204803
516  0.2253188043832779
345  0.22530630230903625
13  0.22529850900173187
131  0.22520406544208527
211  0.22515715658664703
231  0.2250557243824005
358  0.22504934668540955
265  0.2249903380870819
118  0.22492161393165588
221  0.22488437592983246
123  0.22461436688899994
