687  0.21577586233615875
829  0.21574869751930237
331  0.21546348929405212
321  0.21510401368141174
727  0.21509061753749847
820  0.2150672823190689
943  0.21504919230937958
809  0.2150195986032486
708  0.2150002121925354
478  0.21497198939323425
83  0.21494300663471222
48  0.21493467688560486
149  0.21488848328590393
244  0.21487486362457275
184  0.2148655503988266
615  0.2148105502128601
693  0.21479035913944244
773  0.214776411652565
635  0.21471861004829407
187  0.21469061076641083
188  0.21467311680316925
47  0.21466486155986786
303  0.21464639902114868
770  0.21464437246322632
603  0.21463292837142944
351  0.214604452252388
782  0.21459226310253143
561  0.2145805060863495
666  0.21456527709960938
935  0.21456383168697357
755  0.21456299722194672
912  0.21455585956573486
544  0.21455460786819458
733  0.2145540416240692
277  0.21455197036266327
978  0.2145473212003708
349  0.2145458310842514
375  0.2145431488752365
789  0.21453027427196503
191  0.21452881395816803
1008  0.2145167738199234
576  0.21450795233249664
776  0.21449843049049377
128  0.21449080109596252
148  0.21448491513729095
531  0.2144811898469925
838  0.2144756317138672
731  0.21447423100471497
320  0.21445325016975403
107  0.21444889903068542
373  0.21443606913089752
230  0.21443480253219604
213  0.2144337296485901
804  0.2144327163696289
313  0.21443085372447968
752  0.21442022919654846
398  0.214400053024292
646  0.21439796686172485
389  0.21439623832702637
683  0.21438343822956085
535  0.2143716961145401
141  0.21436363458633423
792  0.214362233877182
208  0.21435986459255219
317  0.21435633301734924
724  0.21435102820396423
721  0.21434929966926575
143  0.21434780955314636
121  0.21434718370437622
168  0.2143464982509613
843  0.21433815360069275
999  0.21432939171791077
471  0.2143288254737854
41  0.2143286019563675
590  0.21432095766067505
326  0.21431730687618256
78  0.2143169343471527
156  0.2143111675977707
754  0.21431000530719757
153  0.21430812776088715
694  0.21430067718029022
521  0.21429133415222168
990  0.21428900957107544
199  0.21428872644901276
461  0.21428847312927246
134  0.21428696811199188
139  0.21428197622299194
1031  0.21427498757839203
358  0.21427296102046967
271  0.2142709493637085
253  0.21427036821842194
565  0.21426451206207275
352  0.21426212787628174
34  0.21425966918468475
652  0.21425548195838928
883  0.21425111591815948
501  0.21425014734268188
599  0.21424716711044312
814  0.21424542367458344
1040  0.21423837542533875
385  0.21422924101352692
845  0.21422800421714783
97  0.21422599256038666
553  0.21420826017856598
407  0.21419072151184082
498  0.21419022977352142
536  0.21418845653533936
609  0.21418774127960205
589  0.21418516337871552
610  0.21418504416942596
871  0.21418198943138123
588  0.21418096125125885
428  0.21417750418186188
291  0.21416769921779633
607  0.21416613459587097
126  0.21415947377681732
530  0.21415838599205017
668  0.21415628492832184
414  0.21415193378925323
242  0.21415062248706818
941  0.21414698660373688
629  0.21414662897586823
661  0.21414542198181152
702  0.21414539217948914
164  0.21413549780845642
611  0.21413494646549225
703  0.2141338586807251
408  0.214132621884346
381  0.21413245797157288
746  0.21413131058216095
796  0.21413055062294006
882  0.2141275554895401
221  0.21412450075149536
939  0.21412169933319092
133  0.21411815285682678
181  0.21411500871181488
353  0.2141111195087433
529  0.21410714089870453
756  0.21410508453845978
477  0.21410292387008667
424  0.21410003304481506
528  0.21409998834133148
925  0.21409599483013153
276  0.2140958607196808
760  0.2140895128250122
1033  0.21408842504024506
910  0.21408537030220032
387  0.21407775580883026
17  0.21407409012317657
118  0.21406883001327515
922  0.21406866610050201
730  0.21406862139701843
534  0.21406854689121246
555  0.21405591070652008
697  0.21405409276485443
890  0.21405337750911713
583  0.21404747664928436
868  0.2140464335680008
50  0.21404467523097992
525  0.21403706073760986
584  0.21403691172599792
633  0.21403349936008453
921  0.2140299528837204
297  0.21402594447135925
286  0.21402430534362793
856  0.21402139961719513
675  0.21402022242546082
189  0.21401676535606384
454  0.21401074528694153
743  0.21401053667068481
455  0.21400855481624603
769  0.21400611102581024
601  0.21400316059589386
1047  0.21400056779384613
73  0.2140001654624939
240  0.21399979293346405
753  0.21399754285812378
777  0.2139974981546402
670  0.2139943540096283
306  0.21399204432964325
259  0.2139858454465866
1069  0.21398566663265228
847  0.21397724747657776
338  0.21397365629673004
160  0.21397139132022858
218  0.2139657586812973
685  0.21396392583847046
1053  0.21395981311798096
714  0.21395941078662872
31  0.2139592468738556
1046  0.213959202170372
20  0.21395890414714813
543  0.21395613253116608
255  0.2139555662870407
190  0.21395248174667358
319  0.213945671916008
459  0.2139453887939453
127  0.21394392848014832
701  0.21393395960330963
678  0.2139325886964798
137  0.21392858028411865
197  0.21392564475536346
380  0.213924378156662
641  0.213921457529068
1028  0.21391822397708893
368  0.21391800045967102
651  0.21391597390174866
468  0.21391582489013672
779  0.21391429007053375
772  0.2139076143503189
813  0.2139071375131607
594  0.21390292048454285
597  0.21389976143836975
390  0.21389779448509216
908  0.21389703452587128
786  0.21388894319534302
423  0.21388550102710724
636  0.21388475596904755
267  0.21388456225395203
1002  0.21388331055641174
67  0.21388283371925354
767  0.21387699246406555
781  0.2138683795928955
929  0.21386712789535522
705  0.21386706829071045
630  0.21386565268039703
396  0.2138625532388687
828  0.2138625532388687
420  0.2138536125421524
465  0.21385334432125092
870  0.2138531357049942
32  0.21385173499584198
981  0.2138497680425644
997  0.21384838223457336
232  0.21383817493915558
51  0.21383391320705414
567  0.21383297443389893
660  0.21383102238178253
65  0.21383097767829895
289  0.21382993459701538
1024  0.2138298600912094
386  0.21382781863212585
125  0.21382372081279755
278  0.21381741762161255
700  0.21381455659866333
2  0.21381253004074097
554  0.21381086111068726
570  0.21381044387817383
749  0.21379563212394714
337  0.21379360556602478
365  0.21379011869430542
280  0.21378642320632935
403  0.21378351747989655
797  0.21377970278263092
771  0.21377965807914734
587  0.2137785702943802
578  0.21377788484096527
549  0.21377617120742798
960  0.21377596259117126
832  0.2137744277715683
144  0.21377426385879517
709  0.21377356350421906
745  0.21377232670783997
99  0.21377168595790863
623  0.21377046406269073
173  0.21376894414424896
729  0.21376749873161316
861  0.21376007795333862
907  0.21375824511051178
711  0.21375198662281036
923  0.21375198662281036
740  0.21375159919261932
944  0.21375073492527008
695  0.21374674141407013
57  0.2137448936700821
801  0.21374015510082245
614  0.21373891830444336
560  0.21373562514781952
846  0.21373017132282257
656  0.21372632682323456
606  0.21372441947460175
399  0.21372424066066742
851  0.2137237787246704
345  0.2137196660041809
758  0.213719442486763
130  0.21371787786483765
401  0.21371208131313324
282  0.2137104719877243
572  0.21371017396450043
171  0.21370965242385864
1055  0.21370653808116913
810  0.21370498836040497
1004  0.2137017697095871
765  0.2137017399072647
440  0.21369841694831848
474  0.21369759738445282
460  0.21369758248329163
887  0.21369561553001404
886  0.21369558572769165
556  0.21369414031505585
497  0.21369393169879913
1037  0.2136911004781723
502  0.21368177235126495
415  0.21368078887462616
363  0.21368055045604706
19  0.21367941796779633
934  0.21367870271205902
592  0.2136767953634262
836  0.21367421746253967
911  0.21366997063159943
1009  0.21366915106773376
989  0.213667631149292
227  0.21366754174232483
418  0.21366572380065918
674  0.21366539597511292
443  0.21366366744041443
344  0.2136623114347458
452  0.21366070210933685
716  0.21365895867347717
783  0.21365748345851898
457  0.21365295350551605
446  0.21365199983119965
210  0.2136501669883728
604  0.21364866197109222
821  0.21364812552928925
568  0.21364355087280273
718  0.21364350616931915
79  0.21364246308803558
665  0.2136421948671341
620  0.21364203095436096
38  0.21364133059978485
252  0.21363836526870728
209  0.2136327475309372
339  0.21363088488578796
21  0.21363021433353424
573  0.21363000571727753
968  0.21362827718257904
251  0.21362783014774323
279  0.21362748742103577
359  0.21362537145614624
766  0.21362388134002686
977  0.21362166106700897
18  0.21361958980560303
72  0.21361835300922394
994  0.2136175036430359
336  0.21361590921878815
985  0.21361513435840607
780  0.21361178159713745
515  0.21361173689365387
956  0.21361090242862701
12  0.21360541880130768
787  0.21360328793525696
839  0.21360163390636444
500  0.2136012315750122
634  0.21360059082508087
290  0.2135983258485794
1  0.21359595656394958
131  0.21359330415725708
816  0.21359115839004517
1045  0.213588148355484
30  0.21358753740787506
346  0.21358297765254974
712  0.21358242630958557
644  0.2135811448097229
174  0.21358034014701843
447  0.213579922914505
114  0.21357835829257965
538  0.21357786655426025
340  0.2135773003101349
669  0.21357455849647522
46  0.21357448399066925
44  0.21357324719429016
445  0.2135702222585678
89  0.21356748044490814
1026  0.21356722712516785
394  0.2135663628578186
542  0.21356534957885742
332  0.2135646641254425
571  0.21356287598609924
1039  0.21356201171875
56  0.21355900168418884
49  0.21355895698070526
622  0.21355852484703064
909  0.21355606615543365
889  0.21355563402175903
747  0.2135552614927292
378  0.21355505287647247
186  0.2135544866323471
892  0.21355263888835907
88  0.21355147659778595
648  0.21354861557483673
866  0.213548481464386
406  0.21354757249355316
626  0.21354669332504272
719  0.21354399621486664
768  0.21353982388973236
842  0.21353748440742493
115  0.21353717148303986
33  0.21353588998317719
430  0.2135358303785324
878  0.21353381872177124
158  0.21353095769882202
677  0.21353092789649963
539  0.21353057026863098
546  0.21352973580360413
499  0.21352875232696533
995  0.21352708339691162
548  0.21352699398994446
1014  0.21352674067020416
928  0.213526651263237
655  0.21352584660053253
26  0.21352382004261017
704  0.21352382004261017
965  0.213523730635643
151  0.21352200210094452
858  0.2135159969329834
762  0.21351324021816254
235  0.21351216733455658
311  0.21351072192192078
237  0.2135092169046402
504  0.21350903809070587
979  0.21350666880607605
807  0.2135046124458313
894  0.2135033905506134
1067  0.21350306272506714
817  0.21350041031837463
893  0.2134997397661209
850  0.21349887549877167
419  0.21349875628948212
241  0.21349608898162842
532  0.21349602937698364
493  0.2134954333305359
5  0.21349534392356873
659  0.21349342167377472
1018  0.21349026262760162
689  0.21348778903484344
574  0.21348652243614197
662  0.21348533034324646
384  0.21348513662815094
1016  0.21348467469215393
98  0.21348200738430023
492  0.21348091959953308
734  0.21348083019256592
527  0.21347908675670624
872  0.2134784460067749
725  0.2134760022163391
178  0.21347571909427643
27  0.21347495913505554
980  0.21347405016422272
1005  0.21347148716449738
480  0.21346965432167053
248  0.2134690284729004
152  0.21346476674079895
526  0.21346336603164673
764  0.2134614884853363
967  0.21345862746238708
841  0.21345670521259308
172  0.21345454454421997
1001  0.2134535014629364
81  0.21345262229442596
330  0.21345254778862
577  0.21344934403896332
931  0.213448628783226
904  0.21344733238220215
1000  0.2134459763765335
260  0.2134452909231186
287  0.21344365179538727
637  0.21344085037708282
1036  0.2134404182434082
775  0.21343998610973358
957  0.21343959867954254
945  0.21343442797660828
314  0.2134338617324829
559  0.2134307324886322
146  0.21342907845973969
848  0.2134271264076233
310  0.2134232372045517
268  0.21342161297798157
159  0.21342156827449799
262  0.21342156827449799
270  0.21342132985591888
224  0.2134208232164383
116  0.21342068910598755
707  0.2134198248386383
435  0.21341976523399353
863  0.21341472864151
136  0.21341408789157867
433  0.21341127157211304
827  0.21340936422348022
438  0.2134072333574295
750  0.21340712904930115
877  0.21340712904930115
815  0.21340571343898773
826  0.21340462565422058
347  0.213400200009346
1035  0.21339958906173706
737  0.21339772641658783
582  0.21339723467826843
723  0.21339546144008636
879  0.21339331567287445
812  0.21339285373687744
360  0.2133861482143402
798  0.2133861482143402
672  0.21338407695293427
94  0.21338291466236115
264  0.21338239312171936
367  0.21337783336639404
612  0.21337585151195526
489  0.21337579190731049
1020  0.2133743315935135
1019  0.2133733332157135
217  0.21337179839611053
412  0.21336832642555237
411  0.21336592733860016
481  0.21336416900157928
417  0.21336349844932556
1030  0.21336162090301514
292  0.21336109936237335
835  0.21336029469966888
284  0.2133587747812271
335  0.2133571356534958
1052  0.21335642039775848
717  0.2133534550666809
93  0.21335193514823914
371  0.21335193514823914
932  0.21334995329380035
409  0.21334978938102722
757  0.21334928274154663
511  0.2133491337299347
362  0.21334561705589294
888  0.21334539353847504
95  0.21334077417850494
788  0.213338240981102
421  0.21333272755146027
400  0.21333181858062744
640  0.21332891285419464
234  0.21332602202892303
657  0.21332496404647827
503  0.21332383155822754
581  0.2133234441280365
844  0.21331845223903656
355  0.21331831812858582
436  0.21331831812858582
884  0.21331749856472015
992  0.2133173644542694
1050  0.21331551671028137
748  0.2133154571056366
784  0.21331489086151123
405  0.21331390738487244
309  0.21331319212913513
294  0.21330620348453522
55  0.21330608427524567
625  0.21330580115318298
937  0.21330568194389343
376  0.21330386400222778
312  0.213303342461586
825  0.21330291032791138
1064  0.21330130100250244
673  0.2132958173751831
857  0.21329456567764282
958  0.21329087018966675
245  0.21328885853290558
13  0.2132880687713623
806  0.21328726410865784
602  0.21328404545783997
1034  0.2132798731327057
986  0.21327900886535645
926  0.2132754921913147
895  0.21327371895313263
1051  0.21327316761016846
75  0.2132730633020401
540  0.2132730633020401
195  0.21327191591262817
793  0.21327167749404907
281  0.2132716327905655
1068  0.21326778829097748
906  0.2132670283317566
193  0.2132665365934372
507  0.2132636457681656
228  0.213263601064682
263  0.21325868368148804
690  0.21325840055942535
706  0.21325714886188507
962  0.21325697004795074
865  0.21325676143169403
246  0.21325595676898956
551  0.2132543921470642
441  0.2132541984319687
547  0.21325358748435974
808  0.2132500261068344
653  0.21324218809604645
751  0.2132418304681778
728  0.21324101090431213
613  0.2132374495267868
1065  0.21323733031749725
391  0.21323654055595398
254  0.21323463320732117
196  0.21323303878307343
369  0.21323290467262268
778  0.2132311314344406
35  0.2132297158241272
949  0.2132275551557541
975  0.21322713792324066
132  0.21322686970233917
919  0.2132236212491989
169  0.2132219523191452
520  0.21322079002857208
971  0.21321959793567657
823  0.21321898698806763
1021  0.2132188081741333
970  0.2132173776626587
366  0.21321460604667664
341  0.21321183443069458
837  0.21321165561676025
686  0.21320907771587372
161  0.21320874989032745
514  0.2132081538438797
819  0.21320541203022003
239  0.21320392191410065
824  0.2132020741701126
947  0.2131986767053604
523  0.21319811046123505
348  0.21319663524627686
434  0.21319648623466492
591  0.21319518983364105
624  0.21319495141506195
1062  0.21319490671157837
202  0.21319404244422913
875  0.21319280564785004
663  0.21319180727005005
494  0.21318887174129486
692  0.21318772435188293
328  0.21318519115447998
585  0.2131849080324173
713  0.21318326890468597
831  0.21318188309669495
185  0.21318179368972778
930  0.21317818760871887
273  0.21317759156227112
327  0.21317675709724426
6  0.21317550539970398
300  0.21317429840564728
963  0.21317388117313385
598  0.2131737768650055
913  0.21317274868488312
194  0.21316751837730408
183  0.2131669670343399
969  0.21316608786582947
920  0.21316489577293396
950  0.21316471695899963
145  0.21316133439540863
109  0.2131609320640564
1015  0.21315903961658478
679  0.21315723657608032
1060  0.2131497710943222
397  0.21314892172813416
229  0.21314847469329834
1003  0.21314820647239685
372  0.21314816176891327
103  0.21314802765846252
867  0.21314801275730133
343  0.21314352750778198
519  0.21313408017158508
250  0.21313360333442688
627  0.213131383061409
891  0.21312929689884186
11  0.21312598884105682
1056  0.21312524378299713
205  0.21312262117862701
654  0.21312108635902405
699  0.21312078833580017
933  0.21312052011489868
682  0.21311983466148376
1059  0.21311485767364502
449  0.2131108194589615
325  0.2131071388721466
28  0.21310585737228394
10  0.21310584247112274
903  0.21310384571552277
470  0.21310050785541534
790  0.21309886872768402
763  0.21309873461723328
710  0.21309839189052582
860  0.21309514343738556
233  0.21309074759483337
74  0.2130904197692871
853  0.21308739483356476
165  0.2130855917930603
484  0.213084876537323
176  0.21308180689811707
696  0.2130815088748932
404  0.21307674050331116
377  0.21307463943958282
953  0.21307243406772614
342  0.21306966245174408
388  0.21306917071342468
541  0.2130672186613083
822  0.21306370198726654
154  0.2130580097436905
586  0.2130570411682129
533  0.21305134892463684
122  0.2130504697561264
451  0.21304817497730255
639  0.21304765343666077
741  0.2130459100008011
216  0.21304453909397125
834  0.21303999423980713
490  0.2130388617515564
595  0.21303124725818634
811  0.21302852034568787
862  0.21302679181098938
575  0.21302509307861328
739  0.21302388608455658
85  0.213023841381073
329  0.2130236029624939
1048  0.21302102506160736
62  0.21301570534706116
274  0.21301068365573883
110  0.2130100429058075
855  0.21300631761550903
82  0.21300534904003143
37  0.21300306916236877
422  0.2130015343427658
759  0.2130013406276703
206  0.21300120651721954
550  0.21300019323825836
256  0.21299970149993896
647  0.21299831569194794
974  0.21299754083156586
92  0.21299675107002258
482  0.21299268305301666
488  0.21299152076244354
874  0.21299102902412415
638  0.21298758685588837
432  0.21298542618751526
517  0.21298104524612427
71  0.21297962963581085
266  0.21297910809516907
68  0.21297888457775116
552  0.21297627687454224
258  0.21297499537467957
467  0.2129744291305542
162  0.21297040581703186
880  0.21297019720077515
600  0.21296820044517517
1042  0.21296153962612152
163  0.2129606306552887
175  0.21295924484729767
524  0.21295730769634247
410  0.21295680105686188
681  0.21295389533042908
664  0.21295161545276642
736  0.21294935047626495
738  0.21294820308685303
905  0.212943896651268
466  0.21294210851192474
395  0.2129412591457367
96  0.2129369080066681
392  0.21293583512306213
3  0.21293525397777557
104  0.21293498575687408
632  0.21293224394321442
505  0.21293051540851593
927  0.21292941272258759
774  0.21292923390865326
42  0.21292895078659058
90  0.21291927993297577
370  0.21291899681091309
954  0.2129175215959549
100  0.2129165232181549
301  0.21291570365428925
483  0.21291136741638184
898  0.2129097878932953
475  0.21290738880634308
374  0.2129073441028595
645  0.21290643513202667
566  0.21290628612041473
735  0.2129024714231491
361  0.21290139853954315
569  0.21290092170238495
135  0.2128991037607193
334  0.2128991037607193
902  0.21289876103401184
288  0.21289539337158203
802  0.21289503574371338
901  0.212895005941391
427  0.212892085313797
984  0.21289104223251343
715  0.21288730204105377
1025  0.2128858119249344
742  0.2128855288028717
593  0.21288199722766876
579  0.2128819078207016
617  0.21288108825683594
425  0.21288041770458221
462  0.21287721395492554
993  0.21287697553634644
167  0.2128763645887375
795  0.2128763347864151
491  0.21287615597248077
618  0.21287283301353455
40  0.21287254989147186
379  0.21287144720554352
1017  0.21286876499652863
946  0.21286843717098236
803  0.21286314725875854
247  0.21285907924175262
220  0.21285857260227203
249  0.2128531038761139
537  0.212852343916893
732  0.2128426730632782
545  0.21284255385398865
111  0.21284238994121552
596  0.2128407210111618
794  0.21283893287181854
619  0.21283674240112305
508  0.21283671259880066
219  0.2128361016511917
1063  0.21283571422100067
354  0.212834432721138
283  0.2128339409828186
456  0.21283389627933502
299  0.2128317803144455
631  0.21282944083213806
84  0.21282780170440674
852  0.21282748878002167
238  0.21282657980918884
87  0.21282361447811127
215  0.21282212436199188
463  0.21282102167606354
226  0.21281999349594116
506  0.2128194272518158
453  0.21281912922859192
667  0.21281833946704865
324  0.21281643211841583
487  0.21281038224697113
142  0.21280711889266968
562  0.21280258893966675
214  0.21280212700366974
198  0.2128002941608429
333  0.21279749274253845
991  0.21279636025428772
924  0.21279187500476837
105  0.21278953552246094
650  0.21278789639472961
269  0.21278686821460724
43  0.2127867192029953
605  0.2127848118543625
496  0.21278375387191772
1058  0.21278245747089386
557  0.21278120577335358
881  0.2127755880355835
621  0.21277235448360443
458  0.21276022493839264
101  0.21275965869426727
799  0.21275955438613892
66  0.21275901794433594
976  0.2127583920955658
744  0.2127579152584076
350  0.21275416016578674
854  0.21275392174720764
785  0.2127501219511032
896  0.2127494066953659
1012  0.21274617314338684
450  0.2127433866262436
138  0.21274279057979584
315  0.21273471415042877
791  0.21273186802864075
322  0.21273066103458405
182  0.21272335946559906
486  0.2127189189195633
805  0.21271593868732452
112  0.21270813047885895
859  0.21270804107189178
761  0.2127070128917694
564  0.21270668506622314
876  0.21270407736301422
52  0.21270377933979034
155  0.2126980721950531
998  0.21269695460796356
899  0.21269682049751282
476  0.21269632875919342
698  0.2126922756433487
1061  0.21268939971923828
61  0.2126883864402771
77  0.2126827985048294
885  0.21268045902252197
473  0.2126779705286026
307  0.2126735895872116
628  0.21267233788967133
261  0.21266822516918182
680  0.21266750991344452
676  0.21266356110572815
982  0.2126610279083252
720  0.2126600742340088
293  0.21265515685081482
147  0.21265143156051636
1023  0.212650328874588
302  0.21264757215976715
129  0.21264170110225677
113  0.21263889968395233
316  0.2126358598470688
952  0.21263541281223297
1032  0.21263369917869568
265  0.21263179183006287
192  0.21263174712657928
671  0.21262846887111664
123  0.21262812614440918
4  0.2126235067844391
722  0.21262317895889282
1013  0.21261534094810486
318  0.21261480450630188
830  0.212612122297287
308  0.21261143684387207
964  0.21260087192058563
1007  0.21259965002536774
691  0.21259836852550507
818  0.2125977724790573
942  0.2125977724790573
869  0.21259357035160065
16  0.21258991956710815
833  0.21258652210235596
988  0.2125832885503769
1027  0.21257734298706055
688  0.21257463097572327
382  0.21256902813911438
917  0.21256786584854126
236  0.21255971491336823
495  0.21255360543727875
429  0.21254980564117432
416  0.2125449776649475
914  0.2125435620546341
951  0.2125360667705536
222  0.21253074705600739
938  0.21252784132957458
413  0.21252654492855072
357  0.21251672506332397
563  0.2125166356563568
7  0.21251502633094788
383  0.2125108242034912
119  0.21250855922698975
225  0.21250729262828827
86  0.21250668168067932
510  0.21250617504119873
1054  0.21250419318675995
45  0.21248450875282288
509  0.21248072385787964
29  0.2124718576669693
180  0.21247181296348572
485  0.2124716192483902
643  0.21247081458568573
9  0.21247074007987976
58  0.21246905624866486
60  0.21246901154518127
649  0.21246035397052765
955  0.21245810389518738
616  0.2124568074941635
936  0.21245522797107697
207  0.21244756877422333
522  0.21244707703590393
204  0.21243582665920258
442  0.21243351697921753
8  0.21242623031139374
275  0.21242310106754303
684  0.21241895854473114
1044  0.21240121126174927
166  0.21239914000034332
36  0.21239447593688965
39  0.21239317953586578
516  0.2123909294605255
201  0.21238593757152557
800  0.21237727999687195
1022  0.21237687766551971
356  0.2123750001192093
285  0.21237412095069885
80  0.2123715877532959
53  0.21236053109169006
431  0.21235913038253784
580  0.21235911548137665
966  0.21235805749893188
915  0.21235264837741852
1029  0.21234819293022156
64  0.21234121918678284
849  0.2123405784368515
959  0.21234053373336792
140  0.21233975887298584
402  0.21233095228672028
726  0.21233008801937103
91  0.21232008934020996
157  0.21231941878795624
961  0.21230609714984894
54  0.2123018503189087
24  0.21229325234889984
231  0.21228951215744019
900  0.21228839457035065
918  0.21228525042533875
983  0.21228383481502533
15  0.21227142214775085
1066  0.21226619184017181
257  0.21226583421230316
243  0.21226410567760468
212  0.2122558206319809
1041  0.21225383877754211
973  0.21225325763225555
150  0.2122516930103302
124  0.2122495472431183
464  0.21224644780158997
1010  0.21224117279052734
106  0.21223536133766174
1043  0.2122245877981186
916  0.21221968531608582
437  0.21221840381622314
25  0.212212473154068
364  0.2122073620557785
472  0.21219977736473083
102  0.21218599379062653
469  0.21218550205230713
513  0.21218009293079376
117  0.2121751606464386
69  0.2121487408876419
272  0.21214567124843597
179  0.21212323009967804
70  0.21212129294872284
448  0.21211571991443634
840  0.21211563050746918
864  0.21210399270057678
305  0.21210001409053802
642  0.2120947688817978
59  0.21208542585372925
439  0.2120811492204666
479  0.21207399666309357
296  0.21206697821617126
211  0.2120433896780014
170  0.21204137802124023
558  0.21202516555786133
972  0.21202440559864044
304  0.21200339496135712
897  0.2119949460029602
108  0.2119874507188797
23  0.21198637783527374
608  0.2119757980108261
444  0.21197569370269775
1011  0.21197398006916046
295  0.21197004616260529
22  0.21195663511753082
393  0.21193066239356995
203  0.21191728115081787
223  0.211899071931839
323  0.21185369789600372
518  0.21184782683849335
1038  0.2118387520313263
63  0.21183784306049347
512  0.2118348628282547
120  0.21181777119636536
14  0.21179690957069397
996  0.21178776025772095
658  0.211783304810524
948  0.21176311373710632
1049  0.21173863112926483
873  0.21172106266021729
426  0.21170485019683838
298  0.21167971193790436
1006  0.21167168021202087
1057  0.21161003410816193
76  0.21159502863883972
177  0.2115912139415741
940  0.21153166890144348
987  0.2113565057516098
200  0.21128758788108826
