740  0.2358027696609497
468  0.23578660190105438
610  0.23578277230262756
127  0.23563574254512787
49  0.2355903685092926
1181  0.23558449745178223
1252  0.23557385802268982
711  0.23556993901729584
522  0.2354726642370224
52  0.23540610074996948
316  0.2353340983390808
539  0.23529890179634094
1126  0.23529121279716492
104  0.23524069786071777
45  0.23522929847240448
744  0.23522523045539856
536  0.2352059781551361
1189  0.23519574105739594
1131  0.23515678942203522
571  0.23514389991760254
265  0.23514023423194885
1012  0.235134556889534
941  0.23509450256824493
97  0.23508991301059723
19  0.23506107926368713
81  0.23504532873630524
1180  0.23504100739955902
320  0.23503521084785461
1284  0.23503342270851135
527  0.23501572012901306
103  0.23500576615333557
717  0.23499645292758942
575  0.23498491942882538
972  0.23496264219284058
162  0.23496100306510925
692  0.23493890464305878
5  0.234938845038414
212  0.2349269986152649
181  0.23492439091205597
141  0.23491963744163513
57  0.2349143773317337
683  0.2349112629890442
106  0.23488527536392212
160  0.23488517105579376
454  0.23486633598804474
22  0.23484544456005096
675  0.23484405875205994
105  0.23484237492084503
86  0.23483771085739136
948  0.2348359078168869
55  0.23483209311962128
1  0.23482587933540344
62  0.2348148375749588
706  0.23480840027332306
151  0.2348058819770813
624  0.23480290174484253
1246  0.23479674756526947
293  0.2347954660654068
1143  0.2347920686006546
119  0.2347857654094696
147  0.23477564752101898
1281  0.23477540910243988
156  0.23477493226528168
269  0.23477399349212646
108  0.23476886749267578
671  0.23476789891719818
190  0.23475544154644012
1025  0.2347530722618103
277  0.23474711179733276
1172  0.23473593592643738
1085  0.23473025858402252
520  0.23472973704338074
940  0.23471324145793915
1133  0.23471252620220184
636  0.23470574617385864
882  0.23470373451709747
239  0.2347026765346527
651  0.2347019910812378
183  0.23469732701778412
71  0.23469682037830353
1209  0.23468996584415436
118  0.23468910157680511
897  0.23468492925167084
545  0.2346842885017395
421  0.23467066884040833
716  0.23466598987579346
116  0.23466286063194275
197  0.2346600592136383
205  0.23465310037136078
390  0.23464886844158173
753  0.23464596271514893
748  0.23464283347129822
1249  0.2346382886171341
82  0.23463793098926544
676  0.2346370369195938
1039  0.23463653028011322
1205  0.23463614284992218
658  0.23463593423366547
930  0.2346319854259491
589  0.2346295714378357
1033  0.2346256673336029
687  0.2346213310956955
150  0.23462043702602386
149  0.23461897671222687
148  0.23461802303791046
1011  0.23461757600307465
886  0.23461446166038513
92  0.23459501564502716
864  0.2345929592847824
177  0.23458947241306305
409  0.23458898067474365
90  0.23458708822727203
1286  0.23458123207092285
700  0.23457978665828705
593  0.23457595705986023
496  0.23456604778766632
270  0.23455646634101868
780  0.23455467820167542
1083  0.2345503866672516
298  0.23454953730106354
720  0.23453669250011444
56  0.23453474044799805
1257  0.23452980816364288
120  0.23452918231487274
677  0.23452839255332947
949  0.23452483117580414
1178  0.23452472686767578
769  0.23452383279800415
288  0.23451992869377136
1107  0.23451796174049377
1021  0.23451606929302216
1184  0.23451568186283112
476  0.23451271653175354
510  0.23451127111911774
93  0.23450370132923126
15  0.2345016449689865
1145  0.23449908196926117
1274  0.23449905216693878
1020  0.23449735343456268
9  0.23449666798114777
11  0.2344927042722702
830  0.23449204862117767
750  0.23448342084884644
1224  0.23448140919208527
814  0.23448030650615692
907  0.23447275161743164
37  0.23447254300117493
900  0.23447208106517792
397  0.23446591198444366
1267  0.2344653606414795
20  0.23446373641490936
1282  0.23446308076381683
644  0.23446153104305267
143  0.23446127772331238
223  0.23445965349674225
565  0.23445944488048553
702  0.23445844650268555
285  0.23445576429367065
899  0.23445367813110352
809  0.23445188999176025
1196  0.23444953560829163
808  0.23444892466068268
524  0.23444774746894836
131  0.23444515466690063
21  0.2344440072774887
327  0.23443983495235443
480  0.23443810641765594
617  0.2344370037317276
1275  0.23443150520324707
756  0.2344302386045456
1227  0.23442791402339935
102  0.23442474007606506
517  0.23442359268665314
367  0.2344166487455368
1042  0.2344117909669876
758  0.2344076782464981
1276  0.23440639674663544
782  0.2344031035900116
913  0.23440173268318176
16  0.2344008982181549
540  0.23440039157867432
976  0.23439931869506836
792  0.23439858853816986
244  0.2343982309103012
884  0.2343972772359848
892  0.23439599573612213
1216  0.23438869416713715
672  0.23438739776611328
1200  0.2343866229057312
1228  0.23438555002212524
72  0.23437795042991638
647  0.23437553644180298
135  0.23436768352985382
924  0.23436585068702698
945  0.2343629151582718
854  0.23435759544372559
355  0.23435725271701813
339  0.23435565829277039
1232  0.23435115814208984
379  0.23435060679912567
161  0.23435033857822418
182  0.23434998095035553
996  0.23434635996818542
231  0.2343456745147705
1225  0.23434510827064514
1236  0.2343418002128601
76  0.23434169590473175
69  0.23434023559093475
180  0.23433630168437958
475  0.23433542251586914
1150  0.23433294892311096
1244  0.23433148860931396
1088  0.2343314290046692
1234  0.2343258261680603
462  0.23432467877864838
323  0.23432141542434692
820  0.2343151718378067
965  0.2343144714832306
633  0.23431211709976196
303  0.23431111872196198
1089  0.23431096971035004
1210  0.2343088686466217
869  0.234308660030365
766  0.23430800437927246
813  0.23430557548999786
901  0.23430095613002777
1114  0.2343006730079651
439  0.23429907858371735
225  0.23429742455482483
452  0.23429188132286072
742  0.23428887128829956
1076  0.2342885583639145
6  0.23428763449192047
905  0.23428551852703094
557  0.2342853546142578
513  0.23428507149219513
642  0.23428300023078918
85  0.23428159952163696
372  0.23427976667881012
117  0.23427970707416534
585  0.23427481949329376
1142  0.23427385091781616
538  0.23427237570285797
558  0.23427164554595947
322  0.23427054286003113
146  0.2342689037322998
65  0.23426732420921326
525  0.23426620662212372
353  0.23426607251167297
174  0.23426426947116852
601  0.23426343500614166
733  0.23425911366939545
967  0.23425766825675964
101  0.23425762355327606
67  0.23425540328025818
528  0.23425251245498657
226  0.234246164560318
73  0.23424527049064636
129  0.23424291610717773
394  0.2342425435781479
224  0.23424062132835388
507  0.23424032330513
806  0.23423807322978973
611  0.23423737287521362
178  0.2342364341020584
17  0.2342352271080017
648  0.2342323660850525
656  0.2342286854982376
968  0.23422078788280487
908  0.2342207282781601
1242  0.2342187911272049
1044  0.23421843349933624
576  0.23421460390090942
1193  0.234214186668396
530  0.23421348631381989
1213  0.2342127561569214
497  0.23421116173267365
631  0.2342103272676468
444  0.23420880734920502
221  0.23420843482017517
798  0.23420797288417816
1255  0.2342057228088379
729  0.2342052012681961
863  0.23420435190200806
619  0.23420383036136627
137  0.2342030555009842
1015  0.23420299589633942
396  0.23419803380966187
670  0.23419640958309174
822  0.23419614136219025
887  0.23419395089149475
63  0.23418861627578735
1239  0.23418813943862915
218  0.23418748378753662
681  0.23418213427066803
1215  0.23417767882347107
638  0.23417657613754272
472  0.23417572677135468
781  0.23417475819587708
33  0.23417413234710693
247  0.2341718226671219
1017  0.2341698408126831
821  0.2341689169406891
1269  0.23416797816753387
588  0.2341672033071518
488  0.23416617512702942
395  0.234165757894516
501  0.2341642677783966
569  0.2341642677783966
1288  0.23415231704711914
1206  0.2341480553150177
263  0.23414719104766846
946  0.23414631187915802
674  0.23414191603660583
705  0.2341412901878357
487  0.2341407835483551
1161  0.2341381013393402
222  0.23413747549057007
437  0.234137162566185
811  0.23413436114788055
220  0.23413339257240295
1259  0.23413331806659698
111  0.23413176834583282
1048  0.2341271936893463
1233  0.2341265231370926
1251  0.23412220180034637
215  0.23411938548088074
2  0.23411859571933746
779  0.23411844670772552
1220  0.23411786556243896
1006  0.2341170310974121
1182  0.23411665856838226
43  0.2341148406267166
185  0.23411443829536438
188  0.23411411046981812
1263  0.23411114513874054
168  0.23410777747631073
599  0.23410652577877045
1125  0.23410454392433167
668  0.23410135507583618
643  0.23409803211688995
1121  0.2340848296880722
1289  0.23408368229866028
621  0.23408357799053192
1231  0.2340804487466812
36  0.23407725989818573
4  0.23407718539237976
14  0.23407718539237976
995  0.23407621681690216
276  0.23407600820064545
1273  0.23407600820064545
392  0.2340759038925171
433  0.2340751439332962
1187  0.23407407104969025
258  0.23407380282878876
805  0.2340732365846634
445  0.23407292366027832
1113  0.23407268524169922
556  0.2340710461139679
902  0.23406678438186646
613  0.23406460881233215
1156  0.23406252264976501
512  0.23406006395816803
79  0.23405881226062775
453  0.2340526431798935
1099  0.2340507209300995
694  0.2340468466281891
1005  0.23404628038406372
481  0.23404596745967865
1137  0.2340397983789444
169  0.2340395450592041
597  0.23403823375701904
1018  0.2340368777513504
48  0.23403342068195343
310  0.23403337597846985
726  0.23403285443782806
280  0.2340327501296997
1195  0.2340303212404251
1071  0.23402966558933258
1082  0.23402820527553558
1000  0.2340269535779953
494  0.23402619361877441
155  0.23402580618858337
928  0.2340250164270401
255  0.23402224481105804
778  0.2340204268693924
503  0.23401957750320435
715  0.23401936888694763
336  0.23401550948619843
1135  0.23401404917240143
186  0.23401133716106415
114  0.2340102344751358
354  0.23400968313217163
87  0.23400291800498962
1003  0.23400291800498962
473  0.23400232195854187
629  0.23400060832500458
634  0.23399724066257477
1096  0.23399582505226135
1264  0.23399566113948822
1198  0.23399347066879272
484  0.2339925318956375
785  0.23399238288402557
207  0.2339918315410614
754  0.23399107158184052
18  0.23399002850055695
657  0.23398791253566742
614  0.2339836061000824
125  0.2339819371700287
144  0.23398080468177795
213  0.23397979140281677
966  0.23397932946681976
765  0.23397530615329742
58  0.23397375643253326
582  0.2339731603860855
370  0.23397284746170044
136  0.2339680939912796
1278  0.2339666336774826
297  0.23396426439285278
1271  0.23396256566047668
639  0.23396222293376923
549  0.23395909368991852
1153  0.23395828902721405
652  0.23395630717277527
498  0.23395510017871857
123  0.2339547872543335
685  0.23395326733589172
880  0.23395061492919922
326  0.23395051062107086
1167  0.23394881188869476
922  0.23394811153411865
1176  0.2339438796043396
467  0.23394273221492767
1243  0.23394152522087097
1160  0.23393557965755463
1128  0.23393550515174866
980  0.23393499851226807
1163  0.23392987251281738
603  0.233929842710495
755  0.2339290827512741
252  0.2339281141757965
1036  0.2339276224374771
42  0.23392748832702637
1047  0.233927384018898
171  0.23392730951309204
923  0.23392273485660553
201  0.23392049968242645
499  0.23391976952552795
1222  0.23391883075237274
491  0.2339172065258026
489  0.2339169979095459
343  0.233916237950325
289  0.23391418159008026
139  0.23391327261924744
777  0.23390823602676392
1221  0.23390795290470123
793  0.23390713334083557
645  0.2339068204164505
544  0.23390650749206543
959  0.23390482366085052
1162  0.23390108346939087
115  0.23389947414398193
8  0.23389624059200287
1127  0.23389624059200287
810  0.233895406126976
532  0.23389211297035217
649  0.2338918000459671
338  0.23389041423797607
383  0.23388825356960297
730  0.23388762772083282
802  0.2338854819536209
1061  0.23388494551181793
1260  0.23388423025608063
684  0.23388297855854034
641  0.23388245701789856
41  0.23388172686100006
1277  0.2338806837797165
249  0.23388047516345978
340  0.23387984931468964
440  0.23387713730335236
799  0.23387682437896729
1235  0.2338760495185852
594  0.23387598991394043
50  0.2338758409023285
470  0.23387223482131958
660  0.23386994004249573
954  0.2338687926530838
1250  0.2338663935661316
1016  0.2338658720254898
44  0.23386259377002716
537  0.2338603138923645
523  0.23385880887508392
152  0.2338574230670929
877  0.23385661840438843
817  0.23385153710842133
1139  0.2338511347770691
1214  0.23385070264339447
845  0.23384913802146912
362  0.23384782671928406
1241  0.23384566605091095
852  0.233844593167305
70  0.23384402692317963
1285  0.23384344577789307
1183  0.2338399589061737
1157  0.23383864760398865
1032  0.2338378131389618
1219  0.23383669555187225
259  0.23383666574954987
253  0.23383601009845734
879  0.2338336706161499
89  0.23383353650569916
800  0.23383314907550812
432  0.23383194208145142
330  0.2338305115699768
427  0.2338302582502365
28  0.23382939398288727
505  0.23382435739040375
516  0.23382358253002167
167  0.23381847143173218
493  0.2338184118270874
64  0.2338150590658188
679  0.2338077276945114
903  0.23380522429943085
233  0.23380257189273834
1140  0.23380225896835327
568  0.23380212485790253
936  0.23380105197429657
803  0.2337998002767563
1194  0.23379917442798615
179  0.23379895091056824
788  0.23379574716091156
826  0.23379501700401306
1207  0.23379439115524292
1134  0.23379230499267578
176  0.23379220068454742
533  0.23379214107990265
828  0.23379099369049072
360  0.23378948867321014
83  0.23378817737102509
483  0.23378536105155945
68  0.233784481883049
690  0.23378176987171173
465  0.2337813526391983
376  0.23378068208694458
1175  0.2337796837091446
849  0.23377718031406403
157  0.23377536237239838
988  0.23377491533756256
607  0.23377473652362823
246  0.23377321660518646
1094  0.23377062380313873
586  0.23376701772212982
324  0.2337668091058731
1223  0.23376645147800446
534  0.2337644100189209
738  0.23376423120498657
121  0.23376336693763733
1117  0.2337620109319687
329  0.23375862836837769
1030  0.23375779390335083
1203  0.23375765979290009
455  0.23375755548477173
1237  0.23375670611858368
761  0.2337556928396225
32  0.23375451564788818
291  0.2337539941072464
735  0.23375071585178375
626  0.23374930024147034
1279  0.23374821245670319
1177  0.23374667763710022
412  0.23374533653259277
442  0.23374441266059875
292  0.23374153673648834
27  0.23374034464359283
464  0.23373913764953613
855  0.23373815417289734
714  0.23373721539974213
572  0.2337365448474884
831  0.23373602330684662
1066  0.2337334305047989
506  0.23373299837112427
587  0.233730286359787
974  0.2337285727262497
1136  0.2337280511856079
592  0.23372770845890045
1179  0.23372454941272736
710  0.23372401297092438
399  0.23372343182563782
857  0.23372241854667664
1034  0.23372101783752441
767  0.233720600605011
495  0.23371875286102295
838  0.233718141913414
691  0.23371726274490356
661  0.2337169498205185
1254  0.2337169498205185
749  0.23371684551239014
1095  0.2337159365415573
846  0.23371221125125885
853  0.23371215164661407
983  0.2337108850479126
241  0.23371079564094543
1173  0.23370997607707977
850  0.233708456158638
458  0.23370814323425293
542  0.23370809853076935
199  0.23370584845542908
918  0.23370511829853058
112  0.2337028831243515
669  0.23370270431041718
559  0.23370225727558136
547  0.2337007224559784
895  0.2336980402469635
423  0.23369626700878143
858  0.23369616270065308
1046  0.23369522392749786
583  0.2336948662996292
341  0.23369468748569489
240  0.23369278013706207
953  0.2336888164281845
1166  0.233688086271286
573  0.2336866557598114
154  0.23368559777736664
411  0.23368550837039948
630  0.2336817979812622
284  0.233681321144104
24  0.2336810678243637
615  0.23368056118488312
364  0.23367787897586823
450  0.23367765545845032
1007  0.23367434740066528
943  0.23367056250572205
1045  0.2336704134941101
401  0.23366768658161163
210  0.23366685211658478
535  0.23366668820381165
915  0.23366288840770721
138  0.23366275429725647
1123  0.23365968465805054
921  0.233659029006958
466  0.233657106757164
1226  0.2336570769548416
1115  0.23365668952465057
248  0.23365595936775208
23  0.23365570604801178
874  0.23365375399589539
192  0.23364880681037903
844  0.2336486279964447
570  0.23364804685115814
1192  0.23364779353141785
317  0.23364675045013428
567  0.2336447685956955
1054  0.23364466428756714
193  0.23364295065402985
53  0.23364047706127167
91  0.2336399257183075
727  0.2336396723985672
74  0.233637735247612
469  0.233635812997818
209  0.23363332450389862
1053  0.2336266040802002
789  0.23362576961517334
1152  0.2336256206035614
688  0.23362405598163605
1146  0.233623668551445
682  0.2336207777261734
60  0.23361660540103912
990  0.23361603915691376
889  0.23361513018608093
46  0.23361437022686005
122  0.2336127609014511
816  0.23361197113990784
554  0.23361127078533173
620  0.2336106300354004
99  0.2336101531982422
881  0.2336079180240631
759  0.23360586166381836
1120  0.23360557854175568
724  0.23360499739646912
1238  0.23360426723957062
640  0.2336035966873169
868  0.23360252380371094
145  0.23360250890254974
950  0.2335987240076065
113  0.23359833657741547
35  0.23359665274620056
695  0.23359495401382446
1050  0.23359327018260956
13  0.2335921972990036
153  0.23359058797359467
560  0.2335880845785141
1208  0.23358500003814697
703  0.23358406126499176
1141  0.23358368873596191
1171  0.2335827350616455
1091  0.2335822582244873
1065  0.23358039557933807
719  0.23357926309108734
1112  0.23357897996902466
500  0.2335786670446396
325  0.23357722163200378
195  0.23357579112052917
1217  0.2335727959871292
132  0.23356851935386658
680  0.23356753587722778
1199  0.23356592655181885
873  0.2335653007030487
904  0.2335653007030487
836  0.23356467485427856
1158  0.2335643172264099
163  0.23356389999389648
384  0.23356084525585175
698  0.23356002569198608
391  0.23355674743652344
1027  0.23355630040168762
1001  0.23355616629123688
331  0.23355557024478912
346  0.2335546612739563
431  0.23355291783809662
825  0.23355208337306976
667  0.23355068266391754
709  0.2335502952337265
1247  0.23354901373386383
796  0.23354816436767578
361  0.23354807496070862
708  0.2335454821586609
555  0.23354308307170868
80  0.23354196548461914
1151  0.23354017734527588
110  0.23353885114192963
385  0.23353663086891174
441  0.23353491723537445
1073  0.23353177309036255
944  0.23353169858455658
1040  0.23353125154972076
1062  0.23352499306201935
637  0.23352472484111786
369  0.23352384567260742
595  0.23352286219596863
164  0.23352251946926117
457  0.23352140188217163
128  0.23351739346981049
1051  0.23351432383060455
971  0.23351120948791504
543  0.23350897431373596
256  0.23350848257541656
797  0.23350787162780762
407  0.23350737988948822
1191  0.23350636661052704
519  0.23350398242473602
891  0.23350168764591217
443  0.23349857330322266
618  0.23349826037883759
546  0.2334979772567749
693  0.23349794745445251
963  0.23349794745445251
951  0.2334950864315033
541  0.23349498212337494
1197  0.23349352180957794
426  0.23349040746688843
95  0.2334890514612198
867  0.233488529920578
311  0.23348625004291534
235  0.23348566889762878
456  0.2334827333688736
31  0.2334803193807602
404  0.23348017036914825
175  0.23347346484661102
1124  0.23347210884094238
1058  0.23347122967243195
606  0.23346956074237823
347  0.23346911370754242
459  0.23346564173698425
1022  0.23346365988254547
911  0.2334635853767395
598  0.2334592193365097
591  0.233459010720253
1204  0.23345893621444702
424  0.23345744609832764
654  0.23345625400543213
961  0.23345153033733368
1098  0.2334492951631546
590  0.23344720900058746
1155  0.23344510793685913
422  0.23344461619853973
471  0.23344361782073975
1031  0.23344333469867706
1009  0.23344294726848602
75  0.2334400862455368
896  0.2334388941526413
371  0.23343712091445923
1262  0.2334344983100891
1097  0.23343060910701752
262  0.23342768847942352
1049  0.23342768847942352
485  0.23342746496200562
358  0.2334272861480713
786  0.2334272861480713
34  0.23342694342136383
1067  0.23342527449131012
819  0.23342262208461761
40  0.23342201113700867
746  0.23342163860797882
294  0.2334192991256714
1023  0.23341870307922363
518  0.23341628909111023
1026  0.23341624438762665
7  0.23341503739356995
214  0.23341485857963562
747  0.23341429233551025
357  0.23341341316699982
133  0.23341327905654907
1164  0.23341244459152222
1074  0.2334122359752655
1072  0.2334088385105133
696  0.23340730369091034
378  0.2334066480398178
862  0.23339951038360596
436  0.23339831829071045
745  0.23339681327342987
841  0.23339472711086273
430  0.2333945780992508
741  0.2333875149488449
925  0.2333860546350479
1014  0.2333853840827942
1159  0.23338283598423004
890  0.2333819568157196
991  0.233377605676651
1092  0.23337721824645996
736  0.23337553441524506
1038  0.23337522149085999
66  0.23337452113628387
686  0.2333744913339615
418  0.23337441682815552
393  0.23337431252002716
851  0.23337151110172272
419  0.233368918299675
625  0.23336881399154663
315  0.2333659529685974
509  0.23336564004421234
562  0.23335500061511993
605  0.23335440456867218
739  0.23335213959217072
616  0.23335185647010803
511  0.233351469039917
916  0.23334966599941254
25  0.23334559798240662
1111  0.2333422154188156
984  0.23333998024463654
1268  0.2333369255065918
124  0.23333604633808136
784  0.23333536088466644
992  0.23333464562892914
1170  0.23333360254764557
664  0.23333227634429932
1077  0.23333069682121277
768  0.23332996666431427
872  0.23332799971103668
107  0.23332658410072327
531  0.2333264797925949
342  0.23332300782203674
332  0.23332223296165466
751  0.233320415019989
1245  0.23331961035728455
977  0.23331953585147858
386  0.23331943154335022
673  0.23331758379936218
486  0.233317032456398
1283  0.23331356048583984
689  0.2333092987537384
1272  0.23330707848072052
979  0.2333069145679474
308  0.23330558836460114
1004  0.2333022952079773
349  0.23330163955688477
931  0.2332995980978012
898  0.2332991361618042
1116  0.23329824209213257
771  0.2332969456911087
842  0.23329389095306396
563  0.23329347372055054
975  0.2332923263311386
723  0.23329149186611176
451  0.23329061269760132
286  0.23329009115695953
998  0.23328983783721924
848  0.23328682780265808
707  0.23328475654125214
474  0.23328402638435364
438  0.23328256607055664
843  0.23328007757663727
344  0.23327992856502533
699  0.23327943682670593
1168  0.2332777976989746
281  0.23327642679214478
400  0.23327577114105225
388  0.23327364027500153
1122  0.23327180743217468
429  0.23327110707759857
30  0.2332705855369568
1057  0.23326747119426727
989  0.23326469957828522
202  0.23326219618320465
508  0.23326191306114197
382  0.2332616001367569
937  0.23326103389263153
1108  0.23326025903224945
159  0.23325984179973602
612  0.23325932025909424
318  0.23325833678245544
279  0.2332572191953659
98  0.2332543134689331
1024  0.2332541048526764
251  0.23325227200984955
10  0.2332519292831421
333  0.23324601352214813
552  0.2332458347082138
84  0.2332455962896347
130  0.23324541747570038
622  0.23324458301067352
827  0.23324447870254517
219  0.23324349522590637
721  0.23324093222618103
230  0.23323418200016022
257  0.23323291540145874
1041  0.23323273658752441
1258  0.23323078453540802
187  0.23322591185569763
659  0.23322440683841705
387  0.23322419822216034
1138  0.2332235723733902
350  0.23322080075740814
973  0.23321516811847687
1169  0.23321428894996643
1265  0.23321326076984406
1087  0.23321117460727692
1266  0.2332107126712799
191  0.23321056365966797
1080  0.23320437967777252
184  0.23320314288139343
801  0.23320192098617554
126  0.23319950699806213
319  0.23319894075393677
377  0.23319849371910095
428  0.23319488763809204
986  0.23318836092948914
608  0.23318830132484436
929  0.23318812251091003
165  0.23318682610988617
834  0.23318545520305634
1109  0.23318441212177277
380  0.23317942023277283
446  0.23317913711071014
321  0.233178973197937
794  0.23317773640155792
1211  0.23317770659923553
1019  0.23317430913448334
818  0.23317284882068634
88  0.2331686019897461
997  0.2331676185131073
600  0.23316748440265656
158  0.233167365193367
550  0.233164981007576
1104  0.23316141963005066
47  0.23315703868865967
1086  0.23315662145614624
1069  0.23315605521202087
762  0.2331552803516388
1070  0.2331501543521881
268  0.23314838111400604
275  0.23314547538757324
728  0.23314258456230164
847  0.23313841223716736
206  0.2331378161907196
770  0.2331361472606659
363  0.23313558101654053
313  0.23313309252262115
232  0.23313294351100922
301  0.233132466673851
420  0.23313039541244507
287  0.23312386870384216
389  0.2331230342388153
1248  0.23312291502952576
840  0.23312106728553772
1188  0.23311899602413177
94  0.23311886191368103
577  0.23311805725097656
835  0.233116015791893
839  0.23311588168144226
609  0.2331123650074005
635  0.23311153054237366
1093  0.2331109642982483
553  0.23311080038547516
1230  0.23310960829257965
261  0.23310932517051697
774  0.23310862481594086
1287  0.23310841619968414
823  0.23310093581676483
217  0.23309560120105743
646  0.2330944836139679
415  0.23309344053268433
305  0.23309126496315002
271  0.2330903857946396
1052  0.23308837413787842
1229  0.23308300971984863
309  0.2330818921327591
477  0.23308129608631134
295  0.2330811619758606
653  0.23308077454566956
304  0.2330743819475174
211  0.2330724596977234
448  0.23307062685489655
981  0.23306164145469666
1035  0.23305940628051758
228  0.23305340111255646
173  0.23305246233940125
449  0.23304641246795654
1256  0.23304495215415955
1149  0.23304465413093567
282  0.23304396867752075
200  0.23304365575313568
914  0.23304340243339539
960  0.23304283618927002
1078  0.23303936421871185
956  0.2330382764339447
1154  0.23303568363189697
264  0.23303553462028503
77  0.23303458094596863
38  0.2330339252948761
939  0.23303300142288208
1105  0.23303160071372986
666  0.23303061723709106
1010  0.23302574455738068
627  0.2330244481563568
871  0.2330237179994583
260  0.23302361369132996
1110  0.23302216827869415
348  0.23302076756954193
982  0.2330196648836136
883  0.2330177128314972
381  0.23301227390766144
665  0.23300914466381073
238  0.23300783336162567
1186  0.2330019772052765
1103  0.23300155997276306
1190  0.23300109803676605
763  0.23300036787986755
722  0.23299965262413025
832  0.23299933969974518
942  0.23299582302570343
1261  0.23299463093280792
526  0.23299247026443481
134  0.23299235105514526
242  0.23298463225364685
413  0.23298251628875732
26  0.23298023641109467
12  0.23297715187072754
96  0.23297573626041412
314  0.23297405242919922
272  0.23297283053398132
283  0.23297244310379028
1102  0.23297171294689178
1055  0.23296812176704407
140  0.23296408355236053
478  0.23296239972114563
1037  0.23296190798282623
1064  0.23296040296554565
482  0.23295927047729492
267  0.2329574078321457
581  0.2329561710357666
561  0.23295460641384125
919  0.23294979333877563
410  0.23294870555400848
402  0.23294824361801147
725  0.23294763267040253
837  0.23294410109519958
51  0.23294281959533691
912  0.23293347656726837
551  0.23292475938796997
775  0.2329237163066864
917  0.23292124271392822
1270  0.23291999101638794
1185  0.23291657865047455
566  0.23290954530239105
109  0.2329084575176239
947  0.23290592432022095
885  0.23290546238422394
1165  0.23290079832077026
623  0.23289939761161804
888  0.23289889097213745
335  0.2328973412513733
229  0.2328966110944748
1147  0.2328924685716629
356  0.23288877308368683
678  0.23288853466510773
299  0.232881098985672
926  0.23287934064865112
760  0.2328772395849228
1106  0.2328759729862213
302  0.23287464678287506
632  0.23287445306777954
29  0.23286665976047516
1118  0.23286400735378265
273  0.23286136984825134
934  0.23285621404647827
938  0.23285068571567535
1202  0.23285050690174103
856  0.23284900188446045
712  0.2328469604253769
245  0.23284603655338287
596  0.23284432291984558
1013  0.2328392118215561
790  0.23283806443214417
994  0.23283380270004272
833  0.2328263372182846
783  0.23282359540462494
417  0.23282229900360107
1218  0.23282214999198914
307  0.23282188177108765
78  0.23282085359096527
290  0.23281894624233246
701  0.23281635344028473
236  0.23281511664390564
166  0.23281258344650269
795  0.23280902206897736
194  0.23280663788318634
208  0.23280033469200134
425  0.23280008137226105
1090  0.23279978334903717
787  0.23279969394207
234  0.23279821872711182
189  0.2327953726053238
479  0.23279520869255066
906  0.23279425501823425
337  0.23279376327991486
59  0.2327900528907776
580  0.23278549313545227
1174  0.23278431594371796
1129  0.23278266191482544
100  0.23278219997882843
306  0.23278069496154785
1068  0.23278051614761353
876  0.23278048634529114
300  0.23278038203716278
1060  0.23277875781059265
663  0.23277784883975983
933  0.2327769547700882
824  0.23277482390403748
521  0.23277024924755096
408  0.23276010155677795
578  0.23275811970233917
743  0.2327580600976944
196  0.23275703191757202
374  0.23275542259216309
1212  0.23275414109230042
604  0.2327536642551422
718  0.23275256156921387
54  0.23275062441825867
962  0.232742041349411
807  0.2327379584312439
334  0.23273713886737823
1029  0.23273207247257233
564  0.23272953927516937
366  0.23272787034511566
352  0.23272386193275452
985  0.23271603882312775
970  0.23271353542804718
142  0.23271290957927704
373  0.23271064460277557
574  0.23271004855632782
460  0.23270459473133087
920  0.23270395398139954
1201  0.23269961774349213
999  0.23269201815128326
515  0.23268823325634003
274  0.23268288373947144
955  0.23267696797847748
368  0.23267529904842377
697  0.23267385363578796
1101  0.23267272114753723
737  0.2326708883047104
1059  0.23267057538032532
461  0.2326655089855194
704  0.2326594740152359
1148  0.23265890777111053
861  0.23265817761421204
266  0.23265306651592255
406  0.23264910280704498
416  0.23264537751674652
776  0.23263977468013763
1130  0.23263727128505707
579  0.23263144493103027
504  0.2326296865940094
1240  0.2326287031173706
434  0.23262763023376465
254  0.23262205719947815
198  0.23261483013629913
3  0.23261363804340363
731  0.2326119840145111
894  0.23259833455085754
296  0.23259496688842773
398  0.23259462416172028
1253  0.23259034752845764
447  0.23257122933864594
39  0.23257030546665192
713  0.2325645536184311
878  0.23255972564220428
909  0.23255404829978943
1075  0.23255114257335663
628  0.23254536092281342
993  0.23254497349262238
815  0.23254038393497467
1002  0.23253776133060455
650  0.23253430426120758
932  0.23253285884857178
1084  0.23253260552883148
1100  0.23253197968006134
935  0.23252181708812714
1028  0.23252038657665253
927  0.2325066328048706
514  0.23250263929367065
351  0.23250076174736023
870  0.23249945044517517
764  0.23248648643493652
529  0.2324787825345993
250  0.23246197402477264
312  0.23246189951896667
1280  0.2324531078338623
414  0.23243899643421173
829  0.23243115842342377
584  0.23242828249931335
170  0.23242610692977905
978  0.23241545259952545
875  0.23240867257118225
548  0.2323990762233734
655  0.23238511383533478
227  0.2323763072490692
772  0.23236672580242157
752  0.23236404359340668
492  0.23236018419265747
243  0.23235869407653809
1063  0.23235653340816498
732  0.23235544562339783
490  0.23235441744327545
203  0.23234330117702484
957  0.2323373258113861
237  0.23233619332313538
502  0.23232543468475342
969  0.23230670392513275
987  0.2323019951581955
216  0.23229756951332092
405  0.2322833091020584
1056  0.23227952420711517
435  0.23227626085281372
958  0.23226375877857208
859  0.23223112523555756
359  0.23222216963768005
773  0.2322215586900711
1132  0.23221389949321747
345  0.23220622539520264
952  0.23218637704849243
893  0.23216834664344788
662  0.2321670800447464
1043  0.23213431239128113
375  0.23211714625358582
866  0.23211324214935303
1079  0.23210667073726654
1081  0.23210400342941284
1119  0.2321014106273651
910  0.23210127651691437
328  0.23207955062389374
172  0.23206475377082825
865  0.232054203748703
1144  0.23205068707466125
403  0.23204411566257477
757  0.23204326629638672
365  0.2320091426372528
602  0.23196887969970703
61  0.23196475207805634
1008  0.2318992167711258
204  0.23178359866142273
860  0.2317773699760437
463  0.23175567388534546
964  0.23175562918186188
812  0.231637105345726
278  0.23163464665412903
734  0.23159238696098328
804  0.2315768450498581
791  0.23150664567947388
