695  0.25800541043281555
930  0.2579886019229889
498  0.25795838236808777
933  0.2577916979789734
627  0.25774165987968445
1295  0.25772684812545776
747  0.25767192244529724
940  0.2576461136341095
100  0.25763678550720215
1381  0.25757744908332825
666  0.2575639486312866
917  0.25755932927131653
331  0.25751325488090515
222  0.2574736773967743
1301  0.2574443817138672
135  0.25743794441223145
134  0.25738516449928284
615  0.25735151767730713
287  0.2573447823524475
219  0.25729721784591675
14  0.25728657841682434
342  0.2572817802429199
326  0.2572652995586395
780  0.2572643458843231
115  0.2572457790374756
3  0.25723692774772644
1279  0.2572343945503235
597  0.25723302364349365
721  0.2572178840637207
618  0.2571989893913269
746  0.25717246532440186
1240  0.2571548521518707
903  0.25714653730392456
710  0.25714030861854553
870  0.2571354806423187
752  0.2571351230144501
610  0.25712814927101135
688  0.2571251690387726
664  0.25712230801582336
709  0.257119745016098
679  0.2571101784706116
1337  0.2570962607860565
1066  0.25709351897239685
729  0.25708478689193726
39  0.25707605481147766
1045  0.25706616044044495
51  0.2570623755455017
1012  0.25706052780151367
743  0.2570275664329529
1069  0.2570239007472992
654  0.2570013999938965
47  0.2569931447505951
1377  0.2569890022277832
18  0.25698772072792053
800  0.2569873034954071
760  0.2569763660430908
854  0.256974995136261
842  0.2569734454154968
1148  0.2569722533226013
996  0.25696924328804016
9  0.2569687068462372
1316  0.2569652497768402
967  0.2569626271724701
1402  0.2569577693939209
142  0.2569529712200165
4  0.25694864988327026
889  0.2569397985935211
1149  0.2569343149662018
900  0.25692370533943176
797  0.2569200396537781
466  0.25691965222358704
779  0.25691303610801697
1040  0.2569085657596588
711  0.2569016218185425
13  0.25689560174942017
1426  0.25689271092414856
1448  0.25689053535461426
598  0.25688570737838745
1105  0.25688138604164124
236  0.2568800747394562
771  0.2568785548210144
493  0.25687700510025024
1250  0.25687363743782043
294  0.25687259435653687
586  0.25687217712402344
793  0.2568648159503937
131  0.25686460733413696
1224  0.2568571865558624
1347  0.2568550407886505
377  0.2568504810333252
968  0.2568466365337372
624  0.25684261322021484
1132  0.2568424344062805
463  0.2568396329879761
200  0.25683289766311646
984  0.25683245062828064
706  0.25683125853538513
265  0.2568263113498688
904  0.2568255364894867
815  0.25682225823402405
1441  0.2568199336528778
832  0.25681549310684204
1068  0.2567960321903229
694  0.25679337978363037
117  0.25678762793540955
825  0.25678569078445435
512  0.2567841112613678
861  0.2567770183086395
215  0.2567767798900604
663  0.25676894187927246
773  0.2567689120769501
272  0.25676849484443665
926  0.2567680776119232
218  0.2567659318447113
951  0.25676229596138
382  0.2567577362060547
1019  0.25675418972969055
1282  0.2567530870437622
87  0.25675150752067566
818  0.25675103068351746
29  0.2567501366138458
656  0.25674986839294434
945  0.2567497193813324
670  0.25674968957901
509  0.25674840807914734
54  0.25674745440483093
699  0.2567436099052429
938  0.2567414939403534
901  0.2567334473133087
5  0.2567237615585327
956  0.25672343373298645
133  0.2567216157913208
412  0.2567210793495178
1449  0.2567178010940552
393  0.256713330745697
1414  0.25671160221099854
954  0.2567034661769867
22  0.25669875741004944
1251  0.2566940188407898
1223  0.25669342279434204
1165  0.25669002532958984
1090  0.2566898763179779
56  0.2566896080970764
1174  0.25668931007385254
112  0.25668925046920776
361  0.2566866874694824
317  0.25668570399284363
609  0.25668346881866455
1406  0.25668105483055115
501  0.2566725015640259
271  0.256671667098999
568  0.2566707730293274
79  0.2566695213317871
180  0.2566675543785095
487  0.2566649615764618
698  0.256661981344223
633  0.2566579282283783
702  0.2566577196121216
63  0.2566530108451843
833  0.2566498816013336
42  0.2566480040550232
328  0.2566479742527008
1214  0.25664469599723816
246  0.2566443979740143
607  0.25664177536964417
626  0.2566404938697815
151  0.25663843750953674
668  0.2566375136375427
888  0.2566375136375427
625  0.2566373348236084
157  0.25663551688194275
955  0.2566302418708801
1339  0.25662094354629517
569  0.2566191256046295
235  0.25661715865135193
432  0.2566138803958893
255  0.25660961866378784
898  0.25660914182662964
71  0.25660911202430725
46  0.2566086947917938
828  0.256608247756958
23  0.2565988600254059
1094  0.2565982937812805
1357  0.2565954923629761
57  0.25659099221229553
645  0.25658831000328064
124  0.2565881013870239
378  0.25658804178237915
652  0.2565872371196747
174  0.25658702850341797
936  0.2565847635269165
129  0.2565816342830658
339  0.2565807104110718
837  0.25657781958580017
1320  0.25657743215560913
677  0.2565762400627136
1266  0.25657615065574646
1048  0.2565707266330719
1145  0.25656864047050476
468  0.25656747817993164
1416  0.2565659284591675
266  0.2565651535987854
1212  0.25655996799468994
524  0.2565501034259796
1008  0.2565464675426483
994  0.2565452754497528
748  0.25654491782188416
1443  0.25654375553131104
897  0.25654342770576477
1120  0.25654080510139465
676  0.2565346956253052
1258  0.25653278827667236
599  0.25653135776519775
829  0.25652921199798584
1104  0.25652801990509033
927  0.25652754306793213
860  0.25652581453323364
1244  0.2565237283706665
136  0.2565229833126068
1412  0.25652241706848145
457  0.25652095675468445
705  0.2565191984176636
43  0.25651559233665466
364  0.2565149962902069
1160  0.2565087378025055
613  0.2565053105354309
169  0.2565002739429474
755  0.25649943947792053
114  0.2564981281757355
12  0.25649493932724
478  0.25649288296699524
50  0.2564897835254669
1361  0.2564884424209595
1394  0.25648704171180725
667  0.25648605823516846
673  0.2564845085144043
1113  0.25648441910743713
65  0.25648289918899536
484  0.25648054480552673
67  0.2564796805381775
687  0.2564791142940521
2  0.2564776539802551
1263  0.2564731538295746
1421  0.2564702332019806
727  0.2564687132835388
73  0.25646305084228516
563  0.25644710659980774
767  0.2564462721347809
786  0.25644585490226746
195  0.2564457654953003
790  0.2564420700073242
303  0.2564418315887451
48  0.2564399242401123
77  0.25643959641456604
1344  0.25643953680992126
1271  0.2564394474029541
937  0.2564393877983093
101  0.2564390301704407
30  0.25643643736839294
232  0.25643640756607056
225  0.25643450021743774
1432  0.2564338445663452
210  0.2564281225204468
601  0.2564258873462677
986  0.25641894340515137
1333  0.2564184069633484
140  0.2564089298248291
277  0.256401389837265
641  0.2564007341861725
562  0.25640061497688293
1032  0.2563874125480652
865  0.2563856244087219
264  0.25638535618782043
873  0.25637948513031006
185  0.2563718855381012
349  0.2563715875148773
321  0.2563667893409729
1026  0.25636449456214905
1241  0.25636425614356995
1016  0.2563607394695282
238  0.25635969638824463
941  0.25635671615600586
311  0.25635334849357605
504  0.25635185837745667
750  0.2563498914241791
875  0.25634971261024475
1221  0.25634971261024475
553  0.2563495635986328
306  0.256347119808197
435  0.2563447058200836
925  0.25634437799453735
848  0.2563433051109314
1050  0.2563380002975464
450  0.2563376724720001
604  0.2563367486000061
1144  0.25633665919303894
1036  0.2563357949256897
584  0.2563353180885315
910  0.25633504986763
1408  0.25633424520492554
1341  0.2563321888446808
1209  0.25633203983306885
178  0.2563317120075226
822  0.2563270628452301
821  0.2563268840312958
1093  0.2563219666481018
240  0.25632184743881226
650  0.2563217282295227
972  0.25631970167160034
1305  0.2563135027885437
1318  0.2563118040561676
518  0.2563084065914154
237  0.25630831718444824
724  0.2563082277774811
680  0.2563074827194214
167  0.25630709528923035
1155  0.25630709528923035
891  0.25630414485931396
55  0.25630030035972595
127  0.25629907846450806
1108  0.2562978267669678
914  0.25629711151123047
934  0.2562955617904663
1285  0.25629523396492004
78  0.25629323720932007
75  0.2562914192676544
295  0.25629088282585144
24  0.2562894821166992
53  0.256289005279541
1073  0.25628790259361267
653  0.25628742575645447
1219  0.2562861740589142
977  0.25628557801246643
962  0.2562848627567291
759  0.25627821683883667
965  0.2562738060951233
978  0.2562730312347412
556  0.25627243518829346
1  0.2562710642814636
1403  0.2562684714794159
717  0.25626468658447266
1089  0.25626441836357117
1054  0.25626248121261597
254  0.2562602758407593
400  0.25625747442245483
850  0.2562558352947235
810  0.25624939799308777
1204  0.25624939799308777
1376  0.25624918937683105
533  0.25624674558639526
975  0.2562389671802521
453  0.25623831152915955
1365  0.25623831152915955
27  0.256235808134079
1349  0.25623542070388794
959  0.25623244047164917
181  0.2562313377857208
734  0.2562296390533447
909  0.25622856616973877
372  0.25622814893722534
634  0.2562277913093567
678  0.2562275230884552
794  0.25622713565826416
360  0.25621867179870605
62  0.2562178075313568
186  0.2562171518802643
475  0.25621506571769714
872  0.2562144994735718
347  0.2562139630317688
566  0.2562128007411957
580  0.25621187686920166
686  0.25620999932289124
1358  0.2562083899974823
340  0.2562068998813629
179  0.2562057673931122
682  0.25620511174201965
427  0.2562020421028137
91  0.25620174407958984
915  0.25620120763778687
813  0.2561996281147003
662  0.2561977207660675
1153  0.25619572401046753
74  0.25619375705718994
1397  0.25619155168533325
102  0.2561911940574646
149  0.256188303232193
86  0.256185919046402
902  0.25617873668670654
809  0.2561762034893036
919  0.2561757564544678
1177  0.2561740577220917
1227  0.25616323947906494
612  0.2561623156070709
683  0.25615909695625305
907  0.2561579644680023
439  0.25615671277046204
768  0.2561560571193695
469  0.2561555802822113
836  0.2561538517475128
1315  0.25615131855010986
376  0.25615057349205017
44  0.2561505436897278
876  0.2561505138874054
1111  0.25614988803863525
855  0.2561449408531189
575  0.25614258646965027
985  0.2561415433883667
1194  0.2561410069465637
103  0.25613871216773987
92  0.25613370537757874
433  0.2561323940753937
256  0.25613120198249817
966  0.2561247646808624
570  0.25611916184425354
560  0.25611868500709534
176  0.2561168074607849
1345  0.25611522793769836
622  0.256112277507782
226  0.2561110258102417
1161  0.2561104893684387
671  0.25610998272895813
1277  0.25610747933387756
216  0.2561069130897522
106  0.2561066150665283
714  0.25610634684562683
874  0.256100594997406
173  0.25610026717185974
93  0.2560997009277344
1228  0.2560997009277344
341  0.2560996115207672
733  0.2560991048812866
1218  0.25609663128852844
696  0.25609639286994934
737  0.25609520077705383
26  0.25609493255615234
420  0.25608858466148376
878  0.2560843825340271
935  0.2560823857784271
476  0.25608184933662415
1167  0.2560816705226898
109  0.2560790479183197
28  0.25607749819755554
1010  0.25607654452323914
814  0.2560761868953705
1362  0.25607436895370483
1253  0.2560732662677765
206  0.2560727894306183
1430  0.25606825947761536
35  0.2560645341873169
59  0.2560645341873169
85  0.2560635507106781
16  0.2560628354549408
764  0.2560623288154602
68  0.2560585141181946
1139  0.25605830550193787
957  0.25605669617652893
104  0.25605475902557373
639  0.25605374574661255
992  0.25605201721191406
603  0.25604793429374695
259  0.2560461461544037
736  0.25604531168937683
1152  0.2560440003871918
193  0.25604188442230225
1025  0.2560414969921112
588  0.25604143738746643
905  0.256040096282959
190  0.2560386657714844
1142  0.25603702664375305
718  0.256036639213562
228  0.25603628158569336
881  0.25603431463241577
924  0.25603389739990234
45  0.25602611899375916
578  0.2560255825519562
122  0.25602132081985474
722  0.25602006912231445
892  0.2560191750526428
196  0.256018728017807
121  0.2560175359249115
659  0.2560172379016876
1150  0.25601673126220703
486  0.256012499332428
802  0.25601091980934143
973  0.25601041316986084
165  0.2560100853443146
1363  0.2560097873210907
269  0.2560094892978668
725  0.25600889325141907
792  0.2560058832168579
547  0.2560047209262848
508  0.25600266456604004
1095  0.256002277135849
1293  0.25599974393844604
108  0.25599953532218933
642  0.25599923729896545
658  0.25599873065948486
1061  0.25599390268325806
1023  0.25598812103271484
128  0.2559874951839447
184  0.25598692893981934
843  0.25598636269569397
1355  0.25598567724227905
761  0.2559848427772522
921  0.2559848427772522
1243  0.2559835910797119
1216  0.2559814453125
1018  0.2559814155101776
359  0.2559806704521179
620  0.2559778690338135
1231  0.2559778392314911
1450  0.25597625970840454
241  0.25597596168518066
212  0.25597506761550903
864  0.2559741735458374
1039  0.2559727728366852
1175  0.2559717893600464
1257  0.2559715509414673
1442  0.25596514344215393
669  0.25596460700035095
819  0.25596362352371216
646  0.25595924258232117
211  0.2559591233730316
719  0.2559565305709839
1259  0.25595641136169434
177  0.25595220923423767
1375  0.2559473514556885
1359  0.2559455335140228
1317  0.25594407320022583
1024  0.25594374537467957
386  0.2559436559677124
587  0.25594237446784973
1031  0.2559370696544647
1275  0.25593674182891846
336  0.2559307813644409
119  0.25592944025993347
202  0.25592881441116333
324  0.2559283673763275
990  0.25592800974845886
276  0.2559279203414917
799  0.2559262216091156
943  0.25592467188835144
537  0.2559238076210022
1346  0.2559202313423157
460  0.2559182941913605
442  0.2559172809123993
351  0.25591546297073364
31  0.25591516494750977
920  0.2559139132499695
1207  0.25591254234313965
1085  0.2559119164943695
1028  0.2559114694595337
97  0.25590795278549194
839  0.2559078633785248
976  0.2559070885181427
1230  0.2559065520763397
198  0.25590482354164124
631  0.25590330362319946
1424  0.25589990615844727
939  0.25589779019355774
1229  0.2558963894844055
835  0.25589558482170105
1014  0.25589364767074585
807  0.2558932900428772
1366  0.2558881342411041
561  0.25588560104370117
1035  0.2558855712413788
229  0.2558852434158325
41  0.25588488578796387
616  0.25588199496269226
314  0.2558785080909729
1217  0.25587698817253113
1232  0.2558757960796356
1272  0.25587543845176697
1136  0.2558729648590088
960  0.2558692991733551
1143  0.25586816668510437
579  0.25586649775505066
708  0.255863755941391
446  0.255858451128006
769  0.2558545768260956
1070  0.2558545470237732
338  0.2558532953262329
784  0.2558528184890747
614  0.2558511793613434
549  0.2558510899543762
21  0.2558507025241852
589  0.25584888458251953
788  0.25584468245506287
1369  0.25584450364112854
981  0.2558443546295166
99  0.25584205985069275
1020  0.25584113597869873
1332  0.25583866238594055
605  0.2558363974094391
207  0.2558361291885376
162  0.2558344304561615
1156  0.25583115220069885
1141  0.2558307349681854
1118  0.255830317735672
1306  0.25582966208457947
908  0.25582894682884216
369  0.2558274567127228
1215  0.2558250427246094
1130  0.2558242380619049
693  0.2558214068412781
629  0.255820631980896
479  0.255818635225296
383  0.2558180093765259
862  0.2558180093765259
239  0.255815714597702
1225  0.2558143138885498
299  0.2558097243309021
1304  0.2558075785636902
1075  0.25580745935440063
1436  0.25580576062202454
159  0.25580522418022156
191  0.2558048367500305
1297  0.2558045983314514
703  0.25580376386642456
399  0.2558024525642395
715  0.25580132007598877
1159  0.25580042600631714
859  0.2558000385761261
808  0.25579798221588135
454  0.25579574704170227
648  0.25579509139060974
76  0.2557944357395172
25  0.25579285621643066
301  0.25579193234443665
1179  0.2557890713214874
543  0.2557862102985382
757  0.2557857632637024
657  0.2557823061943054
1342  0.2557823061943054
1280  0.25578176975250244
840  0.25577980279922485
1437  0.2557796239852905
166  0.25577685236930847
766  0.2557741403579712
430  0.2557734549045563
1030  0.25577312707901
1300  0.25576964020729065
969  0.25576797127723694
756  0.2557671070098877
1134  0.2557668685913086
390  0.25576627254486084
1000  0.2557653486728668
1117  0.25576236844062805
423  0.2557617723941803
168  0.2557615637779236
885  0.255761057138443
1046  0.25576096773147583
1353  0.2557605504989624
296  0.2557602524757385
572  0.2557586133480072
405  0.25575804710388184
841  0.2557569742202759
1324  0.2557559013366699
675  0.25575554370880127
1373  0.2557547390460968
751  0.25575360655784607
581  0.2557488679885864
1411  0.25574684143066406
623  0.25574612617492676
1037  0.25574156641960144
1164  0.25574132800102234
288  0.255733847618103
564  0.2557336390018463
1278  0.2557333707809448
183  0.25573238730430603
922  0.25573134422302246
655  0.2557307779788971
1005  0.2557300627231598
332  0.25572821497917175
887  0.2557280659675598
89  0.25572749972343445
546  0.25572705268859863
1388  0.2557254135608673
6  0.25572094321250916
1248  0.25572094321250916
1080  0.2557205259799957
1211  0.2557202875614166
132  0.2557162344455719
1078  0.2557145655155182
816  0.2557125985622406
320  0.25571200251579285
426  0.25571107864379883
846  0.25571075081825256
964  0.25571003556251526
918  0.2557084560394287
1001  0.255708247423172
1084  0.25570759177207947
844  0.2557075023651123
116  0.25570669770240784
220  0.2557043731212616
64  0.2557041347026825
139  0.2557012438774109
491  0.25570088624954224
1256  0.25570008158683777
740  0.2556952238082886
81  0.255694180727005
327  0.25569412112236023
384  0.2556914687156677
929  0.2556914687156677
358  0.25569039583206177
744  0.25568875670433044
995  0.2556843161582947
1431  0.25568127632141113
1405  0.2556791305541992
325  0.2556784152984619
503  0.2556779384613037
1393  0.25567755103111267
164  0.255676805973053
857  0.2556764781475067
313  0.2556719481945038
1065  0.255671888589859
596  0.2556711435317993
250  0.2556709051132202
1124  0.2556709051132202
582  0.25566744804382324
1131  0.2556673586368561
1151  0.2556649446487427
1249  0.25566041469573975
1360  0.2556603252887726
146  0.2556594908237457
470  0.25565868616104126
713  0.2556581199169159
1062  0.2556576430797577
948  0.25565752387046814
381  0.2556570768356323
1288  0.2556549310684204
1059  0.25565460324287415
858  0.2556537985801697
15  0.2556532919406891
931  0.255652517080307
507  0.2556510269641876
1072  0.2556508481502533
1325  0.2556500732898712
1350  0.2556478679180145
1208  0.25564610958099365
233  0.2556419372558594
880  0.25564131140708923
1198  0.2556390166282654
49  0.25563862919807434
791  0.2556361258029938
118  0.25563374161720276
52  0.255633682012558
732  0.25563350319862366
231  0.25563114881515503
144  0.25562992691993713
877  0.2556247413158417
474  0.2556241452693939
72  0.2556230425834656
1327  0.2556225657463074
1088  0.25561943650245667
1335  0.2556189000606537
555  0.25561702251434326
1291  0.2556167542934418
143  0.25561463832855225
895  0.25561437010765076
208  0.2556142210960388
1289  0.25560954213142395
107  0.2556081712245941
591  0.25560784339904785
762  0.2556075155735016
1199  0.25560638308525085
763  0.25560614466667175
1302  0.2556059658527374
944  0.2556023895740509
1399  0.25560206174850464
394  0.25559914112091064
291  0.2555983066558838
333  0.25559771060943604
175  0.25559738278388977
365  0.25559425354003906
60  0.2555924952030182
407  0.2555924654006958
1401  0.2555896043777466
882  0.25558891892433167
40  0.25558799505233765
538  0.25558796525001526
20  0.25558769702911377
1022  0.25558656454086304
632  0.2555833160877228
749  0.25558140873908997
1003  0.2555810809135437
334  0.2555807828903198
1434  0.2555761933326721
1213  0.25557568669319153
1180  0.2555716931819916
66  0.2555699348449707
95  0.25556930899620056
1370  0.25556474924087524
1076  0.255564421415329
643  0.25556331872940063
310  0.2555619478225708
375  0.25556138157844543
480  0.25556081533432007
558  0.2555576264858246
367  0.25555670261383057
1146  0.2555549740791321
514  0.25555476546287537
640  0.25555312633514404
867  0.25555261969566345
449  0.2555525600910187
199  0.25555142760276794
912  0.2555495798587799
548  0.2555484175682068
923  0.25554805994033813
1121  0.2555477023124695
916  0.25554558634757996
1287  0.2555452287197113
1021  0.25554147362709045
141  0.255540668964386
1308  0.25554001331329346
660  0.25553834438323975
619  0.25553739070892334
511  0.2555363178253174
1187  0.2555338144302368
113  0.25553297996520996
451  0.25553229451179504
1438  0.25552985072135925
520  0.25552403926849365
879  0.2555210590362549
778  0.2555209696292877
1071  0.25551751255989075
982  0.25551608204841614
494  0.25551551580429077
953  0.25551462173461914
1348  0.25551295280456543
245  0.255510538816452
700  0.25550851225852966
82  0.2555067241191864
111  0.2555066645145416
346  0.25550657510757446
267  0.25550538301467896
521  0.25550374388694763
467  0.2554996907711029
150  0.25549954175949097
1383  0.2554985284805298
1368  0.2554967999458313
1417  0.2554956078529358
10  0.2554946541786194
1122  0.2554945647716522
739  0.2554944157600403
438  0.25549396872520447
473  0.2554928958415985
502  0.25549226999282837
583  0.2554912567138672
1183  0.25548768043518066
380  0.25548723340034485
1407  0.2554856240749359
1415  0.2554854154586792
777  0.2554847300052643
1343  0.2554841935634613
1433  0.2554839849472046
408  0.25548255443573
274  0.25548192858695984
1246  0.25547876954078674
379  0.25547751784324646
249  0.2554735243320465
32  0.25547289848327637
1422  0.2554713487625122
1242  0.2554703652858734
781  0.25546911358833313
214  0.25546857714653015
1447  0.2554681897163391
1044  0.2554674446582794
258  0.25546568632125854
156  0.255465030670166
1058  0.2554644048213959
530  0.25546225905418396
485  0.25545886158943176
292  0.2554561197757721
697  0.2554559111595154
1351  0.2554550766944885
105  0.2554534375667572
674  0.25545117259025574
1205  0.2554509937763214
774  0.2554458677768707
1188  0.25544533133506775
979  0.2554449737071991
1446  0.2554447650909424
947  0.2554444372653961
805  0.2554437518119812
204  0.2554435431957245
440  0.25544002652168274
1387  0.2554389238357544
37  0.25543490052223206
1038  0.25543469190597534
1367  0.2554330825805664
1390  0.2554321885108948
949  0.25542718172073364
851  0.255426824092865
856  0.25542500615119934
1100  0.2554242014884949
1127  0.25542235374450684
471  0.255420446395874
461  0.2554195523262024
606  0.2554190456867218
217  0.2554175853729248
602  0.2554152309894562
707  0.2554115056991577
253  0.255411297082901
302  0.255411297082901
806  0.2554096281528473
692  0.2554085850715637
1255  0.25540757179260254
1129  0.25540703535079956
499  0.25540533661842346
704  0.25540390610694885
1004  0.2554032504558563
1352  0.25540149211883545
730  0.25540047883987427
83  0.2554001808166504
392  0.25540006160736084
1041  0.2553977370262146
444  0.2553968131542206
1364  0.2553950548171997
1445  0.25539430975914
1284  0.2553936839103699
868  0.2553888261318207
999  0.2553887963294983
289  0.2553882896900177
447  0.2553873360157013
363  0.25538647174835205
1057  0.2553860545158386
577  0.2553854286670685
455  0.2553846836090088
600  0.25538384914398193
130  0.25538313388824463
952  0.2553808391094208
672  0.25537970662117004
942  0.2553764581680298
871  0.2553759515285492
531  0.25537431240081787
958  0.25537410378456116
353  0.2553726136684418
490  0.25536972284317017
36  0.2553696930408478
823  0.25536683201789856
1138  0.2553645074367523
1410  0.25536391139030457
355  0.25536203384399414
356  0.2553603947162628
1056  0.2553602159023285
371  0.255359411239624
283  0.25535455346107483
1322  0.25535330176353455
1083  0.25535324215888977
125  0.2553529739379883
515  0.2553485929965973
1307  0.25534844398498535
1418  0.2553475499153137
961  0.2553471028804779
148  0.25534433126449585
803  0.2553439438343048
991  0.2553415596485138
247  0.25534093379974365
1236  0.25533854961395264
685  0.25533628463745117
391  0.25533488392829895
637  0.25533390045166016
343  0.2553294003009796
1055  0.25532594323158264
1356  0.2553258240222931
152  0.25532567501068115
523  0.255325585603714
278  0.2553224265575409
1053  0.25532180070877075
1178  0.2553215026855469
402  0.2553180158138275
541  0.2553164064884186
188  0.25531336665153503
279  0.25531312823295593
126  0.255311518907547
147  0.2553102970123291
557  0.25530675053596497
197  0.25530579686164856
551  0.25530049204826355
535  0.255298376083374
1162  0.2552976906299591
738  0.25529611110687256
853  0.25529417395591736
971  0.2552911341190338
1409  0.25528502464294434
886  0.2552803158760071
94  0.2552800178527832
145  0.2552792429924011
526  0.2552790939807892
1252  0.2552790343761444
281  0.25527840852737427
801  0.25527510046958923
110  0.2552731931209564
1081  0.25527292490005493
257  0.2552723288536072
1385  0.25527018308639526
742  0.25526607036590576
354  0.2552616000175476
273  0.25526121258735657
1371  0.25526097416877747
284  0.25525909662246704
775  0.2552579939365387
316  0.2552579641342163
203  0.2552577257156372
1226  0.25525757670402527
213  0.25525709986686707
1042  0.2552568018436432
1382  0.2552565336227417
322  0.25525447726249695
123  0.25525325536727905
428  0.25525224208831787
1079  0.25525176525115967
754  0.25525131821632385
170  0.25525033473968506
224  0.25524964928627014
401  0.25524839758872986
741  0.2552454173564911
550  0.25523966550827026
817  0.25523829460144043
567  0.2552367150783539
1374  0.2552330493927002
1268  0.25523215532302856
411  0.2552313804626465
1435  0.25523048639297485
1201  0.2552304267883301
1311  0.2552303969860077
1423  0.255229651927948
500  0.25522682070732117
441  0.2552204728126526
1427  0.25521978735923767
84  0.2552179992198944
716  0.255217045545578
1193  0.2552168369293213
998  0.255214661359787
1386  0.2552146017551422
414  0.25520992279052734
519  0.2552098333835602
838  0.25520774722099304
459  0.2552073001861572
1303  0.25520703196525574
1290  0.25520604848861694
488  0.2552037835121155
826  0.2552024722099304
644  0.2552020251750946
69  0.25520119071006775
893  0.2552003860473633
1157  0.255195289850235
329  0.25519412755966187
352  0.2551926076412201
452  0.2551897466182709
437  0.2551872730255127
647  0.2551858127117157
492  0.25518548488616943
192  0.2551851272583008
88  0.2551816999912262
1237  0.2551809549331665
635  0.25517743825912476
559  0.2551758587360382
275  0.25517556071281433
337  0.2551746070384979
298  0.2551744282245636
158  0.25517401099205017
1338  0.2551730275154114
1429  0.2551729679107666
1413  0.25517192482948303
595  0.2551690340042114
1101  0.25516632199287415
318  0.25516217947006226
1420  0.25515615940093994
869  0.25515514612197876
189  0.2551521956920624
983  0.2551511824131012
477  0.2551509439945221
413  0.25514888763427734
505  0.2551465630531311
911  0.25514572858810425
155  0.2551456093788147
472  0.2551404535770416
495  0.2551393210887909
1202  0.2551376223564148
270  0.25513598322868347
1063  0.2551323175430298
182  0.25513172149658203
385  0.2551262080669403
528  0.25511810183525085
223  0.255117267370224
946  0.2551136910915375
1006  0.2551128566265106
1239  0.2551100254058838
429  0.25510892271995544
58  0.25510668754577637
651  0.2551054358482361
812  0.2551021873950958
1392  0.2551015317440033
506  0.2551007568836212
824  0.25510016083717346
628  0.2550954222679138
70  0.2550940215587616
323  0.2550939917564392
928  0.2550920844078064
1379  0.25509172677993774
845  0.25509047508239746
465  0.2550894618034363
154  0.2550864517688751
417  0.2550830841064453
517  0.25507500767707825
153  0.25507423281669617
1097  0.2550698518753052
280  0.2550686001777649
1283  0.25506553053855896
415  0.255065381526947
592  0.2550646662712097
496  0.25506332516670227
1203  0.25506097078323364
161  0.2550608515739441
783  0.2550603151321411
522  0.2550574839115143
96  0.2550504803657532
510  0.2550498843193054
811  0.2550475597381592
1264  0.2550473213195801
1049  0.25504598021507263
1260  0.25504449009895325
997  0.2550398111343384
798  0.2550342082977295
513  0.2550309896469116
782  0.25503069162368774
403  0.2550235688686371
348  0.2550187408924103
1439  0.2550155222415924
1017  0.25501465797424316
137  0.2550145089626312
418  0.2550143599510193
726  0.25501424074172974
565  0.25501227378845215
1173  0.2550101578235626
690  0.2550077736377716
1197  0.25500744581222534
1123  0.2550060749053955
1336  0.2550032138824463
1281  0.25500088930130005
248  0.25500020384788513
536  0.25499820709228516
1380  0.2549969553947449
1087  0.25499600172042847
890  0.2549942135810852
1233  0.2549937963485718
1169  0.25498640537261963
534  0.25498563051223755
753  0.25498253107070923
1074  0.2549821436405182
1154  0.2549815773963928
138  0.25497809052467346
573  0.2549763023853302
608  0.25497087836265564
1267  0.25496914982795715
1140  0.25496888160705566
516  0.2549687623977661
309  0.2549683749675751
866  0.2549678683280945
1298  0.254963755607605
1262  0.25496283173561096
863  0.2549576461315155
849  0.2549571394920349
1099  0.25495535135269165
261  0.2549546957015991
404  0.2549537420272827
1389  0.254952996969223
425  0.2549499571323395
163  0.2549498379230499
847  0.25494757294654846
172  0.2549428939819336
649  0.2549419105052948
1013  0.25493916869163513
1444  0.25493887066841125
532  0.25493791699409485
585  0.2549348473548889
617  0.2549334764480591
1235  0.2549245059490204
362  0.25492390990257263
61  0.2549181282520294
539  0.25491639971733093
194  0.2549154758453369
689  0.2549150288105011
834  0.2549147307872772
1440  0.25491130352020264
552  0.2549072504043579
315  0.25490617752075195
1273  0.25490379333496094
1107  0.25490301847457886
1222  0.25489985942840576
290  0.25489935278892517
1384  0.25489917397499084
681  0.2548988461494446
434  0.25489723682403564
120  0.25488805770874023
1047  0.25488635897636414
1331  0.2548837959766388
335  0.2548832595348358
735  0.2548779845237732
970  0.254876047372818
33  0.25487449765205383
1400  0.254871666431427
1007  0.25486502051353455
396  0.25486335158348083
1398  0.25486090779304504
950  0.2548603117465973
1451  0.25486019253730774
1067  0.2548584043979645
1340  0.25485557317733765
1109  0.25485217571258545
883  0.2548493444919586
1312  0.2548479735851288
1091  0.2548423707485199
540  0.25484204292297363
252  0.25484105944633484
906  0.25483688712120056
1002  0.2548367381095886
1184  0.25483211874961853
758  0.254831463098526
1220  0.25483110547065735
242  0.25482112169265747
896  0.2548201382160187
1182  0.25481492280960083
1172  0.254814475774765
899  0.2548113167285919
1190  0.2548108398914337
1086  0.2548096179962158
1330  0.2548035681247711
638  0.2548011839389801
1354  0.25479936599731445
38  0.25479763746261597
913  0.2547956705093384
974  0.25479474663734436
312  0.254794716835022
1323  0.2547946274280548
1428  0.254794180393219
8  0.2547929286956787
1245  0.2547924220561981
1011  0.2547917366027832
542  0.2547842562198639
209  0.25478339195251465
398  0.2547823488712311
422  0.25477662682533264
330  0.25477322936058044
1328  0.25476598739624023
1171  0.25476208329200745
1116  0.254749596118927
1128  0.2547433376312256
171  0.25474175810813904
574  0.25473615527153015
482  0.2547284960746765
1261  0.2547246813774109
785  0.25471991300582886
282  0.2547186613082886
804  0.2547171115875244
1009  0.2547171115875244
691  0.25471553206443787
388  0.2547104060649872
1033  0.2547069191932678
1166  0.25470656156539917
221  0.2547056972980499
1265  0.25470420718193054
636  0.2547028362751007
370  0.25470229983329773
527  0.25469961762428284
993  0.25468993186950684
308  0.25468936562538147
443  0.2546878159046173
1082  0.25468674302101135
34  0.2546829879283905
262  0.25468212366104126
1274  0.2546773850917816
852  0.2546703815460205
1254  0.2546687126159668
665  0.25466832518577576
201  0.254653662443161
1181  0.25465360283851624
684  0.2546533942222595
830  0.254651814699173
594  0.25465166568756104
1027  0.2546500265598297
187  0.25464725494384766
720  0.2546443045139313
932  0.25464391708374023
894  0.25464344024658203
1195  0.25464046001434326
1103  0.2546367347240448
827  0.25463658571243286
17  0.2546347379684448
787  0.25463321805000305
1051  0.2546326220035553
1133  0.25462883710861206
350  0.25462672114372253
464  0.25461819767951965
745  0.2546166181564331
268  0.2546144127845764
244  0.25461265444755554
234  0.254612535238266
11  0.25461071729660034
1192  0.2546033561229706
1052  0.2545959949493408
776  0.25459060072898865
1112  0.2545895278453827
1391  0.25458860397338867
728  0.25458836555480957
1077  0.25458574295043945
286  0.25458335876464844
723  0.2545825242996216
525  0.2545759677886963
621  0.2545747458934784
571  0.2545729875564575
344  0.25456875562667847
611  0.25456702709198
1015  0.2545664310455322
820  0.25455793738365173
406  0.25455713272094727
260  0.2545531392097473
160  0.2545475661754608
1114  0.25454655289649963
1191  0.254544734954834
554  0.25454071164131165
458  0.2545391619205475
1098  0.25452950596809387
1299  0.2545267641544342
1064  0.2545245289802551
263  0.2545211613178253
1119  0.2545197010040283
590  0.2545125186443329
481  0.2545122504234314
770  0.25450995564460754
397  0.25450897216796875
831  0.25450825691223145
483  0.254505455493927
1326  0.2545052766799927
297  0.2545051574707031
796  0.25450482964515686
989  0.2545040547847748
980  0.25450247526168823
1110  0.2544955015182495
300  0.2544930577278137
772  0.2544851005077362
545  0.2544827163219452
1286  0.25447899103164673
307  0.2544761300086975
1270  0.25447505712509155
988  0.2544652223587036
445  0.2544633150100708
1334  0.25446072220802307
319  0.2544589638710022
80  0.2544577121734619
293  0.25445353984832764
1115  0.25445306301116943
1102  0.2544507384300232
1200  0.2544504404067993
285  0.2544460594654083
1147  0.25444555282592773
373  0.25444266200065613
1185  0.2544412314891815
1234  0.25443941354751587
456  0.25443461537361145
765  0.25442883372306824
1170  0.2544281780719757
731  0.2544265389442444
19  0.25441664457321167
1395  0.2544160485267639
963  0.254411906003952
1092  0.2544005811214447
243  0.25439783930778503
205  0.25439634919166565
1372  0.254393607378006
1404  0.25439250469207764
1329  0.2543901205062866
544  0.2543835937976837
305  0.2543676793575287
409  0.25436457991600037
462  0.2543601393699646
1419  0.2543575167655945
436  0.25434789061546326
1378  0.2543446123600006
7  0.2543276250362396
1168  0.2543140649795532
1186  0.2542964816093445
1292  0.2542889714241028
1313  0.2542840838432312
1137  0.25426849722862244
1126  0.25426432490348816
345  0.2542584240436554
1319  0.2542448341846466
1206  0.25424090027809143
448  0.25423428416252136
661  0.2542306184768677
251  0.2542083263397217
395  0.2542038857936859
227  0.25419822335243225
1247  0.2541981637477875
1314  0.2541876435279846
701  0.2541837990283966
1135  0.25417855381965637
1196  0.25417670607566833
1396  0.2541726231575012
304  0.25414082407951355
1309  0.2541380822658539
1425  0.25412359833717346
795  0.25412216782569885
1321  0.2541102170944214
529  0.2541085183620453
98  0.25409001111984253
389  0.25408414006233215
366  0.2540832459926605
1029  0.25406327843666077
424  0.25405004620552063
497  0.25404947996139526
1163  0.25402411818504333
1096  0.25400906801223755
1176  0.2540048360824585
489  0.2539996802806854
1310  0.25398632884025574
416  0.25397130846977234
368  0.25396230816841125
431  0.25395727157592773
987  0.2539272904396057
593  0.25392061471939087
1125  0.2539157569408417
230  0.25387588143348694
387  0.25384628772735596
374  0.25383418798446655
1034  0.253812700510025
576  0.2538115680217743
1294  0.25380739569664
1210  0.2538067698478699
712  0.2537984251976013
410  0.253782719373703
419  0.25377124547958374
1043  0.2537229061126709
1106  0.25371983647346497
1238  0.2536810636520386
1060  0.25361064076423645
90  0.25355297327041626
1296  0.2535409927368164
789  0.2535311281681061
1158  0.2535213232040405
421  0.2534523904323578
630  0.2533998191356659
1276  0.25331446528434753
1269  0.2532884180545807
884  0.2530650496482849
357  0.2530144453048706
1189  0.25247684121131897
