726  0.2388976663351059
1166  0.23886559903621674
444  0.23872056603431702
794  0.23871968686580658
342  0.2386515885591507
126  0.23860691487789154
162  0.23845048248767853
172  0.23842109739780426
588  0.23839351534843445
373  0.23837220668792725
1402  0.2383703738451004
1073  0.2383214682340622
1251  0.23826399445533752
676  0.2382417917251587
1113  0.23823469877243042
751  0.23823335766792297
341  0.23821894824504852
1339  0.23821160197257996
641  0.2382110059261322
1372  0.2381768822669983
363  0.23817604780197144
602  0.2381681203842163
176  0.23816247284412384
595  0.2381419688463211
219  0.23810940980911255
171  0.23809963464736938
650  0.23809482157230377
682  0.23809035122394562
1261  0.23808957636356354
719  0.2380831390619278
249  0.23807725310325623
846  0.23806743323802948
323  0.2380538433790207
932  0.23805232346057892
535  0.23805028200149536
32  0.23803859949111938
221  0.23802433907985687
744  0.23802383244037628
427  0.23801390826702118
1015  0.23800057172775269
784  0.23799006640911102
920  0.23798900842666626
352  0.2379792332649231
93  0.237977534532547
1417  0.2379635125398636
580  0.23796021938323975
543  0.237951397895813
725  0.23795083165168762
653  0.23794957995414734
1003  0.23794515430927277
929  0.23794499039649963
150  0.23793889582157135
579  0.23791678249835968
941  0.23790892958641052
9  0.23790553212165833
1375  0.23790434002876282
603  0.23789788782596588
727  0.23789548873901367
214  0.23789255321025848
907  0.23789122700691223
1244  0.23788121342658997
757  0.23788103461265564
39  0.23787978291511536
776  0.23787671327590942
856  0.23787374794483185
1205  0.2378685027360916
371  0.23786839842796326
752  0.2378680258989334
271  0.2378649264574051
737  0.23784752190113068
1059  0.23784741759300232
610  0.2378465235233307
1163  0.23784282803535461
1000  0.23784013092517853
547  0.23783926665782928
654  0.2378377616405487
191  0.23783603310585022
1214  0.23782451450824738
894  0.2378171980381012
885  0.23781628906726837
1231  0.23781563341617584
657  0.2378128319978714
889  0.23781229555606842
718  0.23780909180641174
328  0.23780187964439392
1222  0.2377963811159134
859  0.23778857290744781
504  0.23777978122234344
43  0.2377721220254898
938  0.23776748776435852
741  0.23776602745056152
408  0.2377646267414093
223  0.23775365948677063
578  0.23774930834770203
35  0.23774850368499756
626  0.2377454936504364
1213  0.23773393034934998
771  0.23773352801799774
801  0.2377273291349411
1336  0.23771847784519196
203  0.23771540820598602
1230  0.23770923912525177
344  0.23770010471343994
1268  0.23769629001617432
976  0.23769555985927582
1009  0.23769515752792358
878  0.23769213259220123
944  0.2376892864704132
1159  0.2376880943775177
216  0.2376871258020401
627  0.23768408596515656
1365  0.23768408596515656
180  0.23768171668052673
745  0.23768028616905212
130  0.23767699301242828
451  0.23767662048339844
839  0.23767568171024323
1252  0.23766931891441345
282  0.2376641184091568
1138  0.23765647411346436
44  0.23765523731708527
1319  0.23765388131141663
492  0.23765161633491516
796  0.23764871060848236
638  0.23764397203922272
1111  0.237643763422966
22  0.23764266073703766
659  0.23763880133628845
633  0.23763835430145264
1318  0.23763659596443176
660  0.23763449490070343
1310  0.23763132095336914
400  0.23762892186641693
337  0.23761457204818726
253  0.23761440813541412
145  0.23761339485645294
309  0.23760506510734558
1027  0.237604558467865
90  0.23760445415973663
21  0.23760339617729187
18  0.23760318756103516
76  0.23760192096233368
106  0.23760102689266205
286  0.23759491741657257
685  0.23759441077709198
928  0.23759114742279053
54  0.23758834600448608
647  0.2375858724117279
19  0.23758038878440857
77  0.23757855594158173
1007  0.23757682740688324
908  0.23757344484329224
882  0.23757261037826538
299  0.23757123947143555
670  0.23756854236125946
792  0.23756085336208344
544  0.2375587522983551
585  0.2375563234090805
538  0.23755104839801788
948  0.2375497668981552
384  0.23754797875881195
119  0.23754674196243286
832  0.23754118382930756
534  0.2375408262014389
12  0.2375400960445404
160  0.23753732442855835
1312  0.23753634095191956
1122  0.23752957582473755
831  0.2375268042087555
391  0.2375260591506958
620  0.23752403259277344
646  0.23752188682556152
336  0.2375156134366989
568  0.23751236498355865
1151  0.23751109838485718
594  0.23750929534435272
477  0.23750895261764526
608  0.237508162856102
809  0.23750397562980652
690  0.23750214278697968
589  0.23749946057796478
852  0.23749826848506927
937  0.23749762773513794
125  0.23749756813049316
277  0.23749622702598572
453  0.23749452829360962
251  0.2374870479106903
698  0.23748664557933807
891  0.23748309910297394
262  0.23748278617858887
1162  0.23748242855072021
639  0.23748181760311127
615  0.23747842013835907
680  0.23747605085372925
296  0.2374725639820099
618  0.23747186362743378
46  0.23747070133686066
871  0.23746535181999207
1424  0.23746530711650848
953  0.2374618649482727
205  0.23746180534362793
1412  0.2374611645936966
1008  0.23746110498905182
257  0.23746103048324585
250  0.23745936155319214
16  0.2374589741230011
786  0.23745863139629364
808  0.23745465278625488
1290  0.23745417594909668
1004  0.23745308816432953
715  0.23744970560073853
311  0.23744960129261017
934  0.23744632303714752
1001  0.23744282126426697
1096  0.2374410480260849
1329  0.23743927478790283
358  0.2374381422996521
163  0.23743519186973572
884  0.23743486404418945
513  0.2374345362186432
858  0.2374313771724701
1164  0.23743131756782532
149  0.23742824792861938
1130  0.23741847276687622
143  0.2374170422554016
883  0.23741672933101654
447  0.23741386830806732
103  0.23740987479686737
111  0.2374097853899002
1056  0.23740951716899872
369  0.23740540444850922
192  0.2374052256345749
860  0.23740427196025848
867  0.23740427196025848
1377  0.23740223050117493
62  0.23739944398403168
599  0.23739895224571228
353  0.23739761114120483
38  0.23739519715309143
1353  0.2373950332403183
134  0.23739497363567352
276  0.23739269375801086
709  0.23739255964756012
1209  0.23738844692707062
537  0.23738831281661987
142  0.23738540709018707
493  0.23738500475883484
1307  0.23738406598567963
984  0.23738396167755127
990  0.23738208413124084
83  0.23738014698028564
662  0.23737499117851257
193  0.2373746633529663
1276  0.23737294971942902
713  0.2373717576265335
986  0.23736536502838135
1295  0.23736466467380524
1304  0.237360879778862
1157  0.23736004531383514
791  0.23735833168029785
1428  0.23735830187797546
518  0.2373582273721695
248  0.23735709488391876
201  0.23735696077346802
254  0.23735634982585907
135  0.2373516708612442
197  0.23734694719314575
95  0.23734621703624725
1014  0.23734614253044128
708  0.23734210431575775
686  0.23734156787395477
774  0.23733963072299957
1155  0.23733758926391602
507  0.23733748495578766
208  0.23733460903167725
1150  0.2373345047235489
918  0.23733410239219666
87  0.2373337745666504
782  0.23733025789260864
1427  0.23732680082321167
755  0.2373252958059311
1020  0.23732516169548035
115  0.23732493817806244
57  0.23732219636440277
1148  0.2373213768005371
892  0.23731975257396698
347  0.23731790482997894
1234  0.23731760680675507
96  0.23731690645217896
190  0.2373160570859909
1356  0.23731562495231628
186  0.23731482028961182
25  0.2373145967721939
571  0.237310528755188
1084  0.23731036484241486
128  0.23730944097042084
519  0.23730772733688354
475  0.23730574548244476
759  0.23730424046516418
673  0.23730117082595825
244  0.2373003214597702
1423  0.23730021715164185
1074  0.2372986525297165
1383  0.23729641735553741
5  0.2372957020998001
1248  0.23729516565799713
1300  0.23729510605335236
273  0.23729446530342102
185  0.237294003367424
1449  0.2372937649488449
743  0.23729316890239716
546  0.23729059100151062
1194  0.23728951811790466
91  0.23728883266448975
834  0.2372852861881256
1099  0.23728340864181519
1274  0.23728063702583313
539  0.23728056252002716
803  0.2372797578573227
1011  0.2372775822877884
1193  0.23727717995643616
26  0.2372768521308899
1341  0.2372758835554123
866  0.23727518320083618
874  0.23727518320083618
556  0.2372751533985138
731  0.23726917803287506
140  0.23726901412010193
828  0.23726853728294373
468  0.2372651994228363
137  0.23726509511470795
84  0.23726482689380646
178  0.23726345598697662
129  0.23726001381874084
210  0.23725919425487518
256  0.23725907504558563
906  0.2372569888830185
678  0.23725612461566925
675  0.23725534975528717
684  0.23725175857543945
717  0.23724845051765442
312  0.23724624514579773
86  0.23724490404129028
1420  0.2372445911169052
80  0.23724259436130524
526  0.2372414767742157
45  0.23724110424518585
386  0.23723892867565155
28  0.23723889887332916
1429  0.23723766207695007
736  0.23723621666431427
56  0.23723562061786652
1012  0.2372347116470337
853  0.23723427951335907
1089  0.23723356425762177
307  0.23723186552524567
912  0.23722778260707855
428  0.23722559213638306
313  0.23722174763679504
872  0.2372206449508667
1425  0.23721957206726074
532  0.23721913993358612
687  0.23721876740455627
845  0.23721839487552643
909  0.2372177541255951
168  0.23721353709697723
753  0.23721158504486084
880  0.23720844089984894
1201  0.23720787465572357
1361  0.23720484972000122
1223  0.237203910946846
930  0.23720328509807587
1396  0.2372014969587326
117  0.23720082640647888
529  0.23719768226146698
763  0.2371969074010849
367  0.2371954768896103
840  0.23719368875026703
787  0.23719355463981628
118  0.23719201982021332
548  0.23719188570976257
1051  0.23719070851802826
836  0.2371896356344223
952  0.23718929290771484
1338  0.23718631267547607
591  0.23718494176864624
655  0.23718400299549103
671  0.23718206584453583
642  0.2371818870306015
1380  0.23718035221099854
110  0.23717933893203735
97  0.2371775060892105
502  0.23717699944972992
961  0.23717504739761353
775  0.23717458546161652
1169  0.23717330396175385
905  0.23717106878757477
863  0.2371710240840912
707  0.23716983199119568
364  0.23716941475868225
1363  0.2371692955493927
1326  0.23716744780540466
228  0.23716731369495392
612  0.23716339468955994
1046  0.2371545433998108
604  0.2371518760919571
424  0.2371509075164795
41  0.23715053498744965
68  0.2371501475572586
329  0.23714964091777802
333  0.23714964091777802
551  0.23714441061019897
63  0.23714424669742584
1002  0.23714366555213928
11  0.23714353144168854
33  0.23714306950569153
910  0.2371399849653244
122  0.2371397465467453
89  0.2371373027563095
229  0.23713524639606476
1010  0.2371348738670349
1345  0.2371344417333603
418  0.23713307082653046
1198  0.23713207244873047
691  0.23712673783302307
818  0.23712578415870667
819  0.23712562024593353
319  0.23712551593780518
495  0.23712489008903503
238  0.23712334036827087
224  0.2371210902929306
1337  0.23711884021759033
677  0.23711690306663513
758  0.23711256682872772
24  0.23711207509040833
1030  0.23710976541042328
1  0.23710952699184418
1171  0.23710939288139343
1147  0.23710709810256958
85  0.2371065616607666
157  0.23710355162620544
464  0.23710320889949799
182  0.23710183799266815
265  0.23710033297538757
426  0.23709961771965027
1048  0.23709791898727417
515  0.2370978742837906
79  0.23709696531295776
1097  0.23709677159786224
146  0.2370932549238205
82  0.23709267377853394
64  0.23708905279636383
823  0.23708897829055786
1053  0.2370881885290146
196  0.23708784580230713
102  0.2370874136686325
113  0.23708640038967133
198  0.23708543181419373
206  0.23708415031433105
1406  0.23708371818065643
1399  0.23708350956439972
656  0.23708130419254303
285  0.23708073794841766
765  0.23707818984985352
74  0.2370767444372177
868  0.23707664012908936
644  0.2370758354663849
27  0.2370755970478058
225  0.23707471787929535
1158  0.23707391321659088
769  0.2370736449956894
416  0.2370714396238327
1366  0.23707106709480286
267  0.23707018792629242
679  0.23706993460655212
573  0.2370694875717163
722  0.23706911504268646
1081  0.23706871271133423
1192  0.23706847429275513
279  0.23706653714179993
974  0.23706533014774323
505  0.2370651662349701
59  0.23706485331058502
1388  0.23706214129924774
700  0.2370581477880478
220  0.23705418407917023
78  0.23705381155014038
890  0.23705311119556427
58  0.2370530366897583
1325  0.2370527684688568
1395  0.2370501160621643
218  0.23704947531223297
1070  0.2370457649230957
1418  0.2370440810918808
1075  0.2370413839817047
838  0.23704126477241516
521  0.23704051971435547
1292  0.23703473806381226
1090  0.23703457415103912
472  0.23703350126743317
1080  0.23703283071517944
1284  0.2370321899652481
562  0.23703205585479736
393  0.23702996969223022
1405  0.23702427744865417
308  0.23702406883239746
1249  0.23702232539653778
316  0.23702222108840942
100  0.23702208697795868
436  0.23702096939086914
183  0.2370201051235199
1291  0.23701485991477966
924  0.2370147705078125
624  0.23701295256614685
199  0.2370128482580185
886  0.23701228201389313
898  0.23701030015945435
942  0.2370099276304245
47  0.23700842261314392
1154  0.2370080053806305
374  0.23700767755508423
435  0.2370070368051529
1226  0.23700673878192902
825  0.237006276845932
324  0.2370055615901947
259  0.2370050847530365
1188  0.23700478672981262
360  0.23700378835201263
338  0.23700334131717682
37  0.23700028657913208
3  0.2370000183582306
799  0.23699861764907837
243  0.23699717223644257
1079  0.23699316382408142
60  0.23699310421943665
109  0.23699238896369934
767  0.23699158430099487
854  0.23699134588241577
123  0.23699069023132324
1103  0.23698876798152924
1101  0.23698855936527252
629  0.23698849976062775
1016  0.2369876503944397
404  0.23698751628398895
1435  0.2369871586561203
1282  0.23698469996452332
1313  0.23698469996452332
1328  0.23698116838932037
960  0.23698113858699799
165  0.2369767129421234
1331  0.23697318136692047
797  0.2369709610939026
1351  0.2369701862335205
980  0.23696810007095337
877  0.23696774244308472
457  0.23696742951869965
847  0.23696599900722504
92  0.23696006834506989
357  0.2369595766067505
545  0.23695939779281616
1116  0.2369585633277893
31  0.23695781826972961
813  0.2369563728570938
711  0.23695503175258636
1120  0.23695459961891174
402  0.23695307970046997
954  0.23695282638072968
120  0.2369500994682312
525  0.23694756627082825
448  0.23694437742233276
441  0.23694340884685516
553  0.2369418889284134
614  0.2369392365217209
179  0.23693157732486725
735  0.23692895472049713
593  0.23692835867404938
558  0.23692817986011505
486  0.23692680895328522
1093  0.2369266003370285
284  0.23692579567432404
862  0.23692525923252106
1104  0.23692482709884644
429  0.23692233860492706
169  0.2369200736284256
489  0.23691990971565247
903  0.2369157373905182
105  0.2369154691696167
382  0.23691479861736298
222  0.23691417276859283
438  0.23691365122795105
749  0.2369125783443451
597  0.23691251873970032
790  0.23691228032112122
712  0.23691147565841675
999  0.2369111329317093
583  0.23691070079803467
779  0.23691010475158691
875  0.23690973222255707
151  0.23690946400165558
991  0.23690848052501678
431  0.2369077056646347
144  0.23690590262413025
1024  0.2369055151939392
388  0.2369050532579422
1442  0.2369050234556198
855  0.23690471053123474
1288  0.23690299689769745
1187  0.23690000176429749
1145  0.23689919710159302
1446  0.23689863085746765
34  0.23689758777618408
343  0.23689712584018707
1152  0.23689515888690948
30  0.2368950992822647
215  0.23689475655555725
1347  0.23689331114292145
317  0.23689116537570953
204  0.23688752949237823
1392  0.23688608407974243
14  0.23688238859176636
1431  0.23687982559204102
1167  0.23687970638275146
1335  0.23687970638275146
410  0.23687906563282013
888  0.23687821626663208
295  0.23687656223773956
849  0.23687569797039032
927  0.23687328398227692
212  0.23687227070331573
869  0.23687072098255157
962  0.23686927556991577
194  0.2368692010641098
213  0.23686914145946503
1043  0.23686473071575165
1041  0.23686452209949493
1232  0.23686178028583527
1362  0.23686157166957855
237  0.23686034977436066
702  0.23685964941978455
1415  0.23685750365257263
1286  0.2368554174900055
1410  0.2368546724319458
1064  0.23685380816459656
332  0.2368534356355667
236  0.23685303330421448
748  0.2368515133857727
305  0.23685060441493988
1348  0.23684953153133392
1058  0.23684793710708618
71  0.23684728145599365
704  0.23684632778167725
195  0.23684127628803253
1044  0.23683899641036987
73  0.23683787882328033
833  0.2368377149105072
269  0.23683449625968933
674  0.23683445155620575
1320  0.23683354258537292
147  0.2368321567773819
1190  0.23683162033557892
681  0.23682953417301178
1314  0.23682914674282074
1382  0.2368251383304596
470  0.23682506382465363
864  0.23682186007499695
365  0.23682086169719696
1126  0.23681795597076416
1100  0.23681560158729553
1227  0.23681487143039703
508  0.23681288957595825
844  0.2368118315935135
399  0.23681066930294037
240  0.23681038618087769
70  0.2368098497390747
915  0.2368093580007553
1022  0.23680679500102997
1196  0.23680245876312256
959  0.23680086433887482
423  0.23680077493190765
1299  0.23679985105991364
112  0.23679813742637634
1062  0.23679663240909576
606  0.23679658770561218
301  0.23678845167160034
1413  0.23678679764270782
997  0.2367863953113556
322  0.23678326606750488
1376  0.23678164184093475
202  0.23678158223628998
1448  0.23677946627140045
972  0.23677770793437958
1019  0.23677676916122437
40  0.23677505552768707
274  0.236774742603302
1340  0.23677454888820648
1434  0.2367737591266632
359  0.2367732673883438
1215  0.23677201569080353
590  0.2367701232433319
1038  0.23676982522010803
1384  0.23676931858062744
242  0.2367664873600006
246  0.23676586151123047
842  0.23676525056362152
315  0.2367650866508484
1129  0.23676450550556183
98  0.23676393926143646
902  0.23676012456417084
1087  0.23675793409347534
1106  0.23675787448883057
48  0.23675760626792908
750  0.23675741255283356
1390  0.2367570698261261
1086  0.23675696551799774
804  0.2367551475763321
1373  0.23675453662872314
921  0.236753910779953
542  0.23675210773944855
1117  0.23674985766410828
339  0.23674848675727844
403  0.23674793541431427
692  0.23674680292606354
42  0.23674628138542175
187  0.23674584925174713
1245  0.23674552142620087
306  0.23674523830413818
1408  0.2367439717054367
1316  0.23674272000789642
1309  0.2367415726184845
478  0.23673975467681885
1273  0.23673954606056213
811  0.23673692345619202
1050  0.23673632740974426
1370  0.2367362231016159
255  0.2367359846830368
1045  0.23673328757286072
471  0.23673281073570251
919  0.2367323786020279
949  0.23673072457313538
497  0.23673035204410553
1140  0.23672854900360107
1135  0.23672839999198914
1279  0.23672708868980408
303  0.23672547936439514
732  0.23672467470169067
729  0.2367236614227295
897  0.23672179877758026
793  0.23672142624855042
434  0.23671981692314148
239  0.23671874403953552
275  0.23671863973140717
75  0.2367163747549057
577  0.2367158681154251
1210  0.2367144227027893
23  0.23671287298202515
1131  0.23671118915081024
1254  0.236710786819458
899  0.2367093414068222
1422  0.23670907318592072
1343  0.23670896887779236
510  0.23670582473278046
1018  0.23670543730258942
379  0.23670442402362823
454  0.2367018163204193
354  0.23670154809951782
965  0.2367004007101059
449  0.23669923841953278
482  0.23669549822807312
992  0.23669488728046417
566  0.23669417202472687
272  0.23669400811195374
747  0.23669305443763733
61  0.23669251799583435
1133  0.23669208586215973
895  0.23668518662452698
1183  0.23668129742145538
643  0.23668086528778076
667  0.23668016493320465
1404  0.23667971789836884
1057  0.23667947947978973
917  0.2366785705089569
637  0.2366776019334793
372  0.23667514324188232
104  0.23667381703853607
304  0.23667338490486145
458  0.2366725653409958
320  0.23666977882385254
375  0.2366696447134018
55  0.23666943609714508
601  0.23666895925998688
292  0.23666754364967346
777  0.23666660487651825
252  0.23666588962078094
996  0.2366643100976944
65  0.2366633415222168
398  0.23666216433048248
850  0.23665867745876312
1128  0.23665864765644073
1358  0.2366575300693512
1146  0.23665736615657806
911  0.23665635287761688
857  0.2366551160812378
1262  0.23665495216846466
159  0.2366538941860199
881  0.23665295541286469
1170  0.2366519421339035
10  0.23664994537830353
439  0.23664972186088562
820  0.23664924502372742
181  0.23664678633213043
605  0.23664657771587372
1065  0.23664590716362
600  0.23664571344852448
433  0.23664534091949463
1108  0.2366442233324051
1280  0.23664408922195435
1195  0.23663343489170074
998  0.23663339018821716
706  0.23663330078125
1161  0.23663263022899628
1203  0.23662860691547394
1115  0.23662838339805603
734  0.23662777245044708
879  0.23662392795085907
1202  0.23662345111370087
565  0.23662160336971283
710  0.2366207242012024
788  0.23661896586418152
1118  0.23661768436431885
2  0.23661720752716064
473  0.2366165965795517
760  0.23661509156227112
781  0.23661454021930695
668  0.23661258816719055
979  0.2366093546152115
107  0.2366075962781906
66  0.23660753667354584
6  0.236607164144516
861  0.2366068959236145
870  0.2366061508655548
772  0.23660503327846527
824  0.23660396039485931
661  0.2366037517786026
1032  0.23660361766815186
703  0.23660250008106232
970  0.23660187423229218
826  0.23660176992416382
978  0.23659981787204742
1055  0.23659873008728027
1143  0.2365967035293579
851  0.23659563064575195
1247  0.23659509420394897
1217  0.23659373819828033
649  0.236591175198555
1034  0.2365875244140625
773  0.23658530414104462
923  0.23658397793769836
1409  0.23658300936222076
664  0.23658142983913422
389  0.2365812510251999
1229  0.2365812510251999
430  0.23658081889152527
933  0.2365804761648178
1017  0.2365799993276596
975  0.23657865822315216
936  0.2365785539150238
540  0.23657694458961487
207  0.23657625913619995
1263  0.23657524585723877
1052  0.23657450079917908
1006  0.23657254874706268
901  0.23656903207302094
1344  0.2365681231021881
1212  0.23656520247459412
114  0.2365647852420807
530  0.23656414449214935
390  0.23656339943408966
366  0.23656202852725983
830  0.23655517399311066
380  0.23655463755130768
742  0.23655284941196442
1433  0.23655232787132263
983  0.2365511804819107
189  0.23654916882514954
800  0.2365490347146988
452  0.23654775321483612
576  0.23654292523860931
227  0.23653842508792877
298  0.23653778433799744
814  0.23653745651245117
1180  0.23653553426265717
152  0.2365349531173706
314  0.2365337312221527
1324  0.23653289675712585
843  0.23653268814086914
270  0.23653148114681244
973  0.23652929067611694
287  0.23652908205986023
552  0.23652689158916473
694  0.23652610182762146
173  0.23652580380439758
1076  0.23652496933937073
1398  0.2365245521068573
326  0.2365226298570633
412  0.23652172088623047
1218  0.23652151226997375
49  0.23652145266532898
1354  0.23651564121246338
1241  0.2365102469921112
1141  0.2365095615386963
318  0.2365092635154724
1350  0.2365073710680008
730  0.23650704324245453
69  0.2365063577890396
1181  0.23650598526000977
1393  0.23650433123111725
335  0.23650334775447845
689  0.23650315403938293
349  0.23650217056274414
922  0.2365017682313919
485  0.23650044202804565
1225  0.23650018870830536
1124  0.2364978790283203
1061  0.23649390041828156
459  0.2364937663078308
837  0.2364937663078308
724  0.23649302124977112
450  0.2364911586046219
1136  0.23648738861083984
1255  0.23648738861083984
665  0.23648637533187866
1013  0.23648451268672943
527  0.23648293316364288
498  0.23648107051849365
474  0.23648059368133545
696  0.23648059368133545
1149  0.23647840321063995
1257  0.2364773452281952
770  0.23647670447826385
1186  0.23647192120552063
988  0.23647065460681915
955  0.2364681214094162
695  0.23646795749664307
158  0.23646779358386993
1315  0.23646721243858337
1321  0.23646560311317444
1275  0.23646539449691772
1228  0.23646347224712372
1236  0.23646320402622223
487  0.23646241426467896
1123  0.23646113276481628
297  0.23645809292793274
340  0.23645707964897156
1397  0.23645637929439545
1432  0.23645441234111786
1078  0.23645302653312683
969  0.2364526242017746
397  0.23645025491714478
827  0.23644982278347015
720  0.23644901812076569
131  0.2364480048418045
437  0.2364477664232254
1246  0.23644715547561646
247  0.2364467829465866
520  0.23644599318504333
1334  0.23644225299358368
1305  0.236440971493721
1107  0.23643839359283447
557  0.23643366992473602
841  0.23643241822719574
945  0.23642775416374207
334  0.23642751574516296
1216  0.23642653226852417
177  0.23642505705356598
217  0.2364238053560257
658  0.23642225563526154
138  0.23641890287399292
1394  0.23641850054264069
994  0.2364167720079422
1267  0.2364150434732437
230  0.2364148497581482
175  0.2364135980606079
592  0.23641251027584076
506  0.23640990257263184
1134  0.23640990257263184
1047  0.23640859127044678
939  0.236408531665802
1414  0.23640792071819305
635  0.23640629649162292
488  0.23640426993370056
516  0.23640334606170654
1294  0.23640334606170654
1031  0.2364024817943573
1177  0.2363988608121872
1160  0.23639844357967377
264  0.2363979071378708
1033  0.23639290034770966
211  0.23638901114463806
778  0.23638884723186493
1364  0.23638777434825897
1265  0.2363867610692978
1285  0.23638662695884705
951  0.23638293147087097
663  0.23638272285461426
293  0.23638185858726501
376  0.23638096451759338
302  0.23637978732585907
1272  0.2363775670528412
1174  0.23637719452381134
101  0.23637370765209198
916  0.23637211322784424
278  0.23637190461158752
925  0.2363700568675995
81  0.23636992275714874
1068  0.2363695502281189
425  0.23636944591999054
536  0.23636838793754578
1035  0.236368328332901
570  0.2363681197166443
1060  0.2363666445016861
1296  0.23636534810066223
971  0.23636385798454285
1303  0.2363595962524414
613  0.23635950684547424
1036  0.23635759949684143
733  0.23635713756084442
345  0.23635706305503845
88  0.23635540902614594
1207  0.23635372519493103
394  0.23635233938694
1127  0.2363520860671997
1088  0.23635165393352509
1098  0.23635149002075195
1378  0.2363497018814087
514  0.23634803295135498
559  0.2363448292016983
754  0.23634356260299683
1221  0.23634161055088043
1082  0.23633992671966553
481  0.23633942008018494
462  0.2363385558128357
407  0.23633453249931335
53  0.2363312989473343
628  0.23633114993572235
645  0.23633010685443878
946  0.23632875084877014
1054  0.23632797598838806
331  0.23632773756980896
330  0.2363273650407791
127  0.2363256812095642
1208  0.23632188141345978
630  0.23632164299488068
456  0.23632118105888367
1156  0.2363206446170807
1085  0.2363206297159195
99  0.2363196462392807
1278  0.23631951212882996
762  0.2363193929195404
20  0.236318439245224
136  0.23631569743156433
1211  0.23631452023983002
802  0.23631346225738525
1441  0.23631325364112854
598  0.2363092601299286
401  0.23630914092063904
1302  0.23630496859550476
409  0.23630490899085999
8  0.23630094528198242
1110  0.23629850149154663
1411  0.23629820346832275
1199  0.2362971156835556
141  0.23629577457904816
133  0.2362942397594452
815  0.23629295825958252
977  0.2362908273935318
575  0.23629078269004822
348  0.23628957569599152
931  0.23628875613212585
985  0.2362879067659378
567  0.23628771305084229
1142  0.2362850308418274
184  0.23628459870815277
1421  0.2362830489873886
503  0.23628005385398865
139  0.23628002405166626
476  0.23627981543540955
1063  0.23627735674381256
415  0.23627512156963348
406  0.23627054691314697
1357  0.2362687885761261
835  0.23626820743083954
461  0.23626740276813507
1220  0.23626676201820374
581  0.2362639158964157
1374  0.23626317083835602
816  0.23626303672790527
900  0.23626063764095306
1206  0.23625962436199188
1197  0.23625917732715607
611  0.23625904321670532
697  0.23625899851322174
1333  0.23625653982162476
721  0.23625651001930237
29  0.23625649511814117
1132  0.23625122010707855
821  0.23625116050243378
511  0.2362491935491562
7  0.23624908924102783
632  0.2362484484910965
1269  0.23624810576438904
522  0.2362479269504547
36  0.236247256398201
455  0.23623967170715332
1040  0.23623773455619812
989  0.23623761534690857
761  0.23623594641685486
325  0.2362348735332489
1184  0.23623371124267578
1235  0.23623211681842804
294  0.23622944951057434
232  0.2362266629934311
829  0.23622402548789978
1049  0.2362225353717804
381  0.23622146248817444
1386  0.23621918261051178
966  0.23621216416358948
166  0.23620817065238953
1077  0.2362080067396164
785  0.23620308935642242
132  0.2362026870250702
1119  0.23620231449604034
50  0.23620109260082245
524  0.23619960248470306
623  0.2361987978219986
1437  0.23619839549064636
848  0.23619753122329712
411  0.23619432747364044
116  0.23619255423545837
586  0.23618778586387634
167  0.2361806333065033
893  0.23617975413799286
1189  0.23617789149284363
876  0.23617784678936005
956  0.23617751896381378
1439  0.2361774444580078
356  0.2361735850572586
1419  0.2361690104007721
1039  0.23616714775562286
1072  0.23616576194763184
442  0.2361649125814438
528  0.23616422712802887
1219  0.23616398870944977
361  0.23616313934326172
1025  0.23616217076778412
385  0.2361609786748886
466  0.23616066575050354
443  0.23615582287311554
479  0.23615437746047974
723  0.23615284264087677
494  0.23615217208862305
1005  0.23615145683288574
1204  0.23614905774593353
1037  0.2361467182636261
484  0.23614619672298431
622  0.23614244163036346
555  0.23614145815372467
417  0.23614037036895752
383  0.236137256026268
480  0.23613561689853668
904  0.2361353486776352
280  0.2361331582069397
995  0.23613199591636658
460  0.2361317276954651
1258  0.2361292541027069
640  0.23612822592258453
231  0.2361256629228592
1407  0.2361239641904831
13  0.23612244427204132
1369  0.23612146079540253
873  0.23611854016780853
896  0.23611189424991608
290  0.23611120879650116
1092  0.23611094057559967
1256  0.23611006140708923
422  0.23610998690128326
1165  0.2361098825931549
634  0.23610971868038177
241  0.23610766232013702
94  0.2361065298318863
362  0.2361048012971878
368  0.23610267043113708
1185  0.23609597980976105
926  0.2360956221818924
419  0.2360939234495163
1311  0.23609302937984467
1271  0.23609180748462677
370  0.23608876764774323
783  0.23608547449111938
1021  0.23608529567718506
1283  0.2360849380493164
234  0.2360806167125702
501  0.23608052730560303
1042  0.23607946932315826
445  0.2360747903585434
669  0.23607227206230164
533  0.2360662817955017
1346  0.23606623709201813
1168  0.23606495559215546
807  0.2360588014125824
968  0.23605877161026
517  0.2360581010580063
739  0.2360561341047287
780  0.23605318367481232
1281  0.2360479235649109
1371  0.23604784905910492
636  0.23604615032672882
865  0.23604540526866913
1091  0.23604509234428406
914  0.23603956401348114
913  0.2360374927520752
1243  0.23603498935699463
1102  0.2360340803861618
523  0.23602096736431122
483  0.23601384460926056
226  0.23601309955120087
764  0.23600731790065765
738  0.23600614070892334
463  0.23600535094738007
1066  0.23600149154663086
584  0.23599690198898315
387  0.2359965592622757
1287  0.23599448800086975
631  0.23599350452423096
1352  0.2359897792339325
421  0.2359847128391266
806  0.23598149418830872
651  0.23597820103168488
688  0.23597536981105804
550  0.23597221076488495
1332  0.23597055673599243
1277  0.2359701544046402
607  0.23596976697444916
283  0.23596417903900146
740  0.23596127331256866
209  0.23595884442329407
746  0.23595771193504333
281  0.23595213890075684
987  0.23595163226127625
1175  0.23594969511032104
1200  0.2359483689069748
1444  0.23594650626182556
17  0.23593811690807343
355  0.23593516647815704
1173  0.23593315482139587
509  0.23592928051948547
154  0.2359292209148407
440  0.23592908680438995
1179  0.23592835664749146
420  0.2359282672405243
1114  0.23592543601989746
327  0.2359238862991333
1260  0.23591792583465576
652  0.2359163463115692
289  0.235915869474411
963  0.23591549694538116
4  0.23591259121894836
396  0.2359122633934021
572  0.23591123521327972
531  0.23590555787086487
621  0.23590297996997833
15  0.2359028160572052
1400  0.2359021008014679
52  0.23589937388896942
1182  0.23589442670345306
810  0.23588551580905914
1317  0.23588231205940247
235  0.23587766289710999
1176  0.23587551712989807
1342  0.2358749359846115
795  0.23587140440940857
1387  0.2358713001012802
258  0.23586976528167725
699  0.23585951328277588
705  0.23585723340511322
51  0.23585522174835205
1144  0.23585405945777893
310  0.23585358262062073
263  0.23585198819637299
1443  0.23584410548210144
1109  0.23583649098873138
161  0.23583610355854034
378  0.23583528399467468
153  0.23583410680294037
1416  0.2358301877975464
108  0.23582865297794342
414  0.23582828044891357
266  0.2358267903327942
164  0.23582573235034943
822  0.23582260310649872
1067  0.2358214408159256
1026  0.2358207404613495
1330  0.23582011461257935
1349  0.23581087589263916
1430  0.23580807447433472
1323  0.2358054667711258
1391  0.2358052283525467
1327  0.23580488562583923
564  0.2358020842075348
619  0.23580136895179749
768  0.23579947650432587
1028  0.23579831421375275
200  0.23579668998718262
1239  0.23578821122646332
467  0.23578627407550812
300  0.23578378558158875
413  0.23578079044818878
1436  0.23576252162456512
964  0.23576000332832336
496  0.23575982451438904
1389  0.23575624823570251
683  0.23575495183467865
541  0.23575359582901
1270  0.2357483208179474
554  0.23574116826057434
701  0.235728919506073
512  0.23572887480258942
1298  0.2357274442911148
1125  0.23572663962841034
616  0.2357255071401596
789  0.23572179675102234
121  0.23571771383285522
1224  0.23571260273456573
405  0.23570634424686432
174  0.2357022762298584
156  0.23570173978805542
1238  0.23570160567760468
288  0.23569989204406738
693  0.23569978773593903
465  0.23569904267787933
1094  0.2356969267129898
666  0.23568998277187347
170  0.23568691313266754
1095  0.23568610846996307
124  0.23568442463874817
291  0.2356807142496109
957  0.23568007349967957
1172  0.2356787472963333
67  0.23567700386047363
260  0.23567397892475128
1266  0.23567169904708862
1322  0.23566991090774536
1069  0.23566889762878418
1368  0.23566372692584991
563  0.23564159870147705
648  0.23563283681869507
491  0.2356247901916504
967  0.23562298715114594
943  0.23561927676200867
392  0.23561535775661469
1355  0.2356145679950714
993  0.23561355471611023
561  0.2356119155883789
432  0.2356068640947342
1242  0.23560218513011932
1137  0.23559820652008057
728  0.2355954498052597
500  0.23559165000915527
321  0.23557907342910767
1379  0.23556195199489594
817  0.2355555295944214
1071  0.23555263876914978
155  0.23554909229278564
1029  0.23554727435112
1293  0.2355433851480484
672  0.23554247617721558
245  0.23554137349128723
935  0.23553253710269928
560  0.23552478849887848
1306  0.2355145514011383
716  0.23551353812217712
346  0.2355126440525055
446  0.2355065792798996
1297  0.23550571501255035
1447  0.23550540208816528
395  0.2355002462863922
1259  0.235491544008255
1359  0.23548339307308197
1237  0.23547609150409698
1112  0.23546554148197174
1250  0.23545436561107635
798  0.23545320332050323
582  0.23545204102993011
1401  0.23545126616954803
1385  0.23544606566429138
261  0.23544305562973022
1083  0.23543956875801086
1301  0.23543862998485565
947  0.2354373186826706
377  0.2354273498058319
569  0.2354210615158081
756  0.23541302978992462
1289  0.23539693653583527
72  0.23538890480995178
812  0.23538322746753693
1438  0.23537857830524445
981  0.23537519574165344
625  0.23536743223667145
268  0.23536545038223267
982  0.23536309599876404
1105  0.23536056280136108
490  0.23533467948436737
1403  0.2353263795375824
714  0.235324427485466
766  0.23531663417816162
1139  0.23531217873096466
587  0.23530177772045135
950  0.23529672622680664
1426  0.2352903187274933
574  0.23527804017066956
1360  0.2352740615606308
887  0.23527225852012634
1381  0.23526766896247864
1367  0.23526479303836823
940  0.23526418209075928
351  0.23525011539459229
1121  0.23524455726146698
1153  0.23522518575191498
188  0.23518094420433044
596  0.2351727932691574
499  0.23516494035720825
1240  0.23510633409023285
1253  0.23510509729385376
469  0.23510044813156128
1445  0.23509196937084198
609  0.23508943617343903
617  0.23508210480213165
1440  0.23505033552646637
233  0.23502394556999207
1178  0.23501016199588776
958  0.23499934375286102
1308  0.23494774103164673
549  0.23493626713752747
1233  0.23493610322475433
805  0.23490706086158752
148  0.23489339649677277
1023  0.23479698598384857
1264  0.234760582447052
350  0.23458974063396454
1191  0.2344643622636795
