1254  0.15775516629219055
1099  0.1576978713274002
987  0.15769073367118835
200  0.15768809616565704
1768  0.15764398872852325
1171  0.15758825838565826
1585  0.1575576663017273
1409  0.15755580365657806
695  0.1575443297624588
1040  0.15751531720161438
1129  0.15750931203365326
948  0.15750925242900848
558  0.1575026661157608
873  0.1574741154909134
677  0.15744784474372864
185  0.15742038190364838
1627  0.15740317106246948
1195  0.15737596154212952
1165  0.1573677808046341
301  0.1573643833398819
1143  0.15735791623592377
684  0.15735046565532684
1215  0.15733453631401062
60  0.15733051300048828
671  0.1573251187801361
26  0.15731856226921082
993  0.15731778740882874
1282  0.15731611847877502
1268  0.15731200575828552
568  0.1572965532541275
698  0.15729399025440216
1025  0.15729236602783203
75  0.15727205574512482
71  0.1572694629430771
729  0.15725059807300568
1330  0.15722781419754028
1015  0.15722620487213135
582  0.15721479058265686
499  0.1572032868862152
1480  0.15718989074230194
1637  0.15718510746955872
881  0.15718138217926025
171  0.15717484056949615
888  0.1571679264307022
757  0.1571563184261322
477  0.15715429186820984
1589  0.15715304017066956
197  0.15714430809020996
368  0.1571372002363205
1095  0.15713609755039215
938  0.1571270227432251
1407  0.15712501108646393
1576  0.1571206897497177
814  0.15711234509944916
752  0.15710899233818054
1128  0.15709756314754486
1570  0.15709544718265533
629  0.15709270536899567
1499  0.15708760917186737
1034  0.15708377957344055
1151  0.15708115696907043
674  0.15707670152187347
1524  0.15707451105117798
1158  0.157070130109787
932  0.1570654809474945
1365  0.15706326067447662
1318  0.15705753862857819
996  0.15705031156539917
94  0.15704858303070068
817  0.15704603493213654
1163  0.15704546868801117
1331  0.1570442169904709
494  0.15704244375228882
930  0.15703769028186798
811  0.15703681111335754
1654  0.1570364534854889
1732  0.15703576803207397
437  0.1570318192243576
495  0.15702782571315765
1544  0.1570274382829666
1653  0.1570199877023697
943  0.15701089799404144
4  0.15700939297676086
842  0.15700137615203857
1250  0.1569998860359192
723  0.15699902176856995
1021  0.15699581801891327
1055  0.15699392557144165
1456  0.15699172019958496
83  0.15698890388011932
1202  0.15698881447315216
1297  0.15698587894439697
31  0.1569843888282776
1130  0.15697821974754333
1266  0.15697582066059113
759  0.15696808695793152
856  0.15696749091148376
125  0.15696321427822113
1293  0.15696310997009277
810  0.15695996582508087
685  0.15695899724960327
142  0.1569548398256302
386  0.15695245563983917
710  0.15695151686668396
689  0.15695001184940338
935  0.15694856643676758
1052  0.15694086253643036
781  0.15693962574005127
1086  0.15693816542625427
946  0.1569376438856125
1087  0.1569334864616394
1183  0.15692991018295288
174  0.15692390501499176
1272  0.15692076086997986
1116  0.1569179892539978
940  0.15691696107387543
181  0.15691672265529633
178  0.15691319108009338
941  0.15690718591213226
796  0.15690700709819794
406  0.1569056361913681
952  0.15690389275550842
1345  0.1569029986858368
1135  0.15690280497074127
853  0.15690267086029053
1073  0.15690197050571442
632  0.15689215064048767
1309  0.1568869948387146
216  0.15688550472259521
1225  0.15688398480415344
803  0.15687985718250275
38  0.156877338886261
924  0.15687277913093567
57  0.15687185525894165
81  0.15685121715068817
207  0.15685059130191803
1552  0.15684941411018372
442  0.1568492203950882
785  0.15684887766838074
505  0.15684612095355988
1671  0.15684451162815094
1419  0.1568419635295868
1510  0.1568414866924286
1227  0.15683937072753906
346  0.15683700144290924
575  0.1568339467048645
852  0.15683165192604065
1245  0.15682731568813324
851  0.15682534873485565
1384  0.15682503581047058
1097  0.15681767463684082
622  0.15681634843349457
705  0.15681442618370056
766  0.1568133383989334
1238  0.15680892765522003
706  0.15680865943431854
155  0.15680775046348572
22  0.15680746734142303
916  0.15680451691150665
931  0.15680097043514252
1301  0.15679921209812164
739  0.15679800510406494
1249  0.15679731965065002
517  0.15679627656936646
23  0.15679553151130676
1194  0.15679407119750977
102  0.15679273009300232
992  0.15678806602954865
465  0.15678715705871582
209  0.15678593516349792
654  0.1567838340997696
183  0.15678156912326813
76  0.15678107738494873
69  0.15677855908870697
1361  0.15677782893180847
1089  0.1567760854959488
366  0.15677279233932495
153  0.1567700207233429
1729  0.15676982700824738
222  0.156769797205925
1204  0.15676246583461761
1321  0.15676188468933105
929  0.15676024556159973
1136  0.15675976872444153
202  0.15675650537014008
283  0.15674935281276703
531  0.15674816071987152
755  0.15674763917922974
918  0.15674330294132233
1139  0.1567431539297104
1563  0.1567431539297104
277  0.15674230456352234
241  0.15673834085464478
1019  0.15673576295375824
864  0.15673457086086273
236  0.15673169493675232
319  0.15673023462295532
972  0.15672941505908966
1752  0.15672655403614044
1077  0.15672624111175537
194  0.1567213535308838
897  0.15671657025814056
1432  0.1567152440547943
1592  0.15671490132808685
683  0.15670959651470184
974  0.15670880675315857
892  0.15670689940452576
553  0.15670202672481537
1109  0.15670041739940643
227  0.15669900178909302
1568  0.15669873356819153
696  0.1566973626613617
70  0.1566968560218811
1305  0.15669667720794678
1147  0.15669575333595276
440  0.15669521689414978
667  0.15669375658035278
1014  0.1566927284002304
687  0.15669158101081848
1296  0.15668988227844238
860  0.15668760240077972
422  0.15668369829654694
1059  0.15668176114559174
1054  0.1566808521747589
761  0.15667769312858582
1469  0.15667706727981567
1080  0.15667688846588135
32  0.15667319297790527
1464  0.1566697210073471
611  0.15666893124580383
602  0.15666870772838593
1389  0.1566675752401352
678  0.15666508674621582
1400  0.1566598266363144
1146  0.15665847063064575
768  0.15665806829929352
204  0.15665535628795624
1096  0.1566547006368637
413  0.1566532403230667
850  0.15664993226528168
637  0.15664738416671753
1669  0.15664483606815338
140  0.15664178133010864
1289  0.15664155781269073
743  0.15663930773735046
24  0.156638041138649
874  0.1566363275051117
511  0.15663573145866394
1274  0.1566346287727356
939  0.15663057565689087
201  0.1566290557384491
1140  0.15662549436092377
643  0.15662167966365814
175  0.15662086009979248
922  0.15661999583244324
1688  0.15661980211734772
1355  0.1566184014081955
770  0.15661726891994476
1364  0.15661722421646118
119  0.1566171646118164
586  0.15661682188510895
1168  0.1566164791584015
1621  0.1566150188446045
1234  0.1566133052110672
1101  0.15661224722862244
1507  0.156611829996109
520  0.15661165118217468
660  0.156610369682312
901  0.15660721063613892
1468  0.15660721063613892
1740  0.15660721063613892
1076  0.1566057801246643
240  0.15660490095615387
25  0.15660424530506134
1102  0.15660011768341064
936  0.15659905970096588
1181  0.15659694373607635
783  0.15659542381763458
969  0.15659262239933014
988  0.15659044682979584
325  0.15658779442310333
1271  0.1565839648246765
1242  0.15658031404018402
680  0.15658000111579895
1474  0.15657992660999298
1193  0.1565767526626587
1342  0.1565767228603363
682  0.15657636523246765
1352  0.15657496452331543
1280  0.15657486021518707
1061  0.15657199919223785
1572  0.15657168626785278
179  0.15657159686088562
218  0.15657036006450653
1376  0.15656840801239014
282  0.15656794607639313
1078  0.1565673053264618
1107  0.15656696259975433
693  0.1565648466348648
623  0.15656453371047974
1117  0.15656410157680511
777  0.15656238794326782
506  0.15656042098999023
615  0.1565595418214798
913  0.156559020280838
370  0.15655821561813354
1618  0.15655548870563507
712  0.1565553843975067
1016  0.15655502676963806
1611  0.156554713845253
1284  0.15655411779880524
905  0.15655329823493958
887  0.15655119717121124
35  0.15655013918876648
1312  0.15654806792736053
672  0.15654753148555756
1094  0.1565471589565277
9  0.15654689073562622
189  0.156545490026474
423  0.1565452516078949
1461  0.15654312074184418
976  0.1565416306257248
1011  0.15654127299785614
418  0.15654119849205017
609  0.15654100477695465
1403  0.15654002130031586
840  0.15653665363788605
1757  0.15653643012046814
813  0.1565360724925995
180  0.1565326750278473
1410  0.15653230249881744
567  0.1565292924642563
898  0.15652918815612793
199  0.15652740001678467
1084  0.1565263271331787
1294  0.15652549266815186
1574  0.15652449429035187
1068  0.15652349591255188
166  0.15652169287204742
230  0.15652166306972504
588  0.15651816129684448
1003  0.1565171778202057
1030  0.15651702880859375
676  0.1565169245004654
250  0.15651684999465942
1754  0.15651653707027435
832  0.15651635825634003
1127  0.1565147489309311
298  0.1565142273902893
1607  0.15651345252990723
802  0.1565096378326416
1122  0.15650935471057892
92  0.1565086394548416
1222  0.15650703012943268
616  0.15650692582130432
1137  0.15650692582130432
10  0.15650637447834015
738  0.15650637447834015
487  0.15650571882724762
849  0.15650556981563568
86  0.15650494396686554
1237  0.15650324523448944
1231  0.15650241076946259
1708  0.15650111436843872
1049  0.15650086104869843
1444  0.15650016069412231
1132  0.15650013089179993
1482  0.1564965844154358
956  0.15649449825286865
658  0.1564931720495224
1175  0.15649226307868958
1298  0.15649078786373138
1235  0.15649071335792542
281  0.15648919343948364
983  0.15648803114891052
113  0.15648788213729858
780  0.15648235380649567
1155  0.15648192167282104
838  0.15648072957992554
1578  0.15648040175437927
659  0.1564784198999405
1184  0.1564759910106659
1560  0.15647543966770172
775  0.15647436678409576
67  0.15647411346435547
1196  0.1564740389585495
1277  0.1564732939004898
792  0.1564713418483734
839  0.15647052228450775
156  0.15647032856941223
1703  0.1564684361219406
574  0.1564682126045227
982  0.15646721422672272
762  0.1564626544713974
1300  0.15646204352378845
1053  0.15646129846572876
112  0.15646100044250488
521  0.1564546823501587
539  0.15644976496696472
963  0.15644657611846924
1641  0.15644365549087524
986  0.15644341707229614
1104  0.15644319355487823
750  0.15643848478794098
720  0.15643781423568726
1532  0.156436949968338
663  0.15643557906150818
150  0.15643525123596191
272  0.1564336121082306
886  0.15643304586410522
884  0.15643297135829926
446  0.1564280390739441
1337  0.1564275622367859
1120  0.15642710030078888
1747  0.15642590820789337
159  0.1564236879348755
764  0.15641915798187256
1261  0.15641826391220093
1189  0.15641756355762482
1638  0.15641725063323975
1110  0.15641666948795319
1060  0.15641477704048157
949  0.15641473233699799
1156  0.15641441941261292
1559  0.15641292929649353
17  0.15641149878501892
263  0.15640853345394135
1290  0.156408429145813
111  0.15640756487846375
1596  0.15640628337860107
1118  0.15640543401241302
634  0.15640461444854736
1256  0.15640422701835632
1066  0.15639904141426086
1459  0.15639860928058624
719  0.1563974916934967
979  0.1563974767923355
447  0.15639711916446686
608  0.15639665722846985
1705  0.1563960313796997
133  0.15639495849609375
274  0.1563946008682251
89  0.15639452636241913
1170  0.15639007091522217
990  0.15639004111289978
1490  0.15638859570026398
238  0.15638795495033264
30  0.15638762712478638
1306  0.15638713538646698
428  0.15638642013072968
502  0.1563861072063446
1210  0.15638485550880432
865  0.15638406574726105
334  0.15638367831707
1346  0.15638349950313568
1534  0.15638265013694763
744  0.1563825160264969
1735  0.1563824564218521
316  0.15638218820095062
1173  0.15638084709644318
383  0.15638013184070587
1123  0.15637537837028503
1041  0.15637527406215668
1630  0.156373992562294
466  0.1563735008239746
408  0.15637284517288208
821  0.1563718616962433
679  0.1563704013824463
1308  0.15636979043483734
653  0.15636877715587616
1063  0.15636834502220154
934  0.1563682109117508
1587  0.15636804699897766
1422  0.15636736154556274
1595  0.15636682510375977
928  0.15636594593524933
691  0.15636557340621948
665  0.15636390447616577
1567  0.15636380016803741
1279  0.15636375546455383
452  0.1563635915517807
702  0.15635879337787628
1200  0.15635770559310913
287  0.15635593235492706
154  0.1563558429479599
1401  0.15635544061660767
1192  0.15635454654693604
389  0.15635372698307037
596  0.15635347366333008
1223  0.15635192394256592
3  0.15635181963443756
130  0.15635082125663757
82  0.1563500612974167
85  0.15634982287883759
953  0.1563488245010376
1010  0.15634876489639282
145  0.15634645521640778
6  0.15634511411190033
388  0.15634506940841675
1540  0.1563449651002884
1341  0.15634484589099884
737  0.156344473361969
347  0.15634441375732422
97  0.15634368360042572
432  0.15634368360042572
373  0.1563425362110138
804  0.15634220838546753
1144  0.15634173154830933
310  0.15633918344974518
709  0.15633854269981384
56  0.1563372015953064
843  0.15633538365364075
146  0.15633484721183777
1162  0.15633481740951538
635  0.1563340723514557
1248  0.15633153915405273
188  0.15632976591587067
484  0.15632952749729156
1737  0.15632912516593933
858  0.15632867813110352
1765  0.15632815659046173
878  0.15632809698581696
1374  0.15632660686969757
513  0.1563250720500946
1314  0.15632393956184387
651  0.15632352232933044
54  0.1563223898410797
694  0.1563219577074051
118  0.15632152557373047
1035  0.1563190519809723
872  0.1563188135623932
1131  0.15631839632987976
390  0.15631815791130066
1501  0.15631499886512756
379  0.15631484985351562
1426  0.15631406009197235
773  0.1563139706850052
1608  0.15631192922592163
1530  0.1563108265399933
172  0.15630918741226196
784  0.15630891919136047
975  0.15630806982517242
1679  0.15630754828453064
890  0.1563069224357605
441  0.1563059389591217
823  0.15630453824996948
63  0.15630295872688293
336  0.15630283951759338
576  0.15630283951759338
1064  0.1563023030757904
1252  0.15630221366882324
1406  0.15629930794239044
1566  0.15629883110523224
692  0.1562984138727188
741  0.15629787743091583
1590  0.15629664063453674
5  0.15629446506500244
1470  0.15629282593727112
48  0.15629184246063232
1310  0.15629038214683533
835  0.156290203332901
1199  0.1562890261411667
1219  0.15628865361213684
900  0.15628808736801147
893  0.15628796815872192
1098  0.1562870889902115
435  0.15628626942634583
330  0.15628506243228912
1344  0.15628491342067719
87  0.15628400444984436
1134  0.1562819927930832
919  0.1562817096710205
904  0.1562810242176056
547  0.15628038346767426
1033  0.156280055642128
1211  0.15627989172935486
1043  0.1562795490026474
235  0.15627877414226532
748  0.15627819299697876
1577  0.1562778651714325
1640  0.15627768635749817
1141  0.15627674758434296
1428  0.1562754064798355
1228  0.156274676322937
1687  0.15627296268939972
1605  0.156270369887352
721  0.15626893937587738
579  0.15626662969589233
1476  0.15626658499240875
584  0.1562635749578476
1673  0.15626215934753418
933  0.1562611311674118
970  0.1562601774930954
50  0.1562594473361969
1273  0.15625819563865662
662  0.15625692903995514
749  0.1562560349702835
910  0.156255304813385
767  0.156254842877388
261  0.15625476837158203
39  0.15625153481960297
875  0.15625129640102386
1220  0.15624956786632538
1056  0.15624839067459106
639  0.15624777972698212
164  0.15624740719795227
160  0.156246155500412
11  0.15624600648880005
74  0.15624567866325378
1561  0.15624454617500305
1460  0.1562429964542389
1154  0.1562417447566986
1477  0.15623973309993744
220  0.15623943507671356
21  0.15623308718204498
1207  0.15623264014720917
799  0.15623196959495544
1643  0.1562291532754898
1217  0.15622712671756744
1636  0.15622691810131073
1661  0.15622413158416748
1393  0.15622350573539734
1520  0.15622349083423615
382  0.15622268617153168
1090  0.15622255206108093
106  0.15622250735759735
989  0.1562214493751526
110  0.1562211662530899
1071  0.15622030198574066
18  0.156219944357872
519  0.15621916949748993
260  0.1562187522649765
1599  0.15621858835220337
909  0.15621767938137054
1278  0.15621742606163025
937  0.15621617436408997
1178  0.1562141329050064
1759  0.15621253848075867
1103  0.1562122255563736
1185  0.15621086955070496
1386  0.15621086955070496
1680  0.15621070563793182
958  0.1562105417251587
1017  0.15620961785316467
725  0.15620872378349304
869  0.15620863437652588
1588  0.15620829164981842
1247  0.1562049239873886
1174  0.15620464086532593
19  0.1562035083770752
1093  0.1562015265226364
374  0.15620151162147522
1072  0.15620075166225433
1503  0.1561979204416275
1583  0.15619412064552307
340  0.15618999302387238
239  0.15618981420993805
103  0.1561892181634903
1550  0.15618714690208435
1457  0.15618431568145752
327  0.1561831384897232
1692  0.1561829000711441
1616  0.15618197619915009
1333  0.15618181228637695
478  0.15618176758289337
104  0.15618151426315308
1429  0.15618112683296204
808  0.1561807543039322
715  0.15617990493774414
815  0.15617963671684265
450  0.1561792492866516
362  0.15617896616458893
124  0.15617810189723969
666  0.15617665648460388
1543  0.15617536008358002
1319  0.15617115795612335
332  0.15617062151432037
701  0.15616825222969055
461  0.1561652421951294
1292  0.1561645120382309
1533  0.15616391599178314
398  0.15616363286972046
765  0.1561635583639145
1722  0.15616312623023987
1651  0.15616220235824585
1449  0.15616217255592346
177  0.15616118907928467
776  0.15615829825401306
1032  0.1561572402715683
1668  0.15615713596343994
673  0.1561567187309265
728  0.1561557799577713
1007  0.15615490078926086
822  0.1561545431613922
1270  0.15615426003932953
45  0.15615405142307281
315  0.15615379810333252
403  0.1561536341905594
613  0.1561526656150818
500  0.15615259110927582
482  0.15615153312683105
1558  0.15615107119083405
1553  0.1561489850282669
1275  0.15614835917949677
1119  0.1561466008424759
72  0.15614627301692963
819  0.15614598989486694
170  0.1561456024646759
1584  0.1561429351568222
562  0.15614201128482819
908  0.15614081919193268
467  0.15614046156406403
1251  0.15613995492458344
1458  0.1561388522386551
583  0.1561385542154312
727  0.15613636374473572
1354  0.1561356484889984
1730  0.15613465011119843
1159  0.1561334878206253
794  0.1561330109834671
1466  0.15613287687301636
1350  0.1561315804719925
984  0.15613074600696564
293  0.15613003075122833
718  0.15612931549549103
1523  0.15612739324569702
409  0.15612643957138062
1664  0.15612465143203735
998  0.15612322092056274
844  0.15612170100212097
1262  0.1561184674501419
249  0.15611812472343445
1224  0.15611808001995087
1075  0.156117781996727
1070  0.15611746907234192
1226  0.15611518919467926
168  0.15611505508422852
295  0.1561141014099121
968  0.1561124622821808
971  0.15611214935779572
1050  0.15611141920089722
2  0.1561112403869629
136  0.15611080825328827
211  0.1561097949743271
337  0.15610948204994202
217  0.15610919892787933
906  0.15610872209072113
161  0.15610851347446442
1582  0.15610840916633606
1745  0.156107559800148
37  0.1561071276664734
392  0.15610599517822266
61  0.15610440075397491
896  0.15610387921333313
1020  0.15610387921333313
1663  0.1561029851436615
490  0.1561005562543869
1738  0.1560990810394287
876  0.1560986042022705
1214  0.1560973823070526
607  0.15609735250473022
760  0.1560961753129959
830  0.15609565377235413
1047  0.15609557926654816
1150  0.15609420835971832
399  0.156094029545784
323  0.15609347820281982
88  0.15609213709831238
1683  0.15609201788902283
1197  0.15609194338321686
837  0.15609054267406464
1748  0.15609031915664673
966  0.1560884416103363
353  0.15608802437782288
642  0.15608802437782288
503  0.15608635544776917
895  0.15608589351177216
545  0.15608586370944977
43  0.15608303248882294
44  0.15608128905296326
617  0.15608049929141998
1031  0.15607991814613342
245  0.15607979893684387
669  0.1560795158147812
306  0.1560780555009842
788  0.1560780107975006
401  0.15607760846614838
299  0.1560772955417633
789  0.156075581908226
1614  0.15607525408267975
1302  0.1560751497745514
122  0.15607042610645294
889  0.15606985986232758
652  0.15606975555419922
1369  0.156068816781044
921  0.15606698393821716
1497  0.15606607496738434
46  0.15606464445590973
147  0.15606454014778137
809  0.15606336295604706
1698  0.1560632586479187
1500  0.15606196224689484
877  0.1560618132352829
1445  0.15606100857257843
1108  0.15605926513671875
1733  0.1560567170381546
1658  0.15605665743350983
991  0.15605470538139343
492  0.156052827835083
1024  0.1560513824224472
1700  0.1560504287481308
1177  0.15605001151561737
264  0.15604770183563232
960  0.15604721009731293
73  0.15604698657989502
1257  0.15604695677757263
1142  0.15604646503925323
1717  0.1560458540916443
360  0.1560431867837906
1715  0.15604081749916077
807  0.15604043006896973
532  0.15603969991207123
999  0.15603944659233093
1335  0.15603944659233093
1492  0.15603932738304138
138  0.15603892505168915
139  0.15603433549404144
501  0.15603423118591309
378  0.1560342162847519
474  0.1560342162847519
1281  0.15603411197662354
961  0.156032994389534
1160  0.1560325175523758
114  0.15603198111057281
942  0.15603184700012207
1027  0.1560305655002594
322  0.15602950751781464
208  0.15602928400039673
265  0.15602873265743256
90  0.1560281217098236
664  0.1560271680355072
627  0.15602675080299377
1398  0.15602663159370422
1690  0.15602493286132812
1620  0.156024768948555
393  0.15602269768714905
699  0.15602263808250427
1519  0.15602192282676697
962  0.15602125227451324
213  0.1560206413269043
137  0.15602034330368042
557  0.15601953864097595
828  0.1560194492340088
1378  0.1560194343328476
344  0.1560191661119461
1766  0.15601788461208344
1169  0.15601781010627747
1527  0.1560174524784088
1413  0.15601514279842377
262  0.15601450204849243
1529  0.15601341426372528
795  0.1560131162405014
944  0.1560126394033432
1126  0.15601173043251038
847  0.15601064264774323
1005  0.15601061284542084
648  0.15600767731666565
731  0.1560075879096985
223  0.1560068428516388
791  0.1560046672821045
880  0.15600410103797913
121  0.15600226819515228
1626  0.15600191056728363
570  0.15600185096263885
703  0.15600146353244781
711  0.15600068867206573
270  0.15599822998046875
631  0.15599754452705383
421  0.15599727630615234
1081  0.15599718689918518
469  0.15599657595157623
510  0.15599584579467773
1710  0.15599530935287476
135  0.15599480271339417
1182  0.1559937298297882
871  0.15599340200424194
1216  0.15599292516708374
232  0.15598994493484497
1467  0.15598975121974945
1438  0.15598703920841217
1719  0.15598511695861816
1434  0.1559830754995346
1286  0.15598206222057343
1514  0.15597794950008392
13  0.1559767872095108
508  0.15597543120384216
49  0.15597321093082428
1299  0.15597233176231384
1760  0.1559687852859497
601  0.15596827864646912
902  0.1559675931930542
79  0.15596498548984528
1575  0.1559649109840393
1006  0.1559634506702423
967  0.1559627205133438
1517  0.1559624820947647
903  0.1559622585773468
431  0.15596197545528412
96  0.15596118569374084
638  0.15595956146717072
544  0.15595825016498566
1667  0.15595722198486328
633  0.15595683455467224
41  0.15595649182796478
257  0.1559557020664215
1100  0.15595559775829315
994  0.15595248341560364
290  0.15595118701457977
959  0.155951127409935
468  0.15595073997974396
912  0.155949205160141
592  0.15594780445098877
1313  0.15594778954982758
740  0.1559465527534485
1149  0.1559455543756485
151  0.15594547986984253
681  0.15594495832920074
1269  0.15594488382339478
1472  0.15594448149204254
649  0.15594418346881866
1074  0.15594296157360077
985  0.15594254434108734
1564  0.15594211220741272
1191  0.15594185888767242
779  0.15594111382961273
1487  0.15594035387039185
444  0.15593965351581573
1152  0.15593881905078888
305  0.15593768656253815
256  0.1559368222951889
1555  0.15593606233596802
1009  0.15593400597572327
269  0.15593385696411133
1634  0.15593336522579193
1399  0.15593290328979492
158  0.1559319943189621
1362  0.15593191981315613
1176  0.15592904388904572
317  0.15592887997627258
1672  0.15592877566814423
1218  0.15592695772647858
394  0.15592670440673828
1320  0.15592515468597412
978  0.15592479705810547
1124  0.15592429041862488
237  0.1559237688779831
143  0.1559237390756607
356  0.15592114627361298
493  0.1559211164712906
923  0.15592099726200104
771  0.15592026710510254
1368  0.1559199094772339
857  0.15591952204704285
1435  0.15591850876808167
1632  0.15591652691364288
289  0.15591639280319214
1535  0.15591517090797424
1186  0.1559140533208847
1085  0.15591390430927277
1205  0.15591387450695038
464  0.1559135466814041
1371  0.15591244399547577
417  0.1559116095304489
548  0.1559104323387146
449  0.15591034293174744
1547  0.1559101939201355
514  0.1559072583913803
463  0.1559070497751236
920  0.1559060662984848
1304  0.1559058427810669
242  0.15590515732765198
1079  0.1559022217988968
798  0.15590094029903412
192  0.15590062737464905
536  0.15589971840381622
1372  0.15589910745620728
1565  0.1558981090784073
612  0.15589778125286102
1767  0.1558973342180252
1763  0.15589696168899536
1451  0.15589536726474762
1322  0.15589502453804016
1339  0.1558932512998581
1539  0.15589256584644318
509  0.15589095652103424
1246  0.15589094161987305
763  0.155889630317688
1067  0.15588921308517456
645  0.1558888703584671
1115  0.15588779747486115
1670  0.1558876633644104
541  0.15588755905628204
149  0.15588659048080444
786  0.15588544309139252
1206  0.15588539838790894
1707  0.15588387846946716
951  0.1558835655450821
1581  0.1558830887079239
411  0.15588213503360748
27  0.15588191151618958
550  0.15588118135929108
350  0.155880868434906
343  0.15587811172008514
1380  0.15587787330150604
127  0.15587782859802246
84  0.155877485871315
1506  0.15587635338306427
455  0.15587501227855682
1446  0.1558748185634613
358  0.15587377548217773
1  0.15587365627288818
1691  0.15587349236011505
686  0.15587323904037476
1495  0.1558728814125061
1650  0.1558723747730255
862  0.15587230026721954
248  0.15587188303470612
40  0.15587185323238373
165  0.1558717042207718
234  0.1558714658021927
167  0.15586893260478973
751  0.15586769580841064
1412  0.1558661162853241
1385  0.15586602687835693
1408  0.15586549043655396
1260  0.15586501359939575
824  0.155864879488945
66  0.1558646559715271
1441  0.15586437284946442
173  0.15586283802986145
251  0.1558617353439331
1203  0.15585999190807343
182  0.1558593511581421
1526  0.1558578908443451
1475  0.15585720539093018
1479  0.15585649013519287
868  0.15585556626319885
1515  0.15585528314113617
1316  0.15585455298423767
655  0.15585379302501678
1750  0.1558527946472168
1381  0.15585169196128845
99  0.15585091710090637
713  0.15584924817085266
745  0.15584757924079895
688  0.15584686398506165
1522  0.15584665536880493
221  0.15584611892700195
827  0.15584489703178406
1556  0.15584483742713928
675  0.15584470331668854
1471  0.15584369003772736
1324  0.1558413803577423
187  0.15583808720111847
91  0.15583741664886475
1161  0.15583670139312744
210  0.15583543479442596
397  0.1558344066143036
433  0.15583409368991852
551  0.15583358705043793
589  0.1558298021554947
1326  0.15582925081253052
157  0.15582892298698425
1453  0.1558271050453186
203  0.15582655370235443
1285  0.15582618117332458
300  0.15582476556301117
1105  0.15582455694675446
1546  0.15582449734210968
424  0.1558234691619873
304  0.15582309663295746
471  0.15582208335399628
1332  0.15582051873207092
65  0.1558191329240799
1513  0.15581892430782318
1505  0.1558176875114441
947  0.15581712126731873
244  0.15581676363945007
426  0.15581642091274261
1325  0.15581445395946503
1295  0.1558137834072113
480  0.1558133065700531
148  0.15581241250038147
1579  0.1558123677968979
845  0.15581180155277252
793  0.15581108629703522
377  0.1558106392621994
395  0.15581035614013672
247  0.1558101922273636
1488  0.1558098942041397
226  0.15580978989601135
866  0.15580908954143524
1111  0.15580807626247406
1153  0.15580430626869202
267  0.1558038741350174
1694  0.15580374002456665
1106  0.15580329298973083
7  0.15580326318740845
1026  0.1558016687631607
253  0.15580123662948608
303  0.15580065548419952
402  0.15579988062381744
1188  0.1557994782924652
735  0.15579944849014282
980  0.15579785406589508
1121  0.1557970643043518
1241  0.15579678118228912
954  0.15579666197299957
641  0.1557961255311966
848  0.15579549968242645
163  0.15579484403133392
1042  0.155793696641922
473  0.15579253435134888
1625  0.1557924896478653
329  0.15579082071781158
338  0.15579061210155487
1388  0.15578973293304443
77  0.15578848123550415
542  0.15578848123550415
1180  0.15578630566596985
1057  0.15578627586364746
533  0.15578626096248627
774  0.15578626096248627
107  0.15578623116016388
1360  0.15578478574752808
485  0.15578386187553406
1639  0.15578141808509827
273  0.15578116476535797
1167  0.15578080713748932
36  0.15577925741672516
324  0.1557788997888565
566  0.15577837824821472
1187  0.15577806532382965
670  0.155777707695961
1058  0.1557774841785431
1538  0.15577661991119385
1591  0.15577536821365356
894  0.15577475726604462
636  0.15577350556850433
341  0.15577231347560883
1343  0.15577200055122375
331  0.15577132999897003
1569  0.1557697355747223
62  0.1557677537202835
405  0.15576544404029846
109  0.15576526522636414
55  0.1557641476392746
870  0.15576273202896118
863  0.1557624340057373
1674  0.15576201677322388
535  0.15576009452342987
747  0.1557554453611374
425  0.15575441718101501
911  0.15575410425662994
58  0.15575385093688965
29  0.15575364232063293
925  0.15575328469276428
12  0.15575319528579712
279  0.1557520627975464
578  0.15575121343135834
1112  0.1557510644197464
598  0.155751034617424
233  0.15575022995471954
1083  0.15574795007705688
1012  0.1557479202747345
115  0.15574759244918823
1276  0.1557464301586151
1512  0.15574632585048676
1660  0.15574593842029572
212  0.15574558079242706
246  0.15574464201927185
560  0.155744269490242
225  0.15574359893798828
8  0.15574344992637634
1018  0.15574297308921814
1357  0.1557428240776062
1145  0.1557421088218689
1347  0.15574175119400024
964  0.1557401567697525
593  0.1557397097349167
1686  0.15573906898498535
1491  0.155738964676857
412  0.15573878586292267
883  0.15573860704898834
1353  0.15573860704898834
620  0.15573839843273163
600  0.1557375192642212
1741  0.15573731064796448
1327  0.15573467314243317
1617  0.15573421120643616
1229  0.15573416650295258
228  0.15573324263095856
1329  0.1557328701019287
697  0.15573237836360931
1706  0.15573112666606903
195  0.15573100745677948
549  0.15573009848594666
1600  0.15572862327098846
1138  0.15572646260261536
559  0.15572558343410492
1609  0.1557229459285736
1447  0.15572234988212585
915  0.1557222604751587
563  0.1557217240333557
753  0.1557210385799408
1363  0.15571996569633484
1148  0.15571987628936768
1761  0.1557198315858841
977  0.15571820735931396
321  0.15571816265583038
1213  0.15571482479572296
787  0.15571382641792297
488  0.15571379661560059
176  0.15571358799934387
1387  0.15571124851703644
619  0.15571042895317078
899  0.15570852160453796
309  0.1557081937789917
268  0.15570713579654694
457  0.15570686757564545
581  0.15570679306983948
292  0.15570661425590515
1133  0.15570327639579773
497  0.15570253133773804
882  0.15570226311683655
1633  0.1557016372680664
1091  0.15570083260536194
308  0.1557004451751709
1002  0.15569962561130524
806  0.15569853782653809
732  0.15569743514060974
280  0.15569674968719482
1624  0.15569661557674408
717  0.1556960791349411
646  0.15569527447223663
854  0.15569303929805756
439  0.15569272637367249
1601  0.15569260716438293
917  0.15568935871124268
1367  0.1556876301765442
1727  0.1556873768568039
1548  0.15568506717681885
855  0.15568289160728455
1404  0.15568263828754425
1521  0.15568047761917114
1675  0.15568041801452637
1349  0.15568022429943085
1682  0.1556781381368637
981  0.1556769162416458
1758  0.15567666292190552
1613  0.15567634999752045
448  0.15567587316036224
16  0.1556747555732727
1726  0.15567323565483093
198  0.15567204356193542
1580  0.15567149221897125
722  0.1556699126958847
1427  0.15566986799240112
1562  0.15566976368427277
724  0.15566791594028473
454  0.1556662768125534
196  0.155665785074234
458  0.15566544234752655
1255  0.1556653380393982
733  0.15566429495811462
271  0.1556629240512848
1659  0.1556626707315445
429  0.15566103160381317
1351  0.15566040575504303
1125  0.15565957129001617
1414  0.15565848350524902
1629  0.15565817058086395
318  0.15565720200538635
1421  0.15565361082553864
812  0.15565326809883118
1764  0.15565283596515656
572  0.15565192699432373
1755  0.15565134584903717
1283  0.15565043687820435
105  0.15564993023872375
266  0.15564945340156555
782  0.15564854443073273
416  0.15564849972724915
363  0.1556483805179596
1208  0.1556461602449417
1039  0.15564541518688202
1287  0.1556445211172104
128  0.15564441680908203
193  0.15564410388469696
820  0.15564250946044922
415  0.1556423455476761
359  0.1556411236524582
351  0.15563860535621643
1317  0.15563693642616272
1537  0.15563541650772095
1473  0.15563444793224335
1714  0.15563319623470306
486  0.15563300251960754
1531  0.15563194453716278
1190  0.15563099086284637
311  0.1556309014558792
144  0.15563064813613892
1045  0.15562918782234192
1442  0.1556289941072464
1259  0.1556273102760315
859  0.15562580525875092
603  0.15562520921230316
1000  0.15562386810779572
1038  0.15562386810779572
606  0.1556234210729599
291  0.15562088787555695
410  0.15562047064304352
816  0.15562035143375397
1676  0.15561936795711517
131  0.15561622381210327
1465  0.15561574697494507
59  0.15561546385288239
1649  0.15561546385288239
661  0.15561401844024658
1498  0.1556100696325302
518  0.1556074470281601
528  0.15560734272003174
1448  0.15560683608055115
700  0.15560640394687653
965  0.15560124814510345
371  0.15560048818588257
1209  0.1556001752614975
78  0.1555958390235901
1724  0.15559569001197815
1198  0.15559427440166473
523  0.15559405088424683
1612  0.15559397637844086
1731  0.15559375286102295
120  0.15559299290180206
604  0.15559260547161102
1315  0.1555914729833603
1493  0.1555914729833603
1681  0.15559038519859314
1509  0.15558692812919617
126  0.15558598935604095
476  0.1555839478969574
357  0.1555834859609604
278  0.15558254718780518
259  0.15558116137981415
1615  0.1555800437927246
1037  0.15557995438575745
1762  0.15557990968227386
191  0.1555790901184082
481  0.15557879209518433
42  0.1555783748626709
829  0.15557758510112762
479  0.15557712316513062
716  0.15557433664798737
95  0.15557415783405304
1549  0.1555738002061844
496  0.15557266771793365
326  0.155572310090065
1713  0.15557216107845306
1454  0.15556760132312775
342  0.1555657833814621
577  0.15556420385837555
1635  0.15556353330612183
797  0.15556183457374573
1164  0.1555592119693756
540  0.1555568128824234
1373  0.155556321144104
1712  0.15555432438850403
546  0.15555359423160553
805  0.15555118024349213
885  0.1555505096912384
800  0.15554872155189514
152  0.15554708242416382
229  0.15554475784301758
526  0.1555444896221161
396  0.15554386377334595
825  0.1555395871400833
459  0.15553709864616394
833  0.1555362045764923
162  0.15553569793701172
818  0.15553559362888336
647  0.15553246438503265
1359  0.15552856028079987
365  0.155526265501976
186  0.15552565455436707
1436  0.1555246263742447
47  0.15552015602588654
801  0.15552003681659698
1586  0.1555185467004776
516  0.15551762282848358
1051  0.1555168330669403
294  0.15551310777664185
626  0.15551307797431946
369  0.1555091291666031
286  0.15550832450389862
407  0.15550832450389862
754  0.15550795197486877
1721  0.15550608932971954
1023  0.15550366044044495
640  0.15550240874290466
1718  0.1555018424987793
1604  0.1555016040802002
1709  0.15550091862678528
841  0.15549562871456146
427  0.15549561381340027
1646  0.15549463033676147
1622  0.15549367666244507
1065  0.15549325942993164
1463  0.1554909199476242
1415  0.15548929572105408
215  0.15548887848854065
1545  0.1554872840642929
914  0.15548714995384216
1697  0.15548694133758545
585  0.15548653900623322
419  0.15548600256443024
836  0.15548588335514069
772  0.15548577904701233
1542  0.15548361837863922
746  0.1554831862449646
1656  0.15548305213451385
284  0.15548200905323029
80  0.15547870099544525
231  0.15547417104244232
1172  0.1554727703332901
1450  0.15547221899032593
1462  0.15547128021717072
1088  0.15547092258930206
1502  0.1554679274559021
1723  0.15546630322933197
867  0.155464768409729
141  0.1554640531539917
1433  0.15546348690986633
1239  0.15546317398548126
1619  0.15546168386936188
1062  0.15546120703220367
610  0.1554608792066574
53  0.15545916557312012
1233  0.15545779466629028
1693  0.15545691549777985
950  0.15545585751533508
1483  0.15545563399791718
483  0.15545469522476196
1551  0.15545260906219482
367  0.15545235574245453
927  0.15544772148132324
656  0.15544407069683075
1263  0.15544016659259796
957  0.15543939173221588
1004  0.15543830394744873
381  0.1554347574710846
451  0.15542806684970856
1645  0.15542727708816528
307  0.15542680025100708
926  0.15542566776275635
1728  0.15542477369308472
1644  0.15542441606521606
434  0.15542292594909668
537  0.15542194247245789
973  0.15541903674602509
527  0.15541866421699524
1484  0.15541762113571167
1323  0.15541186928749084
1481  0.1554102748632431
123  0.15540866553783417
1405  0.1554078310728073
1677  0.1554044932126999
1291  0.1554040014743805
404  0.15540370345115662
68  0.15540164709091187
276  0.15540079772472382
1657  0.15539699792861938
14  0.15539681911468506
644  0.1553965061903
556  0.15539328753948212
1684  0.15539313852787018
224  0.1553870439529419
668  0.15538688004016876
1243  0.15538586676120758
1695  0.1553855538368225
328  0.15538527071475983
28  0.15538421273231506
420  0.15538395941257477
1631  0.1553833782672882
1623  0.15538336336612701
64  0.15538202226161957
1114  0.1553804874420166
93  0.15537860989570618
554  0.15537837147712708
1416  0.15537729859352112
254  0.15537326037883759
756  0.155373215675354
1689  0.15537197887897491
456  0.15537138283252716
491  0.15536944568157196
184  0.15536881983280182
1756  0.15536855161190033
1375  0.15536850690841675
736  0.15536832809448242
758  0.15536822378635406
117  0.15536750853061676
288  0.155364528298378
1749  0.15536396205425262
1166  0.15535949170589447
1394  0.15535853803157806
1036  0.15535791218280792
98  0.15535615384578705
1417  0.1553560346364975
380  0.15535439550876617
1221  0.15535253286361694
475  0.15535154938697815
1597  0.1553511917591095
1157  0.1553499847650528
1069  0.155348002910614
470  0.15534622967243195
1751  0.15534526109695435
1382  0.15534381568431854
1508  0.15534275770187378
314  0.15534204244613647
1431  0.15533950924873352
1028  0.15533891320228577
1348  0.15533724427223206
1742  0.1553366333246231
1602  0.15533654391765594
726  0.15533584356307983
861  0.15533581376075745
1396  0.15533174574375153
453  0.15533095598220825
704  0.1553303748369217
625  0.15532611310482025
51  0.15532468259334564
243  0.1553240269422531
945  0.15532201528549194
387  0.15531925857067108
275  0.15531684458255768
384  0.15531575679779053
1288  0.15531541407108307
1725  0.15531525015830994
580  0.15531311929225922
1647  0.15530487895011902
614  0.15530461072921753
543  0.15530258417129517
1397  0.15529991686344147
1383  0.15529707074165344
1244  0.15529587864875793
20  0.1552947461605072
1511  0.15529464185237885
714  0.15529127418994904
571  0.15528813004493713
524  0.15528804063796997
1437  0.1552858054637909
1516  0.15528248250484467
1554  0.15528173744678497
1425  0.15528057515621185
391  0.15528053045272827
1716  0.1552795171737671
522  0.1552760750055313
995  0.1552755981683731
414  0.15527111291885376
1571  0.15526852011680603
355  0.15526534616947174
1392  0.15526524186134338
385  0.15526218712329865
219  0.1552608162164688
538  0.155260369181633
790  0.1552581936120987
1201  0.15525738894939423
605  0.15525683760643005
597  0.15525467693805695
252  0.1552538275718689
1655  0.15525206923484802
1704  0.15524987876415253
354  0.1552468091249466
1439  0.1552456021308899
472  0.15524183213710785
1082  0.15523964166641235
498  0.15522964298725128
1443  0.15522785484790802
1264  0.15522710978984833
320  0.1552269607782364
587  0.15522253513336182
1046  0.1552206426858902
650  0.15521837770938873
134  0.15521757304668427
1230  0.15521591901779175
116  0.15521354973316193
1008  0.1552131623029709
879  0.15521131455898285
34  0.155210942029953
1377  0.1552048921585083
1044  0.15519903600215912
565  0.15519742667675018
1711  0.15519554913043976
1232  0.1551942527294159
690  0.1551922857761383
1418  0.15519165992736816
1478  0.15518878400325775
708  0.15518790483474731
1338  0.15518738329410553
335  0.15518704056739807
1557  0.15518654882907867
129  0.1551857441663742
1610  0.15518124401569366
707  0.155177503824234
255  0.1551758050918579
846  0.1551729142665863
205  0.15517215430736542
1303  0.1551716923713684
108  0.15517088770866394
333  0.15516982972621918
1253  0.15516896545886993
375  0.15516509115695953
1395  0.1551644653081894
345  0.15516386926174164
564  0.15516284108161926
1265  0.15516115725040436
462  0.15515883266925812
1022  0.15515798330307007
1113  0.15515698492527008
1092  0.15515464544296265
594  0.15515458583831787
590  0.1551540344953537
573  0.15514875948429108
525  0.15514792501926422
569  0.15514764189720154
132  0.15514636039733887
101  0.15514492988586426
1734  0.15513844788074493
734  0.15513812005519867
1496  0.15513208508491516
515  0.15513041615486145
214  0.15512877702713013
834  0.155122309923172
628  0.15511980652809143
436  0.15511325001716614
1424  0.15511305630207062
1390  0.15511150658130646
1430  0.1551084667444229
297  0.1551074981689453
489  0.15510421991348267
1504  0.15510109066963196
1391  0.15509775280952454
595  0.15509644150733948
1736  0.15509554743766785
1746  0.15509362518787384
552  0.15509353578090668
1662  0.15509197115898132
1598  0.15509171783924103
1340  0.15509168803691864
349  0.15508106350898743
364  0.15508008003234863
1528  0.15507788956165314
1236  0.15507349371910095
1494  0.15506330132484436
460  0.15503929555416107
1001  0.15503454208374023
339  0.15502811968326569
445  0.15502521395683289
348  0.155023992061615
1379  0.15502142906188965
657  0.15501902997493744
1370  0.15501900017261505
1485  0.1550179123878479
15  0.15501278638839722
1452  0.1550062596797943
33  0.15500015020370483
1525  0.1549977958202362
1720  0.15499739348888397
529  0.15499213337898254
769  0.15497222542762756
1212  0.1549699455499649
1648  0.1549633890390396
1739  0.15496143698692322
52  0.1549612283706665
361  0.1549600511789322
1573  0.15495795011520386
1440  0.1549554020166397
296  0.15495266020298004
1311  0.1549500823020935
285  0.15494638681411743
302  0.1549423784017563
1744  0.15493425726890564
621  0.15493029356002808
376  0.15492801368236542
1489  0.15492233633995056
1486  0.15491606295108795
1541  0.1549118012189865
438  0.15490424633026123
591  0.15490294992923737
1029  0.15490153431892395
555  0.15489906072616577
1702  0.15489807724952698
1665  0.1548904925584793
372  0.1548890769481659
1048  0.1548888087272644
313  0.15488877892494202
1685  0.1548878252506256
430  0.15488412976264954
1411  0.15487194061279297
1696  0.15486924350261688
997  0.15486086905002594
1423  0.15485845506191254
504  0.15485765039920807
507  0.15485641360282898
1743  0.15484756231307983
1753  0.15484605729579926
1366  0.15484073758125305
1699  0.15482984483242035
169  0.15482449531555176
742  0.15481775999069214
730  0.1548159122467041
778  0.1548113375902176
1652  0.15480577945709229
1678  0.15480314195156097
624  0.15479859709739685
1518  0.15479686856269836
1593  0.15478897094726562
1606  0.15478453040122986
1666  0.1547837257385254
826  0.15477769076824188
206  0.15477605164051056
443  0.1547737866640091
561  0.1547442078590393
891  0.1547435075044632
1603  0.1547391265630722
1594  0.1547333151102066
1628  0.15473251044750214
258  0.15472638607025146
1307  0.15471842885017395
618  0.1547146886587143
1536  0.15470871329307556
1642  0.15470454096794128
1402  0.15469367802143097
530  0.15468060970306396
1358  0.1546638160943985
907  0.15465040504932404
312  0.15463034808635712
1356  0.1546151489019394
1267  0.15460315346717834
1013  0.15459991991519928
352  0.154595747590065
630  0.1545880138874054
1258  0.15457884967327118
1336  0.15457293391227722
1455  0.15452592074871063
1701  0.15452103316783905
512  0.1544899046421051
1328  0.15447790920734406
955  0.1544690579175949
1420  0.15446586906909943
599  0.1544577032327652
831  0.15445546805858612
100  0.1544262170791626
1334  0.1543857455253601
190  0.15436618030071259
400  0.15435390174388885
1240  0.15433722734451294
1179  0.15410204231739044
534  0.1538146436214447
