294  0.15818890929222107
1000  0.15803904831409454
737  0.15803132951259613
1516  0.15799790620803833
123  0.15793493390083313
643  0.15792855620384216
1300  0.15790390968322754
926  0.1578746885061264
389  0.15784458816051483
1164  0.15782001614570618
784  0.15777526795864105
7  0.1577601283788681
139  0.15775777399539948
1508  0.1577455997467041
1269  0.15773576498031616
809  0.15772627294063568
936  0.15769563615322113
1065  0.15769287943840027
159  0.15768440067768097
1141  0.15768153965473175
1460  0.15768024325370789
167  0.1576780378818512
1271  0.15766671299934387
906  0.15765529870986938
500  0.15763944387435913
1088  0.15763914585113525
103  0.1576089709997177
1150  0.1575748175382614
1760  0.15757033228874207
313  0.15756922960281372
28  0.1575615555047989
1183  0.15754589438438416
318  0.15754401683807373
1040  0.15753553807735443
1117  0.1575341373682022
424  0.15753217041492462
859  0.15752850472927094
161  0.15750828385353088
1568  0.15750589966773987
31  0.1574944108724594
639  0.157491534948349
182  0.15748657286167145
778  0.1574862152338028
1033  0.1574820727109909
1427  0.157477468252182
775  0.15744853019714355
63  0.15743952989578247
136  0.15743114054203033
1625  0.15741929411888123
1279  0.1574184149503708
170  0.15741552412509918
1188  0.15741385519504547
650  0.1574116051197052
1607  0.15739378333091736
704  0.1573910266160965
319  0.15738625824451447
1005  0.1573791652917862
1015  0.15737442672252655
1307  0.15737026929855347
1133  0.15736883878707886
460  0.15736867487430573
834  0.15736861526966095
953  0.1573675572872162
942  0.15736688673496246
153  0.15736663341522217
99  0.1573648601770401
251  0.15735511481761932
769  0.15735363960266113
762  0.15734674036502838
667  0.15734446048736572
1140  0.1573440581560135
832  0.15734268724918365
1314  0.15733939409255981
1199  0.15733905136585236
1551  0.15733709931373596
846  0.15733420848846436
1302  0.1573266088962555
862  0.1573239415884018
1185  0.15731237828731537
1266  0.15731209516525269
174  0.15731094777584076
987  0.15731076896190643
1014  0.1573089063167572
854  0.157297745347023
595  0.15729407966136932
62  0.15729399025440216
1630  0.15727660059928894
6  0.1572759449481964
335  0.15727505087852478
715  0.15727397799491882
901  0.15727372467517853
767  0.15727339684963226
1066  0.15727193653583527
468  0.15726584196090698
1054  0.15726518630981445
731  0.15725915133953094
741  0.15725040435791016
1131  0.15724797546863556
979  0.1572469025850296
1128  0.1572444587945938
1670  0.15724341571331024
1589  0.157242551445961
1186  0.15724125504493713
504  0.157239630818367
1388  0.1572388857603073
908  0.15723860263824463
1032  0.15723523497581482
730  0.15723320841789246
813  0.1572323590517044
1189  0.1572313755750656
1156  0.15723036229610443
65  0.1572258472442627
54  0.157222181558609
583  0.15721911191940308
655  0.15721474587917328
78  0.1572144627571106
1768  0.15721386671066284
1  0.15721271932125092
1278  0.15721146762371063
1053  0.1572100967168808
1139  0.15720702707767487
1001  0.1572059690952301
1323  0.15720368921756744
967  0.15719719231128693
751  0.15719695389270782
1212  0.15719610452651978
1318  0.15719342231750488
365  0.15719254314899445
1258  0.157191663980484
1301  0.15719127655029297
733  0.1571895033121109
60  0.15718725323677063
1132  0.15718592703342438
1303  0.157182976603508
4  0.15718097984790802
522  0.1571698784828186
1448  0.15716487169265747
1699  0.15715943276882172
1138  0.15715579688549042
919  0.15715475380420685
608  0.1571464091539383
141  0.1571454107761383
1107  0.1571449488401413
1227  0.15714259445667267
1662  0.1571398824453354
23  0.157136008143425
1703  0.15713386237621307
782  0.15713290870189667
790  0.1571320742368698
1098  0.15713107585906982
812  0.1571292132139206
956  0.15712803602218628
840  0.15711909532546997
1305  0.1571161448955536
462  0.15711505711078644
1667  0.15711437165737152
932  0.15711326897144318
77  0.15711086988449097
292  0.15710777044296265
675  0.15710735321044922
880  0.15710696578025818
1614  0.1571059376001358
1073  0.15710550546646118
903  0.15710511803627014
1750  0.15710271894931793
1443  0.15710200369358063
605  0.1571015864610672
598  0.15709862112998962
916  0.15709801018238068
656  0.1570969969034195
1483  0.15709631145000458
798  0.15709255635738373
178  0.15709173679351807
1595  0.15709084272384644
1416  0.15708576142787933
1147  0.15708328783512115
300  0.15708257257938385
387  0.15707893669605255
1020  0.15707801282405853
1327  0.1570744663476944
989  0.15707269310951233
72  0.1570637822151184
1282  0.15706370770931244
1294  0.1570562869310379
478  0.15705497562885284
1263  0.15705129504203796
1178  0.15705128014087677
370  0.157051220536232
277  0.15704816579818726
817  0.1570478230714798
1592  0.15704669058322906
175  0.1570446789264679
1604  0.157043918967247
1191  0.15703989565372467
843  0.15703940391540527
154  0.15703848004341125
588  0.1570383608341217
717  0.1570369005203247
1112  0.1570368856191635
88  0.15702888369560242
1222  0.1570286750793457
1320  0.15702806413173676
1228  0.15702533721923828
1182  0.1570206880569458
44  0.15702004730701447
148  0.1570195108652115
1412  0.15701936185359955
36  0.15701355040073395
830  0.1570134311914444
716  0.15700995922088623
1011  0.15700890123844147
1376  0.15700657665729523
507  0.15700633823871613
1510  0.15700608491897583
1671  0.1570059359073639
311  0.1570054143667221
11  0.15700235962867737
1241  0.1570023149251938
801  0.15700218081474304
683  0.15699653327465057
1336  0.15699517726898193
1202  0.15699172019958496
377  0.15699107944965363
1125  0.1569902002811432
1494  0.15698985755443573
1080  0.15698720514774323
1149  0.15698587894439697
19  0.1569855511188507
700  0.15698376297950745
1163  0.1569761037826538
1390  0.15697474777698517
947  0.1569727063179016
1480  0.15697160363197327
1061  0.15697000920772552
1658  0.15696898102760315
1514  0.1569686233997345
805  0.15696854889392853
600  0.1569676399230957
1217  0.1569664031267166
117  0.15696515142917633
100  0.1569644957780838
1445  0.156963050365448
1116  0.15695928037166595
1081  0.15695695579051971
1600  0.1569565385580063
1047  0.15695565938949585
250  0.15695543587207794
559  0.15695500373840332
1051  0.1569540947675705
275  0.15695315599441528
1689  0.15695281326770782
786  0.15695244073867798
1288  0.15695244073867798
1095  0.15695111453533173
1092  0.1569506973028183
1225  0.15694867074489594
1023  0.15694431960582733
1254  0.156942680478096
761  0.15693941712379456
480  0.1569380909204483
189  0.15693803131580353
1572  0.1569376438856125
1059  0.1569356620311737
1157  0.15693460404872894
1111  0.15693417191505432
435  0.15693171322345734
1455  0.1569298952817917
1469  0.15692979097366333
1513  0.15692874789237976
961  0.1569264680147171
1249  0.15692584216594696
273  0.1569250077009201
1079  0.15692457556724548
1586  0.1569221466779709
897  0.15692012012004852
777  0.1569192111492157
102  0.15691834688186646
1024  0.15691767632961273
552  0.15691757202148438
669  0.15691396594047546
131  0.15691155195236206
963  0.1569114625453949
1219  0.15691083669662476
877  0.15690700709819794
1233  0.1569059044122696
1151  0.1569046974182129
868  0.15690460801124573
841  0.15690390765666962
1771  0.15690170228481293
883  0.15689967572689056
533  0.15689943730831146
1584  0.15689682960510254
15  0.15689405798912048
757  0.15689344704151154
970  0.15689201653003693
378  0.15689124166965485
1636  0.1568852961063385
688  0.15688368678092957
1056  0.15688356757164001
259  0.15688124299049377
441  0.1568787544965744
425  0.15687793493270874
1087  0.15687762200832367
1680  0.15687544643878937
756  0.15687532722949982
625  0.15687254071235657
1242  0.1568690836429596
937  0.15686887502670288
1329  0.15686771273612976
156  0.15686741471290588
1026  0.15686644613742828
1257  0.1568640172481537
1231  0.15686357021331787
758  0.15686313807964325
25  0.1568622589111328
1622  0.1568613499403
147  0.15686039626598358
233  0.1568600982427597
1161  0.15685948729515076
337  0.1568572223186493
913  0.1568572223186493
900  0.15685656666755676
1094  0.15685626864433289
631  0.15685568749904633
50  0.1568545699119568
1162  0.1568521112203598
1769  0.15685172379016876
1045  0.156851127743721
1421  0.15685105323791504
419  0.15685045719146729
158  0.1568484753370285
1203  0.15684697031974792
1091  0.15684597194194794
951  0.15684421360492706
473  0.1568431854248047
1673  0.15684044361114502
1142  0.15683940052986145
928  0.15683795511722565
783  0.15683741867542267
990  0.1568373143672943
531  0.1568368822336197
1541  0.1568361520767212
192  0.15683501958847046
1439  0.15683434903621674
1590  0.15682919323444366
526  0.15682752430438995
449  0.15682636201381683
1259  0.15682575106620789
976  0.15682493150234222
539  0.15682409703731537
985  0.15682265162467957
1159  0.15682253241539001
514  0.15682202577590942
471  0.1568218320608139
1105  0.156821146607399
276  0.1568210870027542
1398  0.15681888163089752
1370  0.15681707859039307
1694  0.15681657195091248
1333  0.15681377053260803
113  0.15681332349777222
708  0.15681321918964386
164  0.15681174397468567
85  0.15681128203868866
1735  0.15681004524230957
1286  0.15680916607379913
1343  0.15680669248104095
400  0.15680435299873352
1404  0.15680435299873352
1057  0.15680377185344696
579  0.15679562091827393
1198  0.15679465234279633
886  0.15679128468036652
332  0.15679092705249786
94  0.15678682923316956
134  0.15678676962852478
949  0.15678614377975464
215  0.1567804217338562
234  0.15678009390830994
837  0.15677890181541443
694  0.15677878260612488
1765  0.15677864849567413
959  0.15677683055400848
771  0.15677644312381744
176  0.15677544474601746
380  0.15677513182163239
670  0.15677326917648315
1505  0.15677309036254883
421  0.15677256882190704
1129  0.15677116811275482
842  0.15677018463611603
816  0.15677013993263245
971  0.15676921606063843
1471  0.15676838159561157
950  0.15676796436309814
1495  0.15676726400852203
889  0.15676675736904144
792  0.1567666232585907
34  0.15676580369472504
354  0.15676578879356384
721  0.15676447749137878
1603  0.15676291286945343
1526  0.15676216781139374
146  0.1567600965499878
305  0.15675945580005646
1124  0.15675894916057587
997  0.15675893425941467
685  0.15675880014896393
699  0.15675564110279083
1276  0.15674945712089539
1459  0.15674817562103271
106  0.15674687922000885
993  0.15674474835395813
705  0.15674354135990143
1007  0.15674272179603577
1665  0.15674154460430145
1297  0.15674151480197906
895  0.1567389965057373
239  0.15673887729644775
1285  0.15673828125
1247  0.1567370742559433
1697  0.15673406422138214
1615  0.15673241019248962
309  0.15673203766345978
393  0.15673120319843292
374  0.15673039853572845
1165  0.156727597117424
914  0.15672725439071655
1168  0.15672707557678223
1086  0.15672677755355835
535  0.1567266434431076
1543  0.15672659873962402
678  0.1567263901233673
1556  0.15672433376312256
714  0.1567227691411972
385  0.156721830368042
808  0.1567203551530838
1060  0.15671676397323608
1686  0.15671657025814056
788  0.15671588480472565
1418  0.15671300888061523
331  0.15671293437480927
695  0.15671241283416748
922  0.1567123383283615
878  0.1567120999097824
37  0.15671205520629883
1283  0.15671052038669586
1410  0.1567097008228302
283  0.1567092090845108
1359  0.1567043662071228
1463  0.15669965744018555
1113  0.15669891238212585
254  0.15669690072536469
169  0.1566966325044632
1196  0.15669561922550201
573  0.15669558942317963
620  0.15669485926628113
1627  0.15669265389442444
1135  0.1566924750804901
57  0.1566922962665558
966  0.15669205784797668
1581  0.1566908359527588
1762  0.15669074654579163
638  0.1566905826330185
1725  0.1566883772611618
1712  0.15668782591819763
1371  0.1566876471042633
1205  0.15668733417987823
1746  0.15668730437755585
1440  0.1566871851682663
1740  0.15668651461601257
692  0.15668649971485138
173  0.15668638050556183
1384  0.15668468177318573
930  0.156682550907135
867  0.15668094158172607
1262  0.15668022632598877
802  0.1566801220178604
749  0.15667977929115295
180  0.15667924284934998
1587  0.15667791664600372
918  0.15667763352394104
252  0.15667755901813507
1268  0.1566762924194336
1031  0.1566741019487381
821  0.15667371451854706
1043  0.15667234361171722
383  0.15667101740837097
492  0.15666934847831726
964  0.15666837990283966
845  0.1566678285598755
1752  0.15666624903678894
125  0.1566644012928009
1487  0.15666404366493225
1716  0.1566637009382248
486  0.1566636562347412
1190  0.15666285157203674
567  0.15666258335113525
1093  0.15666243433952332
1284  0.15666143596172333
291  0.15666057169437408
46  0.15666034817695618
1438  0.1566602736711502
511  0.1566600203514099
217  0.15665794909000397
1207  0.15665781497955322
1669  0.15665479004383087
1538  0.1566544771194458
163  0.15665361285209656
1192  0.15665331482887268
413  0.1566523015499115
1655  0.15665070712566376
9  0.15664932131767273
1055  0.1566483974456787
1561  0.15664686262607574
706  0.15664644539356232
793  0.15664619207382202
87  0.15664054453372955
429  0.15663963556289673
1442  0.15663588047027588
1226  0.15663571655750275
1021  0.15663540363311768
1610  0.15663446485996246
227  0.15663304924964905
905  0.1566321849822998
1253  0.15663188695907593
709  0.15663059055805206
295  0.1566305011510849
861  0.1566295027732849
894  0.1566290557384491
584  0.15662868320941925
1394  0.1566285490989685
1576  0.15662799775600433
364  0.15662793815135956
61  0.15662765502929688
927  0.1566276103258133
1082  0.15662603080272675
866  0.1566251665353775
1759  0.1566246598958969
606  0.1566234529018402
1321  0.15662150084972382
114  0.15662086009979248
613  0.15662071108818054
81  0.1566198617219925
368  0.15661965310573578
975  0.1566186547279358
1290  0.1566178798675537
104  0.1566169559955597
128  0.15661662817001343
1736  0.15661609172821045
1531  0.15661603212356567
1523  0.1566149890422821
116  0.15661343932151794
1152  0.15661083161830902
465  0.1566106081008911
981  0.15661051869392395
1068  0.15661044418811798
1118  0.15661020576953888
1310  0.1566096842288971
53  0.15660883486270905
1361  0.15660706162452698
1261  0.15660695731639862
1698  0.1566043198108673
43  0.15660402178764343
461  0.15660400688648224
907  0.15660318732261658
752  0.15660136938095093
466  0.15659941732883453
602  0.1565982699394226
414  0.15659505128860474
1557  0.15659430623054504
489  0.15659397840499878
1458  0.1565912514925003
996  0.15659090876579285
39  0.156589075922966
1682  0.15658892691135406
789  0.15658877789974213
1260  0.15658792853355408
1315  0.1565871685743332
1402  0.15658441185951233
1638  0.15658317506313324
1158  0.15658144652843475
150  0.156580850481987
1338  0.15657946467399597
872  0.15657773613929749
1214  0.1565776765346527
986  0.15657751262187958
693  0.15657669305801392
151  0.15657591819763184
1291  0.15657590329647064
1485  0.15657442808151245
1017  0.15657390654087067
781  0.15657344460487366
1547  0.15657131373882294
690  0.15657049417495728
933  0.1565697342157364
1104  0.15656960010528564
995  0.15656931698322296
1461  0.15656894445419312
5  0.15656882524490356
397  0.15656858682632446
229  0.15656834840774536
1099  0.15656796097755432
668  0.15656720101833344
681  0.1565665453672409
785  0.1565663367509842
70  0.1565660834312439
1319  0.1565658301115036
750  0.15656211972236633
1293  0.15656210482120514
743  0.15656086802482605
776  0.15656037628650665
1413  0.15655772387981415
1391  0.1565573364496231
328  0.15655677020549774
1770  0.15655647218227386
1618  0.15655517578125
236  0.15655450522899628
1497  0.1565517634153366
49  0.15654845535755157
1525  0.15654608607292175
1676  0.15654602646827698
1010  0.1565457284450531
853  0.1565449833869934
52  0.15654458105564117
1120  0.1565433144569397
774  0.15654218196868896
1356  0.1565421223640442
664  0.15654124319553375
1386  0.15653835237026215
1596  0.15653833746910095
1122  0.15653665363788605
850  0.15653656423091888
1025  0.15653596818447113
409  0.15653552114963531
652  0.15653438866138458
263  0.1565336287021637
86  0.15653227269649506
1100  0.15653035044670105
472  0.1565294861793518
1617  0.15652750432491302
301  0.1565244346857071
510  0.15652264654636383
1564  0.1565193384885788
826  0.15651898086071014
1727  0.15651880204677582
943  0.15651756525039673
864  0.15651725232601166
198  0.15651684999465942
994  0.15651555359363556
575  0.15651443600654602
740  0.1565123051404953
1071  0.1565093845129013
637  0.1565064936876297
127  0.1565060168504715
962  0.15650448203086853
20  0.1565040647983551
1550  0.1565033495426178
1013  0.15650124847888947
211  0.15650102496147156
84  0.15650035440921783
1345  0.15650013089179993
1346  0.15649819374084473
723  0.1564973145723343
847  0.15649719536304474
632  0.15649500489234924
1127  0.1564948558807373
765  0.15649402141571045
1173  0.15649402141571045
1436  0.15649402141571045
824  0.1564931422472
394  0.15649302303791046
1661  0.1564919799566269
558  0.15649086236953735
1102  0.15648986399173737
1372  0.15648798644542694
98  0.156485915184021
917  0.15648296475410461
1229  0.15648223459720612
1758  0.15648005902767181
682  0.1564798802137375
1519  0.15647947788238525
18  0.15647819638252258
304  0.15647746622562408
1337  0.15647630393505096
360  0.15647582709789276
403  0.1564755141735077
310  0.15647514164447784
1574  0.15647302567958832
1492  0.15647272765636444
1208  0.1564725935459137
1515  0.15647181868553162
1696  0.1564716100692749
871  0.15647131204605103
745  0.15647074580192566
1764  0.15646961331367493
399  0.15646864473819733
64  0.1564667671918869
1220  0.15646526217460632
1193  0.15646503865718842
848  0.15646407008171082
527  0.15646402537822723
30  0.1564635932445526
1639  0.15646305680274963
497  0.15646296739578247
261  0.1564626693725586
759  0.15646256506443024
1018  0.1564619243144989
935  0.15645956993103027
969  0.15645897388458252
663  0.15645767748355865
1504  0.15645751357078552
218  0.15645653009414673
1437  0.1564561426639557
549  0.15645591914653778
744  0.1564556509256363
382  0.1564522683620453
490  0.1564517319202423
149  0.1564449667930603
260  0.1564444601535797
569  0.15644359588623047
1048  0.15644153952598572
253  0.15644100308418274
851  0.15644054114818573
1449  0.15643997490406036
968  0.1564376950263977
226  0.15643751621246338
722  0.15643732249736786
1649  0.15643730759620667
671  0.15643715858459473
398  0.15643684566020966
893  0.15643459558486938
1611  0.15643443167209625
738  0.1564343124628067
265  0.15643417835235596
1417  0.15643377602100372
1379  0.15643320977687836
445  0.15643168985843658
1542  0.15643154084682465
1761  0.1564294844865799
1457  0.1564294546842575
849  0.15642857551574707
1745  0.15642794966697693
1235  0.15642708539962769
1599  0.15642490983009338
1465  0.1564248651266098
1281  0.15642473101615906
1304  0.15642426908016205
1647  0.15642398595809937
68  0.15642279386520386
1130  0.15642260015010834
356  0.15642231702804565
74  0.1564217507839203
1218  0.15642166137695312
1037  0.15642152726650238
1501  0.1564195454120636
544  0.15641914308071136
879  0.1564176231622696
1184  0.1564151644706726
1462  0.15641386806964874
195  0.15641266107559204
1583  0.1564125418663025
754  0.15641167759895325
487  0.1564113050699234
746  0.15641072392463684
1368  0.15641061961650848
1215  0.15641026198863983
676  0.15641000866889954
1350  0.15640851855278015
576  0.15640795230865479
172  0.15640689432621002
820  0.15640634298324585
1022  0.156405970454216
540  0.15640543401241302
92  0.1564052253961563
819  0.15640445053577423
1171  0.15640360116958618
519  0.15640269219875336
499  0.156402587890625
839  0.15640252828598022
395  0.156401589512825
440  0.1564011573791504
718  0.15640076994895935
372  0.15640003979206085
1175  0.15639662742614746
75  0.1563960164785385
1224  0.1563948541879654
735  0.1563941389322281
495  0.15639351308345795
109  0.15639175474643707
1169  0.15639130771160126
329  0.15638945996761322
130  0.15638898313045502
1119  0.15638886392116547
815  0.15638624131679535
3  0.15638220310211182
1296  0.15638205409049988
780  0.1563820242881775
855  0.15638190507888794
284  0.15637895464897156
869  0.1563781201839447
1756  0.1563768982887268
696  0.15637604892253876
502  0.15637601912021637
858  0.1563740372657776
1353  0.15637248754501343
686  0.15637214481830597
287  0.15637029707431793
324  0.15636888146400452
321  0.1563674956560135
345  0.1563667356967926
612  0.1563657820224762
1644  0.15636421740055084
168  0.15636380016803741
388  0.15636375546455383
1666  0.1563630849123001
190  0.1563621610403061
1200  0.1563621461391449
1397  0.15636098384857178
1216  0.1563604772090912
1601  0.15635928511619568
707  0.15635883808135986
166  0.1563587188720703
554  0.15635843575000763
493  0.15635718405246735
823  0.15635699033737183
366  0.15635688602924347
565  0.15635532140731812
546  0.15635497868061066
1708  0.1563538759946823
1273  0.15635284781455994
47  0.15635260939598083
739  0.1563514918088913
1324  0.15635113418102264
1363  0.15635019540786743
10  0.15635012090206146
474  0.15634790062904358
1067  0.15634550154209137
1072  0.15634460747241974
630  0.1563425362110138
1050  0.1563422679901123
1044  0.15634121000766754
1433  0.1563410460948944
35  0.15633884072303772
882  0.15633833408355713
1632  0.1563376784324646
1383  0.15633714199066162
1430  0.15633626282215118
1555  0.15633492171764374
281  0.15633459389209747
891  0.15633399784564972
1064  0.15633359551429749
1470  0.15633323788642883
719  0.15633192658424377
1711  0.15632876753807068
1232  0.156326562166214
476  0.15632572770118713
720  0.1563255935907364
1123  0.15632542967796326
1536  0.15632542967796326
768  0.15632261335849762
1678  0.15632228553295135
1246  0.15632173418998718
807  0.1563214212656021
1392  0.15632100403308868
1629  0.15632040798664093
1365  0.1563171148300171
1109  0.15631651878356934
266  0.15631559491157532
1181  0.15631437301635742
952  0.15631318092346191
1432  0.1563107669353485
556  0.156310573220253
593  0.15630945563316345
1366  0.1563090980052948
327  0.1563078612089157
829  0.15630771219730377
601  0.1563068926334381
934  0.15630671381950378
1230  0.15630650520324707
83  0.15630647540092468
91  0.15630632638931274
921  0.15630610287189484
503  0.15630421042442322
1548  0.1563040018081665
1766  0.1563034951686859
814  0.1563032865524292
619  0.1563022881746292
45  0.15630196034908295
1213  0.15630044043064117
464  0.1562996357679367
258  0.1562972068786621
408  0.15629680454730988
703  0.1562962383031845
1311  0.15629561245441437
427  0.15629500150680542
1039  0.1562947779893875
939  0.1562938690185547
881  0.15629233419895172
1493  0.15629184246063232
1648  0.156290665268898
222  0.15629032254219055
811  0.15628941357135773
725  0.15628907084465027
977  0.15628893673419952
680  0.15628878772258759
375  0.15628670156002045
1097  0.1562865525484085
1030  0.15628600120544434
138  0.15628555417060852
885  0.1562843769788742
201  0.15628431737422943
1426  0.1562841683626175
876  0.1562839150428772
1422  0.15628306567668915
1499  0.15628284215927124
1167  0.1562827080488205
538  0.15627993643283844
1419  0.15627971291542053
1316  0.15627819299697876
525  0.1562771499156952
386  0.15627636015415192
1267  0.15627604722976685
1646  0.15627536177635193
799  0.1562751829624176
1420  0.15627382695674896
806  0.15627260506153107
974  0.15627171099185944
1075  0.1562708616256714
1593  0.1562703549861908
247  0.15626998245716095
415  0.15626822412014008
1634  0.1562681645154953
991  0.15626773238182068
651  0.15626555681228638
852  0.15626545250415802
509  0.15626530349254608
422  0.1562635749578476
1387  0.15626193583011627
1347  0.15626119077205658
1573  0.1562608778476715
1684  0.1562608778476715
1535  0.15625765919685364
687  0.15625731647014618
1657  0.15625667572021484
1176  0.156254380941391
1502  0.15625368058681488
97  0.15625247359275818
267  0.15625156462192535
1069  0.1562514305114746
181  0.15624485909938812
1453  0.15624476969242096
1713  0.15624259412288666
1434  0.15624114871025085
1732  0.1562400609254837
224  0.15623968839645386
405  0.15623965859413147
804  0.1562393307685852
508  0.1562391221523285
561  0.15623906254768372
641  0.1562378704547882
264  0.15623758733272552
836  0.1562371701002121
621  0.15623681247234344
1012  0.15623655915260315
1252  0.15623390674591064
954  0.15623173117637634
13  0.15623022615909576
691  0.15622839331626892
249  0.15622836351394653
416  0.15622802078723907
536  0.15622790157794952
228  0.15622761845588684
833  0.15622754395008087
772  0.1562272012233734
401  0.1562255620956421
59  0.15622478723526
1360  0.15622402727603912
965  0.1562236249446869
58  0.156223326921463
727  0.15622295439243317
1613  0.15622268617153168
1565  0.15622250735759735
828  0.1562221497297287
280  0.15622162818908691
1624  0.15622097253799438
742  0.15622016787528992
1137  0.15622015297412872
1034  0.15621978044509888
213  0.15621976554393768
434  0.15621976554393768
457  0.15621711313724518
1349  0.15621674060821533
1532  0.15621671080589294
298  0.15621626377105713
143  0.15621575713157654
160  0.1562153548002243
1559  0.15621328353881836
184  0.15621311962604523
288  0.1562124639749527
911  0.1562119573354721
1146  0.1562112420797348
1145  0.15620972216129303
8  0.15620845556259155
306  0.15620721876621246
1591  0.15620653331279755
470  0.1562061458826065
208  0.15620529651641846
1221  0.15620508790016174
66  0.1562049239873886
548  0.1562047302722931
999  0.15620441734790802
1077  0.1562032252550125
713  0.15620291233062744
724  0.15620245039463043
1299  0.15620245039463043
980  0.1562020182609558
1028  0.1562020182609558
1540  0.15620090067386627
1238  0.15620064735412598
516  0.15620014071464539
1744  0.15619996190071106
1474  0.1561957150697708
1322  0.15619367361068726
874  0.15619343519210815
1248  0.1561925858259201
1004  0.15619245171546936
857  0.15619178116321564
1083  0.15619134902954102
622  0.15618817508220673
242  0.15618796646595
1058  0.15618769824504852
1616  0.15618719160556793
133  0.15618610382080078
115  0.15618519484996796
1633  0.1561833620071411
262  0.15618133544921875
2  0.15617793798446655
1340  0.15617763996124268
384  0.15617434680461884
431  0.15617431700229645
564  0.15617132186889648
1330  0.15617087483406067
1201  0.15617020428180695
269  0.15617015957832336
1641  0.156169593334198
439  0.15616938471794128
1101  0.15616853535175323
1488  0.15616820752620697
1720  0.15616820752620697
135  0.15616804361343384
791  0.15616777539253235
755  0.15616625547409058
1052  0.15616486966609955
24  0.15616482496261597
1690  0.1561637669801712
42  0.15616315603256226
1408  0.15615931153297424
1451  0.15615911781787872
1204  0.15615741908550262
1726  0.15615716576576233
1414  0.15615707635879517
610  0.15615560114383698
494  0.1561538428068161
1251  0.15615211427211761
960  0.15615031123161316
570  0.15615029633045197
119  0.15614768862724304
629  0.15614759922027588
286  0.1561466008424759
1693  0.1561466008424759
126  0.15614508092403412
1450  0.15614449977874756
770  0.15614330768585205
145  0.15614287555217743
1298  0.15614138543605804
1681  0.15614119172096252
1211  0.15614110231399536
633  0.15614010393619537
207  0.15613935887813568
1210  0.15613850951194763
1375  0.15613684058189392
555  0.15613681077957153
512  0.1561361849308014
1717  0.1561356633901596
1377  0.15613476932048798
577  0.15613439679145813
302  0.15613406896591187
1041  0.15613391995429993
1626  0.15613389015197754
1332  0.1561337262392044
177  0.15613344311714172
220  0.1561332792043686
646  0.15613216161727905
665  0.1561320722103119
586  0.1561315357685089
107  0.15613126754760742
152  0.15612885355949402
1277  0.1561276614665985
1153  0.15612755715847015
1339  0.15612731873989105
506  0.1561269760131836
407  0.15612654387950897
945  0.15612593293190002
89  0.15612566471099854
661  0.1561255007982254
274  0.15612435340881348
627  0.156124085187912
1046  0.15612351894378662
1295  0.1561228185892105
884  0.15612271428108215
191  0.1561223566532135
1195  0.15612217783927917
188  0.15612101554870605
604  0.15611937642097473
1534  0.1561187505722046
1103  0.15611808001995087
734  0.15611790120601654
1577  0.15611600875854492
482  0.15611587464809418
505  0.15611474215984344
1042  0.15611456334590912
1272  0.15611431002616882
330  0.15611420571804047
1144  0.15611368417739868
27  0.15611179172992706
1730  0.15611015260219574
955  0.15610972046852112
271  0.15610931813716888
831  0.15610894560813904
634  0.15610787272453308
391  0.15610703825950623
1223  0.15610691905021667
787  0.15610463917255402
1566  0.15610426664352417
902  0.1561010479927063
342  0.15609927475452423
48  0.15609782934188843
1380  0.15609771013259888
909  0.15609490871429443
870  0.1560945212841034
1265  0.15609349310398102
186  0.15609264373779297
1003  0.15609173476696014
436  0.15609121322631836
860  0.15609049797058105
82  0.15608900785446167
187  0.1560884714126587
1027  0.15608784556388855
1570  0.15608759224414825
838  0.15608476102352142
144  0.1560838222503662
1605  0.15608298778533936
371  0.1560806781053543
925  0.15608055889606476
1143  0.15607737004756927
1089  0.1560766100883484
458  0.15607599914073944
929  0.15607598423957825
1405  0.15607532858848572
323  0.15607474744319916
358  0.15607434511184692
344  0.15607425570487976
428  0.15607373416423798
726  0.15607263147830963
411  0.15607251226902008
221  0.15607231855392456
418  0.15606972575187683
496  0.15606972575187683
1036  0.1560683697462082
822  0.15606580674648285
376  0.15606579184532166
1428  0.15606549382209778
1174  0.15606451034545898
339  0.1560642272233963
1628  0.1560642272233963
592  0.15606145560741425
1244  0.1560613214969635
1121  0.1560608595609665
1108  0.1560601443052292
674  0.15605929493904114
193  0.1560584455728531
183  0.15605753660202026
1312  0.15605472028255463
984  0.15605345368385315
129  0.15605342388153076
892  0.15605342388153076
560  0.1560533344745636
599  0.15605202317237854
898  0.15604965388774872
1106  0.15604881942272186
210  0.15604852139949799
1435  0.15604741871356964
672  0.1560467779636383
1468  0.15604476630687714
432  0.15604440867900848
459  0.15604408085346222
369  0.15604102611541748
1280  0.15604089200496674
904  0.15603986382484436
1527  0.15603964030742645
910  0.1560395509004593
736  0.15603861212730408
1668  0.1560383439064026
1685  0.15603822469711304
1255  0.15603677928447723
1635  0.1560366004705429
1334  0.15603570640087128
157  0.15603536367416382
698  0.1560346484184265
978  0.15603354573249817
351  0.15603318810462952
1166  0.15603283047676086
223  0.15603193640708923
17  0.1560315638780594
1134  0.1560303121805191
1728  0.15603025257587433
800  0.1560276746749878
1734  0.15602631866931915
1594  0.15602605044841766
711  0.1560259908437729
513  0.1560257375240326
1640  0.15602482855319977
225  0.15602333843708038
988  0.1560230553150177
71  0.15602248907089233
1530  0.1560218781232834
825  0.1560206413269043
90  0.15602032840251923
856  0.15601931512355804
206  0.15601778030395508
241  0.15601646900177002
16  0.1560138314962387
232  0.15601298213005066
1597  0.15601252019405365
1545  0.1560107171535492
1306  0.15600943565368652
1660  0.15600921213626862
285  0.15600571036338806
835  0.15600526332855225
1239  0.15600429475307465
341  0.15600204467773438
348  0.15600094199180603
1567  0.1559995859861374
607  0.1559995412826538
1702  0.1559993028640747
359  0.15599896013736725
308  0.15599805116653442
32  0.15599781274795532
96  0.15599694848060608
1637  0.15599629282951355
1240  0.15599584579467773
728  0.15599560737609863
1677  0.1559944450855255
1606  0.15599437057971954
618  0.15599380433559418
293  0.15599273145198822
1520  0.15599267184734344
256  0.15599213540554047
41  0.15598930418491364
209  0.15598881244659424
571  0.15598691999912262
1029  0.15598565340042114
270  0.15598326921463013
1424  0.1559830904006958
1553  0.15598109364509583
338  0.15598072111606598
677  0.15598009526729584
865  0.1559799462556839
171  0.1559789925813675
659  0.15597783029079437
463  0.1559770554304123
1355  0.15597662329673767
491  0.15597613155841827
479  0.15597601234912872
1500  0.1559758335351944
562  0.15597528219223022
67  0.15597490966320038
1148  0.15597479045391083
420  0.15597450733184814
763  0.155974343419075
1264  0.1559731513261795
469  0.15596994757652283
205  0.15596982836723328
1016  0.15596869587898254
410  0.15596820414066315
566  0.15596792101860046
940  0.1559678465127945
551  0.15596753358840942
957  0.15596716105937958
1518  0.15596668422222137
349  0.15596313774585724
140  0.15596044063568115
1754  0.1559603065252304
124  0.15595749020576477
179  0.15595746040344238
290  0.15595681965351105
982  0.1559561938047409
26  0.15595532953739166
112  0.1559542864561081
373  0.15595278143882751
417  0.15594728291034698
1582  0.15594696998596191
101  0.15594647824764252
589  0.15594565868377686
1070  0.1559450626373291
1704  0.15594501793384552
983  0.15594452619552612
155  0.15594413876533508
340  0.1559441238641739
1179  0.1559433937072754
1675  0.1559431552886963
216  0.15594233572483063
1748  0.15594202280044556
433  0.15594185888767242
1511  0.15594130754470825
1396  0.15593992173671722
941  0.15593954920768738
317  0.1559395045042038
1579  0.15593932569026947
122  0.15593759715557098
243  0.15593667328357697
636  0.15593615174293518
363  0.15593598783016205
585  0.15593500435352325
334  0.15593425929546356
1409  0.15593421459197998
1767  0.15593379735946655
1344  0.15593144297599792
1623  0.15592999756336212
1554  0.15592946112155914
654  0.15592893958091736
1539  0.15592800080776215
1598  0.15592709183692932
712  0.1559264212846756
827  0.15592604875564575
1552  0.15592525899410248
1378  0.15592306852340698
1721  0.15592262148857117
1691  0.15592212975025177
1608  0.15592056512832642
1705  0.15591980516910553
121  0.15591929852962494
1335  0.1559181958436966
1160  0.15591569244861603
255  0.1559155285358429
423  0.15591315925121307
1517  0.15591081976890564
1659  0.15590989589691162
574  0.15590862929821014
1114  0.1559084802865982
452  0.1559072732925415
475  0.15590675175189972
1472  0.1559041142463684
1019  0.1559036374092102
810  0.15590263903141022
1002  0.15590111911296844
1506  0.1559005230665207
547  0.15589840710163116
80  0.15589548647403717
194  0.15589475631713867
532  0.1558932214975357
747  0.1558912694454193
1692  0.15589049458503723
1364  0.15588967502117157
1395  0.15588930249214172
343  0.1558866798877716
915  0.1558862030506134
1585  0.1558859944343567
297  0.15588577091693878
1063  0.1558854877948761
617  0.15588486194610596
1136  0.15588350594043732
498  0.15587958693504333
1110  0.1558784544467926
485  0.15587817132472992
1663  0.15587763488292694
518  0.15587672591209412
542  0.15587589144706726
1742  0.15587428212165833
245  0.1558738648891449
563  0.15587273240089417
1533  0.1558707356452942
1393  0.15586894750595093
1170  0.15586814284324646
673  0.1558668613433838
448  0.15586529672145844
1326  0.15586449205875397
626  0.15586096048355103
1621  0.15586069226264954
1237  0.15585969388484955
202  0.1558593064546585
1328  0.15585879981517792
231  0.15585815906524658
1289  0.15585756301879883
1719  0.15585537254810333
279  0.15585480630397797
973  0.15585409104824066
1496  0.1558540165424347
38  0.15585385262966156
1209  0.15585285425186157
515  0.15585125982761383
200  0.15584918856620789
924  0.15584884583950043
550  0.15584857761859894
1751  0.15584811568260193
912  0.15584692358970642
1509  0.15584619343280792
1038  0.15584507584571838
1706  0.1558445692062378
1367  0.15584397315979004
185  0.15584343671798706
1403  0.15584337711334229
1187  0.15584184229373932
165  0.15584178268909454
1709  0.15584030747413635
1374  0.15583938360214233
307  0.15583546459674835
110  0.15583479404449463
888  0.1558331549167633
649  0.15583284199237823
543  0.15583235025405884
467  0.15583044290542603
1578  0.15582941472530365
568  0.15582604706287384
1477  0.1558256298303604
162  0.15582554042339325
320  0.15582522749900818
666  0.1558246910572052
624  0.15582343935966492
1645  0.15582183003425598
729  0.15582169592380524
1486  0.1558200567960739
946  0.1558181792497635
998  0.15581591427326202
379  0.15581560134887695
764  0.15581552684307098
1466  0.15581491589546204
1274  0.1558144986629486
1357  0.15581411123275757
197  0.15581347048282623
931  0.15581311285495758
1313  0.15581293404102325
748  0.15581262111663818
644  0.15581251680850983
1602  0.1558104157447815
1528  0.15580368041992188
972  0.15580347180366516
662  0.15580226480960846
645  0.15580011904239655
1521  0.1557997167110443
481  0.15579967200756073
437  0.1557975560426712
1755  0.15579724311828613
795  0.1557961404323578
1441  0.15579479932785034
1126  0.1557941734790802
1425  0.1557934582233429
132  0.15579065680503845
1695  0.15578770637512207
1154  0.155787393450737
1642  0.1557854413986206
779  0.155784010887146
1008  0.15577875077724457
1563  0.1557784080505371
1382  0.15577764809131622
93  0.15577684342861176
701  0.15577444434165955
1741  0.15577396750450134
1287  0.15577147901058197
920  0.1557711809873581
451  0.15577076375484467
1482  0.15577076375484467
958  0.1557704657316208
1236  0.15576940774917603
623  0.15576912462711334
390  0.15576741099357605
76  0.1557670533657074
444  0.15576502680778503
412  0.15576261281967163
697  0.15576204657554626
1415  0.15576080977916718
1341  0.15576015412807465
1544  0.15575934946537018
1588  0.1557537317276001
1009  0.1557535082101822
1481  0.15575307607650757
1206  0.15575259923934937
660  0.15575118362903595
642  0.1557498276233673
1733  0.15574759244918823
530  0.1557457149028778
1479  0.1557452231645584
773  0.1557435393333435
404  0.1557425707578659
299  0.1557421088218689
73  0.15574143826961517
1006  0.15574027597904205
268  0.15574008226394653
1763  0.15573906898498535
214  0.1557382196187973
1650  0.1557377725839615
396  0.15573622286319733
1180  0.15573616325855255
766  0.15573488175868988
1354  0.15573382377624512
1411  0.15573333203792572
899  0.15573245286941528
1243  0.15572945773601532
796  0.15572841465473175
79  0.15572786331176758
1446  0.15572355687618256
1084  0.15572325885295868
597  0.15572141110897064
1731  0.1557195484638214
1672  0.15571753680706024
1747  0.1557173728942871
657  0.15571701526641846
316  0.155715674161911
1549  0.15571507811546326
1729  0.15571454167366028
142  0.15571443736553192
1400  0.15571433305740356
453  0.1557125449180603
1342  0.1557106077671051
56  0.15570922195911407
1348  0.15570922195911407
1560  0.15570825338363647
887  0.15570621192455292
29  0.15570493042469025
545  0.1557047963142395
923  0.15570273995399475
118  0.1557011604309082
1270  0.15569756925106049
21  0.15569524466991425
572  0.15569370985031128
1389  0.15568985044956207
219  0.15568695962429047
1401  0.15568670630455017
596  0.1556859314441681
1454  0.15568238496780396
890  0.15568217635154724
1115  0.15568150579929352
1743  0.15568150579929352
108  0.15567894279956818
1757  0.15567784011363983
1062  0.15567649900913239
1308  0.15567557513713837
844  0.15567326545715332
303  0.15567298233509064
1464  0.15567226707935333
352  0.15567177534103394
1194  0.1556711345911026
406  0.15567058324813843
1722  0.1556691974401474
1373  0.15566882491111755
1631  0.15566852688789368
1429  0.15566731989383698
1245  0.15566249191761017
1275  0.1556621938943863
272  0.15566042065620422
40  0.1556578278541565
430  0.15565535426139832
238  0.1556522399187088
1609  0.1556522250175476
679  0.15565010905265808
521  0.15564768016338348
1475  0.1556471288204193
402  0.15564385056495667
1399  0.15564009547233582
477  0.15563751757144928
51  0.15563476085662842
450  0.15563438832759857
611  0.1556316763162613
120  0.1556270271539688
1724  0.15562640130519867
578  0.15562589466571808
1651  0.15562453866004944
362  0.1556233912706375
1250  0.15562233328819275
1407  0.15561772882938385
944  0.15561719238758087
1683  0.15561479330062866
1325  0.15560950338840485
1473  0.15560859441757202
1074  0.1556074470281601
1444  0.15560470521450043
1739  0.1556043177843094
553  0.1556040495634079
454  0.1556025892496109
69  0.15560077130794525
658  0.15559867024421692
1562  0.1555972546339035
590  0.15559633076190948
1085  0.15559622645378113
1467  0.15559597313404083
1653  0.1555948406457901
797  0.1555931717157364
55  0.15559013187885284
22  0.15558652579784393
325  0.15558624267578125
1197  0.1555844098329544
111  0.15558111667633057
14  0.15557712316513062
230  0.15557686984539032
347  0.1555766612291336
336  0.15557599067687988
442  0.15557287633419037
557  0.15556646883487701
455  0.15556550025939941
1714  0.1555626392364502
689  0.15556077659130096
524  0.15556007623672485
1256  0.15555939078330994
1309  0.1555555760860443
333  0.15555348992347717
12  0.15554793179035187
1096  0.155546173453331
456  0.15554340183734894
212  0.15554198622703552
426  0.15553878247737885
992  0.1555374711751938
1580  0.15553678572177887
529  0.15553465485572815
203  0.1555318385362625
1498  0.15553179383277893
244  0.15552927553653717
315  0.1555292308330536
1664  0.1555246263742447
446  0.15552452206611633
615  0.155523881316185
1529  0.1555236577987671
1679  0.1555226892232895
1358  0.1555221825838089
1575  0.15552158653736115
710  0.15552018582820892
199  0.15551955997943878
520  0.15551863610744476
1507  0.15551279485225677
1172  0.1555057018995285
528  0.15550026297569275
1423  0.1554960459470749
237  0.15548619627952576
1385  0.15547901391983032
1351  0.15547838807106018
248  0.15547829866409302
760  0.15547756850719452
1292  0.1554749459028244
591  0.1554737538099289
648  0.15547263622283936
1090  0.1554705649614334
1715  0.1554686278104782
33  0.15546433627605438
1503  0.1554640531539917
484  0.15545696020126343
1476  0.15545406937599182
938  0.15545311570167542
282  0.155452698469162
1688  0.1554504781961441
447  0.15544787049293518
367  0.15544749796390533
818  0.155447319149971
1035  0.15544229745864868
1406  0.15544208884239197
137  0.15544113516807556
1674  0.1554393321275711
635  0.15543711185455322
1431  0.1554359793663025
350  0.15543462336063385
1489  0.15542681515216827
1478  0.1554262638092041
483  0.15542244911193848
1537  0.15542010962963104
537  0.1554180234670639
1447  0.15541328489780426
95  0.15541137754917145
628  0.15540336072444916
312  0.1553926169872284
603  0.15538761019706726
322  0.15538737177848816
1490  0.1553824096918106
257  0.15537330508232117
1049  0.15536795556545258
1643  0.1553666740655899
1571  0.15536537766456604
1177  0.15534959733486176
594  0.15534578263759613
609  0.15534573793411255
355  0.15534500777721405
1612  0.15534330904483795
1707  0.15534067153930664
1753  0.15533801913261414
501  0.1553354263305664
803  0.1553286612033844
653  0.15532727539539337
1687  0.15532360970973969
246  0.15532130002975464
196  0.15532049536705017
863  0.15531277656555176
488  0.15530899167060852
1452  0.155307337641716
1155  0.15529856085777283
794  0.15529678761959076
326  0.1552945375442505
357  0.15529079735279083
732  0.1552809774875641
1558  0.15527990460395813
1749  0.15527985990047455
1484  0.15527811646461487
647  0.15527747571468353
582  0.155272975564003
443  0.15526899695396423
1710  0.1552678495645523
580  0.1552610695362091
517  0.15525518357753754
1652  0.15525487065315247
278  0.1552482396364212
105  0.15524759888648987
523  0.15524224936962128
289  0.15524046123027802
1620  0.15523594617843628
640  0.15523292124271393
1569  0.1552300602197647
204  0.15522439777851105
1522  0.15521113574504852
361  0.15520638227462769
896  0.15519866347312927
353  0.1551986187696457
1718  0.15519176423549652
1654  0.15518510341644287
1491  0.15517933666706085
1352  0.15516649186611176
1078  0.15516303479671478
873  0.15515930950641632
438  0.1551555097103119
1700  0.15515469014644623
1512  0.15515097975730896
1546  0.15514664351940155
1317  0.1551201194524765
587  0.15511134266853333
581  0.15509063005447388
240  0.1550794392824173
1738  0.15503743290901184
1656  0.1550293266773224
314  0.15500685572624207
235  0.15499825775623322
753  0.15499380230903625
534  0.15498077869415283
1723  0.15496186912059784
1701  0.15495635569095612
1331  0.15495546162128448
1456  0.15495245158672333
1076  0.15490882098674774
1524  0.15490522980690002
296  0.15489062666893005
1234  0.15485434234142303
702  0.15481063723564148
616  0.15480883419513702
1369  0.15480294823646545
684  0.1547783613204956
1619  0.154763862490654
392  0.15474939346313477
381  0.15473702549934387
346  0.15472814440727234
948  0.15472060441970825
875  0.15466426312923431
541  0.1546129733324051
1362  0.15458668768405914
1381  0.15438279509544373
1737  0.1542232185602188
614  0.1541629135608673
