976  0.2239496111869812
528  0.22372011840343475
843  0.22364488244056702
458  0.22356562316417694
485  0.2235126793384552
421  0.2234833836555481
585  0.22345378994941711
390  0.22344817221164703
609  0.22335727512836456
59  0.22335533797740936
558  0.22335495054721832
539  0.22335195541381836
586  0.2232673019170761
540  0.223246768116951
578  0.22324401140213013
851  0.2232159674167633
347  0.2232057750225067
800  0.22318625450134277
594  0.2231844961643219
322  0.22316233813762665
439  0.2231542468070984
462  0.22314386069774628
734  0.22312316298484802
722  0.2230914980173111
502  0.2230881303548813
339  0.22307440638542175
916  0.22306717932224274
240  0.22306670248508453
48  0.22303137183189392
664  0.22302791476249695
658  0.2230205088853836
812  0.22301842272281647
293  0.22301359474658966
713  0.22300493717193604
657  0.22300401329994202
233  0.22300396859645844
927  0.22299495339393616
764  0.2229941040277481
142  0.22298887372016907
794  0.2229829579591751
682  0.2229812890291214
516  0.22296969592571259
958  0.2229544073343277
110  0.22294938564300537
662  0.2229476273059845
874  0.2229297161102295
474  0.2229275405406952
679  0.2229255884885788
61  0.22291453182697296
555  0.2229035496711731
635  0.22290100157260895
948  0.2228981852531433
522  0.22289176285266876
675  0.22288969159126282
86  0.22288796305656433
13  0.2228863537311554
236  0.2228805124759674
629  0.22287461161613464
430  0.22287192940711975
327  0.22286634147167206
537  0.22286352515220642
356  0.2228599190711975
727  0.22285650670528412
369  0.2228480577468872
285  0.22284185886383057
689  0.22283121943473816
514  0.2228272408246994
831  0.2228030562400818
118  0.22279557585716248
376  0.22278955578804016
965  0.22277924418449402
640  0.22277772426605225
617  0.2227768450975418
415  0.22277091443538666
848  0.22275927662849426
507  0.22275345027446747
188  0.22274620831012726
440  0.22274313867092133
565  0.2227424532175064
759  0.22273513674736023
966  0.22273488342761993
909  0.2227327674627304
777  0.22272513806819916
955  0.22271728515625
313  0.22271016240119934
776  0.2226913571357727
190  0.22269119322299957
771  0.22268377244472504
221  0.22267572581768036
683  0.22267547249794006
695  0.22267119586467743
457  0.22266516089439392
778  0.2226640284061432
854  0.22266177833080292
524  0.22266048192977905
633  0.22265999019145966
642  0.2226584255695343
504  0.2226560115814209
666  0.22265507280826569
297  0.22264882922172546
411  0.2226453721523285
901  0.22264249622821808
109  0.22263960540294647
630  0.22263947129249573
23  0.22262540459632874
757  0.2226238250732422
584  0.22262100875377655
847  0.22261932492256165
836  0.2226136177778244
521  0.22260893881320953
321  0.22260628640651703
681  0.2225952297449112
761  0.2225947082042694
604  0.22259144484996796
573  0.2225821614265442
251  0.22257699072360992
96  0.22257627546787262
125  0.22257444262504578
387  0.22256995737552643
645  0.22255446016788483
100  0.22255383431911469
788  0.2225525677204132
184  0.22254444658756256
463  0.22253915667533875
199  0.2225375920534134
729  0.222533717751503
694  0.22253035008907318
869  0.22252894937992096
27  0.22252126038074493
618  0.22249051928520203
535  0.22248947620391846
621  0.22248320281505585
337  0.22248315811157227
66  0.22246788442134857
341  0.2224663943052292
544  0.22246550023555756
756  0.2224632054567337
856  0.22246243059635162
466  0.22246064245700836
624  0.222460076212883
577  0.22245341539382935
603  0.2224424183368683
644  0.22243855893611908
626  0.2224142998456955
574  0.22241376340389252
755  0.22241246700286865
691  0.2224109023809433
448  0.22240090370178223
819  0.22240085899829865
433  0.22239722311496735
32  0.22238697111606598
531  0.22238680720329285
669  0.22237718105316162
451  0.22237293422222137
768  0.2223701775074005
858  0.22236953675746918
588  0.22236280143260956
814  0.22235676646232605
30  0.22235284745693207
828  0.22234110534191132
455  0.22234056890010834
674  0.2223401665687561
273  0.22233855724334717
216  0.22232814133167267
517  0.22232793271541595
969  0.2223242223262787
607  0.22232022881507874
137  0.22231169044971466
696  0.22231169044971466
892  0.2223111242055893
429  0.22231076657772064
932  0.22231075167655945
701  0.22230994701385498
478  0.2223033905029297
972  0.2223021686077118
98  0.2223021239042282
157  0.2223007082939148
402  0.22229832410812378
716  0.22229458391666412
597  0.22229057550430298
853  0.22228854894638062
964  0.22228841483592987
135  0.22228732705116272
636  0.22228538990020752
97  0.22228386998176575
50  0.2222815304994583
382  0.22228063642978668
58  0.22227942943572998
414  0.22227929532527924
849  0.22227908670902252
712  0.2222757637500763
677  0.22227370738983154
10  0.22227172553539276
14  0.22226770222187042
605  0.22226442396640778
632  0.22226381301879883
844  0.22226235270500183
331  0.222260519862175
770  0.22225967049598694
859  0.22225834429264069
784  0.2222568839788437
538  0.22225609421730042
735  0.2222549319267273
180  0.22225452959537506
876  0.22224563360214233
153  0.2222438007593155
620  0.2222416251897812
651  0.22223542630672455
740  0.22223278880119324
269  0.22223268449306488
529  0.22223173081874847
878  0.22223098576068878
881  0.22222782671451569
600  0.22222527861595154
653  0.22222241759300232
891  0.2222205251455307
839  0.22221629321575165
329  0.22220659255981445
634  0.22220346331596375
745  0.22220291197299957
665  0.22220098972320557
602  0.2221992015838623
792  0.22219787538051605
358  0.22219714522361755
560  0.2221943438053131
737  0.22218763828277588
838  0.22218665480613708
69  0.22218549251556396
476  0.22217805683612823
7  0.22217610478401184
543  0.22216647863388062
704  0.2221660017967224
42  0.2221633493900299
678  0.2221619039773941
213  0.2221604436635971
136  0.2221575379371643
116  0.22215339541435242
348  0.2221529632806778
491  0.2221520096063614
738  0.22215166687965393
18  0.22215072810649872
323  0.22214101254940033
834  0.22213508188724518
520  0.22213472425937653
730  0.2221304476261139
480  0.22212845087051392
717  0.2221137434244156
397  0.22211240231990814
511  0.22211194038391113
725  0.22211113572120667
583  0.2221066653728485
183  0.22210487723350525
473  0.22210440039634705
525  0.2221035659313202
166  0.22210271656513214
530  0.22210223972797394
259  0.22210130095481873
850  0.2221003770828247
654  0.22209788858890533
579  0.2220906764268875
350  0.22208337485790253
354  0.2220742106437683
533  0.22207239270210266
169  0.2220723032951355
536  0.22207169234752655
223  0.22206367552280426
905  0.22206228971481323
316  0.2220614105463028
497  0.22206056118011475
587  0.22206000983715057
371  0.2220592498779297
743  0.22205750644207
922  0.222057044506073
523  0.2220558226108551
351  0.22204439342021942
401  0.22204183042049408
446  0.22204121947288513
962  0.2220410704612732
711  0.222039133310318
417  0.2220369130373001
399  0.22203518450260162
796  0.2220338135957718
499  0.22203189134597778
959  0.22202937304973602
261  0.22201703488826752
702  0.22201679646968842
141  0.22201599180698395
378  0.22201509773731232
541  0.22201508283615112
500  0.22201068699359894
156  0.22200913727283478
790  0.22200876474380493
472  0.22200709581375122
599  0.22200579941272736
84  0.22200527787208557
887  0.2220035344362259
709  0.2220018059015274
742  0.22199787199497223
710  0.22199282050132751
365  0.22199244797229767
899  0.22199036180973053
518  0.2219877541065216
344  0.22198551893234253
893  0.22198419272899628
422  0.22198398411273956
400  0.2219814509153366
606  0.22197887301445007
477  0.22197870910167694
108  0.22197648882865906
127  0.22197608649730682
556  0.22197608649730682
671  0.2219758778810501
534  0.22197529673576355
637  0.2219742089509964
373  0.22197122871875763
346  0.2219686210155487
627  0.22196854650974274
254  0.22196315228939056
648  0.22195805609226227
67  0.22195732593536377
552  0.22195401787757874
217  0.22194784879684448
670  0.22194480895996094
424  0.22194473445415497
589  0.221941277384758
939  0.22193662822246552
943  0.22193543612957
840  0.22193360328674316
90  0.221917986869812
699  0.2219168096780777
554  0.22191090881824493
611  0.22190947830677032
336  0.22190254926681519
326  0.2219018042087555
550  0.22190147638320923
481  0.2218988686800003
951  0.2218862622976303
754  0.22188402712345123
70  0.2218838632106781
34  0.22187544405460358
865  0.22187533974647522
649  0.22187379002571106
760  0.22187300026416779
566  0.22187234461307526
783  0.221867173910141
452  0.2218656688928604
456  0.22186043858528137
612  0.22185830771923065
407  0.2218581885099411
494  0.2218581587076187
427  0.22185516357421875
808  0.22185379266738892
296  0.22185280919075012
388  0.22185267508029938
563  0.22185102105140686
724  0.22184871137142181
820  0.2218480259180069
526  0.22184737026691437
33  0.2218438684940338
101  0.22184337675571442
56  0.221842959523201
938  0.2218409776687622
561  0.22184047102928162
131  0.22183848917484283
357  0.22183844447135925
340  0.22183750569820404
380  0.22183619439601898
475  0.2218349277973175
582  0.22182965278625488
471  0.22182892262935638
835  0.2218279391527176
164  0.2218267172574997
441  0.2218252569437027
823  0.22182488441467285
60  0.2218240648508072
802  0.22182348370552063
459  0.22182202339172363
974  0.22182029485702515
275  0.22181984782218933
89  0.22181890904903412
647  0.2218175232410431
163  0.22181177139282227
693  0.22181127965450287
57  0.22180959582328796
454  0.2218082696199417
467  0.22180311381816864
860  0.22180254757404327
39  0.22179971635341644
194  0.22179795801639557
733  0.22179493308067322
104  0.2217896729707718
595  0.22178930044174194
806  0.22178547084331512
804  0.22178275883197784
791  0.2217826545238495
147  0.22176878154277802
232  0.22176849842071533
249  0.22176575660705566
718  0.22176507115364075
16  0.22176389396190643
817  0.22176019847393036
769  0.22175893187522888
562  0.2217540293931961
443  0.22175338864326477
124  0.2217511236667633
103  0.22174030542373657
461  0.22174017131328583
714  0.2217400074005127
799  0.2217399626970291
330  0.22173988819122314
28  0.22173886001110077
154  0.22173883020877838
465  0.22173555195331573
167  0.22173534333705902
408  0.22173325717449188
793  0.2217332273721695
846  0.22173304855823517
601  0.2217324823141098
431  0.22173085808753967
907  0.22173047065734863
449  0.22172676026821136
625  0.22172579169273376
238  0.2217242270708084
650  0.22172141075134277
426  0.2217170149087906
436  0.22171667218208313
263  0.22171588242053986
506  0.22171415388584137
112  0.22171375155448914
593  0.22171354293823242
870  0.22171007096767426
4  0.2217024564743042
762  0.22170037031173706
215  0.2216942012310028
841  0.22169169783592224
99  0.22169162333011627
416  0.22168593108654022
155  0.22168560326099396
920  0.22168536484241486
79  0.22168518602848053
545  0.22168339788913727
343  0.2216775119304657
672  0.22167496383190155
133  0.22167475521564484
196  0.2216746062040329
902  0.22167332470417023
1  0.2216705083847046
212  0.2216673046350479
366  0.2216663658618927
375  0.22166228294372559
553  0.22165992856025696
284  0.22165903449058533
277  0.22165809571743011
623  0.22165626287460327
384  0.2216559201478958
235  0.22165293991565704
918  0.2216523289680481
871  0.221644788980484
830  0.22164273262023926
568  0.2216418832540512
968  0.22164183855056763
106  0.22163958847522736
945  0.2216394692659378
312  0.22163917124271393
311  0.22163785994052887
428  0.22163675725460052
193  0.2216363102197647
747  0.22163593769073486
129  0.22163528203964233
195  0.22163425385951996
608  0.22163307666778564
961  0.22163303196430206
758  0.22162455320358276
219  0.22162379324436188
374  0.2216235250234604
641  0.22162026166915894
49  0.22161930799484253
492  0.22161920368671417
883  0.22161689400672913
398  0.22161424160003662
353  0.22161336243152618
904  0.22160668671131134
867  0.22160595655441284
185  0.22160501778125763
243  0.22160328924655914
703  0.22160285711288452
140  0.2216016948223114
396  0.22160117328166962
925  0.2215994894504547
744  0.2215956449508667
78  0.2215949445962906
394  0.22159194946289062
120  0.22158771753311157
975  0.2215842753648758
197  0.2215801328420639
229  0.22157734632492065
879  0.22157616913318634
487  0.22157397866249084
469  0.22157369554042816
482  0.2215728461742401
786  0.2215707004070282
24  0.22157041728496552
412  0.2215680032968521
418  0.22156600654125214
580  0.22155632078647614
298  0.2215559035539627
855  0.2215520143508911
773  0.22154852747917175
45  0.2215428352355957
931  0.2215425670146942
187  0.2215411365032196
837  0.2215409278869629
592  0.22153806686401367
903  0.22153782844543457
880  0.2215375453233719
54  0.22153708338737488
191  0.2215355783700943
590  0.22153478860855103
63  0.2215312272310257
821  0.22153104841709137
631  0.2215297818183899
615  0.22152838110923767
765  0.22152788937091827
549  0.22152698040008545
447  0.22152505815029144
700  0.22152477502822876
652  0.22152425348758698
706  0.22152402997016907
775  0.22152170538902283
52  0.22152119874954224
385  0.22151780128479004
43  0.2215147763490677
723  0.22151455283164978
862  0.2215089350938797
926  0.22150647640228271
857  0.22150610387325287
832  0.22150425612926483
204  0.22149692475795746
391  0.22149567306041718
715  0.22149556875228882
798  0.22149431705474854
364  0.22149252891540527
31  0.2214908003807068
944  0.22148410975933075
813  0.22148336470127106
352  0.2214832305908203
542  0.22148242592811584
453  0.22147022187709808
77  0.22146768867969513
410  0.2214672714471817
567  0.22146570682525635
92  0.2214640974998474
258  0.22146016359329224
801  0.2214593142271042
244  0.22145910561084747
413  0.2214587777853012
875  0.22145745158195496
445  0.22145497798919678
763  0.2214520275592804
766  0.22143912315368652
732  0.22143535315990448
686  0.22143453359603882
442  0.22143404185771942
247  0.2214336395263672
372  0.22143124043941498
953  0.22142578661441803
705  0.22142422199249268
189  0.22141937911510468
419  0.22141887247562408
25  0.22141742706298828
126  0.2214161604642868
181  0.22141559422016144
721  0.2214154750108719
149  0.2214152216911316
736  0.22141185402870178
688  0.22140774130821228
929  0.22140517830848694
779  0.22140391170978546
182  0.2214016169309616
3  0.22139853239059448
726  0.22139835357666016
75  0.2213980257511139
139  0.2213946282863617
208  0.22139425575733185
432  0.22139133512973785
614  0.22138763964176178
299  0.22138722240924835
829  0.22138656675815582
303  0.22138577699661255
274  0.22138266265392303
933  0.22138184309005737
827  0.22137969732284546
646  0.22137945890426636
811  0.22137726843357086
519  0.22137250006198883
205  0.22137095034122467
673  0.22136732935905457
942  0.2213672250509262
444  0.22136689722537994
638  0.22136439383029938
210  0.22136184573173523
610  0.22136159241199493
935  0.2213612198829651
591  0.221352219581604
224  0.2213512659072876
335  0.22135086357593536
392  0.22134728729724884
496  0.22134637832641602
960  0.22134605050086975
300  0.22133983671665192
515  0.22133786976337433
257  0.2213323563337326
739  0.22133156657218933
383  0.2213221937417984
306  0.22131797671318054
873  0.22131484746932983
295  0.22131381928920746
501  0.2213076949119568
145  0.22130568325519562
622  0.2213049829006195
379  0.22130367159843445
68  0.22130216658115387
897  0.22129982709884644
559  0.22129817306995392
165  0.22129741311073303
403  0.22129426896572113
684  0.22129282355308533
906  0.2212921380996704
749  0.221287339925766
822  0.22128695249557495
260  0.22128280997276306
628  0.22127775847911835
656  0.22127532958984375
178  0.221275195479393
639  0.22127121686935425
19  0.22126325964927673
5  0.22125926613807678
949  0.22125917673110962
923  0.22125595808029175
489  0.22125236690044403
746  0.22125226259231567
619  0.22124993801116943
915  0.2212492972612381
362  0.22124838829040527
863  0.22124797105789185
308  0.22124730050563812
946  0.22124503552913666
242  0.22124455869197845
884  0.22124235332012177
973  0.2212418168783188
663  0.2212415337562561
420  0.22123219072818756
795  0.2212314009666443
807  0.22122971713542938
320  0.22122691571712494
503  0.2212250977754593
36  0.2212248146533966
767  0.22122393548488617
495  0.22122052311897278
825  0.2212173044681549
570  0.22121562063694
174  0.2212153971195221
513  0.2212136685848236
785  0.2212134301662445
246  0.22121264040470123
438  0.22120948135852814
505  0.22120806574821472
8  0.22120362520217896
720  0.22120241820812225
667  0.2211957722902298
687  0.22119298577308655
598  0.221191868185997
175  0.22119098901748657
803  0.22118794918060303
361  0.22118419408798218
824  0.22118382155895233
659  0.22118337452411652
957  0.2211829572916031
241  0.2211826741695404
17  0.22117988765239716
107  0.2211790829896927
912  0.22117391228675842
307  0.2211717814207077
81  0.22117161750793457
886  0.2211698293685913
128  0.22116731107234955
551  0.2211655080318451
872  0.2211644947528839
368  0.22116120159626007
928  0.22115692496299744
479  0.22115597128868103
94  0.22115513682365417
278  0.22115081548690796
527  0.22114647924900055
936  0.2211461067199707
947  0.22114135324954987
954  0.22114074230194092
890  0.22113850712776184
315  0.22113628685474396
93  0.22113607823848724
38  0.22113174200057983
138  0.2211315780878067
719  0.2211284637451172
852  0.22112278640270233
152  0.2211211621761322
576  0.22111794352531433
268  0.22111505270004272
450  0.22111356258392334
805  0.22111278772354126
809  0.2211086004972458
661  0.22110143303871155
360  0.22109971940517426
386  0.22109463810920715
787  0.2210892289876938
328  0.22108708322048187
900  0.22108490765094757
910  0.22108379006385803
493  0.22108346223831177
547  0.22108259797096252
707  0.22107887268066406
253  0.22107762098312378
557  0.22107447683811188
405  0.2210720181465149
151  0.22107155621051788
971  0.22107109427452087
486  0.2210676372051239
484  0.22106680274009705
29  0.22106507420539856
950  0.22106102108955383
896  0.22106073796749115
468  0.22105780243873596
2  0.22105775773525238
272  0.22105583548545837
564  0.22105006873607635
498  0.22104795277118683
334  0.22104771435260773
333  0.22104667127132416
342  0.22104564309120178
898  0.22104331851005554
911  0.22103628516197205
304  0.22103381156921387
409  0.22103215754032135
548  0.22102828323841095
37  0.22102607786655426
280  0.22102557122707367
797  0.22102513909339905
146  0.22102028131484985
20  0.22101937234401703
170  0.22101885080337524
810  0.22101597487926483
102  0.22101275622844696
294  0.22100423276424408
150  0.22100259363651276
309  0.2210022211074829
173  0.2210010588169098
708  0.22099873423576355
237  0.2209962159395218
305  0.22099444270133972
172  0.2209911197423935
177  0.22098839282989502
123  0.22098436951637268
231  0.22098331153392792
731  0.2209831029176712
288  0.22098292410373688
393  0.22098149359226227
377  0.22097888588905334
483  0.22097428143024445
87  0.22097232937812805
134  0.22096580266952515
159  0.22096483409404755
41  0.22096441686153412
318  0.22096285223960876
85  0.22095994651317596
575  0.2209579348564148
940  0.22095341980457306
676  0.22095154225826263
370  0.2209501564502716
207  0.22094480693340302
877  0.22093933820724487
581  0.2209370732307434
930  0.2209283709526062
289  0.22092823684215546
864  0.2209254503250122
751  0.22092501819133759
970  0.22092130780220032
72  0.2209175080060959
842  0.2209167182445526
389  0.22091631591320038
226  0.220911905169487
613  0.22091108560562134
95  0.22090910375118256
697  0.22090387344360352
73  0.22090277075767517
319  0.22089989483356476
143  0.22089678049087524
818  0.22089073061943054
130  0.22088611125946045
546  0.22088420391082764
425  0.2208782583475113
44  0.22087565064430237
282  0.220872163772583
302  0.22087113559246063
186  0.22086602449417114
105  0.22086583077907562
266  0.2208615243434906
643  0.22085271775722504
921  0.22085264325141907
917  0.22084985673427582
76  0.2208453118801117
789  0.22084298729896545
162  0.22084197402000427
227  0.22083842754364014
572  0.2208361029624939
464  0.22083480656147003
12  0.22082599997520447
956  0.22081932425498962
437  0.22081616520881653
866  0.22080737352371216
509  0.22080612182617188
488  0.22080601751804352
6  0.22080542147159576
685  0.2208012491464615
71  0.22078756988048553
690  0.22078350186347961
741  0.22078090906143188
80  0.2207796573638916
287  0.22077761590480804
122  0.22077728807926178
55  0.22077707946300507
168  0.2207707315683365
952  0.22076977789402008
332  0.2207682728767395
264  0.2207554429769516
434  0.22075065970420837
46  0.22074750065803528
26  0.22074688971042633
490  0.22074471414089203
894  0.22074340283870697
868  0.22074180841445923
510  0.22073300182819366
281  0.2207290083169937
532  0.22072631120681763
22  0.22072269022464752
512  0.22071564197540283
941  0.22071263194084167
919  0.22070367634296417
885  0.2207024246454239
192  0.2207004278898239
508  0.2206994593143463
21  0.22069671750068665
435  0.22069086134433746
325  0.2206840068101883
616  0.22068250179290771
64  0.22068196535110474
88  0.22067506611347198
345  0.2206750214099884
62  0.22067047655582428
908  0.22067032754421234
359  0.22066791355609894
230  0.2206677794456482
239  0.22066648304462433
220  0.22066639363765717
160  0.2206621915102005
179  0.22066020965576172
15  0.22065450251102448
51  0.22065193951129913
245  0.2206476330757141
914  0.22063949704170227
363  0.22063834965229034
270  0.22063514590263367
748  0.2206338793039322
355  0.22063219547271729
271  0.22062595188617706
218  0.22062548995018005
781  0.22062459588050842
111  0.2206210196018219
83  0.22061945497989655
963  0.2206169217824936
460  0.22061294317245483
292  0.22061258554458618
924  0.22060367465019226
262  0.22060199081897736
279  0.22059473395347595
113  0.2205946147441864
11  0.22059302031993866
214  0.22058036923408508
967  0.22057652473449707
248  0.22057399153709412
423  0.22057390213012695
698  0.22057361900806427
91  0.2205730825662613
74  0.22056666016578674
317  0.2205599993467331
571  0.2205587923526764
283  0.22055558860301971
750  0.22055216133594513
349  0.22054806351661682
301  0.22053435444831848
680  0.22052280604839325
53  0.2205129712820053
132  0.22050312161445618
225  0.22050230205059052
198  0.22050046920776367
937  0.22049354016780853
40  0.22047744691371918
82  0.22047312557697296
144  0.22047004103660583
668  0.22044683992862701
752  0.22044450044631958
780  0.2204340696334839
816  0.22042909264564514
406  0.22042839229106903
888  0.2204238772392273
47  0.22042225301265717
9  0.2204194962978363
200  0.22040817141532898
826  0.22038766741752625
310  0.2203831523656845
660  0.2203763723373413
889  0.2203674018383026
314  0.22036036849021912
861  0.22035276889801025
395  0.22034618258476257
114  0.22033648192882538
234  0.22033071517944336
65  0.22031259536743164
171  0.22031013667583466
833  0.22030888497829437
209  0.22028972208499908
291  0.22028625011444092
206  0.2202824056148529
176  0.2202770709991455
774  0.22026263177394867
228  0.2202615886926651
119  0.22025513648986816
203  0.22024935483932495
470  0.22024038434028625
895  0.22023972868919373
815  0.22023487091064453
35  0.22022825479507446
256  0.22022421658039093
148  0.22020825743675232
404  0.22018231451511383
728  0.22017556428909302
115  0.22016990184783936
161  0.22016604244709015
782  0.22016353905200958
772  0.2201523631811142
265  0.22014310956001282
934  0.2201184332370758
569  0.22011277079582214
250  0.22008484601974487
381  0.2200789898633957
158  0.22005662322044373
121  0.22005057334899902
252  0.22005000710487366
290  0.22003479301929474
202  0.22002756595611572
367  0.21997714042663574
267  0.21996983885765076
977  0.21996767818927765
882  0.21995867788791656
338  0.21993133425712585
324  0.2199210822582245
692  0.2199002355337143
117  0.2198662906885147
222  0.21983209252357483
596  0.2198251634836197
753  0.2198026478290558
845  0.21977193653583527
655  0.21966545283794403
286  0.21945500373840332
201  0.21944794058799744
211  0.2194174975156784
913  0.21938073635101318
255  0.2192395180463791
276  0.21907728910446167
