102  0.16813406348228455
1670  0.16807669401168823
374  0.16807109117507935
1068  0.1679794192314148
47  0.16795872151851654
415  0.16794322431087494
786  0.1678817868232727
1338  0.167829692363739
1693  0.16779464483261108
953  0.16778108477592468
740  0.1677548885345459
307  0.1677146852016449
850  0.1677103191614151
144  0.1677088886499405
1219  0.1676960438489914
1242  0.16769462823867798
88  0.16767720878124237
456  0.16765914857387543
848  0.16764789819717407
964  0.16764400899410248
753  0.16761720180511475
875  0.16760502755641937
813  0.16760028898715973
1168  0.16758781671524048
797  0.1675870567560196
963  0.16757845878601074
146  0.16757838428020477
171  0.16756445169448853
1092  0.1675625890493393
690  0.16755566000938416
470  0.16755282878875732
1145  0.16755108535289764
1686  0.1675480157136917
940  0.16754499077796936
1084  0.16753865778446198
1200  0.16753800213336945
1592  0.16753511130809784
605  0.16753488779067993
1320  0.16751867532730103
594  0.16751424968242645
1573  0.16750960052013397
652  0.16750310361385345
1283  0.1675010770559311
1371  0.16749568283557892
373  0.16749367117881775
131  0.16749268770217896
1240  0.1674903929233551
831  0.16748853027820587
114  0.16748569905757904
1164  0.167484313249588
439  0.16748395562171936
1161  0.16748298704624176
871  0.16747301816940308
51  0.16745835542678833
1256  0.16745340824127197
1349  0.1674332171678543
1041  0.1674269735813141
476  0.16741670668125153
822  0.16741633415222168
861  0.16741178929805756
1260  0.16741038858890533
894  0.16740703582763672
1033  0.16740477085113525
12  0.16740372776985168
578  0.16739949584007263
1011  0.16739903390407562
854  0.16739563643932343
1135  0.16738025844097137
1311  0.16737504303455353
1172  0.16737088561058044
162  0.1673700213432312
32  0.16736575961112976
16  0.1673634797334671
1102  0.16736151278018951
1255  0.16736063361167908
570  0.16736049950122833
449  0.16735969483852386
42  0.16734349727630615
386  0.1673424392938614
956  0.16734112799167633
107  0.16733993589878082
869  0.1673385053873062
791  0.16733789443969727
1052  0.1673355996608734
66  0.16732753813266754
1040  0.1673227846622467
1086  0.16732092201709747
1441  0.1673189252614975
724  0.16730897128582
1305  0.16730810701847076
710  0.16730301082134247
701  0.16729846596717834
1318  0.16729435324668884
1201  0.16729328036308289
683  0.16729164123535156
762  0.16728484630584717
1436  0.16728241741657257
729  0.167280912399292
639  0.1672789454460144
1176  0.16727831959724426
399  0.16727468371391296
738  0.1672731637954712
1150  0.1672680824995041
1514  0.16726632416248322
254  0.16726623475551605
1465  0.16726583242416382
1110  0.1672544777393341
1468  0.16725070774555206
1220  0.16725024580955505
1070  0.16724997758865356
69  0.16724947094917297
1545  0.1672484278678894
9  0.16724810004234314
1166  0.16724704205989838
755  0.1672459840774536
1298  0.16724294424057007
804  0.16724221408367157
1007  0.16724051535129547
849  0.16723570227622986
684  0.1672334372997284
535  0.1672258973121643
580  0.16722412407398224
1245  0.16722096502780914
103  0.1672181785106659
691  0.16721536219120026
980  0.16721034049987793
1021  0.16720964014530182
1285  0.1672085076570511
787  0.1672065407037735
705  0.1672029048204422
465  0.16720271110534668
1484  0.16719767451286316
1611  0.16719578206539154
996  0.1671919971704483
15  0.167190819978714
89  0.16718918085098267
109  0.1671847254037857
769  0.16717879474163055
108  0.1671779304742813
1299  0.16717654466629028
1528  0.16717606782913208
1003  0.16717559099197388
1309  0.1671707034111023
1546  0.1671677529811859
490  0.167164146900177
672  0.16716071963310242
273  0.16716021299362183
1265  0.16715802252292633
799  0.1671576201915741
687  0.16715706884860992
163  0.16715605556964874
1719  0.16715480387210846
1506  0.16715165972709656
847  0.16714955866336823
1415  0.16714723408222198
1155  0.1671462059020996
1253  0.1671442687511444
327  0.16713963449001312
1312  0.16713230311870575
694  0.16713127493858337
513  0.16713006794452667
1274  0.16712957620620728
1151  0.1671285778284073
85  0.1671283096075058
1732  0.16712822020053864
161  0.16712702810764313
1403  0.16712310910224915
172  0.16712278127670288
1045  0.16712234914302826
366  0.1671222746372223
434  0.1671169549226761
1280  0.16711623966693878
139  0.16711263358592987
1357  0.1671106219291687
760  0.16710975766181946
1259  0.16710861027240753
872  0.1671084761619568
839  0.16710524260997772
948  0.16710393130779266
1188  0.1670999377965927
321  0.16709981858730316
385  0.16709911823272705
1261  0.16709502041339874
735  0.1670931875705719
1400  0.1670886129140854
1287  0.1670837551355362
805  0.16707777976989746
833  0.1670738011598587
225  0.16707031428813934
1097  0.16706447303295135
815  0.1670641005039215
878  0.1670641005039215
1006  0.16706234216690063
709  0.16706210374832153
1721  0.1670611947774887
441  0.1670558899641037
820  0.167043536901474
1022  0.1670364886522293
1586  0.16703419387340546
864  0.16703146696090698
841  0.16702993214130402
863  0.1670270562171936
1104  0.16702640056610107
1005  0.16702492535114288
1271  0.1670178323984146
810  0.16701558232307434
610  0.16701363027095795
241  0.16701337695121765
212  0.1670117974281311
1644  0.1670072227716446
1001  0.16700707376003265
18  0.16700537502765656
783  0.16700373589992523
1213  0.16700240969657898
402  0.1670011281967163
1146  0.1670009046792984
59  0.16700056195259094
158  0.16700054705142975
344  0.16699714958667755
564  0.16699442267417908
808  0.16699367761611938
692  0.1669936180114746
1244  0.16699261963367462
920  0.1669923961162567
1120  0.16699187457561493
990  0.16698850691318512
966  0.16698689758777618
1627  0.166985884308815
452  0.16698557138442993
429  0.1669849455356598
666  0.1669846773147583
890  0.16698239743709564
1257  0.16698092222213745
1072  0.16697755455970764
35  0.16697722673416138
923  0.1669764369726181
1121  0.16697531938552856
706  0.1669747531414032
186  0.16697438061237335
1223  0.16697323322296143
1030  0.1669721007347107
608  0.16697196662425995
1765  0.16697002947330475
1537  0.16696344316005707
992  0.16696274280548096
938  0.16696272790431976
1050  0.16696177423000336
1302  0.16696098446846008
128  0.16696040332317352
648  0.16695940494537354
1697  0.16695819795131683
1175  0.16695763170719147
198  0.16695033013820648
167  0.16694629192352295
676  0.16694596409797668
884  0.16694337129592896
1228  0.1669415980577469
768  0.16694079339504242
844  0.16693958640098572
1177  0.16693828999996185
1566  0.16693803668022156
1437  0.1669367402791977
999  0.16693595051765442
1154  0.16693523526191711
1230  0.16693495213985443
888  0.16693389415740967
1148  0.1669338494539261
141  0.1669316440820694
1199  0.16693156957626343
756  0.16692866384983063
176  0.1669260710477829
1206  0.1669238954782486
900  0.16691753268241882
1127  0.16691717505455017
897  0.16691401600837708
891  0.16691294312477112
36  0.1669125258922577
166  0.1669103354215622
595  0.16690897941589355
1351  0.166908860206604
23  0.16690684854984283
814  0.16690674424171448
1225  0.16690663993358612
264  0.16690592467784882
1063  0.16690494120121002
1112  0.1669033020734787
43  0.16690288484096527
889  0.16690288484096527
746  0.1669028252363205
1113  0.16690243780612946
61  0.16690216958522797
1247  0.16689997911453247
1026  0.1668994128704071
381  0.16689878702163696
645  0.16689705848693848
1290  0.1668926626443863
993  0.16689224541187286
1163  0.16689082980155945
1548  0.1668890416622162
370  0.1668880134820938
1509  0.1668868511915207
84  0.16688655316829681
1386  0.16688306629657745
852  0.16688138246536255
1414  0.1668790578842163
1229  0.16687758266925812
825  0.1668727993965149
1518  0.16687209904193878
1461  0.1668715626001358
1774  0.16687121987342834
976  0.16686952114105225
325  0.16686370968818665
758  0.16686072945594788
943  0.16686047613620758
640  0.166860431432724
770  0.16685983538627625
816  0.16685761511325836
134  0.16685473918914795
977  0.1668540984392166
275  0.1668519228696823
73  0.16685062646865845
232  0.1668478101491928
1209  0.16684603691101074
25  0.16684505343437195
1772  0.16684329509735107
1613  0.1668366938829422
1224  0.16683530807495117
886  0.1668349951505661
593  0.16683439910411835
268  0.16683395206928253
412  0.16683347523212433
1241  0.16683295369148254
563  0.1668315976858139
887  0.1668304055929184
1567  0.166830375790596
1324  0.16682928800582886
1296  0.16682884097099304
689  0.16682492196559906
1014  0.16682474315166473
1569  0.1668231040239334
119  0.16682270169258118
1238  0.16682124137878418
1078  0.16682083904743195
1491  0.1668207198381424
903  0.1668201982975006
262  0.1668190062046051
699  0.16681671142578125
1028  0.16681621968746185
1584  0.16681542992591858
201  0.1668153703212738
1492  0.1668144315481186
1210  0.16681437194347382
741  0.16681374609470367
62  0.16681353747844696
263  0.1668127477169037
972  0.16681255400180817
1004  0.16681161522865295
1019  0.1668103188276291
917  0.16680961847305298
479  0.1668092906475067
1032  0.1668071448802948
1759  0.1668068766593933
1345  0.16680604219436646
1331  0.16680465638637543
1323  0.1668037474155426
48  0.1668001413345337
929  0.1667998880147934
1029  0.1667994111776352
1291  0.16679923236370087
533  0.1667952537536621
548  0.16679516434669495
750  0.16679416596889496
1301  0.1667918711900711
1185  0.16679002344608307
1087  0.16678929328918457
1358  0.16678550839424133
514  0.1667853146791458
1182  0.1667841523885727
450  0.16678407788276672
183  0.16678139567375183
1683  0.16677895188331604
1107  0.16677816212177277
1153  0.16677749156951904
1651  0.1667770892381668
673  0.16677497327327728
1427  0.16677485406398773
1570  0.16677269339561462
272  0.1667717695236206
1136  0.16676947474479675
7  0.16676832735538483
907  0.1667679101228714
528  0.1667676419019699
37  0.16676664352416992
827  0.166765958070755
598  0.1667649894952774
957  0.16676495969295502
589  0.16676414012908936
1377  0.166763037443161
467  0.16676214337348938
1056  0.1667615920305252
627  0.1667606234550476
988  0.1667575091123581
329  0.16675743460655212
498  0.1667565256357193
1124  0.16675622761249542
1076  0.16675545275211334
282  0.16675327718257904
1435  0.1667529195547104
568  0.16675244271755219
482  0.16675163805484772
635  0.16674385964870453
1646  0.16674382984638214
464  0.16674233973026276
763  0.16674010455608368
199  0.1667395681142807
1134  0.16673922538757324
937  0.1667376011610031
1212  0.16673752665519714
784  0.1667354851961136
1620  0.16673502326011658
796  0.1667329967021942
543  0.16673053801059723
721  0.16673041880130768
1452  0.1667293757200241
228  0.1667267233133316
998  0.16672611236572266
1625  0.1667247861623764
1108  0.16672316193580627
1395  0.16672269999980927
892  0.16672219336032867
686  0.1667211353778839
1442  0.1667204648256302
293  0.16672028601169586
1002  0.16671964526176453
934  0.16671793162822723
792  0.16671690344810486
397  0.1667160987854004
703  0.16671593487262726
1218  0.16671530902385712
1024  0.166714608669281
688  0.16671203076839447
1147  0.16671191155910492
932  0.16670845448970795
1515  0.16670803725719452
560  0.1667073369026184
1535  0.1667073369026184
60  0.16670498251914978
224  0.166700080037117
156  0.16669975221157074
1602  0.16669802367687225
1276  0.16669607162475586
1477  0.16669416427612305
555  0.16669385135173798
733  0.16669291257858276
1346  0.16669194400310516
1203  0.16669127345085144
1416  0.1666889488697052
1264  0.16668830811977386
680  0.1666869819164276
64  0.16668497025966644
226  0.1666845828294754
112  0.1666795164346695
525  0.16667932271957397
106  0.1666787713766098
17  0.1666785478591919
1293  0.16667847335338593
138  0.16667775809764862
421  0.16667607426643372
1459  0.16667428612709045
1632  0.16667334735393524
1049  0.1666719615459442
1194  0.1666691154241562
1077  0.16666653752326965
1497  0.1666661649942398
1315  0.16666552424430847
56  0.16666492819786072
70  0.16666395962238312
1551  0.1666633039712906
1653  0.16666287183761597
473  0.1666593849658966
110  0.16665838658809662
1496  0.1666565239429474
1619  0.16665636003017426
1208  0.16665416955947876
726  0.16665306687355042
1766  0.16665275394916534
1091  0.16665086150169373
247  0.16664963960647583
1617  0.1666487753391266
495  0.16664832830429077
928  0.1666470319032669
1119  0.16664652526378632
1246  0.1666451394557953
1035  0.1666444092988968
459  0.16664424538612366
883  0.1666441410779953
832  0.16663914918899536
951  0.16663852334022522
376  0.16663847863674164
1601  0.16663812100887299
1385  0.16663800179958344
1023  0.16663792729377747
867  0.16663746535778046
1489  0.16663609445095062
1668  0.16663604974746704
323  0.16663092374801636
978  0.16662782430648804
53  0.16662520170211792
1615  0.1666249781847
1564  0.1666237860918045
526  0.16662263870239258
1088  0.16662248969078064
1294  0.16662229597568512
281  0.16662082076072693
1659  0.16661982238292694
416  0.16661927103996277
655  0.1666184663772583
1471  0.16661642491817474
368  0.16661563515663147
50  0.16661378741264343
994  0.16661261022090912
1355  0.16661040484905243
777  0.16661038994789124
675  0.1666097342967987
350  0.16660968959331512
150  0.16660939157009125
1160  0.16660867631435394
423  0.1666068434715271
924  0.16660656034946442
1330  0.16660527884960175
1590  0.16660523414611816
1232  0.16660520434379578
1111  0.16660425066947937
524  0.16660210490226746
962  0.16660134494304657
911  0.16659978032112122
1075  0.16659803688526154
27  0.16659799218177795
111  0.16659723222255707
1149  0.16659663617610931
117  0.16659650206565857
178  0.1665964126586914
496  0.16659612953662872
21  0.1665954738855362
728  0.16659538447856903
1746  0.16659508645534515
1768  0.16659486293792725
127  0.1665930300951004
1695  0.1665930300951004
1447  0.16659259796142578
1660  0.16659186780452728
331  0.16658984124660492
577  0.16658978164196014
1304  0.1665889471769333
484  0.1665889024734497
1018  0.1665884256362915
298  0.16658619046211243
291  0.1665843278169632
1015  0.16658426821231842
731  0.16658131778240204
1181  0.16658107936382294
1248  0.16658084094524384
1249  0.16658064723014832
1251  0.16657863557338715
667  0.1665778011083603
1126  0.16657589375972748
86  0.16657571494579315
422  0.1665753722190857
1310  0.1665743589401245
372  0.16657400131225586
644  0.16657306253910065
1027  0.16657227277755737
1016  0.16657224297523499
785  0.16657178103923798
942  0.16657142341136932
1773  0.1665702611207962
1101  0.16656988859176636
1612  0.1665697991847992
446  0.166569322347641
677  0.16656820476055145
1552  0.16656719148159027
1079  0.1665656715631485
1542  0.16656509041786194
522  0.16656476259231567
223  0.16656449437141418
57  0.1665644645690918
1289  0.1665625125169754
657  0.16656221449375153
184  0.16656149923801422
766  0.16656091809272766
1321  0.16655947268009186
868  0.16655707359313965
862  0.16655701398849487
1650  0.16655443608760834
1044  0.166550874710083
80  0.16654999554157257
1606  0.1665489375591278
1712  0.1665482372045517
597  0.16654638946056366
437  0.1665457934141159
1000  0.1665457934141159
20  0.16654543578624725
29  0.16654543578624725
1211  0.1665453165769577
475  0.16654470562934875
1048  0.16654367744922638
1334  0.16654354333877563
1288  0.16654348373413086
83  0.16654139757156372
1770  0.16653907299041748
1095  0.16653642058372498
737  0.1665351539850235
419  0.16653390228748322
1594  0.16653302311897278
1608  0.1665329933166504
392  0.1665322333574295
230  0.1665317714214325
1020  0.16653163731098175
426  0.1665315330028534
49  0.166530042886734
720  0.16652901470661163
140  0.16652676463127136
1017  0.16652536392211914
1297  0.16652534902095795
1397  0.16652439534664154
1217  0.16652365028858185
630  0.1665233075618744
759  0.1665232628583908
1618  0.16652262210845947
246  0.1665218323469162
1140  0.1665182262659073
1284  0.16651545464992523
444  0.16651500761508942
1671  0.16651000082492828
1204  0.1665097028017044
31  0.1665087640285492
267  0.16650794446468353
1640  0.16650764644145966
1292  0.1665063351392746
98  0.16650593280792236
1658  0.1665051430463791
115  0.1665049046278
1060  0.16650477051734924
1129  0.1665043979883194
829  0.16650238633155823
94  0.16649937629699707
1196  0.1664983630180359
1469  0.1664983332157135
1665  0.16649822890758514
132  0.16649694740772247
711  0.16649596393108368
28  0.1664954572916031
1751  0.1664949655532837
1634  0.16649362444877625
982  0.16649232804775238
823  0.16649208962917328
1180  0.1664893925189972
576  0.16648904979228973
1455  0.1664884239435196
918  0.16648726165294647
1117  0.1664855182170868
1012  0.1664843112230301
1755  0.1664842963218689
1179  0.16648365557193756
865  0.16648316383361816
1655  0.16648301482200623
599  0.1664808839559555
803  0.1664789915084839
574  0.16647423803806305
1089  0.1664726287126541
97  0.16647222638130188
840  0.16647151112556458
1667  0.1664709597826004
707  0.16646990180015564
1494  0.16646936535835266
26  0.16646873950958252
781  0.1664675772190094
830  0.166467547416687
656  0.16646696627140045
1605  0.16646601259708405
1547  0.16646571457386017
1591  0.1664629429578781
1094  0.16646234691143036
1503  0.16646134853363037
1707  0.16646108031272888
702  0.16645996272563934
745  0.16645954549312592
1008  0.1664574295282364
538  0.16645553708076477
749  0.16645310819149017
1133  0.16645263135433197
1158  0.16645093262195587
1152  0.1664496809244156
1317  0.1664496213197708
468  0.16644945740699768
668  0.16644848883152008
926  0.16644693911075592
895  0.1664460450410843
231  0.16644561290740967
1557  0.1664453148841858
77  0.16644452512264252
1202  0.16644445061683655
1428  0.16644416749477386
75  0.16644412279129028
712  0.16644296050071716
143  0.16644221544265747
447  0.16644184291362762
353  0.1664416491985321
408  0.16644130647182465
1467  0.16644077003002167
1521  0.16644060611724854
1628  0.1664404571056366
1382  0.16644038259983063
1042  0.16643929481506348
567  0.16643847525119781
466  0.1664382666349411
1438  0.1664368063211441
559  0.16643433272838593
508  0.16643403470516205
614  0.1664338856935501
1688  0.16643033921718597
1114  0.1664300411939621
921  0.16642986238002777
99  0.16642944514751434
1691  0.16642817854881287
443  0.16642612218856812
1647  0.16642606258392334
585  0.16642428934574127
40  0.16642411053180695
340  0.16642363369464874
1308  0.16642312705516815
1446  0.1664225310087204
320  0.1664223074913025
410  0.1664208322763443
460  0.16642069816589355
136  0.16641755402088165
902  0.16641734540462494
299  0.16641683876514435
715  0.16641628742218018
227  0.16641587018966675
1405  0.16641512513160706
853  0.16641445457935333
1036  0.16641433537006378
24  0.16641415655612946
5  0.1664130687713623
989  0.1664118617773056
1478  0.16641145944595337
1775  0.16641074419021606
586  0.16641004383563995
147  0.16640953719615936
175  0.16640706360340118
1520  0.16640684008598328
3  0.16640642285346985
950  0.16640470921993256
778  0.1664038747549057
1367  0.1664036363363266
217  0.16640333831310272
395  0.16640228033065796
616  0.16640178859233856
794  0.16640131175518036
961  0.16639992594718933
384  0.16639934480190277
969  0.16639888286590576
142  0.16639865934848785
761  0.1663961261510849
455  0.16639560461044312
445  0.16639435291290283
1642  0.16639390587806702
314  0.16639387607574463
1533  0.1663927584886551
478  0.1663912832736969
1343  0.16639107465744019
1458  0.16638976335525513
240  0.16638894379138947
1527  0.16638866066932678
38  0.16638638079166412
197  0.16638535261154175
1192  0.1663845032453537
354  0.16638413071632385
916  0.16638301312923431
550  0.16638292372226715
169  0.16638286411762238
78  0.1663827747106552
587  0.16638237237930298
1563  0.16638131439685822
842  0.16638001799583435
545  0.16637982428073883
145  0.16637754440307617
573  0.16637618839740753
1630  0.1663709431886673
1583  0.16636961698532104
1599  0.1663672924041748
274  0.166366845369339
1745  0.16636601090431213
1344  0.16636550426483154
477  0.16636481881141663
1307  0.16636422276496887
551  0.16636377573013306
695  0.16636335849761963
1376  0.1663626730442047
552  0.16635988652706146
393  0.1663581281900406
1769  0.16635717451572418
1476  0.1663563996553421
719  0.16635571420192719
1096  0.1663539558649063
347  0.1663532704114914
424  0.16635003685951233
846  0.16634999215602875
765  0.16634927690029144
572  0.16634877026081085
704  0.16634848713874817
1398  0.16634848713874817
1034  0.166347935795784
1424  0.166347935795784
1679  0.16634713113307953
954  0.1663457751274109
1378  0.16634389758110046
100  0.1663433462381363
858  0.16634301841259003
1073  0.16634240746498108
882  0.1663416028022766
901  0.16634055972099304
1141  0.16634036600589752
1139  0.16634032130241394
185  0.16633965075016022
965  0.16633908450603485
651  0.16633811593055725
714  0.16633792221546173
1522  0.16633637249469757
1258  0.16633065044879913
1142  0.16632862389087677
506  0.16632810235023499
632  0.16632765531539917
338  0.16632719337940216
1198  0.1663266122341156
835  0.16632606089115143
1393  0.16632524132728577
819  0.16632507741451263
218  0.16632363200187683
984  0.1663234829902649
542  0.1663234531879425
1235  0.1663225144147873
678  0.16632235050201416
1067  0.16632097959518433
1059  0.16632087528705597
1313  0.1663193553686142
333  0.16631902754306793
1325  0.16631653904914856
1498  0.16631601750850677
1541  0.16631509363651276
1098  0.16631056368350983
775  0.16630956530570984
638  0.1663094162940979
700  0.16630925238132477
182  0.1663091778755188
451  0.1663091778755188
453  0.1663084477186203
219  0.1663072407245636
1604  0.16630689799785614
618  0.16630543768405914
1747  0.16630446910858154
1524  0.16630423069000244
1270  0.1663040816783905
1389  0.16630323231220245
845  0.1663013994693756
118  0.16630111634731293
251  0.1663002371788025
105  0.16629920899868011
708  0.16629493236541748
427  0.16629371047019958
1279  0.16629257798194885
209  0.16629107296466827
1295  0.16628965735435486
975  0.16628964245319366
193  0.16628842055797577
95  0.1662873476743698
462  0.166286900639534
1336  0.16628631949424744
1462  0.1662856787443161
126  0.16628408432006836
1387  0.1662829965353012
6  0.1662820279598236
1639  0.16628190875053406
1054  0.16628150641918182
1536  0.1662801206111908
685  0.16627800464630127
1359  0.16627676784992218
851  0.1662750393152237
1327  0.16627494990825653
10  0.16627442836761475
1487  0.16627438366413116
795  0.16627374291419983
1558  0.16627159714698792
579  0.166268453001976
234  0.16626819968223572
899  0.16626612842082977
914  0.16626277565956116
636  0.1662627011537552
1099  0.1662626564502716
148  0.16626182198524475
751  0.16626064479351044
1593  0.16626037657260895
1614  0.16626019775867462
190  0.16625969111919403
1408  0.16625939309597015
1633  0.16625873744487762
121  0.16625826060771942
433  0.16625824570655823
670  0.16625797748565674
1081  0.16625770926475525
1717  0.16625675559043884
931  0.16625623404979706
1109  0.1662560999393463
1464  0.16625328361988068
602  0.1662522554397583
81  0.1662517786026001
1440  0.16625173389911652
955  0.1662512719631195
1595  0.16624991595745087
211  0.1662483960390091
789  0.16624809801578522
1404  0.16624785959720612
1410  0.16624706983566284
643  0.16624486446380615
653  0.1662435233592987
129  0.16624285280704498
748  0.166242316365242
1565  0.16624170541763306
87  0.16624166071414948
874  0.1662413626909256
165  0.1662391871213913
732  0.16623860597610474
1669  0.1662360280752182
1516  0.1662355214357376
1531  0.1662345677614212
1272  0.16623198986053467
1488  0.16623172163963318
1191  0.16623160243034363
807  0.16623154282569885
898  0.16623105108737946
1093  0.16623008251190186
860  0.16622884571552277
1544  0.16622820496559143
1037  0.16622750461101532
1105  0.16622577607631683
229  0.166224405169487
520  0.16622425615787506
120  0.16622363030910492
909  0.16622325778007507
55  0.16622306406497955
1451  0.16622112691402435
557  0.16622106730937958
1009  0.16622018814086914
1738  0.1662198305130005
1681  0.1662190705537796
1641  0.1662183254957199
52  0.1662181317806244
65  0.16621799767017365
151  0.16621792316436768
255  0.16621780395507812
221  0.16621698439121246
530  0.16621677577495575
1763  0.1662152111530304
910  0.1662137657403946
1540  0.16621296107769012
266  0.16621246933937073
440  0.16621193289756775
600  0.16621115803718567
101  0.16621088981628418
1549  0.16621068120002747
1722  0.16621053218841553
540  0.16621002554893494
4  0.1662096381187439
389  0.16620944440364838
933  0.16620883345603943
474  0.16620852053165436
1361  0.16620807349681854
985  0.16620473563671112
866  0.1662035435438156
499  0.1662021279335022
541  0.16619880497455597
1603  0.1661985069513321
1649  0.16619837284088135
906  0.16619795560836792
277  0.16619713604450226
238  0.16619694232940674
19  0.16619402170181274
1578  0.16619019210338593
716  0.1661897450685501
661  0.16618865728378296
46  0.16618792712688446
1694  0.16618739068508148
438  0.1661866009235382
206  0.16618534922599792
1337  0.16618524491786957
318  0.16618435084819794
1744  0.16618402302265167
364  0.16618376970291138
82  0.16618363559246063
418  0.16618329286575317
1103  0.16618220508098602
1412  0.1661813110113144
1635  0.16618017852306366
1421  0.16617920994758606
11  0.16617754101753235
1553  0.16617682576179504
356  0.16617612540721893
1648  0.16617612540721893
432  0.1661754995584488
946  0.16617515683174133
723  0.16617503762245178
974  0.16617481410503387
649  0.16617433726787567
837  0.1661742925643921
1539  0.16617421805858612
469  0.1661733090877533
400  0.16617301106452942
1510  0.16617196798324585
1214  0.16617189347743988
122  0.16617149114608765
1128  0.16617123782634735
767  0.16617049276828766
1677  0.1661701202392578
1678  0.16616962850093842
1038  0.16616806387901306
1319  0.1661667823791504
243  0.16616564989089966
780  0.16616544127464294
1480  0.16616526246070862
1460  0.16616493463516235
1490  0.16616466641426086
361  0.16616447269916534
592  0.16616372764110565
472  0.16616371273994446
1486  0.16616344451904297
1080  0.16616225242614746
1137  0.1661619395017624
730  0.16615989804267883
1190  0.1661551147699356
54  0.16615477204322815
601  0.16615405678749084
1574  0.16615401208400726
1575  0.16615299880504608
987  0.16615208983421326
1656  0.16615089774131775
316  0.16615056991577148
1195  0.16615042090415955
537  0.16614769399166107
660  0.16614721715450287
793  0.16614612936973572
1643  0.1661444455385208
1390  0.16614343225955963
489  0.16614313423633575
620  0.16614115238189697
549  0.1661398559808731
431  0.16613781452178955
516  0.16613754630088806
654  0.1661374270915985
739  0.16613635420799255
164  0.16613619029521942
1366  0.16613589227199554
1170  0.16613581776618958
34  0.1661350131034851
1100  0.1661330610513687
663  0.16613219678401947
1278  0.16613100469112396
195  0.16612999141216278
856  0.1661268025636673
1118  0.16612637042999268
1123  0.16612617671489716
261  0.16612593829631805
1131  0.16612549126148224
494  0.16612482070922852
1577  0.16612467169761658
1352  0.1661236435174942
1432  0.16612300276756287
590  0.16612212359905243
362  0.1661214977502823
487  0.1661212146282196
1326  0.16612066328525543
244  0.16611726582050323
179  0.166116401553154
925  0.16611632704734802
157  0.16611504554748535
155  0.16611452400684357
995  0.1661137044429779
582  0.16611248254776
772  0.16610996425151825
991  0.1661090850830078
979  0.16610881686210632
250  0.16610726714134216
425  0.1661047637462616
387  0.1661040037870407
682  0.1661028116941452
501  0.16610242426395416
1733  0.1661008596420288
1250  0.16610054671764374
1267  0.16610006988048553
798  0.16609857976436615
1511  0.16609759628772736
1555  0.16609705984592438
1483  0.16609637439250946
194  0.1660957634449005
1252  0.16609549522399902
539  0.16609516739845276
379  0.16609390079975128
407  0.1660938262939453
912  0.16609318554401398
249  0.16609273850917816
310  0.16609236598014832
981  0.16609229147434235
629  0.16609109938144684
1189  0.16608978807926178
1233  0.16608816385269165
1637  0.16608786582946777
1364  0.16608771681785583
454  0.16608750820159912
1173  0.16608749330043793
312  0.16608738899230957
1222  0.16608582437038422
1254  0.1660851091146469
960  0.166084885597229
1384  0.166084885597229
304  0.16608195006847382
378  0.16608025133609772
1571  0.1660795509815216
1638  0.16607920825481415
1430  0.1660768985748291
1227  0.1660756766796112
1055  0.16607551276683807
1597  0.1660752296447754
1  0.16607365012168884
1513  0.16607291996479034
173  0.16607283055782318
1039  0.16607283055782318
757  0.16607260704040527
1429  0.16607213020324707
1550  0.166071817278862
566  0.1660718023777008
736  0.16607153415679932
1090  0.16607077419757843
562  0.16607007384300232
44  0.16607001423835754
1709  0.1660693883895874
1538  0.16606789827346802
1698  0.16606710851192474
1411  0.16606707870960236
859  0.166065976023674
801  0.16606582701206207
1425  0.16606518626213074
493  0.16606470942497253
722  0.1660633385181427
619  0.16605886816978455
624  0.1660587191581726
922  0.1660582572221756
553  0.16605709493160248
742  0.16605325043201447
945  0.16605311632156372
1662  0.16605247557163239
461  0.16605201363563538
1286  0.16605143249034882
1328  0.16605064272880554
855  0.16604885458946228
351  0.16604828834533691
1652  0.16604791581630707
779  0.1660451889038086
939  0.16604481637477875
369  0.16604463756084442
1269  0.16604454815387726
717  0.16604432463645935
1383  0.16604319214820862
458  0.16604195535182953
881  0.16604071855545044
285  0.16603973507881165
802  0.1660369634628296
1702  0.166036918759346
818  0.16603639721870422
180  0.16603609919548035
1482  0.16603490710258484
1046  0.16603481769561768
1495  0.16603362560272217
1529  0.16603270173072815
1725  0.16603046655654907
301  0.16603025794029236
1216  0.1660294383764267
1690  0.16602854430675507
1275  0.16602835059165955
1333  0.16602718830108643
843  0.1660255640745163
463  0.16602395474910736
1674  0.1660228669643402
1171  0.16602078080177307
1184  0.1660182774066925
771  0.16601799428462982
216  0.16601510345935822
305  0.16601480543613434
502  0.16601166129112244
1743  0.16601110994815826
1418  0.16601045429706573
718  0.16600964963436127
1062  0.1660054475069046
133  0.1660054326057434
295  0.16600526869297028
1281  0.1660039871931076
41  0.16600342094898224
481  0.1660027801990509
1083  0.1660008728504181
809  0.1660003513097763
824  0.16599901020526886
1263  0.16599781811237335
335  0.16599765419960022
575  0.1659972369670868
1666  0.16599714756011963
279  0.16599687933921814
1474  0.16599655151367188
248  0.16599491238594055
401  0.1659947782754898
505  0.16599144041538239
1752  0.1659914255142212
260  0.16599015891551971
420  0.16598732769489288
1406  0.165987029671669
1169  0.1659863144159317
1347  0.1659824103116989
591  0.16598160564899445
698  0.1659812033176422
334  0.1659797877073288
152  0.16597573459148407
727  0.16597475111484528
1624  0.16597437858581543
215  0.16597206890583038
1434  0.1659708172082901
1391  0.16597048938274384
1043  0.1659700572490692
352  0.1659691035747528
153  0.16596907377243042
125  0.16596408188343048
1457  0.1659640371799469
1737  0.1659630984067917
1106  0.1659608781337738
1239  0.16596084833145142
253  0.16595952212810516
531  0.1659591645002365
949  0.16595891118049622
93  0.16595733165740967
857  0.16595545411109924
1720  0.16595487296581268
1342  0.1659548133611679
671  0.16595473885536194
1332  0.16595244407653809
596  0.16595199704170227
561  0.16595102846622467
1268  0.16594940423965454
294  0.1659492701292038
1580  0.16594907641410828
1711  0.16594789922237396
349  0.16594764590263367
642  0.16594670712947845
377  0.16594663262367249
79  0.16594606637954712
204  0.16594383120536804
315  0.1659436821937561
626  0.16594362258911133
283  0.16594290733337402
1061  0.1659410148859024
774  0.16594085097312927
790  0.16594074666500092
116  0.16593891382217407
486  0.16593824326992035
45  0.16593633592128754
1193  0.16593603789806366
623  0.16593556106090546
1375  0.16593553125858307
1369  0.16593454778194427
436  0.16593366861343384
1380  0.16593338549137115
1392  0.16593250632286072
337  0.1659310758113861
276  0.16593091189861298
2  0.16592612862586975
944  0.16592241823673248
1716  0.16592079401016235
271  0.16591794788837433
104  0.16591760516166687
970  0.1659170389175415
1025  0.16591604053974152
1197  0.16591493785381317
617  0.1659136861562729
986  0.16591326892375946
414  0.16591289639472961
800  0.16590987145900726
1664  0.16590653359889984
588  0.16590616106987
1616  0.16590498387813568
1534  0.1659044623374939
205  0.1659039556980133
1306  0.16590330004692078
492  0.16590307652950287
873  0.1659020632505417
1760  0.1659010648727417
123  0.16589990258216858
1730  0.1658998429775238
1672  0.16589650511741638
259  0.16589617729187012
233  0.16589459776878357
90  0.16589310765266418
879  0.1658923178911209
1373  0.1658913642168045
409  0.16589130461215973
288  0.16589099168777466
363  0.1658872365951538
1500  0.16588696837425232
1322  0.16588644683361053
773  0.16588570177555084
826  0.165883868932724
1348  0.1658836156129837
252  0.1658824235200882
1183  0.1658816635608673
1588  0.16587881743907928
1504  0.1658749282360077
1144  0.16587452590465546
1340  0.165874183177948
497  0.16587109863758087
1074  0.16586923599243164
788  0.16586901247501373
457  0.16586726903915405
1237  0.16586725413799286
290  0.1658667027950287
1479  0.16586582362651825
1013  0.1658654361963272
1115  0.1658639758825302
1585  0.16586056351661682
1453  0.1658587008714676
1556  0.16585758328437805
1526  0.16585642099380493
303  0.16585606336593628
1729  0.16585591435432434
696  0.16585583984851837
641  0.16585402190685272
1178  0.16585345566272736
296  0.16585329174995422
1354  0.16585329174995422
606  0.1658477634191513
1444  0.16584758460521698
510  0.1658475548028946
896  0.16584748029708862
828  0.1658470630645752
404  0.16584579646587372
208  0.16583894193172455
1532  0.16583850979804993
405  0.165836900472641
1715  0.16583532094955444
242  0.16583523154258728
662  0.16583186388015747
1085  0.16583165526390076
1156  0.16583023965358734
1402  0.16582967340946198
130  0.16582940518856049
359  0.1658293753862381
1470  0.16582907736301422
214  0.16582797467708588
1236  0.16582795977592468
1409  0.16582699120044708
237  0.16582688689231873
947  0.1658245176076889
8  0.1658240258693695
1689  0.16582363843917847
908  0.16582058370113373
1472  0.16582055389881134
388  0.1658199578523636
1303  0.16581787168979645
1661  0.16581615805625916
1684  0.1658131629228592
170  0.16581127047538757
744  0.16581019759178162
664  0.16581007838249207
1314  0.16580930352210999
919  0.1658092737197876
300  0.16580775380134583
13  0.16580729186534882
1600  0.1658070981502533
371  0.16580629348754883
181  0.1658049374818802
1696  0.16580481827259064
483  0.16580428183078766
92  0.16580422222614288
1419  0.1658041775226593
1388  0.16580383479595184
1748  0.16580134630203247
973  0.16580115258693695
1723  0.1658010631799698
1728  0.1657966673374176
365  0.16579630970954895
650  0.1657957285642624
1609  0.1657944768667221
1066  0.16579361259937286
870  0.1657935380935669
1368  0.16579248011112213
1456  0.16579139232635498
1499  0.16579119861125946
1685  0.1657906025648117
1130  0.1657891869544983
1335  0.165785551071167
1517  0.16578416526317596
302  0.16578054428100586
1501  0.1657794713973999
1159  0.16577641665935516
1353  0.16577599942684174
403  0.16577598452568054
406  0.16577546298503876
930  0.16577480733394623
471  0.16577477753162384
518  0.16577450931072235
71  0.16576948761940002
905  0.16576886177062988
91  0.16576863825321198
743  0.1657630205154419
1587  0.16576187312602997
536  0.165760338306427
1682  0.16575992107391357
1473  0.16575932502746582
391  0.16575659811496735
674  0.1657542884349823
959  0.16575400531291962
1700  0.16575275361537933
1559  0.16575250029563904
1205  0.1657496839761734
1162  0.16574952006340027
1065  0.16574764251708984
257  0.16574695706367493
967  0.16574625670909882
1125  0.16574496030807495
1636  0.16574230790138245
336  0.16574159264564514
485  0.1657404899597168
306  0.16573725640773773
1262  0.1657360941171646
1713  0.16573584079742432
191  0.1657344102859497
168  0.16573408246040344
1266  0.16573292016983032
76  0.16573110222816467
1010  0.16572894155979156
913  0.16572825610637665
360  0.16572816669940948
1071  0.16572529077529907
1741  0.16572386026382446
1273  0.16572163999080658
1687  0.16572116315364838
74  0.16571848094463348
935  0.16571645438671112
380  0.16571371257305145
154  0.16571323573589325
1607  0.16571299731731415
192  0.16571271419525146
915  0.165711909532547
546  0.16571089625358582
509  0.16571062803268433
544  0.16571028530597687
149  0.16570857167243958
256  0.16570444405078888
1277  0.16570422053337097
569  0.1657014936208725
442  0.16568700969219208
113  0.16568613052368164
1764  0.1656845360994339
1207  0.16568447649478912
1215  0.16568362712860107
1413  0.16568349301815033
265  0.16568273305892944
725  0.16568049788475037
1122  0.16568036377429962
1069  0.16568009555339813
1243  0.1656787097454071
1047  0.16567780077457428
521  0.16567416489124298
1186  0.16567403078079224
782  0.16567310690879822
631  0.16567258536815643
22  0.1656709462404251
1057  0.16566894948482513
396  0.16566883027553558
1505  0.16566817462444305
1739  0.1656676083803177
1742  0.16566678881645203
375  0.16566519439220428
1226  0.16566500067710876
137  0.16566461324691772
1645  0.16566242277622223
1466  0.1656598448753357
317  0.16565793752670288
1701  0.16565680503845215
491  0.16565656661987305
637  0.16565653681755066
72  0.16565585136413574
269  0.16565576195716858
1749  0.16565565764904022
1396  0.16565388441085815
1508  0.16565373539924622
1589  0.1656492054462433
1598  0.16564804315567017
556  0.165647491812706
1714  0.16564728319644928
1512  0.16564704477787018
319  0.16564688086509705
1082  0.16564635932445526
1562  0.16564582288265228
1221  0.16564364731311798
1680  0.16564327478408813
532  0.1656419336795807
1525  0.16564181447029114
1543  0.1656406670808792
941  0.1656402051448822
220  0.16563986241817474
326  0.16563986241817474
504  0.16563963890075684
58  0.1656378209590912
503  0.16563670337200165
511  0.16563427448272705
628  0.1656329333782196
838  0.16563063859939575
1734  0.1656295508146286
713  0.16562731564044952
1718  0.16562655568122864
358  0.16562651097774506
997  0.16562649607658386
968  0.16562458872795105
292  0.16562224924564362
936  0.1656206250190735
1740  0.16561894118785858
603  0.1656172275543213
693  0.16561630368232727
609  0.16561433672904968
877  0.1656142920255661
413  0.16561341285705566
332  0.1656084656715393
527  0.1656084656715393
571  0.1656068116426468
1761  0.1656055897474289
245  0.1656043380498886
983  0.16560432314872742
1731  0.165602907538414
515  0.16559912264347076
382  0.16559894382953644
1703  0.1655968725681305
289  0.1655941754579544
1370  0.16559308767318726
124  0.16559191048145294
1157  0.16559138894081116
33  0.1655886173248291
646  0.16558846831321716
1710  0.16558563709259033
322  0.16558386385440826
428  0.1655827760696411
398  0.16558149456977844
1622  0.16558055579662323
1300  0.16558028757572174
611  0.1655731350183487
1423  0.16557222604751587
309  0.16557075083255768
1758  0.16556797921657562
1554  0.16556689143180847
1771  0.16556604206562042
893  0.16556447744369507
1316  0.16556407511234283
1234  0.1655634492635727
1581  0.16556234657764435
1443  0.16556194424629211
1450  0.16556139290332794
1507  0.16555915772914886
346  0.1655586212873459
904  0.16555733978748322
311  0.1655571013689041
270  0.16555625200271606
806  0.16555602848529816
1360  0.16555596888065338
417  0.1655542552471161
67  0.16555394232273102
1431  0.16555295884609222
1621  0.16555193066596985
584  0.1655518263578415
480  0.16555052995681763
1708  0.16554993391036987
554  0.16554683446884155
1576  0.16554565727710724
1502  0.16553868353366852
1426  0.16553287208080292
1445  0.1655271053314209
507  0.16552485525608063
1329  0.1655207723379135
1726  0.1655203253030777
1631  0.1655142605304718
394  0.1655130237340927
1463  0.16551193594932556
1399  0.16550767421722412
1579  0.16550585627555847
1704  0.16550563275814056
880  0.16550526022911072
927  0.16550391912460327
313  0.16550295054912567
1756  0.16550090909004211
1187  0.1655000001192093
679  0.16549964249134064
659  0.16549885272979736
1053  0.16549783945083618
1561  0.16549766063690186
500  0.16549575328826904
1610  0.1654956340789795
1572  0.16549019515514374
1433  0.16548728942871094
63  0.1654842644929886
297  0.16548098623752594
287  0.16548097133636475
488  0.16548067331314087
1449  0.16547995805740356
330  0.16547803580760956
1116  0.16547800600528717
411  0.16547569632530212
383  0.1654740273952484
1362  0.16547146439552307
1167  0.16547062993049622
681  0.16547048091888428
1485  0.16546660661697388
1623  0.16546383500099182
1417  0.16546286642551422
236  0.1654604971408844
1673  0.16546033322811127
68  0.16545918583869934
697  0.1654571294784546
1454  0.1654493510723114
357  0.16544725000858307
1132  0.16544614732265472
1439  0.16544608771800995
187  0.16544419527053833
1523  0.1654426008462906
952  0.1654404103755951
390  0.1654396951198578
341  0.16543720662593842
1735  0.16543494164943695
1699  0.16543155908584595
430  0.16542567312717438
633  0.16542457044124603
821  0.16542312502861023
200  0.16541920602321625
1626  0.16541914641857147
278  0.1654110848903656
1762  0.1654098480939865
1422  0.16540677845478058
658  0.16540612280368805
581  0.16540437936782837
202  0.16539746522903442
747  0.16539694368839264
1138  0.16539186239242554
1767  0.16538508236408234
647  0.16538353264331818
1165  0.1653808057308197
1750  0.16538067162036896
1757  0.1653774082660675
177  0.1653773933649063
286  0.16537298262119293
836  0.1653721183538437
534  0.16537044942378998
764  0.16536837816238403
1031  0.16536442935466766
1481  0.1653638333082199
1654  0.16536274552345276
1753  0.165354385972023
1374  0.16535398364067078
1568  0.16534987092018127
1420  0.16534622013568878
135  0.16534613072872162
958  0.1653449982404709
811  0.1653445065021515
1657  0.1653384119272232
239  0.16533279418945312
1339  0.16533157229423523
754  0.16532747447490692
1174  0.1653246432542801
776  0.16532263159751892
159  0.16531716287136078
203  0.16531644761562347
1394  0.1653139889240265
1341  0.16530868411064148
634  0.16530783474445343
523  0.16530565917491913
345  0.16530244052410126
565  0.1653013825416565
1407  0.1652994006872177
1051  0.1652982085943222
174  0.16529801487922668
284  0.16529685258865356
342  0.16528810560703278
1675  0.16528750956058502
622  0.16528677940368652
604  0.1652863323688507
1663  0.16527092456817627
1727  0.165269672870636
435  0.1652674674987793
665  0.1652671992778778
210  0.1652643382549286
1282  0.16525918245315552
625  0.16525894403457642
14  0.16524839401245117
1231  0.16524815559387207
613  0.16524359583854675
512  0.16523770987987518
1724  0.1652374267578125
615  0.16522803902626038
1401  0.16521604359149933
328  0.16521577537059784
517  0.16521546244621277
583  0.16520950198173523
213  0.1652047485113144
1363  0.16520452499389648
189  0.16520099341869354
207  0.16519449651241302
1379  0.1651907116174698
1143  0.16518886387348175
1475  0.16518786549568176
96  0.16518329083919525
1448  0.16518160700798035
1692  0.16517604887485504
196  0.16517274081707
558  0.16517089307308197
1365  0.1651703268289566
669  0.1651611626148224
607  0.1651558130979538
876  0.16515086591243744
30  0.1651504933834076
1350  0.1651485562324524
1706  0.1651393622159958
1676  0.1651376485824585
1064  0.16512084007263184
348  0.1651187539100647
971  0.16511856019496918
339  0.16510944068431854
1754  0.1651049703359604
355  0.1650661677122116
734  0.16506583988666534
885  0.16506241261959076
1582  0.16505320370197296
235  0.16503190994262695
343  0.16502726078033447
258  0.1650259643793106
612  0.1650231033563614
529  0.16502070426940918
621  0.16501788794994354
160  0.16501736640930176
367  0.16501495242118835
448  0.165012925863266
39  0.1650042086839676
519  0.16499067842960358
188  0.1649702489376068
752  0.16496989130973816
547  0.16495846211910248
1519  0.1649383157491684
1493  0.16493020951747894
1058  0.16492892801761627
222  0.16491998732089996
308  0.16489258408546448
324  0.16488616168498993
812  0.16484902799129486
1381  0.16483671963214874
1372  0.16483111679553986
817  0.164751335978508
1356  0.1647183895111084
280  0.1646619439125061
1530  0.16463617980480194
1705  0.16459067165851593
1736  0.164556086063385
1596  0.16454271972179413
1560  0.1645103096961975
1629  0.16450494527816772
834  0.16430872678756714
