152  0.2506754696369171
657  0.25039082765579224
838  0.2502584755420685
350  0.25022822618484497
188  0.25015366077423096
584  0.25013312697410583
912  0.25011584162712097
855  0.25010326504707336
534  0.2500894069671631
677  0.2500495910644531
799  0.2500394284725189
194  0.25002455711364746
797  0.24999511241912842
988  0.24996471405029297
638  0.24995185434818268
482  0.24994637072086334
1011  0.24994508922100067
781  0.24992717802524567
1067  0.24991962313652039
263  0.24990645051002502
681  0.24989651143550873
150  0.2498873919248581
787  0.24986125528812408
976  0.2498578578233719
654  0.24985557794570923
671  0.2498268485069275
470  0.24982231855392456
614  0.24981090426445007
803  0.24980458617210388
992  0.24980179965496063
579  0.249797984957695
106  0.24977153539657593
235  0.24976353347301483
592  0.2497589886188507
718  0.24975107610225677
866  0.24972611665725708
610  0.24969638884067535
341  0.24969305098056793
613  0.24968889355659485
852  0.24967914819717407
126  0.24967887997627258
989  0.24967461824417114
685  0.2496693879365921
376  0.24964122474193573
770  0.2496294230222702
291  0.24962255358695984
720  0.24960757791996002
380  0.2496052086353302
378  0.24958886206150055
701  0.24957597255706787
616  0.24957506358623505
639  0.2495747059583664
945  0.249562606215477
538  0.2495620846748352
715  0.24956205487251282
753  0.24954669177532196
144  0.24954426288604736
398  0.24954292178153992
631  0.24951988458633423
673  0.24951937794685364
738  0.24951890110969543
326  0.24951593577861786
659  0.24950037896633148
1006  0.2494949847459793
875  0.2494947463274002
939  0.24949166178703308
678  0.24947693943977356
642  0.24946868419647217
510  0.24946162104606628
504  0.24945710599422455
743  0.24945324659347534
772  0.2494523674249649
817  0.24942892789840698
453  0.24942293763160706
299  0.2494180053472519
719  0.24940940737724304
164  0.24940554797649384
606  0.2493884116411209
420  0.2493879348039627
862  0.24938254058361053
375  0.24937625229358673
748  0.24937230348587036
946  0.2493474930524826
139  0.24934564530849457
217  0.24933147430419922
707  0.2493220865726471
394  0.24932026863098145
431  0.24931375682353973
798  0.24931150674819946
324  0.24931097030639648
672  0.24931073188781738
458  0.24930338561534882
802  0.2493024617433548
761  0.2493012398481369
321  0.24929466843605042
461  0.2492828667163849
920  0.2492804378271103
137  0.2492724508047104
311  0.24926097691059113
702  0.24925896525382996
298  0.24925756454467773
16  0.24925419688224792
244  0.2492533028125763
785  0.2492518573999405
775  0.24925123155117035
847  0.24924936890602112
886  0.24924738705158234
363  0.24924536049365997
85  0.24924436211585999
531  0.24924352765083313
359  0.2492375522851944
314  0.24923168122768402
954  0.2492309957742691
450  0.24922077357769012
872  0.24921497702598572
30  0.24921242892742157
796  0.2492108941078186
757  0.24920514225959778
213  0.24920274317264557
811  0.24920253455638885
212  0.2492014765739441
186  0.24920043349266052
513  0.24919869005680084
163  0.24919632077217102
581  0.24919521808624268
25  0.24919329583644867
109  0.24918678402900696
355  0.24918609857559204
674  0.2491849809885025
604  0.249184712767601
708  0.2491845339536667
653  0.24918435513973236
896  0.24918335676193237
664  0.24918192625045776
190  0.24917544424533844
774  0.24917304515838623
60  0.24916128814220428
537  0.2491544932126999
766  0.24914805591106415
724  0.24914462864398956
688  0.24914175271987915
651  0.24913568794727325
121  0.24913547933101654
196  0.24912607669830322
837  0.24912337958812714
835  0.24912142753601074
729  0.2491196244955063
694  0.24911563098430634
754  0.2491147369146347
197  0.2491101175546646
1020  0.2491084635257721
118  0.24910107254981995
816  0.2490963339805603
327  0.24909530580043793
695  0.24909426271915436
36  0.24908900260925293
550  0.2490883469581604
586  0.24908754229545593
640  0.2490871399641037
317  0.24907852709293365
1018  0.2490750104188919
767  0.2490692287683487
38  0.24906574189662933
938  0.24906396865844727
808  0.24905672669410706
727  0.24905450642108917
894  0.249053493142128
67  0.24905255436897278
390  0.2490498274564743
898  0.24904616177082062
100  0.2490418404340744
813  0.249041348695755
692  0.24904054403305054
278  0.2490391880273819
407  0.24903817474842072
755  0.24903768301010132
1  0.24903729557991028
709  0.24902363121509552
199  0.24901945888996124
381  0.2490178346633911
662  0.24901588261127472
86  0.2490144968032837
848  0.24901092052459717
704  0.24900464713573456
915  0.2490040510892868
901  0.24900077283382416
138  0.24899320304393768
994  0.24899296462535858
41  0.24898986518383026
541  0.24898917973041534
44  0.24898716807365417
700  0.24898649752140045
627  0.2489812970161438
737  0.2489805817604065
655  0.24897556006908417
284  0.24896840751171112
574  0.24896807968616486
276  0.24896745383739471
983  0.2489633858203888
869  0.24896275997161865
815  0.24896173179149628
114  0.24896161258220673
820  0.24895963072776794
402  0.24895380437374115
20  0.24895167350769043
462  0.2489391416311264
786  0.24893862009048462
365  0.24893856048583984
133  0.24893495440483093
286  0.2489311695098877
972  0.24893027544021606
441  0.24892936646938324
656  0.24892885982990265
125  0.24892549216747284
1048  0.2489253431558609
713  0.24892331659793854
412  0.2489199936389923
608  0.24891772866249084
978  0.2489171326160431
881  0.24891674518585205
1040  0.24891610443592072
27  0.24891607463359833
12  0.24891427159309387
970  0.24891340732574463
735  0.24891337752342224
986  0.24891039729118347
130  0.248909130692482
486  0.24890591204166412
440  0.24890516698360443
846  0.24890106916427612
725  0.24889950454235077
523  0.248899444937706
783  0.24889881908893585
625  0.2488963007926941
387  0.24889090657234192
585  0.24888814985752106
630  0.2488868534564972
698  0.2488771677017212
658  0.24887403845787048
42  0.2488720864057541
693  0.2488681823015213
723  0.24886754155158997
1069  0.24886465072631836
626  0.2488621026277542
160  0.24885888397693634
1047  0.24885661900043488
409  0.24885490536689758
566  0.24884934723377228
74  0.24884875118732452
1024  0.24884799122810364
571  0.24884739518165588
215  0.248847097158432
249  0.24884243309497833
446  0.2488422840833664
1037  0.24883966147899628
253  0.24883951246738434
1032  0.248836949467659
880  0.24883653223514557
603  0.24883240461349487
675  0.24882909655570984
789  0.24882765114307404
623  0.24882245063781738
893  0.24882224202156067
526  0.24882206320762634
333  0.24881787598133087
773  0.24881693720817566
1015  0.2488153874874115
1058  0.2488153725862503
788  0.24881432950496674
1051  0.24881237745285034
575  0.2488112598657608
182  0.24880918860435486
594  0.24880915880203247
632  0.24880878627300262
113  0.24879992008209229
116  0.24879877269268036
184  0.24879828095436096
1045  0.2487908899784088
618  0.24879024922847748
342  0.2487890124320984
529  0.24878628551959991
316  0.24878579378128052
264  0.24878434836864471
515  0.24878062307834625
790  0.24877847731113434
583  0.24877826869487762
527  0.24877655506134033
867  0.2487749308347702
870  0.2487712949514389
408  0.2487679272890091
433  0.24876773357391357
511  0.24876651167869568
851  0.24876509606838226
231  0.24875551462173462
368  0.24875476956367493
1004  0.2487531155347824
539  0.24875153601169586
956  0.24875099956989288
1003  0.248750701546669
168  0.24875040352344513
524  0.248748779296875
176  0.24874810874462128
567  0.24874727427959442
565  0.24874338507652283
891  0.24874088168144226
542  0.2487400770187378
779  0.24873973429203033
460  0.24873825907707214
500  0.24873685836791992
424  0.24873624742031097
257  0.24873606860637665
481  0.24873441457748413
31  0.24873438477516174
8  0.2487335354089737
430  0.24873104691505432
863  0.2487291693687439
11  0.24872402846813202
82  0.24872305989265442
697  0.24872179329395294
520  0.24872149527072906
225  0.24872061610221863
421  0.24871937930583954
50  0.2487160712480545
459  0.2487139105796814
961  0.24871359765529633
588  0.2487056851387024
315  0.24869972467422485
373  0.24869830906391144
615  0.248696431517601
516  0.24869553744792938
108  0.24869421124458313
845  0.24868309497833252
192  0.24868197739124298
228  0.2486799657344818
179  0.2486758679151535
136  0.24867011606693268
960  0.2486676126718521
14  0.24866758286952972
577  0.2486669421195984
750  0.2486642599105835
65  0.24865838885307312
269  0.24865809082984924
496  0.24865607917308807
1063  0.2486538141965866
307  0.24865326285362244
417  0.24864766001701355
436  0.24864694476127625
756  0.24864494800567627
418  0.24864459037780762
576  0.24864326417446136
793  0.24864184856414795
55  0.24863946437835693
878  0.24863727390766144
828  0.24863556027412415
825  0.2486325055360794
21  0.24862994253635406
472  0.24862967431545258
455  0.24862651526927948
294  0.24862636625766754
191  0.2486259639263153
663  0.2486215978860855
119  0.24861997365951538
242  0.2486191838979721
98  0.2486182600259781
521  0.24861650168895721
1025  0.2486160546541214
888  0.24860815703868866
806  0.2486042082309723
547  0.24860107898712158
366  0.24859978258609772
237  0.24859875440597534
823  0.2485986053943634
826  0.24859854578971863
546  0.24859583377838135
763  0.24858775734901428
334  0.24858519434928894
477  0.2485818713903427
343  0.24857819080352783
890  0.24857550859451294
769  0.2485751509666443
357  0.24856819212436676
969  0.24856704473495483
689  0.24856604635715485
569  0.24856413900852203
924  0.2485634833574295
415  0.24856068193912506
559  0.2485605925321579
751  0.248557910323143
490  0.24855494499206543
429  0.24855440855026245
280  0.24855417013168335
452  0.24855199456214905
805  0.24855172634124756
911  0.24855154752731323
590  0.2485514134168625
998  0.24855123460292816
935  0.2485496997833252
974  0.24854952096939087
1009  0.24854780733585358
103  0.24854321777820587
587  0.2485414445400238
536  0.24854029715061188
777  0.2485370934009552
475  0.2485359162092209
22  0.24853146076202393
980  0.2485305517911911
966  0.24852536618709564
728  0.24852406978607178
1052  0.2485225349664688
780  0.24852123856544495
555  0.24851888418197632
941  0.2485170066356659
522  0.24851258099079132
942  0.24851229786872864
1062  0.24850669503211975
416  0.24850629270076752
622  0.24850375950336456
40  0.2485036998987198
629  0.24850358068943024
821  0.2484978586435318
338  0.24849745631217957
447  0.2484969198703766
1019  0.2484969198703766
551  0.2484968602657318
383  0.2484946846961975
927  0.2484942078590393
591  0.24848780035972595
221  0.24848602712154388
690  0.24848560988903046
540  0.248485267162323
649  0.24848155677318573
829  0.24847902357578278
382  0.24847857654094696
102  0.2484777271747589
372  0.24847210943698883
232  0.24846801161766052
287  0.24846792221069336
425  0.2484673261642456
791  0.24846607446670532
331  0.24846360087394714
648  0.24846141040325165
10  0.24845914542675018
705  0.2484564185142517
1034  0.24845370650291443
442  0.2484518140554428
148  0.24845123291015625
999  0.24845099449157715
143  0.2484491765499115
573  0.24844788014888763
635  0.24844728410243988
712  0.2484467625617981
1002  0.2484445869922638
1057  0.248443141579628
222  0.2484418749809265
282  0.24843698740005493
873  0.24843475222587585
72  0.24843427538871765
686  0.24843333661556244
261  0.24843145906925201
929  0.2484283596277237
135  0.2484249770641327
313  0.2484225034713745
64  0.24842068552970886
963  0.2484172135591507
844  0.24841709434986115
794  0.24841591715812683
839  0.24841520190238953
809  0.24841073155403137
270  0.24840985238552094
385  0.2484089732170105
895  0.24840697646141052
710  0.24840302765369415
827  0.24840258061885834
319  0.24840155243873596
1000  0.24839864671230316
561  0.24839608371257782
759  0.24839529395103455
943  0.24839067459106445
732  0.24838967621326447
24  0.24838784337043762
266  0.24838443100452423
676  0.24838390946388245
679  0.24838237464427948
548  0.24838225543498993
611  0.24838216602802277
273  0.24838055670261383
501  0.24837972223758698
328  0.24837633967399597
104  0.24837572872638702
259  0.2483735829591751
861  0.24836905300617218
129  0.2483685463666916
364  0.24836699664592743
933  0.24836458265781403
925  0.24835996329784393
620  0.2483595758676529
795  0.24835939705371857
545  0.24835914373397827
492  0.2483581304550171
411  0.2483566701412201
480  0.24835316836833954
493  0.24835295975208282
512  0.24835175275802612
59  0.24835072457790375
53  0.24834942817687988
349  0.248347669839859
393  0.2483469843864441
930  0.24834689497947693
784  0.24834245443344116
958  0.2483360767364502
214  0.24833574891090393
843  0.24833475053310394
457  0.24833384156227112
478  0.2483324259519577
386  0.24832864105701447
979  0.248327374458313
162  0.24832561612129211
650  0.24832257628440857
726  0.24832244217395782
112  0.248319610953331
281  0.24831925332546234
882  0.24831897020339966
34  0.2483166754245758
514  0.24831555783748627
752  0.2483130842447281
89  0.24831123650074005
161  0.2483096718788147
9  0.24830855429172516
731  0.24830573797225952
428  0.2483031451702118
765  0.24830244481563568
97  0.24830090999603271
628  0.2483006715774536
149  0.24829909205436707
336  0.24829885363578796
597  0.24829764664173126
272  0.24829301238059998
1007  0.2482929825782776
371  0.24829062819480896
173  0.24828903377056122
706  0.24828627705574036
134  0.2482856810092926
995  0.2482856810092926
931  0.24828144907951355
721  0.2482796311378479
744  0.2482742816209793
485  0.2482735812664032
360  0.24827271699905396
660  0.24827128648757935
778  0.24826675653457642
297  0.248265340924263
230  0.24826405942440033
641  0.24826064705848694
973  0.24825961887836456
158  0.2482585310935974
951  0.24825678765773773
647  0.2482547014951706
572  0.2482542097568512
906  0.2482537031173706
37  0.24825145304203033
499  0.24824780225753784
1026  0.2482464760541916
643  0.24824510514736176
831  0.24824486672878265
771  0.24824218451976776
306  0.2482413947582245
552  0.2482387274503708
530  0.2482367753982544
957  0.24823640286922455
619  0.24823610484600067
739  0.248235285282135
669  0.2482336312532425
885  0.2482316941022873
339  0.24822887778282166
836  0.2482270896434784
599  0.24822676181793213
347  0.24822485446929932
497  0.24822364747524261
633  0.24822337925434113
396  0.2482229471206665
218  0.2482195645570755
234  0.2482193261384964
607  0.2482193261384964
487  0.24821732938289642
612  0.2482149302959442
90  0.24821387231349945
696  0.24821248650550842
302  0.2482098639011383
955  0.24820375442504883
444  0.24820135533809662
834  0.24820075929164886
260  0.24819806218147278
128  0.2481977641582489
668  0.24819612503051758
340  0.24819473922252655
922  0.24819397926330566
1031  0.24819377064704895
356  0.24819283187389374
740  0.24819283187389374
101  0.2481895387172699
646  0.2481849640607834
717  0.2481834888458252
105  0.24818278849124908
290  0.24818046391010284
637  0.2481798529624939
879  0.24817903339862823
699  0.24817879498004913
241  0.24817749857902527
593  0.24817737936973572
358  0.24817486107349396
742  0.24817126989364624
634  0.24817095696926117
683  0.24816736578941345
251  0.24816416203975677
605  0.24816396832466125
131  0.2481617033481598
601  0.2481600046157837
206  0.2481592893600464
6  0.24815747141838074
491  0.24815614521503448
301  0.24815471470355988
354  0.24815447628498077
760  0.24815405905246735
682  0.24815130233764648
87  0.24815042316913605
1005  0.24814754724502563
747  0.24814742803573608
367  0.24814696609973907
812  0.24814681708812714
181  0.24814654886722565
1016  0.24814625084400177
288  0.24814485013484955
236  0.24814467132091522
369  0.24814452230930328
965  0.24814264476299286
153  0.2481415569782257
202  0.24814026057720184
4  0.24813832342624664
991  0.24813532829284668
443  0.24813474714756012
1033  0.2481282353401184
665  0.24812763929367065
1042  0.24812740087509155
909  0.24812737107276917
489  0.24812279641628265
528  0.24811749160289764
711  0.24811522662639618
624  0.24811407923698425
804  0.24811331927776337
1060  0.24811331927776337
250  0.24811244010925293
1056  0.24811172485351562
883  0.24811144173145294
926  0.2481105923652649
92  0.24810920655727386
598  0.24810868501663208
968  0.24810609221458435
741  0.2481032758951187
792  0.24810045957565308
600  0.2480981945991516
111  0.2480960339307785
1029  0.2480948269367218
46  0.24809247255325317
745  0.24808965623378754
427  0.24808771908283234
268  0.24808596074581146
858  0.2480851113796234
661  0.24808454513549805
578  0.24808357656002045
533  0.24808284640312195
248  0.24808187782764435
115  0.24807888269424438
483  0.24807433784008026
617  0.24807339906692505
714  0.2480730414390564
1054  0.24807202816009521
403  0.2480705827474594
389  0.24806994199752808
451  0.2480681836605072
833  0.24806061387062073
99  0.2480582594871521
736  0.24805814027786255
140  0.24805514514446259
947  0.24804635345935822
944  0.24804575741291046
56  0.24804453551769257
252  0.24804453551769257
438  0.2480442374944687
564  0.24804359674453735
764  0.24804182350635529
975  0.2480398714542389
746  0.24803848564624786
219  0.24803616106510162
768  0.24802979826927185
684  0.24802803993225098
903  0.24802686274051666
52  0.24802416563034058
295  0.24802222847938538
892  0.24802032113075256
479  0.248018279671669
423  0.24801801145076752
877  0.24801501631736755
525  0.24801495671272278
814  0.24801349639892578
636  0.24801307916641235
558  0.24800892174243927
247  0.2480083853006363
488  0.24800795316696167
1065  0.24800710380077362
120  0.24800680577754974
666  0.24800480902194977
996  0.24800416827201843
505  0.24800363183021545
271  0.2479991763830185
842  0.24799774587154388
749  0.24799717962741852
498  0.24799571931362152
71  0.24799495935440063
265  0.24799460172653198
544  0.24799419939517975
473  0.2479935735464096
1046  0.24799290299415588
395  0.24799220263957977
426  0.2479916214942932
151  0.24799135327339172
15  0.24799132347106934
985  0.24798902869224548
159  0.2479880303144455
81  0.24798257648944855
13  0.2479807585477829
361  0.24797753989696503
997  0.24797624349594116
495  0.24797287583351135
1041  0.24797220528125763
32  0.24797141551971436
397  0.24797065556049347
156  0.24796853959560394
110  0.24796545505523682
243  0.24796542525291443
952  0.24796099960803986
937  0.24796068668365479
322  0.24795766174793243
432  0.2479560822248459
283  0.24795536696910858
329  0.24795138835906982
782  0.24794968962669373
854  0.24794717133045197
226  0.2479436993598938
147  0.2479400485754013
445  0.24793654680252075
506  0.24793602526187897
934  0.24793414771556854
519  0.247931107878685
255  0.24793004989624023
517  0.2479293942451477
1066  0.24792471528053284
716  0.2479192614555359
850  0.24791914224624634
543  0.24791905283927917
330  0.24791878461837769
471  0.24791604280471802
680  0.24791011214256287
406  0.24790999293327332
96  0.24790894985198975
353  0.2479056864976883
518  0.2479029893875122
165  0.2479018270969391
465  0.24790073931217194
189  0.24790050089359283
644  0.24790047109127045
292  0.247900128364563
507  0.24789807200431824
474  0.2478908896446228
325  0.2478892207145691
508  0.2478891909122467
240  0.2478850930929184
48  0.24788491427898407
923  0.24788309633731842
464  0.2478829175233841
370  0.24788181483745575
58  0.2478814274072647
1017  0.2478811889886856
990  0.2478780299425125
49  0.24787688255310059
262  0.2478715032339096
352  0.24786677956581116
377  0.2478611320257187
5  0.24785755574703217
734  0.24785704910755157
921  0.24785491824150085
117  0.24785438179969788
687  0.247853621840477
141  0.24785339832305908
73  0.24785207211971283
35  0.24785010516643524
54  0.24784718453884125
667  0.24784642457962036
722  0.24784542620182037
78  0.24784408509731293
549  0.2478410303592682
1030  0.247837632894516
936  0.24783523380756378
494  0.24783159792423248
1059  0.24783071875572205
987  0.24782873690128326
422  0.24782410264015198
914  0.24782322347164154
169  0.24781794846057892
887  0.24780653417110443
310  0.24780359864234924
207  0.24780267477035522
47  0.24779804050922394
1036  0.2477966994047165
977  0.24779440462589264
652  0.24779318273067474
17  0.24779200553894043
762  0.24778872728347778
303  0.24778474867343903
285  0.24778319895267487
557  0.247781440615654
468  0.24777965247631073
146  0.24777773022651672
43  0.24777637422084808
589  0.24777637422084808
670  0.24777579307556152
1010  0.24777236580848694
335  0.24777060747146606
807  0.24776829779148102
703  0.2477673888206482
309  0.2477666586637497
553  0.24776607751846313
279  0.24776563048362732
535  0.24776563048362732
905  0.24776144325733185
300  0.2477596551179886
289  0.2477506697177887
29  0.2477453202009201
45  0.24774371087551117
801  0.2477421909570694
948  0.24774125218391418
239  0.24773894250392914
502  0.24773894250392914
23  0.2477346956729889
198  0.24773426353931427
981  0.247731015086174
154  0.2477291077375412
595  0.2477252185344696
1053  0.24772442877292633
865  0.24772416055202484
556  0.24772240221500397
1001  0.24772202968597412
434  0.2477206289768219
596  0.24771811068058014
175  0.24771620333194733
93  0.24771426618099213
971  0.24771058559417725
810  0.24770836532115936
560  0.2477080076932907
913  0.2477063685655594
180  0.24770596623420715
621  0.24770578742027283
76  0.2477049082517624
124  0.24770236015319824
18  0.24769946932792664
91  0.24769902229309082
876  0.2476981282234192
185  0.24769707024097443
860  0.24769282341003418
563  0.2476891428232193
312  0.2476857751607895
1050  0.24767793715000153
466  0.24767553806304932
223  0.24767053127288818
132  0.24766764044761658
897  0.24766746163368225
776  0.24766384065151215
1013  0.24766004085540771
919  0.24765430390834808
277  0.24765056371688843
993  0.24765044450759888
1049  0.24764777719974518
532  0.24764634668827057
227  0.24763819575309753
61  0.24763783812522888
953  0.2476349174976349
203  0.24763371050357819
399  0.2476302683353424
950  0.2476292997598648
859  0.24762921035289764
910  0.24762865900993347
2  0.24762608110904694
346  0.24762605130672455
171  0.24762362241744995
177  0.24762266874313354
75  0.24762257933616638
172  0.24762164056301117
853  0.24762102961540222
33  0.24761863052845
830  0.2476169317960739
691  0.24761421978473663
1027  0.24761418998241425
127  0.2476118505001068
267  0.24761058390140533
229  0.2476053237915039
337  0.247605100274086
145  0.24760492146015167
962  0.24760471284389496
142  0.2475970834493637
916  0.24759532511234283
904  0.247593492269516
79  0.24759112298488617
26  0.24759085476398468
80  0.24758918583393097
841  0.24758808314800262
982  0.2475864142179489
28  0.24758051335811615
1061  0.24758051335811615
254  0.2475803941488266
884  0.2475716769695282
609  0.24756893515586853
822  0.24756835401058197
908  0.24756774306297302
899  0.24756434559822083
503  0.247563436627388
275  0.24756337702274323
932  0.2475547045469284
95  0.2475520223379135
1039  0.24755190312862396
832  0.24754929542541504
900  0.24754710495471954
1028  0.24754631519317627
570  0.24754588305950165
730  0.24753615260124207
476  0.24753305315971375
454  0.24753141403198242
201  0.24753117561340332
323  0.24752794206142426
484  0.2475232630968094
467  0.2475126087665558
918  0.24750801920890808
568  0.24750789999961853
94  0.2475043088197708
305  0.24750255048274994
733  0.24749983847141266
857  0.2474992275238037
204  0.2474903166294098
209  0.24748928844928741
868  0.2474878579378128
344  0.24748076498508453
69  0.24746794998645782
187  0.24746686220169067
362  0.24746592342853546
554  0.24746300280094147
864  0.2474595010280609
509  0.24745483696460724
849  0.2474546879529953
463  0.24745215475559235
157  0.24744729697704315
889  0.24744653701782227
246  0.24743492901325226
1055  0.24743375182151794
88  0.24743135273456573
410  0.2474307417869568
345  0.24742957949638367
211  0.2474294900894165
582  0.24742735922336578
414  0.24741828441619873
456  0.2474157065153122
1023  0.2474154829978943
296  0.24741162359714508
871  0.24740903079509735
77  0.2474057674407959
448  0.2473972737789154
1008  0.24739469587802887
1014  0.24738454818725586
70  0.24738256633281708
928  0.2473822683095932
1038  0.24738144874572754
208  0.24737556278705597
3  0.24737486243247986
155  0.24737152457237244
967  0.24736155569553375
874  0.24735276401042938
449  0.2473420947790146
1068  0.2473420947790146
320  0.24733728170394897
800  0.2473369836807251
167  0.24733558297157288
62  0.247325137257576
819  0.24732369184494019
1044  0.24731837213039398
274  0.24731586873531342
238  0.2473105639219284
258  0.24731020629405975
392  0.24730706214904785
39  0.24730587005615234
216  0.24729889631271362
917  0.24729883670806885
391  0.24729417264461517
401  0.24728740751743317
824  0.24728640913963318
66  0.247277170419693
379  0.24727655947208405
256  0.24727366864681244
840  0.24726524949073792
404  0.24726369976997375
308  0.24725879728794098
210  0.24725784361362457
419  0.24725738167762756
949  0.24724355340003967
413  0.24723201990127563
348  0.24722790718078613
1064  0.24721622467041016
405  0.24720701575279236
318  0.24720610678195953
220  0.24720223248004913
166  0.24720150232315063
19  0.2471867948770523
107  0.24717938899993896
940  0.247153639793396
818  0.247152641415596
580  0.2471417486667633
83  0.24714058637619019
174  0.24712614715099335
1043  0.24712136387825012
1022  0.24711933732032776
200  0.24711912870407104
224  0.24708518385887146
304  0.24706482887268066
205  0.2470632642507553
245  0.2470594197511673
645  0.24705511331558228
183  0.24704574048519135
374  0.24702434241771698
1021  0.24701856076717377
170  0.24701780080795288
193  0.2470153272151947
907  0.24700890481472015
758  0.24697917699813843
437  0.24697619676589966
959  0.2469368278980255
122  0.24691693484783173
902  0.24689066410064697
195  0.24688351154327393
435  0.24687723815441132
562  0.24687235057353973
332  0.24684573709964752
123  0.24683690071105957
964  0.24683167040348053
63  0.24681732058525085
51  0.2468004822731018
384  0.24678537249565125
1035  0.24671976268291473
7  0.2466587871313095
57  0.2466544359922409
68  0.24665051698684692
856  0.246649369597435
178  0.2466251701116562
984  0.2465878278017044
388  0.2465679943561554
469  0.24654842913150787
602  0.24654485285282135
1012  0.24641476571559906
351  0.24640034139156342
439  0.24614132940769196
293  0.24613547325134277
400  0.24612686038017273
84  0.24601846933364868
233  0.24568720161914825
