698  0.2387947142124176
1253  0.23877720534801483
744  0.2387288212776184
106  0.238691508769989
457  0.23865129053592682
418  0.23865006864070892
493  0.2386356145143509
34  0.23859742283821106
1159  0.2385554015636444
429  0.23854465782642365
123  0.2385350465774536
720  0.23851828277111053
235  0.23847445845603943
1097  0.2384692281484604
922  0.23846903443336487
1091  0.23845018446445465
62  0.23843254148960114
499  0.23842711746692657
882  0.23841454088687897
1073  0.23841258883476257
487  0.23841074109077454
109  0.23840388655662537
670  0.23837816715240479
176  0.23835565149784088
1209  0.23832550644874573
3  0.23830509185791016
733  0.23830240964889526
201  0.23829598724842072
215  0.23829428851604462
93  0.2382887303829193
177  0.23827189207077026
774  0.23827143013477325
1114  0.23824913799762726
77  0.23823854327201843
1245  0.2382328063249588
22  0.23823264241218567
138  0.23822958767414093
930  0.2382192760705948
340  0.2382086217403412
536  0.23820248246192932
959  0.23818622529506683
45  0.2381821870803833
143  0.23817631602287292
452  0.23816241323947906
32  0.23816074430942535
577  0.23815056681632996
157  0.23814737796783447
145  0.23813818395137787
822  0.2381298840045929
188  0.23812536895275116
840  0.23811593651771545
669  0.23811541497707367
179  0.23811179399490356
724  0.23810677230358124
880  0.2381037324666977
1151  0.23809659481048584
448  0.23808227479457855
244  0.23808005452156067
1134  0.23807597160339355
526  0.23807589709758759
465  0.23805463314056396
970  0.2380540668964386
265  0.2380511462688446
389  0.23804762959480286
1154  0.23804160952568054
50  0.238040491938591
1033  0.23803746700286865
631  0.2380371391773224
1095  0.23803149163722992
568  0.2380288988351822
618  0.23802699148654938
198  0.23802244663238525
473  0.2380131483078003
728  0.2380128800868988
730  0.23801256716251373
564  0.23800931870937347
667  0.23800796270370483
1042  0.238001748919487
690  0.23798149824142456
47  0.23798030614852905
925  0.23797950148582458
1037  0.237975612282753
849  0.23797307908535004
522  0.2379656434059143
517  0.2379646748304367
108  0.2379624843597412
833  0.2379610538482666
1242  0.23795725405216217
514  0.23794931173324585
159  0.23794272541999817
1004  0.23794178664684296
1185  0.23793770372867584
857  0.23793593049049377
163  0.23793351650238037
781  0.2379310578107834
227  0.23792847990989685
348  0.2379271239042282
1165  0.23792561888694763
887  0.2379205971956253
37  0.23791886866092682
565  0.23791873455047607
113  0.23790617287158966
821  0.23789988458156586
1205  0.23789948225021362
610  0.23789744079113007
178  0.23789489269256592
279  0.23789484798908234
1071  0.2378898710012436
544  0.23788760602474213
64  0.23788334429264069
1264  0.23788274824619293
888  0.23788103461265564
356  0.23788070678710938
80  0.23787762224674225
209  0.23787395656108856
1236  0.23786962032318115
612  0.237868070602417
593  0.23786567151546478
360  0.2378655970096588
627  0.23786146938800812
1244  0.23785893619060516
897  0.23785847425460815
1027  0.23785841464996338
547  0.23785614967346191
1039  0.2378552109003067
1065  0.23785372078418732
349  0.2378520518541336
269  0.23784689605236053
585  0.23784476518630981
1199  0.23784443736076355
136  0.23784306645393372
1198  0.2378423660993576
1133  0.23784223198890686
249  0.23784202337265015
218  0.23784179985523224
409  0.23783953487873077
1237  0.23783716559410095
119  0.2378360778093338
579  0.23783300817012787
5  0.23783181607723236
753  0.2378205955028534
164  0.2378196269273758
613  0.23781690001487732
30  0.23781642317771912
705  0.23780909180641174
1196  0.2378004789352417
553  0.237799271941185
1140  0.23779843747615814
377  0.2377965748310089
589  0.23779654502868652
636  0.23779131472110748
173  0.237790048122406
1226  0.23778942227363586
69  0.23778828978538513
599  0.2377866804599762
446  0.23778565227985382
1202  0.23778484761714935
65  0.23778118193149567
229  0.2377786934375763
1093  0.23777508735656738
196  0.23777303099632263
155  0.23777282238006592
162  0.23777076601982117
572  0.2377641350030899
440  0.23776203393936157
693  0.23775890469551086
1249  0.23775869607925415
560  0.23775777220726013
945  0.23775707185268402
1092  0.23775255680084229
1281  0.23774325847625732
158  0.23774096369743347
902  0.23773810267448425
103  0.23773705959320068
596  0.2377341091632843
231  0.23773297667503357
1212  0.23772874474525452
1126  0.2377282977104187
1241  0.23772409558296204
507  0.237723708152771
820  0.23772257566452026
53  0.23772116005420685
588  0.23771832883358002
750  0.23771700263023376
311  0.23771314322948456
1176  0.2377104014158249
639  0.23770593106746674
1238  0.2377045601606369
91  0.23770399391651154
655  0.23770339787006378
9  0.23770307004451752
1229  0.23770232498645782
124  0.23769889771938324
502  0.2376893311738968
73  0.23768602311611176
1287  0.23768343031406403
126  0.23768098652362823
31  0.23768071830272675
858  0.23767928779125214
23  0.23767788708209991
263  0.23767699301242828
651  0.23767472803592682
16  0.23767279088497162
537  0.23766648769378662
615  0.23766641318798065
903  0.23766422271728516
255  0.2376609444618225
36  0.2376580834388733
818  0.23765748739242554
501  0.23765744268894196
987  0.23765690624713898
21  0.23765620589256287
273  0.23765577375888824
462  0.23765523731708527
1195  0.23765361309051514
246  0.2376532405614853
740  0.23765286803245544
988  0.23765254020690918
114  0.2376507669687271
1215  0.23765049874782562
280  0.2376497983932495
444  0.23764413595199585
213  0.2376432716846466
2  0.23764295876026154
1267  0.23764260113239288
862  0.23764240741729736
24  0.23763859272003174
606  0.23763611912727356
864  0.23763374984264374
904  0.23763155937194824
863  0.2376299947500229
975  0.23762798309326172
243  0.23762625455856323
732  0.2376243770122528
38  0.23761990666389465
118  0.23761603236198425
1211  0.23761580884456635
1040  0.23761510848999023
703  0.23761160671710968
1141  0.23760902881622314
333  0.23760837316513062
87  0.237605020403862
104  0.23760482668876648
609  0.23760245740413666
687  0.23760229349136353
607  0.23760145902633667
574  0.23759864270687103
530  0.23759852349758148
1254  0.23759825527668
334  0.23759502172470093
323  0.2375936359167099
469  0.2375861257314682
992  0.23758350312709808
747  0.2375829666852951
671  0.23758292198181152
525  0.23758108913898468
137  0.2375803291797638
125  0.2375798225402832
83  0.2375776171684265
165  0.23757635056972504
1263  0.23757334053516388
969  0.2375706434249878
1090  0.23756703734397888
1220  0.23756296932697296
195  0.23756186664104462
1172  0.23756109178066254
1262  0.23755785822868347
635  0.23755455017089844
766  0.23755274713039398
458  0.23755070567131042
682  0.23755067586898804
995  0.23754890263080597
175  0.2375451922416687
680  0.23754437267780304
1224  0.23754335939884186
706  0.23754163086414337
29  0.23753732442855835
506  0.23753732442855835
413  0.23753701150417328
826  0.2375364750623703
133  0.23753441870212555
1289  0.2375326007604599
42  0.2375323325395584
674  0.2375313639640808
719  0.23752859234809875
739  0.237528458237648
1015  0.2375250607728958
901  0.23752234876155853
1085  0.23752182722091675
4  0.2375209778547287
660  0.23751860857009888
74  0.2375182807445526
293  0.23751720786094666
186  0.2375148981809616
846  0.23751269280910492
561  0.23751209676265717
646  0.23750975728034973
503  0.23750942945480347
1246  0.2375069260597229
638  0.23750461637973785
1219  0.2375040203332901
1016  0.23750324547290802
1156  0.23749923706054688
1204  0.2374955266714096
571  0.23749418556690216
147  0.23748713731765747
479  0.237486332654953
729  0.23748168349266052
871  0.23748159408569336
569  0.23747938871383667
743  0.2374769151210785
548  0.23747514188289642
1030  0.23747266829013824
306  0.23747247457504272
1271  0.2374717742204666
977  0.2374715954065323
587  0.23747046291828156
515  0.23747003078460693
192  0.23746976256370544
1179  0.23746955394744873
711  0.2374672293663025
678  0.23746655881404877
718  0.2374662160873413
313  0.23746588826179504
1150  0.23746530711650848
1285  0.23746487498283386
245  0.2374642789363861
809  0.23746325075626373
533  0.23746296763420105
552  0.23746193945407867
947  0.2374599725008011
1260  0.23745925724506378
85  0.2374590039253235
692  0.23745809495449066
78  0.2374522089958191
549  0.23745174705982208
534  0.23744887113571167
57  0.2374476045370102
154  0.23744454979896545
770  0.23744449019432068
875  0.23744352161884308
643  0.2374415546655655
624  0.23744018375873566
491  0.23743893206119537
27  0.23743733763694763
54  0.2374366670846939
148  0.23743629455566406
839  0.2374359667301178
39  0.23743508756160736
396  0.23743446171283722
1044  0.23743125796318054
1145  0.23742687702178955
346  0.23742669820785522
551  0.23742616176605225
81  0.2374260425567627
763  0.2374258041381836
1084  0.2374192178249359
1181  0.23741717636585236
1213  0.23741494119167328
1116  0.23741242289543152
958  0.23741142451763153
1018  0.23740898072719574
1089  0.23740847408771515
677  0.23740820586681366
990  0.23740710318088531
11  0.2374030351638794
879  0.23740196228027344
49  0.2373971790075302
1113  0.2373967468738556
191  0.2373959720134735
1158  0.23739305138587952
668  0.23739272356033325
7  0.23739081621170044
1258  0.23739062249660492
1206  0.23739030957221985
527  0.23738831281661987
1208  0.2373877763748169
1008  0.23738527297973633
702  0.23738525807857513
895  0.23738506436347961
691  0.2373834252357483
915  0.23738282918930054
18  0.23738111555576324
616  0.2373744249343872
236  0.23737375438213348
717  0.23737114667892456
681  0.23737095296382904
1222  0.23737052083015442
481  0.23736970126628876
688  0.23736706376075745
25  0.2373659610748291
130  0.23736509680747986
327  0.23736439645290375
661  0.23736190795898438
648  0.237360879778862
127  0.23735950887203217
511  0.23735873401165009
262  0.23735716938972473
512  0.23735661804676056
751  0.23735634982585907
954  0.23735478520393372
172  0.2373533844947815
861  0.23735293745994568
181  0.2373516708612442
754  0.23735059797763824
1261  0.2373489886522293
483  0.23734688758850098
644  0.2373466193675995
640  0.237346351146698
557  0.2373456507921219
1068  0.2373427450656891
748  0.23734097182750702
96  0.2373398244380951
432  0.23733845353126526
472  0.23733389377593994
1135  0.23733283579349518
434  0.2373320311307907
498  0.23733021318912506
67  0.2373284101486206
459  0.23732654750347137
52  0.23732560873031616
827  0.23731863498687744
210  0.2373170256614685
828  0.237313911318779
219  0.23731255531311035
146  0.23731201887130737
782  0.23731090128421783
168  0.23730939626693726
287  0.2373092919588089
802  0.2373059093952179
1052  0.23730407655239105
495  0.23730383813381195
816  0.23730257153511047
224  0.23729965090751648
907  0.2372993528842926
787  0.2372988611459732
626  0.23729731142520905
576  0.23729118704795837
704  0.2372911423444748
984  0.2372891753911972
884  0.23728816211223602
167  0.23728683590888977
786  0.23728670179843903
1075  0.23728609085083008
160  0.2372812032699585
686  0.237280935049057
852  0.23728050291538239
630  0.23728036880493164
225  0.23727980256080627
470  0.23727752268314362
603  0.23727276921272278
837  0.23727019131183624
105  0.23726466298103333
324  0.23726284503936768
972  0.2372613400220871
745  0.23726074397563934
1193  0.2372596710920334
542  0.23725886642932892
455  0.2372586578130722
1218  0.23725569248199463
1012  0.2372552752494812
95  0.23725521564483643
115  0.23725414276123047
642  0.23725146055221558
1142  0.23725049197673798
234  0.23725025355815887
1180  0.23724935948848724
463  0.23724882304668427
664  0.2372433841228485
842  0.237243190407753
715  0.2372378557920456
723  0.23723696172237396
417  0.23723632097244263
1239  0.23723460733890533
116  0.23723334074020386
180  0.23723246157169342
900  0.23723232746124268
1230  0.23723213374614716
541  0.23723173141479492
621  0.2372310608625412
223  0.23723089694976807
253  0.23723065853118896
17  0.23722834885120392
291  0.23722778260707855
1123  0.23722738027572632
567  0.23722733557224274
737  0.23722687363624573
1078  0.237223818898201
999  0.23722252249717712
1227  0.23722077906131744
1128  0.237219899892807
475  0.23721890151500702
505  0.23721255362033844
877  0.23720917105674744
1277  0.23720911145210266
883  0.23720836639404297
90  0.23720824718475342
131  0.23720736801624298
633  0.23720605671405792
456  0.2372056543827057
182  0.23720525205135345
829  0.23720401525497437
496  0.2372032105922699
600  0.2372032105922699
1136  0.23720256984233856
1122  0.23720203340053558
1169  0.23720194399356842
60  0.23720189929008484
141  0.23720170557498932
735  0.23720063269138336
1121  0.23719969391822815
431  0.2371988594532013
810  0.2371988147497177
135  0.23719778656959534
480  0.23719744384288788
741  0.23719677329063416
497  0.23719637095928192
383  0.23719489574432373
376  0.23719452321529388
282  0.23719365894794464
494  0.23719318211078644
1139  0.23719091713428497
112  0.23719064891338348
578  0.23719006776809692
319  0.23718984425067902
513  0.23718786239624023
1098  0.23718427121639252
320  0.2371833324432373
550  0.2371806502342224
555  0.23717935383319855
935  0.23717635869979858
523  0.23717544972896576
169  0.23717465996742249
528  0.23717375099658966
337  0.23717224597930908
795  0.23716898262500763
33  0.23716868460178375
520  0.23716750741004944
1235  0.2371653914451599
1083  0.2371634542942047
75  0.23716168105602264
1086  0.23716111481189728
321  0.23716044425964355
271  0.23715950548648834
274  0.23715664446353912
801  0.23715423047542572
558  0.2371535301208496
726  0.23715339601039886
604  0.23715181648731232
1062  0.23715077340602875
931  0.23714827001094818
382  0.2371482253074646
364  0.23714762926101685
420  0.237147256731987
6  0.23714661598205566
183  0.23714302480220795
378  0.23714226484298706
290  0.2371411919593811
1127  0.2371411919593811
336  0.2371407151222229
675  0.23714038729667664
1164  0.23713822662830353
1178  0.23713502287864685
1045  0.23713406920433044
1048  0.23713310062885284
683  0.23712709546089172
755  0.2371259182691574
325  0.23712334036827087
951  0.23712199926376343
1160  0.23712199926376343
261  0.23712189495563507
139  0.23712173104286194
1273  0.23712167143821716
812  0.23711636662483215
1182  0.2371145486831665
454  0.23710858821868896
41  0.23710857331752777
981  0.237108513712883
843  0.2371070683002472
803  0.23710519075393677
709  0.23710472881793976
166  0.23710381984710693
1256  0.23710381984710693
170  0.23710280656814575
819  0.23710253834724426
48  0.2371024340391159
298  0.23710140585899353
433  0.23710092902183533
1188  0.237099751830101
652  0.23709657788276672
725  0.23709657788276672
1167  0.23709310591220856
1266  0.23709264397621155
153  0.23709063231945038
1214  0.23708730936050415
714  0.23708680272102356
1067  0.2370852679014206
1190  0.23708516359329224
275  0.23708505928516388
467  0.23708468675613403
906  0.23708422482013702
736  0.23708146810531616
310  0.23707711696624756
464  0.23707543313503265
731  0.23707173764705658
56  0.23707127571105957
129  0.23706968128681183
794  0.23706814646720886
240  0.23706766963005066
1192  0.23706699907779694
932  0.23706597089767456
10  0.23706576228141785
150  0.23706549406051636
392  0.23706482350826263
427  0.23706382513046265
318  0.23706340789794922
824  0.23706315457820892
305  0.23706082999706268
43  0.2370600551366806
689  0.23705783486366272
685  0.2370573729276657
89  0.237056702375412
580  0.23705533146858215
521  0.2370551973581314
423  0.23705515265464783
289  0.23705439269542694
206  0.23705418407917023
486  0.2370523065328598
538  0.23705102503299713
598  0.23705027997493744
697  0.23704995214939117
307  0.23704786598682404
86  0.23704767227172852
296  0.23704726994037628
659  0.23704683780670166
316  0.23704656958580017
207  0.23704619705677032
1259  0.23704475164413452
976  0.23704373836517334
419  0.23704344034194946
672  0.23704303801059723
460  0.23704098165035248
765  0.23703990876674652
657  0.23703981935977936
398  0.23703709244728088
328  0.23703575134277344
1001  0.23703275620937347
1036  0.23703229427337646
1014  0.23703216016292572
1148  0.23702985048294067
1225  0.23702789843082428
20  0.23702755570411682
386  0.23702600598335266
1168  0.23702594637870789
120  0.23702573776245117
1017  0.23702514171600342
1006  0.23702412843704224
488  0.23702262341976166
757  0.2370193898677826
445  0.23701871931552887
1216  0.23701849579811096
477  0.23701603710651398
694  0.2370147556066513
285  0.23701335489749908
1232  0.23701126873493195
1144  0.2370084822177887
653  0.23700831830501556
913  0.2370067685842514
128  0.23700620234012604
107  0.23700515925884247
991  0.2370036542415619
1217  0.23700344562530518
508  0.23700328171253204
892  0.23700298368930817
102  0.23700183629989624
358  0.23699851334095
394  0.23699578642845154
831  0.23699535429477692
1257  0.23699310421943665
996  0.2369920313358307
796  0.23699182271957397
889  0.23699139058589935
746  0.23698946833610535
331  0.2369890958070755
708  0.23698711395263672
1255  0.2369861900806427
989  0.23698580265045166
1240  0.23698477447032928
430  0.2369844764471054
807  0.23698432743549347
144  0.23698416352272034
393  0.23698212206363678
850  0.23698140680789948
933  0.23698091506958008
68  0.23697617650032043
101  0.2369740605354309
121  0.23697377741336823
326  0.23697355389595032
402  0.23697221279144287
921  0.2369714081287384
1022  0.23697136342525482
72  0.23697052896022797
700  0.2369701862335205
896  0.23696787655353546
1200  0.2369658499956131
868  0.23696579039096832
893  0.2369653582572937
379  0.2369627058506012
187  0.23695936799049377
70  0.23695483803749084
71  0.23695379495620728
332  0.23695294559001923
252  0.23695288598537445
575  0.2369481474161148
1105  0.23694784939289093
1125  0.23694737255573273
965  0.23694683611392975
791  0.23694509267807007
532  0.2369450181722641
1189  0.23694448173046112
260  0.23694437742233276
848  0.23694270849227905
656  0.23694179952144623
722  0.23694051802158356
1129  0.23694008588790894
817  0.23693886399269104
426  0.23693755269050598
834  0.23693688213825226
929  0.23693598806858063
372  0.23693355917930603
1279  0.2369316816329956
400  0.2369312047958374
811  0.23692916333675385
302  0.23692771792411804
76  0.23692740499973297
516  0.23692569136619568
998  0.23692388832569122
12  0.23691990971565247
540  0.23691974580287933
825  0.23691964149475098
435  0.2369178682565689
391  0.236912339925766
1278  0.23690620064735413
759  0.23690615594387054
286  0.236906036734581
905  0.23690475523471832
1131  0.23690304160118103
707  0.23690105974674225
1009  0.23689988255500793
151  0.23689934611320496
232  0.23689909279346466
760  0.2368989735841751
284  0.2368973195552826
898  0.2368963062763214
805  0.2368934601545334
411  0.23689322173595428
742  0.23689217865467072
222  0.23689086735248566
1058  0.23689086735248566
1108  0.23688934743404388
595  0.23688769340515137
605  0.23688746988773346
1124  0.2368868887424469
779  0.23688554763793945
1019  0.23688393831253052
1272  0.2368801087141037
878  0.23688000440597534
938  0.23687848448753357
764  0.23687011003494263
1080  0.23686890304088593
140  0.2368662804365158
354  0.23686307668685913
1070  0.23686042428016663
371  0.23685996234416962
94  0.23685750365257263
789  0.23685605823993683
1268  0.23685333132743835
1120  0.2368527501821518
40  0.23685167729854584
299  0.23685167729854584
504  0.23684872686862946
258  0.23684346675872803
597  0.23684246838092804
312  0.23684124648571014
338  0.23684044182300568
117  0.23683984577655792
1111  0.23683862388134003
1187  0.23683761060237885
676  0.23683424293994904
190  0.2368304431438446
793  0.23682941496372223
524  0.23682785034179688
1163  0.2368275225162506
1  0.23682621121406555
971  0.23682519793510437
241  0.23682476580142975
1064  0.23682449758052826
242  0.23682422935962677
778  0.23682329058647156
1076  0.23682238161563873
122  0.23681941628456116
1013  0.23681867122650146
1210  0.23681482672691345
421  0.23681429028511047
953  0.23681342601776123
950  0.23681284487247467
221  0.2368127405643463
1276  0.23680908977985382
634  0.23680885136127472
63  0.23680844902992249
771  0.23680557310581207
1270  0.23680540919303894
1020  0.2368025928735733
350  0.2368025779724121
918  0.2368019074201584
1203  0.23680000007152557
1099  0.23679786920547485
1087  0.23679713904857635
856  0.2367963194847107
1103  0.23679481446743011
171  0.23679016530513763
214  0.23678803443908691
1171  0.2367859184741974
1174  0.23678481578826904
654  0.23678140342235565
1166  0.23678037524223328
979  0.23678016662597656
489  0.23677882552146912
1194  0.2367778718471527
1265  0.23677749931812286
762  0.23677685856819153
1118  0.23677588999271393
601  0.23677568137645721
844  0.2367742359638214
1250  0.2367725819349289
1201  0.23677080869674683
994  0.23676905035972595
926  0.2367677390575409
451  0.2367665320634842
1157  0.23676343262195587
99  0.23675845563411713
546  0.23675808310508728
185  0.2367561161518097
189  0.23675456643104553
1101  0.23675070703029633
442  0.2367478758096695
344  0.23674649000167847
82  0.2367458939552307
727  0.23674359917640686
1183  0.2367432862520218
665  0.2367430180311203
174  0.23674258589744568
35  0.2367423176765442
886  0.23673638701438904
156  0.23673591017723083
978  0.23673537373542786
967  0.23673318326473236
1231  0.23673298954963684
1051  0.23673200607299805
1031  0.23672790825366974
942  0.23672372102737427
233  0.23672257363796234
914  0.23671981692314148
713  0.2367197871208191
1029  0.2367197573184967
1170  0.2367144674062729
438  0.23671244084835052
26  0.23671123385429382
658  0.23670774698257446
632  0.23670737445354462
710  0.23670634627342224
203  0.2367061972618103
405  0.2367059290409088
773  0.23670506477355957
367  0.23670479655265808
973  0.23670394718647003
370  0.2367033064365387
8  0.23670324683189392
478  0.23670296370983124
1207  0.23670253157615662
288  0.23669768869876862
1074  0.23669639229774475
1024  0.23669494688510895
1221  0.23669219017028809
1149  0.23669208586215973
368  0.23669064044952393
98  0.23668986558914185
912  0.23668813705444336
339  0.23668423295021057
251  0.23668164014816284
259  0.23668092489242554
239  0.2366793155670166
1021  0.23667918145656586
563  0.23667913675308228
1046  0.2366791069507599
1025  0.2366778552532196
772  0.23667742311954498
237  0.23667553067207336
1147  0.23667103052139282
408  0.2366701066493988
1077  0.2366694062948227
366  0.23666802048683167
1288  0.2366676926612854
228  0.23666714131832123
254  0.23666590452194214
608  0.23666441440582275
1186  0.23666433990001678
1041  0.23666350543498993
767  0.23665790259838104
769  0.2366570383310318
390  0.23665565252304077
100  0.2366550713777542
531  0.2366546392440796
800  0.23665302991867065
468  0.23665261268615723
835  0.23665106296539307
721  0.23664908111095428
397  0.23664790391921997
277  0.23664681613445282
1053  0.23664580285549164
297  0.23664449155330658
476  0.2366441935300827
519  0.23664310574531555
983  0.23664000630378723
450  0.23663701117038727
204  0.23663519322872162
485  0.23663431406021118
1161  0.23663349449634552
250  0.23663295805454254
1112  0.23662959039211273
412  0.23662884533405304
422  0.2366264909505844
315  0.23662620782852173
58  0.23662611842155457
361  0.23662470281124115
590  0.2366238832473755
946  0.23662273585796356
184  0.2366178184747696
628  0.23661752045154572
1072  0.23661427199840546
662  0.23661309480667114
619  0.23661084473133087
814  0.23660580813884735
415  0.23660439252853394
292  0.23660217225551605
584  0.2365996390581131
208  0.23659802973270416
1248  0.23659765720367432
322  0.2365960031747818
867  0.2365947812795639
806  0.23659317195415497
425  0.23659171164035797
416  0.23659130930900574
1003  0.23659059405326843
84  0.23658320307731628
792  0.23658159375190735
1143  0.23658020794391632
399  0.23657652735710144
968  0.23657166957855225
1274  0.23656921088695526
1023  0.23656393587589264
272  0.23656302690505981
941  0.2365620881319046
909  0.2365598976612091
449  0.23655878007411957
1000  0.23655854165554047
97  0.23655591905117035
934  0.23655448853969574
1106  0.23655416071414948
543  0.23655320703983307
281  0.23655010759830475
335  0.23654943704605103
535  0.2365492582321167
865  0.23654605448246002
785  0.23654519021511078
645  0.23654356598854065
899  0.23654338717460632
193  0.23654279112815857
341  0.23654162883758545
777  0.2365409880876541
993  0.23653997480869293
381  0.23653991520404816
611  0.23653671145439148
414  0.23653434216976166
673  0.23653137683868408
870  0.2365296185016632
620  0.23652580380439758
300  0.2365226298570633
1233  0.23652225732803345
943  0.23652037978172302
716  0.2365202009677887
61  0.2365170568227768
1282  0.23651443421840668
1184  0.23651301860809326
28  0.2365036904811859
1155  0.23650336265563965
365  0.2365003228187561
329  0.23649993538856506
1117  0.23649942874908447
804  0.23649819195270538
197  0.2364974021911621
1243  0.236496701836586
1284  0.23649568855762482
1028  0.23649488389492035
267  0.23649126291275024
51  0.2364889681339264
509  0.23648826777935028
1162  0.23648640513420105
424  0.2364852875471115
220  0.2364800125360489
841  0.23647728562355042
359  0.2364770770072937
46  0.23647494614124298
276  0.23647356033325195
974  0.23646928369998932
890  0.2364688366651535
1252  0.23646755516529083
955  0.2364674210548401
1107  0.2364666759967804
256  0.23646646738052368
407  0.2364654690027237
492  0.2364654541015625
881  0.2364610731601715
853  0.23646052181720734
799  0.23645849525928497
1228  0.23645515739917755
1197  0.23645180463790894
815  0.23645053803920746
79  0.23644670844078064
649  0.23644572496414185
363  0.23644417524337769
1286  0.23643793165683746
385  0.23643535375595093
1283  0.23643410205841064
1102  0.23643207550048828
437  0.23642711341381073
937  0.2364269196987152
1146  0.23642680048942566
1069  0.23642420768737793
44  0.23641613125801086
142  0.23641575872898102
1054  0.23641572892665863
199  0.23641511797904968
134  0.23641464114189148
230  0.23641298711299896
205  0.23641204833984375
1223  0.2364117056131363
780  0.23640990257263184
695  0.23640987277030945
908  0.23640882968902588
894  0.23640650510787964
1130  0.23640494048595428
352  0.23640179634094238
986  0.23639971017837524
1057  0.2363995760679245
428  0.23639912903308868
961  0.23639869689941406
964  0.2363932728767395
247  0.23639270663261414
518  0.23639212548732758
212  0.23639178276062012
92  0.23639152944087982
132  0.236387699842453
1110  0.236386239528656
637  0.23638486862182617
823  0.23638181388378143
1035  0.23637978732585907
783  0.23637938499450684
960  0.23637768626213074
1275  0.23637765645980835
963  0.23637543618679047
1251  0.23637478053569794
847  0.23637178540229797
798  0.23636724054813385
776  0.23636116087436676
345  0.2363593727350235
788  0.23635581135749817
149  0.23635348677635193
752  0.23635219037532806
699  0.23635122179985046
734  0.2363504320383072
510  0.23634856939315796
749  0.23634816706180573
866  0.23634448647499084
1137  0.23634055256843567
1247  0.2363363653421402
211  0.23633348941802979
1094  0.23633132874965668
832  0.23633024096488953
295  0.2363298088312149
911  0.23632827401161194
303  0.2363268882036209
343  0.23632541298866272
342  0.23631902039051056
830  0.2363184094429016
482  0.23631826043128967
936  0.23631657660007477
928  0.23631241917610168
1088  0.23631176352500916
13  0.23631085455417633
14  0.2363104224205017
380  0.23630832135677338
980  0.23630765080451965
1175  0.23630696535110474
200  0.23630286753177643
1082  0.23629657924175262
1010  0.23629190027713776
1032  0.23629024624824524
1100  0.23628917336463928
891  0.23628878593444824
592  0.23628577589988708
1269  0.23628242313861847
1177  0.2362799197435379
110  0.23627570271492004
663  0.23627538979053497
872  0.2362753301858902
351  0.23627214133739471
308  0.23627129197120667
441  0.23626820743083954
545  0.23626458644866943
317  0.2362627387046814
625  0.236260324716568
395  0.2362586259841919
1152  0.23625701665878296
369  0.23625457286834717
1234  0.2362525463104248
15  0.23625057935714722
855  0.2362469583749771
917  0.23624637722969055
1007  0.23624461889266968
797  0.23624318838119507
860  0.23624233901500702
696  0.23624004423618317
566  0.23623919486999512
387  0.23623855412006378
66  0.2362343966960907
453  0.23623350262641907
808  0.23623226583003998
997  0.2362295538187027
591  0.23622795939445496
556  0.23622359335422516
59  0.23621976375579834
622  0.23621779680252075
161  0.23621173202991486
1050  0.23621152341365814
1055  0.23621129989624023
278  0.23620904982089996
948  0.23620712757110596
874  0.23620635271072388
202  0.23620492219924927
248  0.23619842529296875
194  0.2361980825662613
388  0.23619353771209717
845  0.236191987991333
1191  0.23618730902671814
594  0.23618178069591522
1061  0.2361803948879242
851  0.2361728996038437
257  0.23617087304592133
666  0.2361685335636139
758  0.2361651211977005
712  0.23616304993629456
813  0.23616276681423187
985  0.23616215586662292
439  0.23615768551826477
301  0.23615677654743195
939  0.23615586757659912
1002  0.2361520379781723
784  0.23615092039108276
562  0.23614870011806488
923  0.2361442595720291
949  0.23614013195037842
583  0.23613353073596954
859  0.23613005876541138
309  0.23612681031227112
466  0.23612673580646515
283  0.23612093925476074
966  0.23611924052238464
1173  0.23611561954021454
869  0.23610764741897583
614  0.2361031174659729
919  0.23610253632068634
952  0.23609822988510132
854  0.2360975444316864
1109  0.23609717190265656
1047  0.2360953390598297
19  0.2360929697751999
944  0.23608632385730743
111  0.23608578741550446
581  0.2360852062702179
761  0.23608306050300598
1060  0.23608092963695526
554  0.2360769510269165
461  0.23607516288757324
362  0.23606491088867188
940  0.2360636293888092
641  0.23605816066265106
701  0.23604516685009003
1005  0.2360435128211975
617  0.23604337871074677
573  0.2360391616821289
629  0.2360355257987976
1059  0.23603475093841553
304  0.236032173037529
152  0.23603172600269318
384  0.23602697253227234
876  0.2360231876373291
775  0.2360224574804306
1280  0.23602181673049927
447  0.23601703345775604
55  0.23600932955741882
927  0.23600243031978607
1153  0.23599976301193237
1115  0.2359994798898697
623  0.2359965592622757
962  0.2359965592622757
500  0.23599058389663696
1026  0.2359897792339325
266  0.2359772026538849
570  0.2359733134508133
957  0.23597201704978943
375  0.23596981167793274
916  0.23596976697444916
88  0.23596562445163727
586  0.23596417903900146
924  0.23595081269741058
1034  0.23594854772090912
1132  0.23594103753566742
559  0.23593111336231232
1011  0.2359248399734497
539  0.23592166602611542
920  0.2359163463115692
838  0.2359149158000946
226  0.23590508103370667
401  0.23588523268699646
1138  0.23588281869888306
268  0.2358780950307846
374  0.23587799072265625
357  0.2358730286359787
602  0.2358619123697281
1043  0.23586106300354004
410  0.23585984110832214
355  0.23585358262062073
738  0.23584705591201782
679  0.2358454018831253
270  0.23584413528442383
353  0.2358354926109314
1079  0.2358301877975464
1049  0.23582541942596436
294  0.23581936955451965
1104  0.23581470549106598
443  0.23581454157829285
330  0.23580117523670197
490  0.23578542470932007
582  0.2357708215713501
910  0.2357458621263504
264  0.2357453852891922
885  0.2357245832681656
647  0.2357228845357895
216  0.2356998324394226
217  0.2356855273246765
1081  0.2356589436531067
373  0.23565369844436646
1063  0.2356397658586502
1056  0.23563653230667114
873  0.23563499748706818
956  0.23561535775661469
404  0.2356119453907013
471  0.2355707585811615
756  0.23556755483150482
1096  0.23554179072380066
436  0.2355118691921234
982  0.23551011085510254
1119  0.23545968532562256
684  0.2354489415884018
790  0.2354467511177063
347  0.23544248938560486
474  0.23541778326034546
650  0.23541760444641113
238  0.23535718023777008
836  0.23534798622131348
768  0.23530910909175873
403  0.23528625071048737
314  0.23528271913528442
529  0.23523399233818054
406  0.2350853532552719
1038  0.23501993715763092
1066  0.23492957651615143
484  0.23490116000175476
