35  0.23066549003124237
1292  0.23066087067127228
30  0.23051044344902039
246  0.2304813414812088
402  0.23033906519412994
685  0.2303158938884735
636  0.2302832156419754
632  0.23025940358638763
169  0.23022057116031647
108  0.2302194982767105
230  0.23020850121974945
32  0.23018783330917358
332  0.23017969727516174
1323  0.23009514808654785
936  0.23005419969558716
864  0.23003819584846497
1285  0.23003706336021423
535  0.23001784086227417
194  0.22999782860279083
96  0.22999773919582367
74  0.22999446094036102
933  0.22998595237731934
784  0.2299821972846985
1294  0.22997871041297913
480  0.22997254133224487
375  0.22995859384536743
727  0.22995732724666595
910  0.2299521416425705
640  0.2299501746892929
147  0.22994711995124817
251  0.22993166744709015
378  0.22990968823432922
1255  0.2298835813999176
1406  0.2298746556043625
1127  0.22985656559467316
122  0.22985631227493286
270  0.22985616326332092
796  0.22985565662384033
676  0.2298486828804016
216  0.2298334687948227
948  0.22981150448322296
115  0.22980277240276337
39  0.229797825217247
1214  0.22979490458965302
92  0.22976671159267426
121  0.22976303100585938
296  0.2297629863023758
831  0.22975966334342957
828  0.22975888848304749
1430  0.229750394821167
95  0.2297419160604477
909  0.22972539067268372
82  0.22972416877746582
372  0.22972042858600616
687  0.2297142595052719
724  0.229711651802063
1163  0.22969426214694977
1006  0.22969211637973785
821  0.22968165576457977
144  0.22968117892742157
68  0.22968092560768127
874  0.22967146337032318
776  0.2296689748764038
526  0.22966761887073517
138  0.22966626286506653
570  0.22966012358665466
209  0.22965939342975616
930  0.22965720295906067
699  0.22965149581432343
655  0.22964775562286377
513  0.22964538633823395
151  0.22964388132095337
266  0.22964277863502502
931  0.22964252531528473
26  0.22964151203632355
49  0.22963495552539825
419  0.22963225841522217
99  0.22962939739227295
758  0.2296282947063446
299  0.22962595522403717
578  0.2296258956193924
877  0.22961989045143127
772  0.22961601614952087
1332  0.22961312532424927
1431  0.22961099445819855
1403  0.22960762679576874
286  0.22960251569747925
882  0.22959566116333008
1399  0.22959351539611816
1209  0.22959062457084656
134  0.22957278788089752
203  0.22957248985767365
867  0.2295716255903244
678  0.22956740856170654
762  0.2295658439397812
581  0.2295629382133484
242  0.22956185042858124
326  0.22955745458602905
175  0.22955743968486786
1305  0.22955536842346191
634  0.22954916954040527
838  0.22954650223255157
866  0.22954609990119934
176  0.22954434156417847
1087  0.22954177856445312
1215  0.22954031825065613
475  0.2295360565185547
262  0.22953416407108307
427  0.22953243553638458
641  0.2295302301645279
734  0.2295278161764145
1053  0.22949737310409546
1038  0.2294950783252716
766  0.2294921875
937  0.22949174046516418
905  0.22948908805847168
211  0.22948892414569855
653  0.2294882833957672
824  0.22948621213436127
212  0.22948616743087769
801  0.22947974503040314
938  0.2294788807630539
330  0.22947807610034943
259  0.2294774353504181
672  0.22947447001934052
1119  0.22947019338607788
430  0.22946979105472565
832  0.2294663041830063
457  0.22946582734584808
1212  0.2294594943523407
993  0.2294563353061676
16  0.22945629060268402
1034  0.22945423424243927
1309  0.22945068776607513
1314  0.22944200038909912
201  0.2294393628835678
865  0.22943700850009918
855  0.22943298518657684
363  0.2294251173734665
224  0.22942385077476501
1023  0.22942152619361877
884  0.22942139208316803
737  0.2294209897518158
369  0.22941914200782776
620  0.22941768169403076
323  0.22941672801971436
1199  0.2294146716594696
850  0.22941255569458008
1304  0.22940945625305176
412  0.2294088751077652
215  0.2294057160615921
293  0.22940278053283691
308  0.22940151393413544
60  0.22939945757389069
703  0.22939753532409668
1108  0.22939738631248474
1102  0.22939163446426392
544  0.22939138114452362
562  0.22938671708106995
764  0.2293861359357834
322  0.22938169538974762
103  0.2293781340122223
836  0.22937332093715668
1290  0.22937065362930298
844  0.22936132550239563
105  0.22935937345027924
1268  0.22935456037521362
579  0.2293536514043808
465  0.22935211658477783
252  0.22935140132904053
334  0.22934934496879578
1094  0.22934703528881073
1075  0.2293451726436615
618  0.22934190928936005
452  0.22933965921401978
1380  0.2293366938829422
816  0.22933436930179596
900  0.22933268547058105
780  0.22933192551136017
751  0.22933095693588257
819  0.22932977974414825
746  0.22932909429073334
1183  0.22932656109333038
586  0.22932584583759308
1354  0.22932155430316925
794  0.22931954264640808
536  0.22931744158267975
14  0.22931703925132751
10  0.22931556403636932
261  0.22931498289108276
1296  0.22931300103664398
1351  0.22931231558322906
1448  0.2293120175600052
1302  0.2293059527873993
61  0.2293047457933426
38  0.22930116951465607
608  0.2293010950088501
720  0.22929885983467102
913  0.22929826378822327
871  0.22929449379444122
1088  0.22929327189922333
275  0.2292919158935547
893  0.2292908877134323
1  0.22928985953330994
434  0.229288250207901
76  0.22928324341773987
669  0.22928309440612793
422  0.22928284108638763
626  0.22927707433700562
210  0.22927255928516388
5  0.2292712777853012
600  0.22927050292491913
861  0.22926630079746246
1440  0.22926564514636993
695  0.22926102578639984
1204  0.22925928235054016
649  0.22925551235675812
1320  0.2292521595954895
1287  0.22924789786338806
527  0.22924740612506866
245  0.22924678027629852
33  0.22924411296844482
1419  0.22924354672431946
1150  0.22924163937568665
575  0.22923804819583893
686  0.22923777997493744
352  0.22923697531223297
198  0.22923536598682404
714  0.22923506796360016
462  0.229234516620636
1252  0.2292330116033554
373  0.22923201322555542
1083  0.2292241007089615
1329  0.22922277450561523
15  0.22922073304653168
1232  0.22921966016292572
180  0.22921906411647797
541  0.2292138785123825
705  0.22921311855316162
1237  0.22920767962932587
31  0.22920666635036469
495  0.22920435667037964
946  0.229203000664711
206  0.22920115292072296
200  0.22919920086860657
615  0.2291889786720276
630  0.2291877269744873
234  0.22918561100959778
1147  0.2291850745677948
574  0.22918391227722168
84  0.22918295860290527
174  0.2291829138994217
80  0.22918161749839783
1168  0.2291755974292755
398  0.2291741520166397
964  0.22917412221431732
1131  0.2291727513074875
1116  0.22916874289512634
1369  0.2291669398546219
361  0.229166641831398
377  0.22916632890701294
970  0.2291639745235443
329  0.22916154563426971
54  0.2291606217622757
823  0.22916032373905182
507  0.22915686666965485
662  0.22915589809417725
142  0.22915296256542206
365  0.22915221750736237
566  0.22915096580982208
143  0.22915010154247284
556  0.22915005683898926
890  0.2291492074728012
1412  0.229147806763649
647  0.22914670407772064
20  0.2291460484266281
1321  0.2291443794965744
759  0.22914265096187592
1141  0.2291414439678192
1274  0.22914063930511475
1425  0.22913801670074463
624  0.2291359305381775
289  0.2291351854801178
337  0.22913430631160736
638  0.22913393378257751
158  0.22913257777690887
63  0.22912752628326416
1374  0.22912612557411194
594  0.22912512719631195
306  0.22912465035915375
268  0.22912392020225525
775  0.2291228175163269
1014  0.2291220724582672
622  0.22912107408046722
639  0.22911986708641052
1187  0.2291182577610016
1019  0.22911401093006134
128  0.22911331057548523
597  0.22911302745342255
592  0.22911301255226135
388  0.22911225259304047
1363  0.22911220788955688
1081  0.2291117012500763
58  0.22911100089550018
59  0.2291099578142166
614  0.22910885512828827
692  0.22910824418067932
119  0.22910664975643158
613  0.22910639643669128
833  0.2291058450937271
187  0.22910480201244354
1435  0.22910436987876892
85  0.2291017472743988
394  0.2291000634431839
301  0.22909891605377197
342  0.22909733653068542
1415  0.22909629344940186
885  0.22909313440322876
98  0.2290908247232437
958  0.22909051179885864
1133  0.22908952832221985
635  0.2290874719619751
658  0.22908525168895721
651  0.2290845811367035
66  0.22908417880535126
1449  0.2290833294391632
1230  0.22908252477645874
683  0.22907781600952148
441  0.22907766699790955
694  0.22907522320747375
558  0.22907228767871857
756  0.2290697693824768
674  0.22906959056854248
1124  0.22906853258609772
736  0.2290675789117813
633  0.22906458377838135
1106  0.22905997931957245
177  0.22905699908733368
114  0.22905565798282623
193  0.22905360162258148
1115  0.2290530949831009
891  0.22905275225639343
925  0.2290523201227188
1364  0.22905124723911285
774  0.2290509045124054
1278  0.2290506511926651
397  0.229048490524292
740  0.22904829680919647
471  0.22904759645462036
928  0.22904714941978455
875  0.22904594242572784
742  0.2290424406528473
102  0.22904232144355774
924  0.22904108464717865
741  0.22904019057750702
1114  0.2290375828742981
21  0.22903524339199066
248  0.22903509438037872
56  0.22903268039226532
907  0.2290324866771698
1370  0.2290324866771698
898  0.22903048992156982
90  0.22902972996234894
950  0.2290288358926773
1395  0.22902506589889526
478  0.2290228307247162
671  0.22902248799800873
1284  0.22901788353919983
222  0.22901670634746552
701  0.2290150225162506
40  0.22901475429534912
973  0.22901464998722076
112  0.22901272773742676
529  0.22901268303394318
219  0.22901247441768646
1341  0.22901195287704468
862  0.22900663316249847
1423  0.22900602221488953
747  0.22900332510471344
943  0.22900258004665375
863  0.22900202870368958
313  0.2290014773607254
360  0.22899872064590454
1231  0.22899864614009857
854  0.22899632155895233
146  0.22899527847766876
116  0.22899334132671356
232  0.22899317741394043
609  0.22899241745471954
1001  0.22898772358894348
555  0.22898676991462708
1411  0.22898662090301514
1356  0.22898565232753754
1022  0.22898352146148682
1409  0.22898200154304504
856  0.22898100316524506
604  0.22897844016551971
1372  0.22897782921791077
24  0.22897577285766602
1410  0.2289716750383377
1310  0.22897104918956757
991  0.22897037863731384
814  0.22896920144557953
325  0.22896751761436462
107  0.22896729409694672
50  0.22896641492843628
133  0.22896169126033783
690  0.22896087169647217
380  0.22895774245262146
680  0.22895711660385132
1328  0.22895672917366028
141  0.2289549708366394
903  0.22895489633083344
752  0.2289547473192215
851  0.22895337641239166
607  0.22894877195358276
748  0.2289440780878067
1392  0.22894400358200073
1161  0.22894127666950226
612  0.22893910109996796
878  0.22893892228603363
1018  0.22893837094306946
602  0.22893717885017395
619  0.22893692553043365
835  0.22893677651882172
1420  0.22893449664115906
834  0.22893208265304565
436  0.2289314866065979
267  0.22893117368221283
47  0.22892902791500092
1086  0.2289280742406845
371  0.22892583906650543
263  0.2289234846830368
1138  0.22892163693904877
584  0.22891972959041595
847  0.22891958057880402
401  0.22891943156719208
1082  0.22891144454479218
656  0.22890979051589966
810  0.2289094179868698
305  0.22890834510326385
1191  0.22890768945217133
423  0.2289072871208191
493  0.22890719771385193
787  0.22890274226665497
302  0.22890189290046692
1359  0.22890155017375946
1035  0.2288990020751953
460  0.22889861464500427
792  0.22889642417430878
260  0.2288961410522461
661  0.2288960963487625
44  0.22889457643032074
652  0.22889195382595062
70  0.2288907766342163
791  0.2288902997970581
852  0.22888965904712677
253  0.2288881540298462
1196  0.22888730466365814
453  0.22888530790805817
702  0.228884756565094
22  0.22888177633285522
1291  0.22888116538524628
491  0.2288779616355896
160  0.22887791693210602
1049  0.22887730598449707
1422  0.22887715697288513
488  0.22887375950813293
327  0.22887319326400757
689  0.22887197136878967
967  0.2288714200258255
188  0.22887101769447327
1099  0.22887012362480164
17  0.2288685441017151
474  0.22886796295642853
1078  0.22886766493320465
292  0.22886519134044647
1405  0.22886307537555695
673  0.22885875403881073
1152  0.22885863482952118
41  0.22885724902153015
1228  0.22885243594646454
11  0.22885209321975708
815  0.22885136306285858
1324  0.228849396109581
1443  0.22884908318519592
628  0.22884777188301086
1192  0.22884729504585266
197  0.2288440465927124
682  0.22884394228458405
304  0.22884050011634827
317  0.2288399487733841
839  0.22883976995944977
157  0.2288392037153244
83  0.22883740067481995
331  0.2288370579481125
374  0.22883684933185577
568  0.22883668541908264
1418  0.22883573174476624
1109  0.2288350760936737
1397  0.22883345186710358
190  0.22883237898349762
150  0.22883233428001404
279  0.22883160412311554
1177  0.22883141040802002
1046  0.22883136570453644
1218  0.2288307100534439
28  0.22882875800132751
916  0.22882871329784393
1020  0.2288249433040619
793  0.22882427275180817
1326  0.22882406413555145
753  0.22882184386253357
1130  0.2288215011358261
803  0.2288186252117157
733  0.2288120836019516
1271  0.22881048917770386
869  0.22880752384662628
89  0.22880682349205017
603  0.22880594432353973
560  0.2288048416376114
769  0.22880344092845917
1148  0.22880344092845917
7  0.22880250215530396
1426  0.22880160808563232
542  0.2288004457950592
960  0.22880002856254578
77  0.22879885137081146
786  0.22879870235919952
287  0.22879621386528015
588  0.22878946363925934
1171  0.22878926992416382
1151  0.22878901660442352
2  0.22878232598304749
700  0.22878143191337585
1203  0.22878050804138184
657  0.22878043353557587
284  0.22877918183803558
131  0.22877833247184753
726  0.22877788543701172
101  0.22877755761146545
416  0.22877369821071625
489  0.22877319157123566
1103  0.22877225279808044
1061  0.22877104580402374
983  0.22876974940299988
9  0.22876930236816406
723  0.22876927256584167
951  0.22876855731010437
800  0.228768453001976
205  0.22876766324043274
469  0.22876641154289246
763  0.22876635193824768
1225  0.22876626253128052
120  0.22876212000846863
73  0.22876191139221191
621  0.22876186668872833
696  0.22876116633415222
1436  0.2287607192993164
1226  0.2287604659795761
538  0.22875931859016418
1352  0.2287592738866806
886  0.22875867784023285
589  0.22875797748565674
1349  0.22875791788101196
643  0.22875727713108063
545  0.22875691950321198
1032  0.22875677049160004
1325  0.2287563979625702
1143  0.22875627875328064
1383  0.22874994575977325
1365  0.22874940931797028
806  0.22874832153320312
846  0.22874633967876434
1444  0.22874540090560913
840  0.2287425547838211
196  0.2287411093711853
91  0.22873467206954956
123  0.22873462736606598
167  0.22873416543006897
870  0.22873371839523315
463  0.22873277962207794
876  0.228732168674469
171  0.2287321239709854
1039  0.22873172163963318
782  0.22873163223266602
48  0.22873064875602722
934  0.22872880101203918
939  0.22872641682624817
760  0.2287263423204422
1286  0.22872428596019745
435  0.2287221997976303
496  0.2287186086177826
1068  0.22871725261211395
1245  0.2287156879901886
1160  0.2287154197692871
990  0.228715181350708
659  0.2287122905254364
1442  0.22871221601963043
1072  0.2287103235721588
294  0.22870922088623047
476  0.2287091761827469
148  0.22870832681655884
344  0.22870807349681854
963  0.2287069857120514
531  0.22870688140392303
681  0.22870592772960663
981  0.2287057638168335
72  0.22870129346847534
935  0.22870059311389923
78  0.2287003993988037
1402  0.228700190782547
1010  0.22869889438152313
307  0.22869810461997986
182  0.22869795560836792
1421  0.22869576513767242
424  0.22869570553302765
470  0.22869566082954407
1280  0.2286950647830963
1311  0.2286950647830963
798  0.2286945879459381
132  0.22869451344013214
351  0.22869428992271423
223  0.22869393229484558
1362  0.2286929339170456
1164  0.2286919206380844
1085  0.22868981957435608
502  0.22868970036506653
1256  0.22868777811527252
1135  0.22868697345256805
708  0.22868682444095612
1101  0.22868677973747253
773  0.22868643701076508
783  0.22868533432483673
1140  0.2286851406097412
438  0.22868478298187256
997  0.22868473827838898
1386  0.22868303954601288
367  0.22868229448795319
1366  0.22868193686008453
186  0.2286815494298935
341  0.22867925465106964
214  0.22867292165756226
395  0.2286727875471115
670  0.22867262363433838
229  0.22867177426815033
257  0.2286713719367981
761  0.22867003083229065
362  0.22866863012313843
163  0.22866763174533844
235  0.22866743803024292
1069  0.22866643965244293
12  0.22866640985012054
29  0.22866559028625488
691  0.2286607176065445
155  0.22866025567054749
1330  0.22865863144397736
802  0.22865690290927887
1264  0.22865481674671173
88  0.2286536693572998
1438  0.22865192592144012
955  0.2286512702703476
1065  0.22865092754364014
1050  0.22865059971809387
1331  0.22864852845668793
1358  0.2286456674337387
79  0.22864508628845215
1382  0.2286430299282074
37  0.22864240407943726
959  0.2286422997713089
944  0.22864210605621338
899  0.22864188253879547
707  0.2286415994167328
1216  0.22864100337028503
1132  0.22863762080669403
1194  0.2286372184753418
179  0.22863659262657166
1077  0.22863365709781647
312  0.22863328456878662
1136  0.22863322496414185
533  0.22863028943538666
233  0.22863003611564636
920  0.22862844169139862
51  0.2286282479763031
389  0.22862814366817474
755  0.2286279946565628
129  0.22862765192985535
915  0.2286268025636673
127  0.22862659394741058
567  0.2286258190870285
1126  0.22862555086612701
1261  0.22862514853477478
845  0.2286222130060196
1059  0.22861942648887634
1244  0.2286190241575241
309  0.22861887514591217
1249  0.22861799597740173
1384  0.2286173701286316
202  0.22861523926258087
717  0.22861483693122864
328  0.2286144345998764
265  0.22861403226852417
34  0.2286132425069809
771  0.22861194610595703
258  0.2286100536584854
623  0.22860954701900482
1055  0.22860950231552124
126  0.2286091446876526
295  0.22860895097255707
1414  0.2286086082458496
848  0.22860786318778992
1123  0.2286062091588974
573  0.22860588133335114
1117  0.22860416769981384
1273  0.22860349714756012
52  0.22860261797904968
282  0.2286011278629303
1159  0.22860048711299896
42  0.22859761118888855
486  0.22859659790992737
590  0.2285938262939453
1128  0.2285931557416916
577  0.22859248518943787
81  0.22859066724777222
240  0.22859007120132446
447  0.22858452796936035
779  0.22858378291130066
917  0.22857974469661713
87  0.22857685387134552
985  0.22857606410980225
972  0.22857427597045898
1189  0.22857406735420227
894  0.22857347130775452
781  0.228573277592659
1283  0.2285727709531784
988  0.2285715788602829
62  0.2285713106393814
94  0.2285700887441635
1112  0.22856998443603516
908  0.2285686433315277
464  0.22856773436069489
1157  0.22856445610523224
1391  0.2285643219947815
1222  0.22856365144252777
164  0.22856305539608002
712  0.22856250405311584
166  0.22856101393699646
629  0.2285582274198532
842  0.22855772078037262
722  0.228555828332901
227  0.22855456173419952
1317  0.2285529524087906
300  0.22855259478092194
1181  0.22855044901371002
1367  0.22855006158351898
1353  0.2285498082637787
161  0.22854936122894287
165  0.22854846715927124
335  0.22854313254356384
1026  0.22854208946228027
1040  0.22854165732860565
1206  0.22854112088680267
433  0.22853916883468628
57  0.22853605449199677
1031  0.22853341698646545
921  0.22853271663188934
1355  0.22853252291679382
195  0.22853189706802368
1437  0.22852718830108643
644  0.22852687537670135
911  0.22852589190006256
366  0.22852514684200287
904  0.22852450609207153
895  0.2285228669643402
957  0.22852131724357605
1344  0.22852076590061188
1346  0.22851969301700592
444  0.2285185307264328
18  0.2285175323486328
498  0.22851678729057312
468  0.22851604223251343
159  0.2285146713256836
285  0.22851362824440002
383  0.2285103052854538
269  0.2285098433494568
459  0.2285095900297165
548  0.22850817441940308
53  0.2285076230764389
711  0.22850647568702698
1279  0.228506401181221
668  0.22850565612316132
521  0.22850199043750763
830  0.2285003513097763
27  0.22850008308887482
1000  0.2284996509552002
929  0.2284991592168808
336  0.22849752008914948
236  0.22849686443805695
67  0.22849154472351074
591  0.22849154472351074
1188  0.2284901738166809
448  0.2284860610961914
407  0.22848202288150787
432  0.22848179936408997
1253  0.22848042845726013
281  0.22847849130630493
1047  0.2284765988588333
778  0.2284751534461975
6  0.22847451269626617
1234  0.2284708321094513
316  0.22847072780132294
1111  0.22846871614456177
966  0.22846819460391998
961  0.22846445441246033
1100  0.22846345603466034
1121  0.22846321761608124
849  0.2284601777791977
357  0.22845947742462158
809  0.228458434343338
883  0.22845828533172607
237  0.2284579873085022
811  0.2284565418958664
178  0.2284528613090515
392  0.2284524291753769
256  0.2284517139196396
350  0.2284504622220993
111  0.22844932973384857
1170  0.228447824716568
386  0.2284468412399292
349  0.2284458875656128
338  0.22844558954238892
627  0.22844499349594116
1339  0.22844499349594116
1368  0.22844409942626953
965  0.22844377160072327
978  0.22844354808330536
140  0.22844091057777405
1048  0.2284383475780487
418  0.22843673825263977
697  0.22843563556671143
1337  0.22843559086322784
71  0.22843533754348755
1265  0.22843462228775024
277  0.22843407094478607
704  0.228433296084404
1258  0.228433296084404
996  0.22843240201473236
745  0.2284313142299652
55  0.2284301072359085
715  0.22842812538146973
563  0.2284264862537384
400  0.22842590510845184
1011  0.2284245640039444
646  0.228422150015831
926  0.228422150015831
156  0.2284199595451355
1340  0.22841961681842804
994  0.22841760516166687
858  0.22841593623161316
170  0.22841404378414154
384  0.22841331362724304
1446  0.22841285169124603
1156  0.2284104824066162
1394  0.2284102588891983
754  0.22840896248817444
1288  0.22840747237205505
1378  0.22840702533721924
135  0.22840628027915955
220  0.22840601205825806
185  0.22840511798858643
977  0.22840319573879242
922  0.22840189933776855
379  0.2284006029367447
807  0.22839978337287903
1056  0.22839871048927307
914  0.22839821875095367
192  0.22839699685573578
593  0.2283967286348343
456  0.228395476937294
1248  0.22839516401290894
409  0.22839230298995972
173  0.22839179635047913
243  0.2283877432346344
677  0.22838743031024933
605  0.22838737070560455
449  0.22838646173477173
710  0.22838540375232697
183  0.2283846139907837
1210  0.22838081419467926
524  0.22838015854358673
698  0.22837941348552704
1139  0.22837822139263153
789  0.22837743163108826
974  0.22837510704994202
1429  0.22837483882904053
356  0.22837398946285248
1146  0.22837218642234802
1401  0.22837164998054504
731  0.2283671349287033
572  0.22836539149284363
393  0.22836460173130035
1125  0.22836226224899292
497  0.2283620834350586
303  0.22836188971996307
130  0.22836174070835114
1379  0.2283589243888855
454  0.2283586710691452
244  0.22835847735404968
511  0.22835616767406464
283  0.22835293412208557
1229  0.22835107147693634
1322  0.2283494472503662
492  0.22834709286689758
1247  0.22834475338459015
314  0.22834450006484985
583  0.2283429056406021
617  0.2283407300710678
420  0.22833962738513947
1404  0.22833868861198425
100  0.22833794355392456
881  0.22833691537380219
654  0.22833645343780518
829  0.22833600640296936
532  0.22833508253097534
1007  0.22833460569381714
1417  0.22833453118801117
587  0.2283332198858261
642  0.22833316028118134
517  0.22833162546157837
1043  0.2283313274383545
739  0.22832611203193665
437  0.22832456231117249
888  0.22832424938678741
818  0.22832292318344116
1319  0.22831974923610687
264  0.22831924259662628
226  0.2283191978931427
1393  0.22831735014915466
8  0.22831586003303528
1027  0.2283145785331726
23  0.22831429541110992
247  0.22831420600414276
482  0.2283141314983368
1281  0.2283129096031189
1073  0.22831176221370697
417  0.22831134498119354
897  0.228310689330101
1186  0.228310689330101
706  0.22830815613269806
901  0.2283080667257309
987  0.22830677032470703
1044  0.2283051311969757
663  0.22830209136009216
1009  0.22830119729042053
530  0.2282996028661728
152  0.22829769551753998
1433  0.22829653322696686
1308  0.22829550504684448
735  0.22829526662826538
880  0.2282951921224594
887  0.22829468548297882
494  0.2282940000295639
520  0.22829356789588928
208  0.22829070687294006
339  0.2282906174659729
272  0.2282884269952774
75  0.22828730940818787
106  0.228285551071167
945  0.228285551071167
250  0.22828370332717896
631  0.2282823622226715
425  0.22827979922294617
857  0.2282784879207611
1313  0.22827762365341187
528  0.22827476263046265
1350  0.2282739132642746
413  0.22827371954917908
1080  0.22827187180519104
403  0.2282712310552597
804  0.22826974093914032
534  0.22826671600341797
808  0.22826507687568665
1282  0.22826457023620605
896  0.2282608151435852
728  0.2282593995332718
1024  0.2282542884349823
1174  0.22825418412685394
554  0.2282526046037674
949  0.22825023531913757
319  0.22824864089488983
599  0.22824862599372864
297  0.22824475169181824
1197  0.2282436490058899
109  0.2282426655292511
1071  0.22824186086654663
1028  0.22823898494243622
666  0.22823645174503326
145  0.22823461890220642
1198  0.2282344102859497
1217  0.22823254764080048
1098  0.228232279419899
445  0.22823083400726318
3  0.22823049128055573
280  0.22822940349578857
1097  0.2282281070947647
1002  0.22822284698486328
505  0.2282225489616394
298  0.2282211035490036
976  0.22822028398513794
822  0.2282174825668335
154  0.2282167375087738
1054  0.22821658849716187
324  0.228211909532547
1376  0.2282048612833023
168  0.2282039225101471
273  0.228202223777771
1067  0.2282020002603531
1277  0.2282002866268158
1211  0.22819845378398895
1134  0.22819775342941284
797  0.22819718718528748
601  0.2281971126794815
537  0.2281944304704666
1190  0.22819289565086365
1176  0.22819216549396515
86  0.22819194197654724
461  0.22819125652313232
458  0.228188619017601
1262  0.22818604111671448
414  0.2281857579946518
1096  0.22818413376808167
1193  0.2281840592622757
364  0.22818265855312347
355  0.22818198800086975
1257  0.2281809002161026
750  0.2281789630651474
919  0.22817762196063995
225  0.2281769961118698
473  0.22817616164684296
1327  0.2281748652458191
932  0.22817431390285492
1307  0.2281646430492401
1016  0.22816334664821625
1361  0.22815629839897156
1015  0.22815465927124023
484  0.22815316915512085
1300  0.22815123200416565
1385  0.22815093398094177
1051  0.2281508892774582
1105  0.22814877331256866
354  0.22814816236495972
184  0.22814691066741943
1175  0.22814691066741943
576  0.22814682126045227
1052  0.22814443707466125
744  0.22814325988292694
276  0.22813817858695984
1118  0.22813738882541656
543  0.22813649475574493
93  0.22813482582569122
1104  0.2281307876110077
1185  0.22812959551811218
889  0.22812780737876892
1172  0.22812388837337494
320  0.22812338173389435
1205  0.22812259197235107
1240  0.22812184691429138
65  0.22812049090862274
515  0.22812049090862274
387  0.22811760008335114
1208  0.2281145304441452
472  0.22811435163021088
139  0.22811371088027954
467  0.22811296582221985
271  0.22811192274093628
595  0.2281106859445572
1333  0.22811008989810944
1428  0.22810663282871246
1025  0.22810471057891846
942  0.22810277342796326
1413  0.22810131311416626
490  0.22809840738773346
719  0.22809815406799316
1347  0.22809763252735138
333  0.22809456288814545
902  0.22809427976608276
927  0.22809411585330963
340  0.2280934453010559
1144  0.22809094190597534
1004  0.22809013724327087
1334  0.22808612883090973
290  0.22808508574962616
239  0.22808445990085602
1180  0.2280779331922531
1318  0.22807089984416962
487  0.22806890308856964
827  0.22806885838508606
757  0.22806400060653687
1236  0.22806303203105927
1045  0.22806209325790405
1021  0.22806188464164734
431  0.22806037962436676
485  0.22805938124656677
125  0.22805878520011902
512  0.22805878520011902
346  0.2280532866716385
1275  0.22805090248584747
45  0.22805078327655792
376  0.22804956138134003
785  0.22804798185825348
1298  0.22804680466651917
1301  0.22804678976535797
1017  0.22804564237594604
1360  0.22804325819015503
1345  0.2280423790216446
1167  0.22804048657417297
199  0.22804033756256104
1432  0.2280394732952118
743  0.22803820669651031
231  0.22803640365600586
610  0.22803503274917603
557  0.22803395986557007
770  0.22803066670894623
439  0.22802908718585968
104  0.22802819311618805
390  0.22802734375
998  0.22802715003490448
19  0.228026881814003
569  0.22802674770355225
1223  0.2280265837907791
370  0.22802630066871643
118  0.2280239313840866
660  0.2280203104019165
954  0.2280181497335434
483  0.22801707684993744
64  0.22801683843135834
561  0.22801651060581207
213  0.2280157208442688
1335  0.22801482677459717
249  0.2280140370130539
559  0.22801326215267181
218  0.22801008820533752
1122  0.2280087023973465
411  0.22800691425800323
4  0.22800686955451965
1377  0.22800473868846893
777  0.2280040979385376
1165  0.2280029058456421
1416  0.22800226509571075
426  0.22800032794475555
1200  0.22799769043922424
1348  0.2279965877532959
1224  0.22799518704414368
1149  0.22799517214298248
995  0.22799305617809296
637  0.22799165546894073
820  0.22799088060855865
1173  0.22798894345760345
136  0.22798871994018555
181  0.22798863053321838
648  0.22798804938793182
709  0.22798804938793182
408  0.22798800468444824
406  0.22798709571361542
1375  0.22798539698123932
421  0.22798430919647217
718  0.22798322141170502
405  0.2279825508594513
1153  0.22798138856887817
1008  0.22798101603984833
730  0.2279781848192215
43  0.22797799110412598
679  0.22797667980194092
153  0.2279757410287857
477  0.2279750406742096
918  0.22797194123268127
729  0.22797036170959473
582  0.22796832025051117
69  0.2279682606458664
667  0.2279682606458664
1447  0.22796790301799774
980  0.22796288132667542
238  0.22796112298965454
1057  0.22796067595481873
1251  0.2279595285654068
664  0.22795899212360382
1221  0.22795724868774414
564  0.22795575857162476
428  0.22795549035072327
25  0.22795313596725464
1066  0.22794701159000397
837  0.22794614732265472
606  0.22794540226459503
986  0.22794479131698608
36  0.22794434428215027
353  0.22794325649738312
969  0.22794173657894135
565  0.22793614864349365
516  0.2279359996318817
162  0.22793373465538025
999  0.227932870388031
288  0.22793246805667877
665  0.2279311865568161
984  0.22793114185333252
975  0.22793012857437134
716  0.2279283106327057
1389  0.22792483866214752
1213  0.2279244065284729
501  0.22792254388332367
906  0.2279224395751953
879  0.22792227566242218
1162  0.2279152274131775
1107  0.2279147356748581
1235  0.2279146909713745
1013  0.227914497256279
1029  0.2279125154018402
525  0.22791241109371185
767  0.22791121900081635
1091  0.2279101312160492
749  0.22790542244911194
1387  0.22790347039699554
1169  0.2279013693332672
1427  0.2279006689786911
860  0.22789829969406128
1445  0.22789786756038666
1390  0.2278965562582016
1254  0.22789591550827026
347  0.2278926968574524
713  0.2278909683227539
952  0.2278890758752823
318  0.22788694500923157
519  0.22788633406162262
1003  0.2278853952884674
348  0.2278795689344406
1202  0.22787897288799286
149  0.22787892818450928
113  0.22787754237651825
274  0.22787462174892426
551  0.22787383198738098
539  0.22786785662174225
1343  0.22786769270896912
1303  0.22786568105220795
868  0.2278650403022766
1076  0.22785337269306183
110  0.22785213589668274
368  0.22785167396068573
172  0.2278503030538559
1220  0.2278483510017395
221  0.22784782946109772
46  0.227843776345253
1070  0.22784049808979034
940  0.22783778607845306
738  0.22783060371875763
1063  0.22783005237579346
1154  0.22782926261425018
1315  0.22782674431800842
1388  0.22782649099826813
547  0.22782523930072784
1155  0.22782523930072784
204  0.22782082855701447
391  0.22782045602798462
1242  0.22781947255134583
1092  0.2278134524822235
552  0.22781150043010712
596  0.22781065106391907
765  0.22780850529670715
1012  0.22779887914657593
1398  0.22779817879199982
137  0.2277977168560028
1219  0.22779244184494019
506  0.22777704894542694
1250  0.22777700424194336
522  0.22777464985847473
455  0.22777141630649567
725  0.22777028381824493
345  0.22776897251605988
923  0.22776584327220917
992  0.227761372923851
1241  0.2277512103319168
1062  0.22775083780288696
385  0.22775058448314667
549  0.22775039076805115
1267  0.22774969041347504
311  0.22774668037891388
1120  0.22774124145507812
546  0.22773921489715576
1145  0.22773787379264832
732  0.2277371883392334
1243  0.2277311235666275
1299  0.22772864997386932
1297  0.22772639989852905
853  0.2277255356311798
982  0.2277243286371231
1195  0.22772404551506042
189  0.22772224247455597
310  0.2277207374572754
873  0.22771699726581573
1295  0.22771643102169037
1178  0.22771517932415009
1312  0.2277151197195053
1272  0.22771206498146057
550  0.22771188616752625
207  0.2277081459760666
442  0.22770453989505768
650  0.22770008444786072
1179  0.22770008444786072
1030  0.22769860923290253
510  0.22769767045974731
616  0.22769707441329956
1095  0.22769294679164886
1434  0.22768080234527588
912  0.2276751548051834
813  0.22767463326454163
450  0.2276664674282074
217  0.22766585648059845
124  0.2276538759469986
321  0.22764956951141357
117  0.22764931619167328
1266  0.22764912247657776
979  0.22764810919761658
429  0.2276478409767151
1381  0.22764720022678375
1005  0.22763973474502563
1276  0.22763793170452118
1089  0.2276374101638794
812  0.2276310920715332
1407  0.22762955725193024
315  0.2276279479265213
1182  0.22762589156627655
228  0.2276197224855423
1058  0.22761695086956024
1090  0.22761622071266174
1084  0.22761087119579315
410  0.22760996222496033
504  0.22760961949825287
1293  0.2276085615158081
1316  0.22760485112667084
598  0.22760450839996338
1338  0.22760331630706787
518  0.22759975492954254
415  0.22759956121444702
795  0.2275971919298172
1342  0.2275950163602829
254  0.22759370505809784
1246  0.22758805751800537
684  0.22758395969867706
523  0.22758153080940247
1260  0.2275802493095398
1227  0.22757409512996674
953  0.22757165133953094
359  0.22755897045135498
191  0.2275465726852417
1441  0.22753837704658508
645  0.22753658890724182
503  0.22753451764583588
399  0.2275306135416031
97  0.227530375123024
571  0.2275284230709076
956  0.22752228379249573
799  0.22751688957214355
962  0.22751674056053162
553  0.22751232981681824
1371  0.22750021517276764
1033  0.22749988734722137
1037  0.22749894857406616
1142  0.2274855524301529
500  0.22748525440692902
1064  0.2274821400642395
481  0.22748051583766937
1036  0.22747869789600372
892  0.22747769951820374
1259  0.2274741530418396
805  0.22747038304805756
872  0.22746887803077698
675  0.22746127843856812
291  0.2274603396654129
843  0.22745880484580994
1060  0.22745120525360107
1289  0.2274506688117981
1093  0.22744987905025482
841  0.22744876146316528
1137  0.22744733095169067
1158  0.22744637727737427
1269  0.22743023931980133
1439  0.22742772102355957
721  0.22742030024528503
466  0.22741085290908813
443  0.2274063229560852
540  0.22739773988723755
1270  0.22739426791667938
381  0.2273859977722168
241  0.2273787558078766
768  0.22737762331962585
382  0.22737687826156616
440  0.22736722230911255
826  0.22736209630966187
941  0.2273566871881485
1400  0.2273535132408142
446  0.22734221816062927
514  0.2273363620042801
1074  0.22733350098133087
1336  0.2273317277431488
343  0.2273126095533371
1396  0.22728964686393738
508  0.2272791713476181
968  0.2272740751504898
1129  0.22727003693580627
1357  0.22725984454154968
278  0.22725698351860046
1201  0.22725170850753784
825  0.2272462546825409
817  0.22724206745624542
580  0.22724157571792603
989  0.22722585499286652
13  0.22721946239471436
859  0.22721783816814423
1166  0.2272135466337204
688  0.22719494998455048
1239  0.227191761136055
1110  0.227186381816864
1373  0.22718113660812378
1079  0.2271805703639984
451  0.22717687487602234
1424  0.2271765023469925
971  0.22716711461544037
585  0.22716251015663147
1306  0.22715836763381958
255  0.22715827822685242
947  0.22713617980480194
611  0.2271074801683426
1184  0.22709909081459045
1238  0.22706004977226257
693  0.22705385088920593
499  0.22704756259918213
1408  0.22703610360622406
358  0.22701629996299744
790  0.22696538269519806
1113  0.22696439921855927
479  0.22696366906166077
1041  0.22695647180080414
1207  0.2268744856119156
1263  0.22686779499053955
509  0.22686560451984406
788  0.22664940357208252
404  0.22658871114253998
1233  0.22649383544921875
625  0.22648657858371735
1042  0.22645218670368195
396  0.22637106478214264
