853  0.15386509895324707
796  0.15369883179664612
116  0.153574138879776
971  0.15351128578186035
310  0.15350645780563354
919  0.15349897742271423
719  0.1534641832113266
738  0.1534305214881897
1290  0.15342827141284943
1268  0.1534246802330017
866  0.1534215211868286
1090  0.15341854095458984
464  0.15334652364253998
1170  0.15334518253803253
780  0.1533270627260208
1593  0.1533055603504181
1075  0.15330135822296143
791  0.15329058468341827
485  0.15328936278820038
551  0.15328113734722137
1017  0.15325288474559784
1517  0.15324090421199799
1165  0.15323902666568756
873  0.15323753654956818
1562  0.1532348394393921
1209  0.15323086082935333
1378  0.15322154760360718
809  0.1532120704650879
900  0.15321125090122223
1306  0.15320338308811188
1616  0.15320292115211487
665  0.15319710969924927
1140  0.1531902700662613
973  0.15317721664905548
892  0.1531728357076645
865  0.15315279364585876
148  0.15314152836799622
841  0.15313971042633057
1532  0.15313434600830078
126  0.15313392877578735
303  0.1531338393688202
1190  0.15312494337558746
1031  0.15312093496322632
947  0.15311896800994873
204  0.15310247242450714
1305  0.1531008630990982
785  0.15309903025627136
1070  0.15309837460517883
1044  0.15309745073318481
249  0.15309716761112213
38  0.1530863493680954
480  0.15308499336242676
864  0.1530836969614029
224  0.15307167172431946
92  0.15306593477725983
1468  0.1530621498823166
673  0.15305739641189575
1406  0.1530522257089615
1049  0.15304487943649292
672  0.15304382145404816
798  0.15303799510002136
1350  0.15303796529769897
1224  0.15303625166416168
706  0.15303385257720947
1007  0.1530318260192871
856  0.15303149819374084
1171  0.15302522480487823
247  0.15302254259586334
1333  0.15301629900932312
958  0.15300516784191132
299  0.1530032455921173
1206  0.15300320088863373
484  0.15299853682518005
1061  0.15299466252326965
31  0.1529938280582428
1100  0.15299300849437714
1128  0.15299277007579803
381  0.1529906839132309
929  0.15298143029212952
1464  0.15297770500183105
1245  0.15297552943229675
1371  0.15297241508960724
1393  0.15297019481658936
441  0.15296895802021027
1158  0.15296515822410583
647  0.15296246111392975
1153  0.15296193957328796
16  0.1529582142829895
1068  0.15295369923114777
855  0.1529523730278015
264  0.1529497504234314
1295  0.1529485583305359
35  0.15294800698757172
771  0.1529466211795807
508  0.15294542908668518
646  0.15293510258197784
641  0.15293291211128235
972  0.1529313027858734
678  0.15292581915855408
471  0.15292267501354218
1021  0.15291891992092133
273  0.15291514992713928
1352  0.15291503071784973
1640  0.15291434526443481
712  0.15290795266628265
726  0.15290527045726776
1705  0.152898907661438
1192  0.15289662778377533
19  0.15289348363876343
903  0.15289239585399628
1564  0.15289205312728882
24  0.15289074182510376
447  0.15289030969142914
196  0.15288710594177246
1270  0.15288196504116058
1107  0.15287819504737854
1698  0.15287569165229797
713  0.1528620719909668
763  0.15286193788051605
368  0.15286043286323547
1016  0.15285934507846832
177  0.15285560488700867
776  0.1528540700674057
1185  0.15284812450408936
372  0.15284648537635803
42  0.15284475684165955
502  0.1528419405221939
1204  0.15284046530723572
980  0.15283910930156708
153  0.15283815562725067
1137  0.15283356606960297
1151  0.1528279334306717
934  0.15282617509365082
1639  0.152825266122818
374  0.1528247445821762
283  0.1528230607509613
28  0.15282203257083893
1447  0.15282194316387177
1149  0.15281808376312256
200  0.1528133898973465
1186  0.1528128683567047
815  0.15281276404857635
225  0.15281221270561218
1606  0.15281200408935547
1726  0.15280592441558838
123  0.1528051197528839
1361  0.15280455350875854
1677  0.15280379354953766
840  0.15280315279960632
40  0.15280209481716156
1180  0.15280166268348694
694  0.15279938280582428
966  0.15279701352119446
940  0.1527954638004303
1066  0.1527920514345169
1735  0.15279173851013184
1213  0.15279090404510498
1547  0.15279051661491394
982  0.1527894288301468
1572  0.15278871357440948
1650  0.15278500318527222
395  0.15278244018554688
14  0.15277539193630219
721  0.15277381241321564
1301  0.15277065336704254
344  0.15276867151260376
1499  0.1527685523033142
597  0.15276512503623962
986  0.15276412665843964
820  0.15276047587394714
538  0.15275998413562775
1308  0.15275971591472626
677  0.15275925397872925
197  0.15275904536247253
975  0.15275800228118896
468  0.15275754034519196
1711  0.15275442600250244
1156  0.15275315940380096
88  0.15275108814239502
385  0.15274928510189056
687  0.15274623036384583
1700  0.15274253487586975
78  0.15274085104465485
1313  0.15273705124855042
860  0.15273472666740417
1059  0.15273131430149078
1048  0.15273107588291168
654  0.15272904932498932
1142  0.1527271419763565
378  0.15272685885429382
746  0.15272632241249084
168  0.15272624790668488
155  0.152720108628273
1544  0.15271900594234467
1585  0.1527182012796402
1524  0.1527167707681656
274  0.15271426737308502
1503  0.1527099907398224
159  0.15270991623401642
1150  0.15270882844924927
338  0.15270814299583435
1099  0.1527027040719986
1124  0.15269896388053894
1614  0.15269863605499268
1389  0.15269744396209717
286  0.15269456803798676
1074  0.15269222855567932
540  0.15269210934638977
769  0.15269197523593903
1559  0.15268917381763458
880  0.1526852250099182
1168  0.15267953276634216
737  0.15267807245254517
1395  0.1526772677898407
388  0.15267640352249146
1309  0.15267270803451538
885  0.15267255902290344
1533  0.1526709794998169
945  0.15267083048820496
964  0.1526673436164856
790  0.15266655385494232
1372  0.15266601741313934
725  0.15266317129135132
691  0.1526629775762558
959  0.15266253054141998
347  0.1526610255241394
109  0.152659609913826
816  0.15265929698944092
1062  0.15265902876853943
1219  0.15265585482120514
703  0.15265454351902008
718  0.15265405178070068
1114  0.15265320241451263
1538  0.15265315771102905
43  0.15265192091464996
1703  0.15265025198459625
1228  0.15264984965324402
139  0.15264759957790375
406  0.15264436602592468
106  0.15264412760734558
243  0.15264222025871277
1654  0.152642160654068
305  0.15264065563678741
1211  0.15264034271240234
55  0.15263725817203522
137  0.15263570845127106
496  0.15263529121875763
1459  0.15263330936431885
1596  0.15263324975967407
748  0.15263286232948303
804  0.15263117849826813
1014  0.15263016521930695
732  0.15262869000434875
1281  0.15262825787067413
981  0.15262563526630402
1680  0.15262530744075775
600  0.15262453258037567
1759  0.1526239812374115
733  0.15262384712696075
1097  0.15262190997600555
596  0.152621328830719
1162  0.15262052416801453
931  0.15261812508106232
1146  0.15261586010456085
1197  0.1526149958372116
1096  0.15261444449424744
740  0.152614027261734
89  0.15261198580265045
1587  0.1526118963956833
1481  0.15261173248291016
68  0.1526108980178833
911  0.1526062786579132
879  0.15260589122772217
211  0.15260247886180878
1280  0.15260247886180878
1669  0.15260082483291626
1234  0.15260069072246552
1501  0.15260066092014313
1461  0.15259699523448944
1627  0.1525951772928238
933  0.152594193816185
867  0.1525937169790268
22  0.15259283781051636
775  0.1525905281305313
173  0.1525893211364746
616  0.1525866985321045
421  0.15258663892745972
1686  0.15258660912513733
52  0.1525864154100418
1453  0.15258553624153137
751  0.15258288383483887
643  0.1525820940732956
1105  0.1525806188583374
1200  0.15257985889911652
872  0.15257945656776428
749  0.15257902443408966
862  0.15257883071899414
1663  0.15257813036441803
1041  0.15257790684700012
1715  0.15257784724235535
1133  0.15257661044597626
171  0.15257537364959717
1409  0.1525750458240509
442  0.152574822306633
870  0.15257464349269867
1225  0.15257303416728973
336  0.1525721698999405
250  0.1525702178478241
1621  0.15256750583648682
1645  0.15256650745868683
1035  0.15256163477897644
1768  0.1525615155696869
179  0.15255744755268097
1054  0.15255630016326904
1181  0.15255630016326904
837  0.15255451202392578
268  0.15255309641361237
411  0.15255138278007507
730  0.15255124866962433
623  0.1525491178035736
48  0.15254905819892883
1479  0.15254761278629303
76  0.1525467038154602
1492  0.15254567563533783
1132  0.15254342555999756
1036  0.15254320204257965
59  0.1525411605834961
1661  0.15254049003124237
765  0.15254025161266327
878  0.15254010260105133
132  0.15253973007202148
157  0.15253950655460358
429  0.15253925323486328
1178  0.15253907442092896
343  0.15253803133964539
216  0.15253600478172302
681  0.15253491699695587
158  0.1525336503982544
1246  0.15253157913684845
62  0.15252986550331116
184  0.15252764523029327
53  0.1525270938873291
29  0.15252594649791718
1526  0.1525251418352127
1183  0.15252427756786346
23  0.1525242030620575
1294  0.15252405405044556
1065  0.15252326428890228
45  0.15252171456813812
493  0.15252165496349335
717  0.1525210291147232
985  0.15251880884170532
1563  0.152518630027771
1637  0.15251851081848145
1636  0.15251849591732025
415  0.15251755714416504
27  0.15251624584197998
1144  0.15251624584197998
978  0.1525159776210785
1422  0.1525130420923233
487  0.15250638127326965
501  0.15250636637210846
625  0.15250587463378906
595  0.15250544250011444
692  0.15250445902347565
308  0.15250414609909058
1651  0.152499258518219
1496  0.15249666571617126
145  0.15249626338481903
848  0.15249599516391754
226  0.1524909883737564
1475  0.15249019861221313
941  0.15249012410640717
708  0.15248841047286987
1282  0.15248717367649078
968  0.15248702466487885
416  0.1524858921766281
589  0.15248477458953857
1623  0.15248320996761322
754  0.15248261392116547
193  0.15248246490955353
1252  0.15248219668865204
689  0.15248218178749084
756  0.15248186886310577
1345  0.15247809886932373
542  0.15247534215450287
57  0.15247386693954468
54  0.15247346460819244
1064  0.15247125923633575
1084  0.15247023105621338
1060  0.1524701565504074
70  0.1524675339460373
549  0.15246440470218658
640  0.15246425569057465
410  0.15246066451072693
953  0.15246038138866425
709  0.15246035158634186
215  0.15245971083641052
1098  0.1524585634469986
1445  0.152455136179924
949  0.15245285630226135
7  0.15245220065116882
199  0.15245123207569122
998  0.1524503231048584
175  0.1524481475353241
812  0.15244781970977783
1429  0.1524473875761032
1418  0.15244439244270325
1177  0.1524440199136734
1609  0.15244272351264954
1262  0.1524423509836197
1028  0.15244165062904358
930  0.1524408608675003
559  0.15244047343730927
799  0.15243913233280182
896  0.1524379700422287
1081  0.15243737399578094
814  0.15243688225746155
759  0.15243680775165558
246  0.15243659913539886
324  0.15243591368198395
1025  0.15243424475193024
698  0.15243420004844666
1118  0.1524333655834198
1000  0.15243233740329742
553  0.15243183076381683
757  0.15242871642112732
684  0.15242768824100494
297  0.152427077293396
174  0.15242701768875122
102  0.1524258553981781
622  0.1524248570203781
957  0.15242448449134827
1043  0.1524239033460617
221  0.15242353081703186
30  0.1524234116077423
1343  0.15242227911949158
67  0.15242218971252441
871  0.1524217575788498
876  0.15241952240467072
219  0.15241703391075134
1570  0.1524147391319275
390  0.1524139940738678
778  0.1524130403995514
956  0.15241225063800812
627  0.15241122245788574
1341  0.15241093933582306
1239  0.15241052210330963
1754  0.15240980684757233
257  0.15240953862667084
1112  0.15240447223186493
149  0.15240269899368286
495  0.15240143239498138
898  0.15240143239498138
591  0.1524008810520172
1634  0.15240080654621124
499  0.15240032970905304
233  0.15240007638931274
1015  0.15239962935447693
146  0.15239712595939636
12  0.15239708125591278
1261  0.1523968130350113
696  0.15239493548870087
380  0.15239405632019043
700  0.15239359438419342
1340  0.15238985419273376
617  0.15238945186138153
1013  0.15238797664642334
1747  0.1523878574371338
1513  0.15238763391971588
753  0.15238714218139648
1216  0.15238672494888306
1260  0.1523861438035965
330  0.15238572657108307
1365  0.152382493019104
379  0.15238140523433685
514  0.152381032705307
1556  0.15238045156002045
657  0.15237906575202942
1490  0.1523783802986145
1136  0.1523779332637787
808  0.15237779915332794
1329  0.15237677097320557
183  0.1523742377758026
874  0.1523740589618683
1210  0.152373269200325
710  0.15237167477607727
727  0.1523711383342743
104  0.1523703783750534
418  0.15237033367156982
782  0.1523693948984146
1416  0.1523687243461609
566  0.15236851572990417
1472  0.15236760675907135
1288  0.15236738324165344
1557  0.15236708521842957
1542  0.15236586332321167
613  0.15236492455005646
1534  0.15236425399780273
1717  0.15236403048038483
1511  0.1523633897304535
539  0.1523604393005371
295  0.15236036479473114
747  0.1523600071668625
1473  0.1523592472076416
285  0.15235865116119385
824  0.1523580700159073
154  0.15235395729541779
1569  0.15235276520252228
1751  0.15235190093517303
1263  0.15235121548175812
760  0.15234914422035217
811  0.15234851837158203
164  0.15234842896461487
1423  0.15234798192977905
1699  0.152347594499588
1342  0.15234586596488953
531  0.1523454785346985
1287  0.1523454338312149
1092  0.1523452252149582
634  0.15234406292438507
253  0.1523435264825821
1085  0.15234334766864777
1560  0.15234115719795227
1336  0.15234071016311646
366  0.15234050154685974
970  0.152340367436409
1167  0.15234027802944183
768  0.15234002470970154
1174  0.15233851969242096
75  0.15233799815177917
490  0.15233787894248962
1695  0.15233752131462097
818  0.15233629941940308
1111  0.1523362696170807
49  0.1523323655128479
1063  0.1523316353559494
1057  0.15232986211776733
1690  0.1523292064666748
1221  0.15232901275157928
1077  0.1523272544145584
1293  0.15232521295547485
41  0.15232506394386292
550  0.15232492983341217
1641  0.15232467651367188
1159  0.15232433378696442
451  0.15232405066490173
1002  0.15232399106025696
1241  0.15232369303703308
445  0.15232206881046295
984  0.1523214727640152
639  0.15231864154338837
1237  0.1523181051015854
1740  0.152316614985466
937  0.1523161679506302
1497  0.15231601893901825
918  0.1523129642009735
1187  0.152310311794281
90  0.15230955183506012
1055  0.1523091048002243
481  0.15230874717235565
1220  0.1523081660270691
1088  0.1523071676492691
939  0.15230673551559448
182  0.1523059904575348
669  0.15230435132980347
731  0.15230277180671692
1424  0.1523013412952423
783  0.15230049192905426
588  0.15229685604572296
1012  0.15229609608650208
136  0.15229585766792297
761  0.1522950977087021
904  0.15229465067386627
296  0.1522945761680603
1476  0.1522941142320633
1258  0.1522940993309021
398  0.15229393541812897
1011  0.15229332447052002
537  0.1522921472787857
1753  0.1522904634475708
472  0.15229016542434692
1004  0.15228699147701263
304  0.15228617191314697
1364  0.15228553116321564
743  0.15228523313999176
432  0.15228475630283356
858  0.15228405594825745
1030  0.15228372812271118
724  0.15228261053562164
1426  0.15228211879730225
784  0.15228205919265747
188  0.1522798389196396
1659  0.15227966010570526
326  0.15227937698364258
272  0.1522786170244217
25  0.15227822959423065
827  0.15227779746055603
557  0.15227660536766052
1518  0.1522732675075531
46  0.15227308869361877
1704  0.15227273106575012
450  0.15227185189723969
483  0.15227146446704865
1691  0.15227115154266357
1722  0.1522708535194397
1419  0.1522698551416397
1018  0.15226946771144867
1160  0.15226911008358002
1512  0.1522674560546875
435  0.15226738154888153
1516  0.15226712822914124
1042  0.15226492285728455
1404  0.15226423740386963
278  0.15226414799690247
607  0.1522640585899353
716  0.15225987136363983
1103  0.15225808322429657
1566  0.15225668251514435
1236  0.15225505828857422
1283  0.15225417912006378
1643  0.1522538959980011
1271  0.15225349366664886
1233  0.15225189924240112
1027  0.1522514671087265
1173  0.15225112438201904
1253  0.1522502899169922
1302  0.152248352766037
292  0.1522471010684967
241  0.1522466093301773
990  0.15224634110927582
422  0.15224595367908478
377  0.15224342048168182
701  0.15224337577819824
974  0.15224310755729675
1353  0.1522422581911087
999  0.15224216878414154
1071  0.1522413194179535
1303  0.15223979949951172
752  0.15223892033100128
1760  0.1522371917963028
844  0.152236670255661
486  0.15223601460456848
1392  0.1522357314825058
95  0.15223482251167297
82  0.1522340178489685
1535  0.1522335410118103
883  0.15223328769207
187  0.15223324298858643
1286  0.15223273634910583
546  0.15223035216331482
728  0.152229905128479
1541  0.15222978591918945
142  0.15222838521003723
1080  0.15222689509391785
845  0.15222617983818054
79  0.15222589671611786
675  0.1522258073091507
1141  0.15222527086734772
1545  0.15222525596618652
1752  0.15222342312335968
9  0.15222248435020447
1509  0.1522219032049179
997  0.15222175419330597
1087  0.15222138166427612
1440  0.15222078561782837
1053  0.15222012996673584
1082  0.15221914649009705
69  0.1522185206413269
392  0.15221817791461945
830  0.15221817791461945
403  0.15221795439720154
71  0.15221668779850006
1505  0.1522161364555359
1319  0.1522160917520523
777  0.1522158980369568
739  0.1522144228219986
1658  0.15221379697322845
169  0.15221278369426727
1454  0.15221263468265533
626  0.15221261978149414
316  0.15221120417118073
693  0.1522102653980255
189  0.15220901370048523
413  0.15220841765403748
1026  0.1522083431482315
558  0.1522078961133957
741  0.1522076427936554
1194  0.15220730006694794
1602  0.15220589935779572
1430  0.15220414102077484
1427  0.15220379829406738
1598  0.1522037237882614
1553  0.15220294892787933
1575  0.15220226347446442
828  0.15220032632350922
637  0.15220001339912415
1400  0.15219946205615997
409  0.15219925343990326
773  0.15219855308532715
101  0.15219822525978088
1346  0.1521977186203003
1351  0.15219758450984955
1558  0.15219758450984955
1116  0.15219660103321075
463  0.1521957367658615
72  0.15219420194625854
504  0.1521940529346466
1243  0.15219374001026154
1003  0.15219300985336304
868  0.1521909534931183
1129  0.15219038724899292
1617  0.1521899700164795
1248  0.15218888223171234
3  0.1521863490343094
1086  0.15218611061573029
503  0.1521860957145691
881  0.15218468010425568
987  0.15218335390090942
899  0.15218228101730347
1272  0.1521797925233841
781  0.15217970311641693
849  0.15217961370944977
1285  0.15217897295951843
702  0.15217779576778412
1106  0.15217670798301697
1482  0.1521766632795334
1620  0.15217652916908264
162  0.15217572450637817
1101  0.15217304229736328
659  0.15217256546020508
431  0.1521720290184021
298  0.1521718055009842
800  0.15217141807079315
10  0.1521713137626648
1656  0.15216967463493347
1078  0.15216808021068573
564  0.15216758847236633
1214  0.15216724574565887
60  0.1521642506122589
156  0.15216399729251862
407  0.1521635353565216
6  0.15216349065303802
857  0.15216344594955444
926  0.1521633118391037
1625  0.1521630436182022
969  0.15216302871704102
83  0.15216301381587982
682  0.15216246247291565
20  0.15216168761253357
1274  0.15216077864170074
644  0.1521598845720291
1595  0.15215741097927094
34  0.15215696394443512
15  0.15215638279914856
452  0.15215584635734558
1244  0.15215566754341125
579  0.1521543711423874
232  0.15215304493904114
1529  0.1521529257297516
936  0.15215110778808594
619  0.15215104818344116
556  0.15215039253234863
1707  0.1521501988172531
908  0.15214909613132477
1079  0.15214861929416656
1412  0.1521483212709427
293  0.15214727818965912
1094  0.1521455943584442
427  0.1521453559398651
1266  0.1521453559398651
823  0.15214532613754272
723  0.15214475989341736
1001  0.1521427184343338
1363  0.1521405726671219
235  0.15213742852210999
128  0.15213681757450104
1299  0.1521352082490921
124  0.1521349996328354
461  0.15213416516780853
755  0.15213371813297272
1577  0.15213313698768616
690  0.15213194489479065
1126  0.15213139355182648
1176  0.15213023126125336
826  0.15212619304656982
946  0.15212593972682953
512  0.15212561190128326
348  0.15212485194206238
912  0.15212462842464447
163  0.1521243005990982
251  0.15212416648864746
1446  0.15212391316890717
598  0.15212379395961761
1198  0.15212365984916687
1676  0.1521221101284027
631  0.15212194621562958
1635  0.1521207094192505
583  0.15212024748325348
357  0.15211986005306244
1519  0.15211935341358185
439  0.15211927890777588
762  0.15211905539035797
520  0.1521173119544983
1229  0.15211635828018188
1050  0.15211577713489532
586  0.15211476385593414
1401  0.1521141678094864
248  0.15211305022239685
774  0.15211157500743866
1215  0.15211117267608643
1247  0.1521100401878357
592  0.15210936963558197
94  0.15210816264152527
585  0.15210802853107452
1734  0.15210801362991333
129  0.15210779011249542
1320  0.15210634469985962
1164  0.15210579335689545
599  0.15210531651973724
289  0.1521049290895462
835  0.15210244059562683
1147  0.15210184454917908
991  0.15210169553756714
1767  0.15210101008415222
582  0.1521001011133194
1307  0.15209974348545074
73  0.15209881961345673
735  0.15209880471229553
795  0.15209843218326569
1613  0.1520977020263672
1188  0.15209704637527466
1138  0.15209701657295227
766  0.15209533274173737
1256  0.1520950049161911
321  0.15209470689296722
1161  0.15209440886974335
341  0.15209436416625977
1139  0.1520940214395523
342  0.15209393203258514
1104  0.1520937830209732
1032  0.1520906239748001
373  0.1520904153585434
455  0.15209031105041504
325  0.15208986401557922
861  0.15208940207958221
1182  0.15208931267261505
915  0.15208929777145386
1223  0.1520879566669464
524  0.15208621323108673
962  0.15208600461483002
1010  0.15208537876605988
287  0.15208522975444794
1337  0.15208429098129272
1386  0.15208101272583008
122  0.1520809382200241
661  0.15207922458648682
519  0.1520768404006958
143  0.1520727574825287
318  0.1520719975233078
135  0.15207171440124512
645  0.1520705223083496
140  0.15207047760486603
1718  0.15207000076770782
275  0.1520698517560959
697  0.1520695686340332
327  0.15206919610500336
1316  0.15206894278526306
1732  0.15206798911094666
228  0.15206797420978546
786  0.15206633508205414
400  0.15206597745418549
839  0.15206488966941833
1414  0.15206332504749298
329  0.15206192433834076
1154  0.15206189453601837
111  0.1520618498325348
574  0.15206000208854675
1742  0.15205872058868408
745  0.15205860137939453
394  0.1520577073097229
921  0.15205742418766022
498  0.1520567387342453
788  0.15205630660057068
1366  0.1520562469959259
470  0.15205621719360352
1242  0.1520547866821289
112  0.1520513892173767
1411  0.1520504206418991
561  0.15204885601997375
632  0.15204820036888123
750  0.15204782783985138
1040  0.15204757452011108
323  0.15204481780529022
1089  0.15204329788684845
1259  0.15204308927059174
1568  0.15204137563705444
894  0.15204042196273804
935  0.152039036154747
185  0.1520380973815918
1600  0.15203793346881866
80  0.15203766524791718
1755  0.15203700959682465
1471  0.15203623473644257
1455  0.1520347148180008
1073  0.15203368663787842
523  0.15203334391117096
1208  0.1520323008298874
458  0.15203212201595306
1328  0.15203097462654114
11  0.15203016996383667
277  0.15203016996383667
552  0.15202856063842773
354  0.1520284116268158
952  0.15202836692333221
1297  0.15202833712100983
1069  0.15202772617340088
1402  0.152027428150177
1310  0.1520271599292755
833  0.15202593803405762
1005  0.15202531218528748
1708  0.15202507376670837
532  0.15202324092388153
649  0.15201862156391144
244  0.15201815962791443
1375  0.15201808512210846
888  0.15201768279075623
1344  0.15201444923877716
1217  0.15201422572135925
1240  0.1520136445760727
317  0.15201319754123688
1207  0.1520131677389145
510  0.15201306343078613
444  0.1520119607448578
237  0.15201066434383392
516  0.15200982987880707
543  0.1520097255706787
819  0.15200936794281006
942  0.1520083099603653
683  0.15200823545455933
61  0.15200762450695038
676  0.15200753509998322
1249  0.15200622379779816
850  0.1520058959722519
1697  0.1520056426525116
1720  0.1520053893327713
884  0.15200470387935638
1327  0.15200230479240417
417  0.1520017385482788
1764  0.15200111269950867
817  0.1520010530948639
979  0.1520010083913803
37  0.15199938416481018
1546  0.15199920535087585
65  0.151997908949852
391  0.1519978642463684
454  0.15199726819992065
114  0.15199631452560425
1115  0.1519956737756729
369  0.15199491381645203
1615  0.15199322998523712
271  0.1519913524389267
290  0.1519905924797058
1110  0.1519896686077118
887  0.15198945999145508
1298  0.15198945999145508
1058  0.15198871493339539
1331  0.1519886553287506
119  0.15198776125907898
270  0.15198759734630585
578  0.15198703110218048
1539  0.15198642015457153
1203  0.1519860327243805
51  0.1519830971956253
1460  0.1519826203584671
207  0.15198162198066711
1507  0.15198057889938354
587  0.1519799381494522
1277  0.1519792526960373
239  0.15197822451591492
1330  0.15197822451591492
362  0.15197572112083435
352  0.1519753634929657
742  0.1519746035337448
176  0.15197458863258362
1610  0.1519743949174881
1688  0.15197432041168213
97  0.15197321772575378
1744  0.15197259187698364
1415  0.15197217464447021
1314  0.1519707441329956
1119  0.15197016298770905
779  0.15196935832500458
1710  0.15196873247623444
851  0.15196791291236877
663  0.15196770429611206
125  0.1519676297903061
517  0.1519675850868225
1733  0.1519673466682434
1131  0.15196695923805237
1647  0.15196679532527924
581  0.15196649730205536
1721  0.15196409821510315
1076  0.1519637107849121
127  0.15196317434310913
1607  0.1519613415002823
584  0.15195965766906738
1172  0.15195895731449127
652  0.15195855498313904
358  0.151957169175148
1033  0.15195679664611816
1275  0.15195593237876892
1537  0.15195585787296295
375  0.15195557475090027
1202  0.15195541083812714
994  0.15195538103580475
309  0.1519545465707779
920  0.1519496738910675
443  0.15194952487945557
1433  0.1519491970539093
1122  0.1519489586353302
430  0.15194851160049438
993  0.1519484668970108
1675  0.1519470065832138
1163  0.15194696187973022
402  0.1519467681646347
436  0.15194614231586456
829  0.1519460380077362
1304  0.15194596350193024
590  0.15194447338581085
448  0.15194322168827057
1191  0.15194246172904968
562  0.15194226801395416
511  0.15194152295589447
1232  0.15194059908390045
988  0.15194052457809448
307  0.15193907916545868
1706  0.15193867683410645
505  0.15193840861320496
685  0.15193840861320496
466  0.15193825960159302
1758  0.15193702280521393
206  0.15193642675876617
356  0.15193575620651245
1435  0.1519346833229065
64  0.1519346535205841
121  0.15193039178848267
1514  0.15193013846874237
1467  0.15192990005016327
948  0.15192966163158417
1682  0.15192942321300507
361  0.15192914009094238
1020  0.1519274115562439
346  0.15192581713199615
1388  0.1519237756729126
103  0.15192195773124695
222  0.15192130208015442
1630  0.1519210934638977
996  0.15192046761512756
910  0.15191979706287384
1696  0.1519192010164261
44  0.15191864967346191
1589  0.15191827714443207
260  0.15191583335399628
925  0.15191572904586792
955  0.1519155502319336
4  0.15191365778446198
314  0.151912659406662
744  0.15191258490085602
822  0.1519118845462799
428  0.15191121399402618
961  0.1519109606742859
1462  0.1519109308719635
437  0.15190939605236053
852  0.15190808475017548
901  0.15190725028514862
1381  0.15190620720386505
668  0.15190556645393372
1486  0.15190351009368896
1093  0.15190336108207703
1145  0.15190309286117554
630  0.1519021838903427
1279  0.15190140902996063
280  0.15189896523952484
914  0.1518988013267517
178  0.15189819037914276
236  0.15189816057682037
399  0.15189772844314575
1648  0.1518958956003189
337  0.15189577639102936
1383  0.15189480781555176
967  0.1518934667110443
1019  0.1518927663564682
1665  0.151892751455307
1195  0.15189191699028015
449  0.1518915742635727
1681  0.15189141035079956
267  0.15189018845558167
1748  0.15188993513584137
905  0.15188851952552795
420  0.1518877148628235
1318  0.15188750624656677
944  0.15188734233379364
1023  0.15188640356063843
234  0.15188580751419067
84  0.1518857777118683
331  0.15188570320606232
836  0.15188565850257874
863  0.15188539028167725
440  0.15188515186309814
245  0.15188337862491608
909  0.15188217163085938
1072  0.1518820971250534
1437  0.15188097953796387
1591  0.15188084542751312
924  0.15188068151474
5  0.1518784612417221
1599  0.15187834203243256
847  0.1518770307302475
1474  0.15187595784664154
1254  0.15187585353851318
545  0.15187527239322662
194  0.15187346935272217
446  0.1518707424402237
720  0.1518682986497879
506  0.1518673598766327
47  0.15186722576618195
1155  0.15186664462089539
118  0.1518665850162506
767  0.15186648070812225
1037  0.1518663465976715
1193  0.15186582505702972
838  0.15186472237110138
1552  0.15186244249343872
230  0.1518612802028656
1510  0.1518605500459671
805  0.15186025202274323
465  0.15185946226119995
351  0.1518586277961731
212  0.15185563266277313
1413  0.15185311436653137
1109  0.15185199677944183
1102  0.15185154974460602
311  0.15185123682022095
653  0.15185019373893738
1683  0.15184970200061798
638  0.15184694528579712
1469  0.15184669196605682
1184  0.15184660255908966
367  0.15184558928012848
722  0.1518452763557434
32  0.15184463560581207
1169  0.15184304118156433
803  0.15184295177459717
1399  0.1518429070711136
1374  0.15184107422828674
281  0.15184098482131958
1289  0.15184058248996735
541  0.15184052288532257
1729  0.15184035897254944
897  0.15183906257152557
371  0.15183858573436737
87  0.15183836221694946
1421  0.15183833241462708
120  0.1518383026123047
648  0.15183722972869873
1360  0.15183719992637634
205  0.1518358737230301
217  0.1518358737230301
387  0.15183545649051666
365  0.15183253586292267
834  0.15183168649673462
662  0.15183109045028687
453  0.15183068811893463
565  0.15183059871196747
1736  0.1518295407295227
459  0.1518290638923645
1045  0.151828795671463
1339  0.15182875096797943
63  0.1518268883228302
1067  0.1518266499042511
99  0.15182414650917053
807  0.15182407200336456
772  0.15182265639305115
1326  0.15182259678840637
477  0.15182095766067505
922  0.15181919932365417
1347  0.1518184393644333
895  0.15181711316108704
1743  0.15181678533554077
294  0.1518147885799408
1522  0.15181411802768707
1626  0.15181398391723633
370  0.1518116295337677
913  0.15180911123752594
1201  0.1518084704875946
482  0.15180794894695282
854  0.1518077552318573
1034  0.15180769562721252
535  0.15180757641792297
100  0.15180695056915283
198  0.15180616080760956
1592  0.15180568397045135
1655  0.15180177986621857
1666  0.151800736784935
77  0.151798278093338
1296  0.15179768204689026
1504  0.15179571509361267
284  0.15179501473903656
593  0.1517946422100067
1520  0.15179450809955597
674  0.15179429948329926
1382  0.15179261565208435
989  0.15179255604743958
521  0.15179237723350525
13  0.15179161727428436
133  0.1517910361289978
279  0.15179099142551422
18  0.15179023146629333
1574  0.15178944170475006
1597  0.15178920328617096
192  0.15178823471069336
110  0.15178725123405457
536  0.1517864316701889
240  0.15178588032722473
1408  0.15178580582141876
1373  0.15178550779819489
1391  0.1517847627401352
266  0.15178413689136505
1762  0.1517827808856964
655  0.15178243815898895
229  0.1517820656299591
56  0.15178082883358002
1660  0.15178076922893524
886  0.15177904069423676
1493  0.15177832543849945
195  0.15177811682224274
1444  0.15177707374095917
1484  0.15177702903747559
1218  0.15177540481090546
1120  0.15177519619464874
734  0.15177442133426666
1657  0.15177372097969055
91  0.1517711728811264
1477  0.15176954865455627
1576  0.15176928043365479
160  0.15176832675933838
688  0.15176798403263092
1671  0.15176798403263092
1250  0.15176773071289062
603  0.15176641941070557
1251  0.15176542103290558
1632  0.15176516771316528
328  0.1517651081085205
1269  0.1517637073993683
202  0.15176337957382202
977  0.15176306664943695
1108  0.1517629474401474
995  0.15176008641719818
1628  0.1517573744058609
134  0.15175671875476837
254  0.15175661444664001
1611  0.15175603330135345
208  0.15175339579582214
1420  0.15175265073776245
1702  0.15175263583660126
1238  0.15175016224384308
1578  0.15174950659275055
1586  0.15174821019172668
1678  0.15174797177314758
259  0.15174603462219238
1584  0.15174590051174164
1047  0.15174514055252075
1693  0.15174470841884613
1052  0.1517445594072342
1348  0.15174399316310883
1385  0.15174105763435364
1398  0.15173986554145813
1227  0.15173844993114471
842  0.15173719823360443
1148  0.15173575282096863
474  0.15173298120498657
1056  0.15173174440860748
227  0.1517307162284851
1716  0.15172937512397766
715  0.15172851085662842
526  0.15172767639160156
877  0.15172746777534485
203  0.15172679722309113
1095  0.1517244279384613
282  0.15172356367111206
670  0.15172341465950012
33  0.15172336995601654
302  0.15172135829925537
130  0.1517212837934494
635  0.15172070264816284
1394  0.15172068774700165
513  0.15171709656715393
1664  0.15171702206134796
191  0.1517159640789032
1494  0.15171588957309723
1521  0.15171530842781067
8  0.1517142653465271
793  0.15171419084072113
658  0.1517130732536316
320  0.1517128348350525
1009  0.15171188116073608
401  0.1517113596200943
288  0.15171118080615997
1450  0.15171022713184357
1273  0.1517077535390854
890  0.1517069786787033
594  0.1517067551612854
340  0.15170663595199585
943  0.15170535445213318
1622  0.1517050713300705
916  0.1517045795917511
242  0.15170139074325562
960  0.15169960260391235
1456  0.15169931948184967
389  0.15169799327850342
494  0.15169794857501984
573  0.15169784426689148
231  0.15169581770896912
85  0.15169551968574524
1278  0.15169499814510345
1380  0.15169179439544678
1515  0.15169177949428558
1226  0.15169042348861694
1152  0.1516902893781662
1495  0.15168960392475128
1689  0.15168951451778412
569  0.15168890357017517
1451  0.15168830752372742
469  0.1516871601343155
1719  0.15168650448322296
954  0.15168525278568268
349  0.1516834944486618
917  0.1516800969839096
686  0.15167947113513947
1356  0.15167862176895142
1491  0.1516781896352768
568  0.15167638659477234
1312  0.15167631208896637
1603  0.15167531371116638
462  0.15167489647865295
161  0.15167389810085297
893  0.15167231857776642
26  0.1516714245080948
932  0.15167094767093658
1692  0.15166951715946198
263  0.15166924893856049
1629  0.15166904032230377
875  0.1516682505607605
1531  0.15166717767715454
108  0.15166600048542023
1130  0.15166530013084412
473  0.15166395902633667
902  0.1516614705324173
258  0.15166079998016357
1624  0.1516602486371994
1551  0.15165975689888
1725  0.15165944397449493
1376  0.15165923535823822
801  0.15165847539901733
1668  0.15165486931800842
923  0.15165457129478455
408  0.1516537219285965
223  0.1516534388065338
527  0.15165308117866516
332  0.15164852142333984
138  0.15164732933044434
491  0.15164728462696075
1222  0.15164689719676971
74  0.1516459882259369
479  0.151645690202713
1046  0.15164485573768616
1749  0.15164399147033691
1379  0.1516437828540802
711  0.1516432762145996
1134  0.15164324641227722
1358  0.15164315700531006
17  0.15164196491241455
1488  0.151641845703125
810  0.15164096653461456
50  0.15163999795913696
291  0.15163643658161163
1212  0.15163640677928925
1135  0.15163494646549225
397  0.15163317322731018
1550  0.1516328603029251
1567  0.15163274109363556
201  0.15163159370422363
1601  0.15163156390190125
334  0.15163084864616394
489  0.15162929892539978
792  0.15162929892539978
1175  0.1516275703907013
1506  0.15162739157676697
843  0.15162697434425354
671  0.15162168443202972
1644  0.15162137150764465
457  0.15162064135074615
115  0.15162043273448944
1265  0.1516200602054596
1323  0.15161851048469543
891  0.15161627531051636
460  0.15161468088626862
93  0.15161347389221191
363  0.15161295235157013
1300  0.15161257982254028
1480  0.15161128342151642
1024  0.15161117911338806
1565  0.1516111195087433
262  0.15161097049713135
1452  0.15160979330539703
1765  0.15160571038722992
1670  0.15160374343395233
1712  0.15160368382930756
1349  0.15160182118415833
1257  0.15160034596920013
770  0.1515994668006897
1121  0.1515982300043106
1500  0.15159738063812256
181  0.1515912264585495
554  0.15159085392951965
1579  0.15158922970294952
1527  0.15158826112747192
602  0.15158317983150482
736  0.15158239006996155
714  0.15158231556415558
1667  0.1515815705060959
476  0.15158133208751678
666  0.15158024430274963
1377  0.15158019959926605
424  0.15158015489578247
1761  0.15157775580883026
151  0.15157747268676758
1387  0.15157468616962433
1325  0.15157343447208405
1594  0.15157049894332886
1457  0.1515689492225647
1370  0.15156571567058563
1038  0.1515648514032364
882  0.15156373381614685
699  0.15156328678131104
938  0.1515609472990036
1396  0.15156011283397675
633  0.1515597552061081
951  0.15155909955501556
1487  0.15155811607837677
1549  0.1515568345785141
261  0.1515568047761917
869  0.15155677497386932
813  0.1515551656484604
1315  0.1515541821718216
190  0.15155361592769623
802  0.15155334770679474
1757  0.15155257284641266
1470  0.15155251324176788
1458  0.15155242383480072
1231  0.15155182778835297
1756  0.15154732763767242
414  0.1515423059463501
518  0.15154209733009338
1432  0.15154175460338593
695  0.15154077112674713
1731  0.15153871476650238
789  0.15153835713863373
707  0.15153825283050537
256  0.15153782069683075
425  0.15153630077838898
1441  0.1515340954065323
1633  0.15153388679027557
570  0.15153385698795319
353  0.15152961015701294
107  0.1515294313430786
636  0.1515282839536667
1029  0.15152603387832642
312  0.15152329206466675
147  0.15152183175086975
1489  0.15152083337306976
1583  0.15152038633823395
606  0.15152011811733246
650  0.15151987969875336
269  0.15151984989643097
507  0.15151949226856232
608  0.15151876211166382
405  0.15151606500148773
679  0.15151603519916534
315  0.15151356160640717
1483  0.1515127569437027
983  0.15151244401931763
1649  0.15151096880435944
1008  0.1515105962753296
396  0.15150834619998932
628  0.15150821208953857
575  0.15150807797908783
965  0.15150706470012665
478  0.1515066772699356
36  0.151504784822464
393  0.15150175988674164
150  0.15150083601474762
547  0.15150083601474762
1407  0.15150028467178345
1166  0.15150010585784912
729  0.15149961411952972
758  0.15149395167827606
1264  0.15149368345737457
604  0.15149253606796265
1619  0.15149204432964325
906  0.15149199962615967
1571  0.15149086713790894
1530  0.15149062871932983
907  0.1514899879693985
412  0.1514897644519806
81  0.1514885425567627
1324  0.1514839380979538
1  0.15148375928401947
1449  0.1514781266450882
1508  0.1514759212732315
705  0.1514742523431778
555  0.15147307515144348
1425  0.15147002041339874
213  0.1514689028263092
571  0.1514686495065689
1713  0.15146593749523163
300  0.15146389603614807
1555  0.1514585316181183
1438  0.15145781636238098
1581  0.15145766735076904
1196  0.15145672857761383
255  0.1514512449502945
1117  0.1514512449502945
1157  0.15145108103752136
1605  0.15145033597946167
832  0.15144947171211243
86  0.1514485776424408
1334  0.1514480859041214
1728  0.15144778788089752
404  0.15144774317741394
525  0.15144769847393036
144  0.15144555270671844
180  0.1514454483985901
1403  0.15144506096839905
1362  0.15144410729408264
434  0.15144360065460205
1338  0.15144164860248566
560  0.15143902599811554
1466  0.15143655240535736
1143  0.15143628418445587
1478  0.15143312513828278
576  0.1514328122138977
500  0.15143197774887085
186  0.1514301598072052
1428  0.1514291614294052
567  0.15142783522605896
1612  0.1514264941215515
1397  0.151423841714859
797  0.1514214426279068
382  0.15141616761684418
963  0.15141262114048004
1357  0.1514105200767517
1608  0.15140853822231293
1384  0.1514074206352234
456  0.1514071673154831
1714  0.1514028161764145
522  0.1514027863740921
1618  0.15140141546726227
66  0.15140102803707123
58  0.1514006406068802
680  0.15139754116535187
1317  0.15139645338058472
577  0.15139468014240265
530  0.15139414370059967
1448  0.15139353275299072
423  0.15139327943325043
1750  0.15138964354991913
386  0.1513894945383072
383  0.1513875424861908
1434  0.15138600766658783
764  0.15138360857963562
1354  0.15137958526611328
1737  0.15137836337089539
438  0.1513780951499939
433  0.1513778120279312
1091  0.1513769030570984
1321  0.1513754278421402
612  0.15137475728988647
928  0.1513742208480835
1199  0.15137127041816711
339  0.15136948227882385
1724  0.15136893093585968
629  0.15136651694774628
1723  0.15136602520942688
1276  0.1513659507036209
1590  0.1513630598783493
1417  0.1513567417860031
572  0.15135665237903595
1684  0.15135420858860016
1123  0.15135261416435242
605  0.15135063230991364
1322  0.15135018527507782
141  0.15135015547275543
1588  0.15134692192077637
1543  0.1513405740261078
96  0.15133975446224213
609  0.15133780241012573
1573  0.1513374298810959
1311  0.15133675932884216
276  0.15133295953273773
610  0.1513243168592453
1536  0.15132340788841248
252  0.15131764113903046
660  0.15131400525569916
492  0.1513129621744156
322  0.15131014585494995
113  0.15130910277366638
1604  0.15130890905857086
105  0.15130390226840973
1631  0.1512976884841919
509  0.15129555761814117
1582  0.15129037201404572
1498  0.15128768980503082
992  0.15128405392169952
1369  0.1512775719165802
889  0.15127724409103394
611  0.1512765884399414
667  0.15127643942832947
1502  0.15127187967300415
1709  0.15127186477184296
21  0.15127170085906982
2  0.15127138793468475
1291  0.15126895904541016
927  0.1512681543827057
1672  0.15126273036003113
39  0.1512625813484192
167  0.15125823020935059
806  0.15125542879104614
117  0.15125524997711182
642  0.15125419199466705
794  0.15125134587287903
1022  0.15124943852424622
376  0.1512456089258194
529  0.15124551951885223
218  0.1512381136417389
1284  0.15123489499092102
152  0.15123482048511505
475  0.15122701227664948
364  0.1512261927127838
1465  0.15122587978839874
1746  0.15122471749782562
859  0.1512240469455719
345  0.1512230932712555
210  0.15122058987617493
467  0.1512201726436615
1738  0.15121902525424957
1355  0.15121854841709137
1125  0.1512138545513153
1687  0.1512114405632019
664  0.1512046903371811
1439  0.15120340883731842
1367  0.15120337903499603
1554  0.15120337903499603
209  0.15119747817516327
1405  0.1511954367160797
825  0.15118849277496338
1679  0.15117774903774261
1701  0.15117575228214264
1548  0.15117570757865906
1436  0.15117037296295166
1673  0.15116934478282928
1332  0.1511620730161667
1463  0.15115416049957275
1267  0.15115158259868622
1525  0.15114779770374298
1646  0.1511453539133072
1006  0.15114086866378784
1727  0.15114028751850128
624  0.15113966166973114
533  0.15113605558872223
620  0.15113498270511627
1390  0.1511329859495163
563  0.15113243460655212
488  0.15112943947315216
651  0.15112347900867462
497  0.15112122893333435
1127  0.15111969411373138
238  0.15111754834651947
1580  0.15111464262008667
360  0.15111270546913147
1674  0.15110811591148376
1179  0.15109941363334656
1638  0.15109191834926605
98  0.15108510851860046
1745  0.15107840299606323
170  0.1510707437992096
1485  0.15106751024723053
1662  0.15106739103794098
214  0.15106487274169922
1039  0.1510595977306366
1694  0.15105712413787842
1410  0.15103887021541595
1730  0.15102291107177734
166  0.15101756155490875
1205  0.15100418031215668
306  0.15099573135375977
172  0.15099363029003143
313  0.15099099278450012
1540  0.15098462998867035
1642  0.1509818285703659
359  0.15097546577453613
950  0.15096808969974518
1561  0.1509677618741989
355  0.15096046030521393
265  0.15096038579940796
1189  0.15095627307891846
1442  0.1509532630443573
580  0.15095053613185883
1766  0.1509484201669693
426  0.1509460061788559
1051  0.15094545483589172
846  0.15093250572681427
704  0.15092921257019043
1443  0.1509183794260025
319  0.15091390907764435
1652  0.1508910208940506
1359  0.1508808732032776
220  0.1508699208498001
1113  0.15085944533348083
1523  0.150849387049675
384  0.1508456915616989
1741  0.15083426237106323
1431  0.15082399547100067
534  0.15082165598869324
1235  0.15081655979156494
1368  0.15081170201301575
787  0.15080972015857697
528  0.15080296993255615
976  0.1507956087589264
1335  0.1507844477891922
1763  0.15078093111515045
131  0.15077844262123108
350  0.15076908469200134
1230  0.1507522612810135
335  0.15072812139987946
301  0.1507227122783661
1653  0.1507064253091812
165  0.15069495141506195
1255  0.15068434178829193
821  0.1506708562374115
1083  0.15066654980182648
656  0.15065962076187134
615  0.15065032243728638
601  0.15064799785614014
1685  0.15063175559043884
1528  0.15061627328395844
544  0.15060767531394958
831  0.15060538053512573
614  0.1504686176776886
1292  0.15039198100566864
419  0.15032128989696503
548  0.15030981600284576
1739  0.150295689702034
621  0.15021538734436035
618  0.15020427107810974
515  0.15010084211826324
333  0.150064155459404
