120  0.3642125725746155
121  0.3642125725746155
122  0.3642125725746155
123  0.3642125725746155
124  0.3642125725746155
125  0.3642125725746155
126  0.3642125725746155
127  0.3642125725746155
128  0.3642125725746155
129  0.3642125725746155
130  0.3642125725746155
131  0.3642125725746155
132  0.3642125725746155
133  0.3642125725746155
134  0.3642125725746155
135  0.3642125725746155
136  0.3642125725746155
137  0.3642125725746155
138  0.3642125725746155
139  0.3642125725746155
140  0.3642125725746155
141  0.3642125725746155
142  0.3642125725746155
143  0.3642125725746155
144  0.3642125725746155
145  0.3642125725746155
146  0.3642125725746155
147  0.3642125725746155
148  0.3642125725746155
149  0.3642125725746155
150  0.3642125725746155
151  0.3642125725746155
152  0.3642125725746155
153  0.3642125725746155
154  0.3642125725746155
155  0.3642125725746155
156  0.3642125725746155
157  0.3642125725746155
158  0.3642125725746155
159  0.3642125725746155
160  0.3642125725746155
161  0.3642125725746155
162  0.3642125725746155
163  0.3642125725746155
164  0.3642125725746155
165  0.3642125725746155
166  0.3642125725746155
167  0.3642125725746155
168  0.3642125725746155
169  0.3642125725746155
170  0.3642125725746155
171  0.3642125725746155
172  0.3642125725746155
173  0.3642125725746155
174  0.3642125725746155
175  0.3642125725746155
176  0.3642125725746155
177  0.3642125725746155
416  0.3642125725746155
417  0.3642125725746155
418  0.3642125725746155
419  0.3642125725746155
420  0.3642125725746155
421  0.3642125725746155
422  0.3642125725746155
423  0.3642125725746155
424  0.3642125725746155
425  0.3642125725746155
426  0.3642125725746155
427  0.3642125725746155
428  0.3642125725746155
429  0.3642125725746155
430  0.3642125725746155
431  0.3642125725746155
432  0.3642125725746155
433  0.3642125725746155
434  0.3642125725746155
435  0.3642125725746155
436  0.3642125725746155
437  0.3642125725746155
438  0.3642125725746155
439  0.3642125725746155
440  0.3642125725746155
441  0.3642125725746155
442  0.3642125725746155
443  0.3642125725746155
444  0.3642125725746155
445  0.3642125725746155
446  0.3642125725746155
447  0.3642125725746155
448  0.3642125725746155
449  0.3642125725746155
450  0.3642125725746155
451  0.3642125725746155
452  0.3642125725746155
453  0.3642125725746155
454  0.3642125725746155
455  0.3642125725746155
456  0.3642125725746155
457  0.3642125725746155
458  0.3642125725746155
459  0.3642125725746155
460  0.3642125725746155
461  0.3642125725746155
462  0.3642125725746155
463  0.3642125725746155
464  0.3642125725746155
465  0.3642125725746155
466  0.3642125725746155
467  0.3642125725746155
468  0.3642125725746155
469  0.3642125725746155
470  0.3642125725746155
471  0.3642125725746155
472  0.3642125725746155
473  0.3642125725746155
711  0.3642125725746155
712  0.3642125725746155
713  0.3642125725746155
714  0.3642125725746155
715  0.3642125725746155
716  0.3642125725746155
717  0.3642125725746155
718  0.3642125725746155
719  0.3642125725746155
720  0.3642125725746155
721  0.3642125725746155
722  0.3642125725746155
723  0.3642125725746155
724  0.3642125725746155
725  0.3642125725746155
726  0.3642125725746155
727  0.3642125725746155
728  0.3642125725746155
729  0.3642125725746155
730  0.3642125725746155
731  0.3642125725746155
732  0.3642125725746155
733  0.3642125725746155
734  0.3642125725746155
735  0.3642125725746155
736  0.3642125725746155
737  0.3642125725746155
738  0.3642125725746155
739  0.3642125725746155
740  0.3642125725746155
741  0.3642125725746155
742  0.3642125725746155
743  0.3642125725746155
744  0.3642125725746155
745  0.3642125725746155
746  0.3642125725746155
747  0.3642125725746155
748  0.3642125725746155
749  0.3642125725746155
750  0.3642125725746155
751  0.3642125725746155
752  0.3642125725746155
753  0.3642125725746155
754  0.3642125725746155
755  0.3642125725746155
756  0.3642125725746155
757  0.3642125725746155
758  0.3642125725746155
759  0.3642125725746155
760  0.3642125725746155
761  0.3642125725746155
762  0.3642125725746155
763  0.3642125725746155
764  0.3642125725746155
765  0.3642125725746155
766  0.3642125725746155
767  0.3642125725746155
768  0.3642125725746155
769  0.3642125725746155
1573  0.36336982250213623
1552  0.3631274104118347
1593  0.36289888620376587
1562  0.36277830600738525
1596  0.36277371644973755
1590  0.36272716522216797
1540  0.36263445019721985
1571  0.3625888526439667
1544  0.36257100105285645
1583  0.362562894821167
1594  0.36252719163894653
1572  0.3625243604183197
1569  0.36249586939811707
1541  0.36249497532844543
1574  0.362473726272583
1567  0.3624507486820221
1543  0.36240002512931824
1580  0.3623770475387573
1558  0.3623719811439514
1582  0.36234480142593384
1576  0.3623315393924713
1586  0.3623165488243103
1559  0.3622874617576599
1563  0.36228469014167786
1575  0.3622788190841675
1554  0.36226505041122437
1584  0.3622356653213501
1561  0.36221468448638916
1556  0.3621525764465332
1570  0.36213141679763794
1568  0.36213093996047974
1548  0.36212271451950073
1564  0.36211875081062317
1555  0.36209145188331604
1591  0.3620889186859131
1597  0.36205726861953735
1550  0.3620370626449585
1551  0.362016886472702
1581  0.36197173595428467
1595  0.36196982860565186
1549  0.3619672954082489
1560  0.3619632422924042
1557  0.3619558811187744
1542  0.361936092376709
1545  0.3619335889816284
1546  0.361887663602829
1589  0.36188504099845886
1577  0.3618541955947876
1579  0.36180612444877625
1585  0.36171528697013855
1588  0.3617008924484253
1587  0.3616672158241272
1592  0.3616580665111542
1578  0.3616235852241516
1553  0.36158767342567444
1547  0.3615199029445648
1565  0.3613814115524292
1566  0.36127832531929016
1043  0.2706066071987152
1024  0.27010607719421387
1010  0.27004551887512207
1061  0.26976338028907776
1056  0.26972436904907227
1014  0.269653856754303
1017  0.26953941583633423
1051  0.26951947808265686
1065  0.26951050758361816
1011  0.2694377303123474
1049  0.269424706697464
1023  0.2693709135055542
1007  0.26933565735816956
1019  0.26931414008140564
1040  0.26926204562187195
1053  0.269209086894989
1013  0.26915696263313293
1015  0.26907193660736084
1055  0.2690434455871582
1018  0.26903048157691956
1039  0.26902127265930176
1046  0.26897570490837097
1035  0.26896750926971436
1062  0.26896294951438904
1064  0.2689608931541443
1041  0.2688947319984436
1012  0.26887786388397217
1037  0.2688489854335785
1050  0.26882851123809814
1063  0.26881328225135803
1034  0.26880231499671936
1060  0.2687785029411316
1044  0.26875847578048706
1021  0.2687351107597351
1027  0.26867419481277466
1028  0.2686680555343628
1022  0.2686309814453125
1047  0.2685806453227997
1016  0.2685786485671997
1033  0.26857462525367737
1036  0.268566370010376
1029  0.26849475502967834
1030  0.2684936821460724
1009  0.2684824466705322
1020  0.2684558928012848
1058  0.26845061779022217
1045  0.26843881607055664
1032  0.26843366026878357
1052  0.2684265971183777
1025  0.26833170652389526
1048  0.26827147603034973
1059  0.2681582272052765
1031  0.26811179518699646
1008  0.268095999956131
1042  0.2679835259914398
1057  0.2677432894706726
1026  0.26764965057373047
1054  0.26753273606300354
1038  0.2675324082374573
1455  0.26088136434555054
1457  0.260345995426178
1469  0.2602939307689667
1466  0.2596987187862396
1475  0.25953611731529236
1421  0.25951069593429565
1429  0.25941789150238037
1473  0.25941041111946106
1458  0.25911664962768555
1423  0.2590906620025635
1464  0.2590809762477875
1435  0.2589053213596344
1424  0.2588784396648407
1432  0.2588750422000885
1442  0.2588604986667633
1449  0.25885164737701416
1465  0.2588273584842682
1470  0.25878241658210754
1431  0.25864750146865845
1433  0.25863340497016907
1443  0.25851237773895264
1426  0.2585107982158661
1454  0.2584869861602783
1471  0.2584655284881592
1425  0.2583281397819519
1446  0.2583096921443939
1451  0.25825583934783936
1476  0.2582439184188843
1437  0.2582074701786041
1453  0.2581598162651062
1459  0.2581503987312317
1462  0.2581411302089691
1456  0.2581283450126648
1467  0.25808364152908325
1463  0.25807273387908936
1444  0.25803786516189575
1452  0.2579743266105652
1478  0.25789666175842285
1479  0.257808655500412
1427  0.25774386525154114
1438  0.2577137351036072
1468  0.2576856315135956
1477  0.25764480233192444
1474  0.2576369345188141
1436  0.25751519203186035
1461  0.25747957825660706
1441  0.2574602961540222
1445  0.257433146238327
1439  0.25724661350250244
1440  0.2572445869445801
1448  0.25721731781959534
1434  0.2572117745876312
1428  0.25714465975761414
1447  0.2570318877696991
1450  0.25697216391563416
1472  0.25689825415611267
1430  0.25680017471313477
1422  0.25657084584236145
1460  0.2564816176891327
1102  0.15722690522670746
1069  0.15701186656951904
1100  0.15683795511722565
1114  0.15675373375415802
1066  0.15667539834976196
1121  0.15656623244285583
1087  0.15649381279945374
1083  0.15638279914855957
1077  0.15631850063800812
1094  0.15621623396873474
1098  0.1561468541622162
1118  0.15598164498806
1074  0.15595169365406036
1103  0.15592136979103088
1109  0.1558717042207718
1116  0.15586921572685242
1111  0.15576112270355225
1108  0.1557236760854721
1120  0.1557028740644455
1071  0.155661478638649
1078  0.1556379795074463
1068  0.1555732637643814
1088  0.1555456668138504
1115  0.15550799667835236
1119  0.15546627342700958
1110  0.15545545518398285
1104  0.15544378757476807
1070  0.15542389452457428
1124  0.15538467466831207
1096  0.15530329942703247
1080  0.15524066984653473
1073  0.15521648526191711
1076  0.15518802404403687
1099  0.15515373647212982
1089  0.155112162232399
1091  0.15504620969295502
1105  0.15504232048988342
1084  0.15503843128681183
1072  0.15503659844398499
1101  0.1550033688545227
1082  0.15497930347919464
1095  0.15493778884410858
1123  0.15489639341831207
1079  0.1548595428466797
1112  0.15462061762809753
1107  0.15460319817066193
1097  0.15453067421913147
1122  0.15450233221054077
1092  0.15437822043895721
1090  0.1543489396572113
1085  0.15434370934963226
1093  0.15423408150672913
1081  0.15415732562541962
1106  0.1540721356868744
1067  0.1540464162826538
1075  0.15404385328292847
1086  0.15389162302017212
1113  0.15376907587051392
1117  0.15369145572185516
1006  0.061400968581438065
119  0.057732608169317245
962  0.04303355887532234
963  0.04297608137130737
964  0.04296591505408287
982  0.04295283555984497
984  0.04293633624911308
997  0.04293437302112579
986  0.042927492409944534
980  0.04290572181344032
1005  0.0429011769592762
993  0.042883433401584625
959  0.04287616163492203
956  0.04287493973970413
987  0.04286770150065422
953  0.042842064052820206
981  0.042837195098400116
1002  0.042820923030376434
958  0.042819175869226456
989  0.04281371459364891
960  0.04281306639313698
985  0.04281287267804146
990  0.042802926152944565
951  0.04277150332927704
950  0.04274098202586174
974  0.042733460664749146
1004  0.04272643104195595
968  0.042725495994091034
994  0.04271479696035385
975  0.042712047696113586
965  0.04271102696657181
948  0.042710334062576294
969  0.04271026700735092
957  0.042700666934251785
999  0.042668018490076065
961  0.042664725333452225
983  0.042632803320884705
992  0.04262895509600639
996  0.04262242093682289
955  0.0426151342689991
954  0.04261169582605362
1003  0.042611245065927505
970  0.04260322451591492
991  0.04259856790304184
978  0.04259345307946205
988  0.04259157180786133
971  0.04258672147989273
952  0.04258524626493454
949  0.04258328303694725
973  0.04256889224052429
977  0.042553048580884933
1001  0.04254884645342827
966  0.04254567623138428
998  0.04251210018992424
979  0.0425044409930706
972  0.04239721596240997
976  0.042384374886751175
995  0.04236234351992607
1000  0.042342375963926315
967  0.04233367368578911
415  0.04104842245578766
178  0.03312525153160095
1539  0.026218194514513016
947  0.02581804059445858
770  0.023029925301671028
1360  0.021322647109627724
1339  0.02132035791873932
1317  0.02130756713449955
1337  0.021299827843904495
1342  0.021284867078065872
1352  0.0212840735912323
1318  0.021279359236359596
1311  0.02127532847225666
1348  0.02126738242805004
1319  0.021267075091600418
1315  0.021255966275930405
1341  0.02125350944697857
1344  0.021251972764730453
1314  0.021250862628221512
1345  0.021250125020742416
1336  0.02124188281595707
1335  0.021224558353424072
1308  0.02122451364994049
1313  0.021220559254288673
1333  0.02121344581246376
1312  0.021206660196185112
1359  0.02119949460029602
1357  0.02119920216500759
1358  0.02119717001914978
1349  0.021195800974965096
1340  0.021188391372561455
1303  0.021185252815485
1338  0.02118213288486004
1306  0.02117728814482689
1324  0.021174699068069458
1316  0.02117260918021202
1323  0.021170785650610924
1320  0.02117036283016205
1305  0.021168967708945274
1310  0.021159755066037178
1330  0.021156171336770058
1321  0.021154502406716347
1332  0.021151471883058548
1328  0.021151242777705193
1329  0.021150467917323112
1309  0.021149836480617523
1326  0.021149195730686188
1304  0.021147161722183228
1351  0.021144002676010132
1354  0.021136056631803513
1346  0.021122844889760017
1347  0.02112213522195816
1343  0.02109992317855358
1334  0.021096255630254745
1325  0.021094774827361107
1353  0.02108706161379814
1322  0.0210769884288311
1307  0.02107441984117031
1327  0.021056583151221275
1356  0.021021079272031784
1350  0.021014060825109482
1331  0.020993907004594803
1355  0.02096804417669773
922  0.01985476166009903
921  0.01978875696659088
920  0.019784605130553246
945  0.0197585541754961
923  0.019746476784348488
929  0.019734088331460953
942  0.019708968698978424
943  0.019703520461916924
932  0.019692255184054375
890  0.01969134248793125
911  0.019668085500597954
903  0.01965843141078949
946  0.01965487003326416
916  0.019639592617750168
930  0.019626054912805557
933  0.0196246150881052
892  0.019622720777988434
889  0.01961725950241089
901  0.01961381547152996
914  0.0196068212389946
906  0.019605671986937523
904  0.019605018198490143
898  0.01959080994129181
937  0.01957765407860279
931  0.019577573984861374
902  0.019574768841266632
918  0.019573260098695755
925  0.019559767097234726
893  0.019557824358344078
912  0.019556891173124313
896  0.01955571211874485
891  0.019555402919650078
939  0.019549457356333733
907  0.019547605887055397
899  0.019536243751645088
934  0.019536027684807777
928  0.019534330815076828
924  0.019528022035956383
910  0.01952786184847355
919  0.0195253174751997
935  0.019515065476298332
894  0.019510507583618164
908  0.019502956420183182
941  0.019500887021422386
905  0.019497236236929893
897  0.019487949088215828
940  0.01948198676109314
900  0.01947697624564171
926  0.0194624662399292
936  0.019460782408714294
938  0.01945464126765728
895  0.019452735781669617
927  0.01945064403116703
909  0.0194497499614954
915  0.019435035064816475
917  0.019427139312028885
913  0.01940542459487915
944  0.01938612014055252
300  0.01694779470562935
333  0.01693580485880375
314  0.01692468486726284
304  0.016866091638803482
346  0.01686583086848259
307  0.016854336485266685
351  0.01684950292110443
355  0.016841985285282135
313  0.016834303736686707
301  0.01682739146053791
339  0.016817225143313408
308  0.01681669056415558
309  0.016814444214105606
343  0.016807058826088905
330  0.016806231811642647
336  0.016805876046419144
341  0.016794566065073013
354  0.01679200679063797
329  0.016786567866802216
297  0.016783790662884712
350  0.016782309859991074
320  0.016778692603111267
352  0.016778023913502693
311  0.016773022711277008
325  0.016769491136074066
353  0.016769420355558395
323  0.01676882989704609
334  0.01676420122385025
337  0.01676257513463497
302  0.016762087121605873
305  0.01675967499613762
340  0.016758527606725693
348  0.01675647497177124
310  0.0167528223246336
345  0.01675104722380638
327  0.016750914976000786
326  0.016747772693634033
317  0.016745440661907196
303  0.016740739345550537
324  0.016739413142204285
312  0.016736650839447975
319  0.01673329994082451
322  0.016728758811950684
331  0.016728412359952927
338  0.016721762716770172
299  0.016721276566386223
332  0.016720695421099663
321  0.01671522669494152
342  0.01671459898352623
318  0.016703231260180473
298  0.01670263707637787
315  0.01670047454535961
306  0.016696959733963013
335  0.016681935638189316
347  0.01667817309498787
344  0.016676170751452446
349  0.016675207763910294
316  0.016670629382133484
328  0.01660107634961605
474  0.012338441796600819
804  0.011746554635465145
815  0.011744650080800056
824  0.011716418899595737
806  0.011705265380442142
818  0.011700213886797428
814  0.011689598672091961
775  0.011679972521960735
822  0.011671977117657661
798  0.01166900247335434
813  0.011668882332742214
811  0.011662740260362625
782  0.011652505025267601
790  0.011648914776742458
773  0.011648716405034065
778  0.01164842676371336
816  0.011637204326689243
828  0.011629151180386543
781  0.011627736501395702
780  0.011624866165220737
820  0.01161983236670494
812  0.011617554351687431
784  0.011617481708526611
807  0.011617324315011501
772  0.011616344563663006
799  0.011615429073572159
803  0.011606668122112751
819  0.01160474307835102
796  0.011599762365221977
795  0.01159842312335968
791  0.011594492942094803
789  0.011592235416173935
826  0.01158899161964655
827  0.011588199064135551
800  0.011586631648242474
825  0.011586466804146767
802  0.011584566906094551
783  0.01158298458904028
809  0.011582816019654274
810  0.01158188097178936
776  0.011580889113247395
793  0.011575775220990181
817  0.011572938412427902
794  0.011567207053303719
808  0.01156681403517723
771  0.011565074324607849
787  0.011561907827854156
805  0.011561249382793903
786  0.011559940874576569
821  0.011558061465620995
801  0.011554216966032982
777  0.011553727090358734
797  0.011553493328392506
785  0.011552447453141212
779  0.01154127437621355
774  0.011537069454789162
788  0.011535797268152237
792  0.01153186708688736
823  0.01151254866272211
688  0.010907532647252083
655  0.010898533277213573
706  0.010884417220950127
669  0.010881942696869373
663  0.010879059322178364
652  0.010877781547605991
694  0.01087034959346056
680  0.010865936055779457
659  0.010865798220038414
673  0.010862159542739391
656  0.01086108386516571
707  0.010859930887818336
686  0.010859634727239609
684  0.01085234247148037
710  0.01085212267935276
701  0.010851887986063957
662  0.010848458856344223
658  0.010847886092960835
695  0.010845250450074673
705  0.010844973847270012
657  0.010841977782547474
654  0.010839206166565418
697  0.010836629197001457
664  0.010836124420166016
698  0.010836072266101837
660  0.010834366083145142
702  0.01083328202366829
700  0.010832633823156357
685  0.01083228550851345
691  0.010829082690179348
670  0.010828495025634766
668  0.01082806196063757
674  0.010827867314219475
681  0.01082727499306202
675  0.01082660537213087
682  0.010825013741850853
677  0.01082401629537344
696  0.010823721997439861
666  0.010823563672602177
704  0.010822882875800133
689  0.010821107774972916
709  0.010819372721016407
708  0.01081925444304943
667  0.010818101465702057
703  0.010812097229063511
665  0.01081150583922863
692  0.010811363346874714
693  0.010809526778757572
678  0.01080686692148447
672  0.01080530695617199
661  0.010800684802234173
687  0.010796202346682549
690  0.010795535519719124
676  0.010791381821036339
699  0.010789364576339722
671  0.010787924751639366
679  0.010786938481032848
683  0.010763577185571194
653  0.010742279700934887
1598  0.00572434114292264
1361  0.005643436219543219
211  0.002001855056732893
213  0.00199791113846004
193  0.0019961341749876738
212  0.0019954482559114695
235  0.0019939790945500135
219  0.0019939038902521133
210  0.0019932438153773546
232  0.001992416800931096
206  0.001992380479350686
236  0.001992236590012908
220  0.001992002362385392
222  0.0019919835031032562
194  0.001991761615499854
204  0.0019912365823984146
201  0.001990537391975522
233  0.001990428427234292
182  0.00198985543102026
179  0.0019897473976016045
180  0.0019897050224244595
224  0.001989683136343956
181  0.0019896766170859337
227  0.0019872947596013546
223  0.001987221883609891
188  0.0019869080279022455
195  0.001986794639378786
191  0.0019865345675498247
184  0.00198649475350976
189  0.0019864048808813095
192  0.001986328512430191
217  0.0019862991757690907
196  0.001985715003684163
200  0.00198499602265656
214  0.001984517090022564
187  0.0019844784401357174
229  0.001984469825401902
215  0.001984222559258342
218  0.0019841950852423906
225  0.001983611611649394
190  0.0019835541024804115
221  0.00198354828171432
186  0.0019835021812468767
202  0.0019830898381769657
183  0.001982826506718993
209  0.001982225337997079
228  0.001981934765353799
208  0.0019816048443317413
216  0.001981204142794013
199  0.0019810928497463465
230  0.0019804886542260647
197  0.001979771303012967
231  0.0019794388208538294
226  0.0019786213524639606
185  0.0019785393960773945
205  0.0019780886359512806
198  0.0019761878065764904
234  0.0019755447283387184
207  0.001974348211660981
203  0.001973116770386696
508  0.0017201974987983704
487  0.0017145492602139711
528  0.0017126015154644847
497  0.0017110100015997887
506  0.0017084544524550438
504  0.0017076145159080625
476  0.0017070455942302942
507  0.0017069312743842602
502  0.0017067783046513796
518  0.0017067678272724152
531  0.0017066191649064422
525  0.0017061105463653803
515  0.0017057638615369797
509  0.0017053727060556412
475  0.0017048579175025225
479  0.001703426125459373
529  0.0017033986514434218
521  0.0017029891023412347
517  0.0017026234418153763
494  0.0017024752451106906
493  0.001702172914519906
511  0.0017007741844281554
478  0.001700755674391985
498  0.00170055718626827
510  0.001700103166513145
495  0.0016988815041258931
499  0.0016988272545859218
505  0.0016987595008686185
503  0.001698389882221818
516  0.001697817468084395
490  0.001697643892839551
484  0.0016976123442873359
489  0.0016975323669612408
496  0.0016973495949059725
526  0.001696949009783566
477  0.0016968229319900274
519  0.0016965395770967007
532  0.0016961842775344849
491  0.0016960236243903637
483  0.001695773913525045
485  0.0016957264160737395
486  0.0016955974278971553
492  0.0016947322292253375
530  0.0016945950919762254
520  0.0016942013753578067
480  0.0016929672565311193
512  0.0016926368698477745
524  0.0016917588654905558
481  0.0016913062427192926
527  0.0016909842379391193
514  0.001690706587396562
513  0.0016906468663364649
523  0.0016900256741791964
488  0.0016897531459107995
482  0.0016890228725969791
500  0.0016876974841579795
522  0.0016837542643770576
501  0.0016816644929349422
296  0.0016380707966163754
237  0.0015713381581008434
1125  0.0014670799719169736
271  0.0009897222043946385
274  0.0009889836655929685
254  0.0009889695793390274
287  0.0009885817999020219
255  0.0009876244002953172
295  0.000987456412985921
277  0.0009872071677818894
250  0.0009866665350273252
292  0.0009863817831501365
248  0.000986055238172412
253  0.0009858611738309264
280  0.000985815771855414
241  0.000985442427918315
245  0.0009854274103417993
272  0.0009848722256720066
282  0.0009847263572737575
279  0.0009840646525844932
252  0.0009836218087002635
268  0.0009834686061367393
284  0.0009832024807110429
267  0.0009830882772803307
283  0.0009829009650275111
270  0.0009828382171690464
238  0.0009827165631577373
276  0.0009825928136706352
286  0.000982580240815878
244  0.0009824674343690276
246  0.0009823832660913467
239  0.0009822698775678873
247  0.000982266734354198
264  0.000982013065367937
242  0.0009819321567192674
275  0.0009817109676077962
265  0.0009816731326282024
251  0.0009815781377255917
281  0.0009814953664317727
293  0.000981396296992898
294  0.0009810657938942313
266  0.0009809616021811962
249  0.0009807536844164133
258  0.000980659737251699
240  0.0009803944267332554
243  0.000980199663899839
289  0.000980054959654808
278  0.0009799341205507517
260  0.0009796704398468137
273  0.0009793284116312861
259  0.000979250413365662
261  0.0009792406344786286
262  0.0009787798626348376
263  0.0009783299174159765
256  0.000978309428319335
291  0.0009782927809283137
257  0.000977998715825379
269  0.000977503601461649
285  0.0009770379401743412
290  0.0009763843263499439
288  0.000975711562205106
94  0.0008561163558624685
35  0.0008557550027035177
105  0.0008556486573070288
108  0.0008554200176149607
96  0.0008544904412701726
1  0.0008543166914023459
112  0.0008542471332475543
114  0.0008538979454897344
37  0.0008537108078598976
60  0.0008533395593985915
63  0.0008532545762136579
103  0.0008531907806172967
104  0.0008529545739293098
88  0.000852500437758863
70  0.0008522900752723217
65  0.0008522782591171563
72  0.0008522705757059157
97  0.0008520257542841136
101  0.0008520115516148508
46  0.0008519559050910175
118  0.0008519043331034482
68  0.0008518370450474322
44  0.0008518366958014667
55  0.0008517513633705676
110  0.0008514681831002235
74  0.0008513026987202466
106  0.0008512536296620965
76  0.000850955955684185
93  0.0008509316830895841
45  0.0008507876773364842
71  0.0008507224847562611
62  0.0008505579316988587
109  0.0008505292353220284
6  0.000850505253765732
56  0.0008504569996148348
80  0.000850431970320642
49  0.0008504089200869203
85  0.0008502629934810102
42  0.000850259733851999
81  0.0008502289419993758
29  0.0008501439588144422
102  0.0008499766117893159
9  0.000849940232001245
116  0.0008499397663399577
59  0.0008498883689753711
79  0.0008498770766891539
4  0.0008498057723045349
95  0.0008498029201291502
89  0.000849591160658747
73  0.000849568925332278
98  0.0008494345238432288
107  0.0008494103094562888
83  0.0008494022185914218
100  0.000849379925057292
61  0.0008492832421325147
84  0.0008492590277455747
13  0.0008492261986248195
22  0.0008492193301208317
115  0.0008491561748087406
82  0.0008491173502989113
33  0.000849053030833602
86  0.0008489798638038337
77  0.0008489785832352936
57  0.00084879738278687
75  0.0008487290469929576
117  0.0008487189770676196
90  0.0008485479629598558
43  0.0008485394646413624
30  0.0008484387071803212
64  0.0008483611163683236
92  0.0008483022102154791
3  0.0008481655386276543
66  0.0008481082040816545
91  0.0008481082040816545
87  0.0008479890529997647
47  0.0008479033131152391
12  0.0008478815434500575
7  0.0008478520321659744
11  0.0008476637885905802
99  0.0008475952199660242
53  0.0008475822396576405
50  0.0008473896887153387
78  0.0008472702465951443
113  0.0008471721084788442
111  0.0008471430046483874
52  0.0008471095352433622
17  0.0008471050532534719
38  0.0008470392785966396
26  0.0008470131433568895
41  0.0008469074382446706
5  0.0008469060994684696
16  0.000846888346131891
69  0.0008468694286420941
8  0.0008467476000078022
67  0.0008466483559459448
51  0.000846641487441957
14  0.0008466059807687998
34  0.0008465689024887979
21  0.000846475304570049
15  0.0008463974809274077
10  0.0008460806566290557
58  0.0008459810633212328
20  0.0008459552773274481
31  0.0008458741940557957
40  0.0008457888034172356
24  0.0008456606301479042
23  0.0008455401984974742
54  0.0008454153430648148
25  0.0008452711044810712
36  0.0008451845496892929
18  0.0008450308232568204
27  0.0008449965389445424
19  0.0008449699962511659
48  0.000844357127789408
28  0.0008432784816250205
39  0.0008431109017692506
32  0.0008430992602370679
2  0.0008428591536357999
888  0.0007085283286869526
1302  0.0005714777507819235
1159  0.0005175533005967736
1170  0.0005156462430022657
1173  0.0005139726563356817
1130  0.0005126892356202006
1128  0.0005125986062921584
1161  0.0005125878960825503
1140  0.0005122859729453921
1169  0.000512240338139236
1133  0.0005121150752529502
1138  0.0005120706628076732
1145  0.0005120560526847839
1168  0.0005119765410199761
1179  0.0005119591951370239
1162  0.0005119106499478221
1166  0.000511698133777827
1157  0.0005115850362926722
1153  0.0005114380037412047
1136  0.000511264952365309
1127  0.0005109083722345531
1175  0.000510843878146261
1174  0.0005108287441544235
1181  0.0005107793840579689
1131  0.0005106369499117136
1135  0.0005106058088131249
1177  0.0005104848532937467
1154  0.0005102854338474572
1137  0.0005102763534523547
1182  0.0005102272843942046
1171  0.0005102219292894006
1155  0.0005102063878439367
1180  0.0005101990536786616
1158  0.0005099197733215988
1165  0.0005098108667880297
1139  0.000509760866407305
1148  0.0005096289678476751
1126  0.0005094822263345122
1164  0.0005093028303235769
1129  0.0005092672072350979
1183  0.0005092576611787081
1167  0.0005092499777674675
1172  0.0005088619654998183
1134  0.0005088314646854997
1141  0.0005087359459139407
1151  0.0005087065510451794
1160  0.0005083791329525411
1146  0.0005083641153760254
1149  0.0005083379219286144
1163  0.0005082926363684237
1150  0.0005082800635136664
1156  0.0005081257550045848
1176  0.000507777149323374
1132  0.0005077299429103732
1152  0.0005075618391856551
1142  0.0005075199296697974
1147  0.0005074575892649591
1144  0.0005074553773738444
1178  0.0005068301106803119
1143  0.0005065391305834055
533  0.00047644320875406265
1480  0.0003565071092452854
829  0.00021342125546652824
548  0.00013082991063129157
568  0.00013074961316306144
566  0.00013071694411337376
579  0.00013052899157628417
591  0.0001304536999668926
549  0.00013044934894423932
575  0.00013043255603406578
572  0.00013027283421251923
544  0.00013024873624090105
545  0.00013024512736592442
536  0.00013021098857279867
539  0.00013019249308854342
584  0.00013016951561439782
567  0.00013010289694648236
550  0.00013009432586841285
534  0.00013007535017095506
556  0.00013007422967348248
577  0.00013006629887968302
573  0.00013005662185605615
543  0.0001300475705647841
571  0.00013003589992877096
582  0.00013003367348574102
555  0.00013002872583456337
565  0.00013001967454329133
574  0.00013001731713302433
547  0.00013001495972275734
561  0.0001299871801165864
542  0.00012998074817005545
588  0.00012994851567782462
583  0.00012994777353014797
569  0.00012994628923479468
537  0.00012992089614272118
570  0.00012991941184736788
559  0.00012991383846383542
589  0.00012988732487428933
564  0.00012988570961169899
557  0.00012987344234716147
590  0.00012985859939362854
554  0.00012984684144612402
576  0.0001298337010666728
541  0.00012982911721337587
535  0.00012981229519937187
546  0.00012980622705072165
580  0.00012977565347682685
551  0.00012973866250831634
585  0.00012972393597010523
578  0.00012971973046660423
587  0.00012971342948731035
560  0.00012971280375495553
540  0.00012969413364771754
558  0.0001296713890042156
552  0.0001296650734730065
538  0.00012958831212017685
563  0.00012953321856912225
562  0.00012953038094565272
553  0.0001295101101277396
581  0.0001294924586545676
586  0.0001291858498007059
1775  0.00011519187683006749
1753  0.00011513212666613981
1771  0.00011499069660203531
1717  0.00011489862663438544
1745  0.00011486992298159748
1738  0.00011486127914395183
1720  0.00011479372915346175
1751  0.00011478013766463846
1734  0.00011475519568193704
1728  0.00011473878112155944
1759  0.00011473232734715566
1719  0.00011471493780845776
1772  0.00011466943396953866
1767  0.00011457489017629996
1729  0.00011457041546236724
1762  0.00011455457570264116
1722  0.0001145279238699004
1773  0.00011452551552793011
1746  0.00011451207683421671
1723  0.0001145076093962416
1727  0.00011450204328866675
1758  0.0001144947309512645
1766  0.00011449363955762237
1749  0.0001144767229561694
1725  0.00011445347627159208
1768  0.00011444583651609719
1721  0.00011443589755799621
1769  0.00011442814866313711
1747  0.0001144211710197851
1756  0.00011439410445746034
1763  0.0001143866975326091
1732  0.000114358015707694
1760  0.00011435571650508791
1724  0.0001143527842941694
1735  0.00011429924779804423
1742  0.0001142055552918464
1770  0.0001142046894528903
1731  0.00011419859947636724
1750  0.0001141982720582746
1754  0.00011419172369642183
1739  0.00011417179484851658
1730  0.00011414523760322481
1743  0.00011413849279051647
1726  0.00011411508603487164
1765  0.0001141074753832072
1774  0.0001140775639214553
1761  0.00011403928510844707
1740  0.00011403363168938085
1737  0.00011399850336601958
1733  0.00011393819295335561
1741  0.00011390516010578722
1752  0.00011389734572730958
1757  0.00011387866106815636
1755  0.0001138406660174951
1736  0.00011380592331988737
1718  0.00011364195961505175
1764  0.00011354208982083946
1744  0.00011346016253810376
1748  0.00011328621621942148
1277  8.548283949494362e-05
1275  8.544584852643311e-05
1276  8.542752038920298e-05
1297  8.540348790120333e-05
1284  8.539925329387188e-05
1245  8.535626693628728e-05
1300  8.533168147550896e-05
1278  8.531988714821637e-05
1287  8.531768980901688e-05
1266  8.531744970241562e-05
1292  8.53158999234438e-05
1301  8.531378989573568e-05
1247  8.5302563093137e-05
1261  8.526051533408463e-05
1288  8.524279110133648e-05
1274  8.523068390786648e-05
1256  8.522832649759948e-05
1251  8.522401913069189e-05
1269  8.522077405359596e-05
1298  8.521524432580918e-05
1248  8.520500705344602e-05
1273  8.519517723470926e-05
1271  8.518680260749534e-05
1285  8.518412505509332e-05
1253  8.518388494849205e-05
1258  8.518022514181212e-05
1244  8.517649257555604e-05
1259  8.516950038028881e-05
1257  8.514043292962015e-05
1280  8.514018554706126e-05
1267  8.513946522725746e-05
1263  8.510082261636853e-05
1289  8.509920007782057e-05
1286  8.509578765369952e-05
1246  8.509546751156449e-05
1279  8.509246254106984e-05
1250  8.507193706464022e-05
1291  8.507145685143769e-05
1290  8.50686919875443e-05
1294  8.506261656293646e-05
1262  8.50586366141215e-05
1254  8.505400910507888e-05
1283  8.50467913551256e-05
1255  8.503219578415155e-05
1293  8.503170101903379e-05
1265  8.50044671096839e-05
1260  8.49992866278626e-05
1295  8.499344403389841e-05
1249  8.498525858158246e-05
1299  8.495851943735033e-05
1268  8.495576912537217e-05
1272  8.495179645251483e-05
1282  8.493421773891896e-05
1296  8.493252244079486e-05
1264  8.488159073749557e-05
1252  8.488102321280167e-05
1281  8.485512807965279e-05
1270  8.480206452077255e-05
651  8.17419495433569e-05
1514  8.079178223852068e-05
1525  8.042981062317267e-05
1528  8.02100621513091e-05
1485  8.016983338166028e-05
1500  8.016020728973672e-05
1488  8.005325798876584e-05
1521  7.997298962436616e-05
1534  7.99719273345545e-05
1483  7.996795466169715e-05
1524  7.995591295184568e-05
1493  7.990423910086975e-05
1516  7.989776349859312e-05
1523  7.988663855940104e-05
1495  7.986339915078133e-05
1512  7.985472620930523e-05
1530  7.98535838839598e-05
1508  7.983028626767918e-05
1517  7.980425289133564e-05
1491  7.978667417773977e-05
1482  7.977123459568247e-05
1532  7.976111373864114e-05
1509  7.971032027853653e-05
1526  7.970698061399162e-05
1536  7.970515434863046e-05
1492  7.970356091391295e-05
1486  7.967589772306383e-05
1490  7.964688120409846e-05
1535  7.963927782839164e-05
1510  7.962751988088712e-05
1519  7.962674862938002e-05
1520  7.960716175148264e-05
1494  7.959403592394665e-05
1529  7.959114736877382e-05
1503  7.958689820952713e-05
1537  7.958143396535888e-05
1481  7.953644671943039e-05
1513  7.952400483191013e-05
1484  7.948192796902731e-05
1506  7.948034181026742e-05
1538  7.940322393551469e-05
1522  7.939723582239822e-05
1511  7.938958879094571e-05
1518  7.933858432807028e-05
1505  7.931399886729196e-05
1531  7.929630373837426e-05
1504  7.929539424367249e-05
1497  7.927905971882865e-05
1499  7.927588740130886e-05
1487  7.927361730253324e-05
1527  7.927278784336522e-05
1496  7.925419777166098e-05
1501  7.924739475129172e-05
1489  7.924248347990215e-05
1507  7.92170176282525e-05
1515  7.915117748780176e-05
1498  7.914550951682031e-05
1502  7.908410771051422e-05
1533  7.898228068370372e-05
592  7.720071153016761e-05
1613  5.5755146604496986e-05
1633  5.5719745432725176e-05
1631  5.571624205913395e-05
1656  5.558780685532838e-05
1630  5.558054908760823e-05
1626  5.5544147471664473e-05
1614  5.552624861593358e-05
1644  5.552449874812737e-05
1601  5.551936192205176e-05
1632  5.550220885197632e-05
1604  5.547845285036601e-05
1639  5.547183536691591e-05
1640  5.546903412323445e-05
1653  5.546427200897597e-05
1649  5.545078602153808e-05
1621  5.544819578062743e-05
1609  5.543608858715743e-05
1642  5.543164661503397e-05
1652  5.54198632016778e-05
1647  5.541869904845953e-05
1636  5.541610880754888e-05
1610  5.540670463233255e-05
1655  5.540643905987963e-05
1622  5.539211997529492e-05
1637  5.538826735573821e-05
1602  5.538055484066717e-05
1607  5.5380238336510956e-05
1620  5.536767275771126e-05
1599  5.5366930610034615e-05
1624  5.5364715080941096e-05
1635  5.53612808289472e-05
1619  5.535811578738503e-05
1615  5.5340849939966574e-05
1643  5.533621151698753e-05
1612  5.532935028895736e-05
1600  5.531647548195906e-05
1616  5.531104397960007e-05
1611  5.5300446547335014e-05
1638  5.529321788344532e-05
1645  5.52888959646225e-05
1648  5.5288372095674276e-05
1625  5.5282467656070367e-05
1603  5.528114706976339e-05
1606  5.528045949176885e-05
1608  5.527582470676862e-05
1641  5.527013126993552e-05
1650  5.5244465329451486e-05
1634  5.524436346604489e-05
1617  5.521960702026263e-05
1629  5.5215183238033205e-05
1605  5.516450255527161e-05
1646  5.5125219660112634e-05
1628  5.510461414814927e-05
1651  5.5093845730880275e-05
1654  5.507514288183302e-05
1623  5.5044110922608525e-05
1627  5.501189662027173e-05
1618  5.4958461987553164e-05
1184  3.4290427720407024e-05
1657  3.1982177461031824e-05
629  2.8382932214299217e-05
642  2.8377709895721637e-05
632  2.8357471819617786e-05
650  2.8349577405606396e-05
605  2.834211954905186e-05
626  2.833801045198925e-05
602  2.833433791238349e-05
596  2.832517566275783e-05
607  2.8323800506768748e-05
601  2.8320557248662226e-05
623  2.831537312886212e-05
635  2.8307676984695718e-05
603  2.830527773767244e-05
648  2.8303631552262232e-05
649  2.830214361893013e-05
600  2.830187622748781e-05
622  2.8300930352997966e-05
609  2.8300364647293463e-05
604  2.8298743927734904e-05
638  2.8293809009483084e-05
634  2.829100048984401e-05
610  2.829070399457123e-05
608  2.8289490728639066e-05
628  2.8288895919104107e-05
631  2.8281883714953437e-05
594  2.8276379453018308e-05
639  2.827241587510798e-05
611  2.826710624503903e-05
606  2.826438139891252e-05
627  2.8262951673241332e-05
637  2.8261525585548952e-05
630  2.825328010658268e-05
625  2.825193223543465e-05
599  2.824904913723003e-05
598  2.8247892259969376e-05
617  2.824363582476508e-05
641  2.8243501219549216e-05
616  2.824331386364065e-05
612  2.8242557164048776e-05
593  2.8241940526640974e-05
619  2.8240729079698212e-05
647  2.823908653226681e-05
644  2.823814247676637e-05
597  2.8232972908881493e-05
613  2.822836904670112e-05
614  2.822761598508805e-05
636  2.8220401873113587e-05
618  2.8217118597240187e-05
615  2.8208642106619664e-05
633  2.8208616640768014e-05
620  2.820805093506351e-05
643  2.8197695428389125e-05
624  2.819282963173464e-05
595  2.8191190722282045e-05
646  2.817245876940433e-05
640  2.8146705517428927e-05
621  2.8145628675702028e-05
645  2.8082784410798922e-05
1243  2.6527246518526226e-05
842  2.6272642571711913e-05
859  2.6269761292496696e-05
861  2.6261897801305167e-05
886  2.625671368150506e-05
862  2.624316948640626e-05
849  2.6239489670842886e-05
831  2.6233537937514484e-05
863  2.622970896482002e-05
833  2.622873398649972e-05
838  2.6215680918539874e-05
852  2.6214829631499015e-05
873  2.6214829631499015e-05
869  2.621450403239578e-05
872  2.6213181627099402e-05
835  2.620880513859447e-05
851  2.6208479539491236e-05
880  2.6207530027022585e-05
884  2.6205856556771323e-05
832  2.620025770738721e-05
870  2.620005761855282e-05
874  2.6198609702987596e-05
883  2.6196459657512605e-05
840  2.6194662495981902e-05
834  2.619418955873698e-05
839  2.618916732899379e-05
866  2.6187570256297477e-05
848  2.618537109810859e-05
830  2.6184399757767096e-05
875  2.6183872250840068e-05
857  2.6181751309195533e-05
876  2.617883001221344e-05
878  2.6172563593718223e-05
858  2.617181780806277e-05
887  2.617096652102191e-05
877  2.6170393539359793e-05
841  2.6167721443925984e-05
843  2.6167697797063738e-05
844  2.6166249881498516e-05
853  2.6166249881498516e-05
879  2.6166053430642933e-05
868  2.616580059111584e-05
854  2.615998891997151e-05
836  2.615686935314443e-05
856  2.615507401060313e-05
882  2.615367884573061e-05
864  2.61501845670864e-05
871  2.61501845670864e-05
845  2.6149762561544776e-05
850  2.614380355225876e-05
847  2.613896685943473e-05
860  2.6135676307603717e-05
855  2.6128898753086105e-05
867  2.6128898753086105e-05
881  2.612102616694756e-05
846  2.6116842491319403e-05
837  2.6114723368664272e-05
865  2.6114026695722714e-05
885  2.6091573090525344e-05
1716  1.6760601283749565e-05
1420  1.121691911976086e-05
1403  1.1204229849681724e-05
1412  1.120250908570597e-05
1364  1.1197563253517728e-05
1391  1.1192822967132088e-05
1383  1.1190240002179053e-05
1362  1.1189385986654088e-05
1390  1.1187551535840612e-05
1396  1.1187508789589629e-05
1404  1.1186494702997152e-05
1365  1.1186323717993218e-05
1366  1.1185235962329898e-05
1398  1.1182708476553671e-05
1375  1.1181993613718078e-05
1392  1.1181567970197648e-05
1374  1.118094860430574e-05
1370  1.1180926776432898e-05
1414  1.1180863111803774e-05
1407  1.1180501132912468e-05
1373  1.1178741260664538e-05
1394  1.1176471161888912e-05
1367  1.117587453336455e-05
1380  1.11757462946116e-05
1417  1.1175277904840186e-05
1411  1.1174457540619187e-05
1416  1.1174382962053642e-05
1372  1.117326337407576e-05
1379  1.1172453923791181e-05
1413  1.1171612641192041e-05
1397  1.117147348850267e-05
1415  1.117131432692986e-05
1369  1.1170589459652547e-05
1387  1.1170056495757308e-05
1384  1.1168086530233268e-05
1377  1.1167649972776417e-05
1405  1.1167489901708905e-05
1401  1.1166871445311699e-05
1418  1.1165934665768873e-05
1395  1.116446583182551e-05
1386  1.116278326662723e-05
1399  1.1162443115608767e-05
1419  1.1160836038470734e-05
1402  1.1160750545968767e-05
1382  1.1159909263369627e-05
1410  1.1159504538227338e-05
1381  1.1158611414430197e-05
1368  1.1158579582115635e-05
1378  1.1158143024658784e-05
1376  1.1158132110722363e-05
1408  1.1156578693771735e-05
1371  1.1156439541082364e-05
1388  1.1156376785947941e-05
1400  1.1153781088069081e-05
1406  1.115345185098704e-05
1385  1.1152675142511725e-05
1409  1.1143584742967505e-05
1363  1.1141226423205808e-05
1393  1.1132559848192614e-05
1389  1.1123030162707437e-05
1694  1.1081704542448279e-05
1674  1.1063721103710122e-05
1691  1.1056898074457422e-05
1715  1.1056580660806503e-05
1707  1.1048001397284679e-05
1675  1.1046072359022219e-05
1670  1.1042450751119759e-05
1697  1.1037574950023554e-05
1702  1.103519753087312e-05
1668  1.1031114809156861e-05
1700  1.10306727947318e-05
1661  1.1027643267880194e-05
1712  1.1021776117559057e-05
1704  1.1018308214261197e-05
1685  1.1015628842869774e-05
1665  1.1015145901183132e-05
1659  1.1004499356204178e-05
1666  1.1000995073118247e-05
1673  1.0997480785590596e-05
1706  1.0996799574058969e-05
1692  1.0996117453032639e-05
1684  1.0995320735673886e-05
1695  1.0994911463058088e-05
1690  1.0992164789058734e-05
1699  1.0991168892360292e-05
1687  1.0990906957886182e-05
1688  1.0989785550918896e-05
1672  1.0986872439389117e-05
1696  1.0985594599333126e-05
1678  1.0984776963596232e-05
1662  1.098321627068799e-05
1714  1.0983131687680725e-05
1664  1.0981079867633525e-05
1713  1.0978420505125541e-05
1667  1.0972087693517096e-05
1709  1.097032964025857e-05
1658  1.0969137292704545e-05
1703  1.0969032700813841e-05
1681  1.0966376066789962e-05
1671  1.0965006367769092e-05
1663  1.0964567991322838e-05
1693  1.0961869520542677e-05
1701  1.0961492989736143e-05
1669  1.0958942766592372e-05
1660  1.0957960512314457e-05
1676  1.0953446690109558e-05
1698  1.0952068805636372e-05
1711  1.095058541977778e-05
1686  1.0948026101686992e-05
1679  1.0946805559797212e-05
1689  1.0942985682049766e-05
1680  1.0940522770397365e-05
1683  1.0939040294033475e-05
1677  1.0932710210909136e-05
1682  1.0932043551292736e-05
1705  1.0920987733697984e-05
1710  1.0916197425103746e-05
1708  1.0884740731853526e-05
1216  8.396030352741946e-06
1218  8.3898512457381e-06
1199  8.389506547246128e-06
1229  8.385243745578919e-06
1241  8.377689482585993e-06
1232  8.375141078431625e-06
1187  8.374614480999298e-06
1234  8.374191565962974e-06
1195  8.372641786991153e-06
1211  8.370414434466511e-06
1223  8.370118848688435e-06
1197  8.3674849520321e-06
1190  8.367444934265222e-06
1192  8.367213922610972e-06
1214  8.362714652321301e-06
1233  8.362683729501441e-06
1224  8.362005246453919e-06
1204  8.3607128544827e-06
1225  8.360650099348277e-06
1185  8.360466381418519e-06
1213  8.36028266348876e-06
1219  8.36028266348876e-06
1198  8.360234460269567e-06
1188  8.360076208191458e-06
1242  8.358991181012243e-06
1186  8.358879313163925e-06
1239  8.358879313163925e-06
1194  8.358026207133662e-06
1193  8.357237675227225e-06
1202  8.352457371074706e-06
1240  8.352273653144948e-06
1189  8.351652468263637e-06
1222  8.351469659828581e-06
1221  8.351365977432579e-06
1207  8.350513780897018e-06
1217  8.34917591419071e-06
1212  8.349135896423832e-06
1201  8.345067726622801e-06
1230  8.344988600583747e-06
1238  8.343969966517761e-06
1226  8.342737601196859e-06
1210  8.341280590684619e-06
1236  8.34105048852507e-06
1228  8.339857231476344e-06
1227  8.339618034369778e-06
1206  8.338489351444878e-06
1191  8.336636710737366e-06
1200  8.335960956173949e-06
1237  8.335054189956281e-06
1215  8.33426838653395e-06
1208  8.33267858979525e-06
1220  8.331463504873682e-06
1196  8.330199307238217e-06
1231  8.330167474923655e-06
1205  8.32611749501666e-06
1203  8.315356353705283e-06
1235  8.312256795761641e-06
1209  8.309109944093507e-06
390  2.74848048320564e-07
392  2.742134483924019e-07
404  2.729282471136685e-07
356  2.727130663515709e-07
410  2.7199567398383806e-07
364  2.719653480198758e-07
401  2.7183386919205077e-07
400  2.7160584181729064e-07
359  2.714307925089088e-07
377  2.713443620905309e-07
399  2.7111491363029927e-07
384  2.709993793814647e-07
408  2.709676039103215e-07
367  2.7096552912553307e-07
358  2.7090402454632567e-07
388  2.706104282879096e-07
405  2.7046698392041435e-07
361  2.7045382466894807e-07
368  2.7032001526094973e-07
393  2.702787469388568e-07
398  2.701264634197287e-07
411  2.699173649034492e-07
378  2.69879251391103e-07
360  2.698226637676271e-07
406  2.697645129501325e-07
389  2.696515934985655e-07
373  2.693560077204893e-07
366  2.691074598715204e-07
414  2.690312612685375e-07
386  2.690194662591239e-07
362  2.6901588512373564e-07
397  2.6900073635260924e-07
394  2.689337748051912e-07
381  2.6861619062401587e-07
363  2.685449658201833e-07
385  2.685380593447917e-07
370  2.6848070433516114e-07
413  2.684743094505393e-07
372  2.6828487875718565e-07
391  2.6818028686648177e-07
379  2.681498472156818e-07
409  2.6812222131411545e-07
369  2.679629744761769e-07
402  2.6795197527462733e-07
376  2.678065982308908e-07
387  2.6779923700814834e-07
412  2.677841735021502e-07
374  2.6773332706397923e-07
395  2.675630810244911e-07
371  2.674832160209917e-07
382  2.670280139227543e-07
365  2.6695849442148756e-07
375  2.6692464416555595e-07
396  2.6681217946133984e-07
383  2.6666512553674693e-07
403  2.6659213858692965e-07
380  2.661780627022381e-07
407  2.6591038704282255e-07
357  2.6513728812460613e-07
