388  0.30249902606010437
389  0.30249902606010437
390  0.30249902606010437
391  0.30249902606010437
392  0.30249902606010437
393  0.30249902606010437
394  0.30249902606010437
395  0.30249902606010437
396  0.30249902606010437
397  0.30249902606010437
398  0.30249902606010437
399  0.30249902606010437
400  0.30249902606010437
401  0.30249902606010437
402  0.30249902606010437
403  0.30249902606010437
404  0.30249902606010437
405  0.30249902606010437
406  0.30249902606010437
407  0.30249902606010437
408  0.30249902606010437
409  0.30249902606010437
410  0.30249902606010437
411  0.30249902606010437
412  0.30249902606010437
413  0.30249902606010437
414  0.30249902606010437
415  0.30249902606010437
416  0.30249902606010437
417  0.30249902606010437
418  0.30249902606010437
419  0.30249902606010437
420  0.30249902606010437
421  0.30249902606010437
422  0.30249902606010437
423  0.30249902606010437
424  0.30249902606010437
425  0.30249902606010437
426  0.30249902606010437
427  0.30249902606010437
428  0.30249902606010437
429  0.30249902606010437
517  0.30249902606010437
518  0.30249902606010437
519  0.30249902606010437
520  0.30249902606010437
521  0.30249902606010437
522  0.30249902606010437
523  0.30249902606010437
524  0.30249902606010437
525  0.30249902606010437
526  0.30249902606010437
527  0.30249902606010437
528  0.30249902606010437
529  0.30249902606010437
530  0.30249902606010437
531  0.30249902606010437
532  0.30249902606010437
533  0.30249902606010437
534  0.30249902606010437
535  0.30249902606010437
536  0.30249902606010437
537  0.30249902606010437
538  0.30249902606010437
539  0.30249902606010437
540  0.30249902606010437
541  0.30249902606010437
542  0.30249902606010437
543  0.30249902606010437
544  0.30249902606010437
545  0.30249902606010437
546  0.30249902606010437
547  0.30249902606010437
548  0.30249902606010437
549  0.30249902606010437
550  0.30249902606010437
551  0.30249902606010437
552  0.30249902606010437
553  0.30249902606010437
554  0.30249902606010437
555  0.30249902606010437
556  0.30249902606010437
557  0.30249902606010437
558  0.30249902606010437
1033  0.30249902606010437
1034  0.30249902606010437
1035  0.30249902606010437
1036  0.30249902606010437
1037  0.30249902606010437
1038  0.30249902606010437
1039  0.30249902606010437
1040  0.30249902606010437
1041  0.30249902606010437
1042  0.30249902606010437
1043  0.30249902606010437
1044  0.30249902606010437
1045  0.30249902606010437
1046  0.30249902606010437
1047  0.30249902606010437
1048  0.30249902606010437
1049  0.30249902606010437
1050  0.30249902606010437
1051  0.30249902606010437
1052  0.30249902606010437
1053  0.30249902606010437
1054  0.30249902606010437
1055  0.30249902606010437
1056  0.30249902606010437
1057  0.30249902606010437
1058  0.30249902606010437
1059  0.30249902606010437
1060  0.30249902606010437
1061  0.30249902606010437
1062  0.30249902606010437
1063  0.30249902606010437
1064  0.30249902606010437
1065  0.30249902606010437
1066  0.30249902606010437
1067  0.30249902606010437
1068  0.30249902606010437
1069  0.30249902606010437
1070  0.30249902606010437
1071  0.30249902606010437
1072  0.30249902606010437
1073  0.30249902606010437
1074  0.30249902606010437
1075  0.30249902606010437
1076  0.30249902606010437
1077  0.30249902606010437
1078  0.30249902606010437
1079  0.30249902606010437
1080  0.30249902606010437
1081  0.30249902606010437
1082  0.30249902606010437
1083  0.30249902606010437
1084  0.30249902606010437
1085  0.30249902606010437
1086  0.30249902606010437
1087  0.30249902606010437
1088  0.30249902606010437
1089  0.30249902606010437
1090  0.30249902606010437
1091  0.30249902606010437
1092  0.30249902606010437
1093  0.30249902606010437
1094  0.30249902606010437
1095  0.30249902606010437
1096  0.30249902606010437
1097  0.30249902606010437
1098  0.30249902606010437
1099  0.30249902606010437
1100  0.30249902606010437
1101  0.30249902606010437
1102  0.30249902606010437
1103  0.30249902606010437
1104  0.30249902606010437
1105  0.30249902606010437
1106  0.30249902606010437
1107  0.30249902606010437
1108  0.30249902606010437
1109  0.30249902606010437
1110  0.30249902606010437
1111  0.30249902606010437
1112  0.30249902606010437
1113  0.30249902606010437
1114  0.30249902606010437
1115  0.30249902606010437
1116  0.30249902606010437
1117  0.30249902606010437
1118  0.30249902606010437
1119  0.30249902606010437
1120  0.30249902606010437
1121  0.30249902606010437
1122  0.30249902606010437
1123  0.30249902606010437
1124  0.30249902606010437
1125  0.30249902606010437
1126  0.30249902606010437
1127  0.30249902606010437
1128  0.30249902606010437
1129  0.30249902606010437
1130  0.30249902606010437
1131  0.30249902606010437
1132  0.30249902606010437
1133  0.30249902606010437
1134  0.30249902606010437
1135  0.30249902606010437
1136  0.30249902606010437
1137  0.30249902606010437
1138  0.30249902606010437
1139  0.30249902606010437
1140  0.30249902606010437
1141  0.30249902606010437
1142  0.30249902606010437
1143  0.30249902606010437
1144  0.30249902606010437
1145  0.30249902606010437
1146  0.30249902606010437
1147  0.30249902606010437
1148  0.30249902606010437
1149  0.30249902606010437
1150  0.30249902606010437
1151  0.30249902606010437
1152  0.30249902606010437
1153  0.30249902606010437
1154  0.30249902606010437
1155  0.30249902606010437
1156  0.30249902606010437
1157  0.30249902606010437
1158  0.30249902606010437
1159  0.30249902606010437
1160  0.30249902606010437
349  0.3018856942653656
348  0.3018834590911865
385  0.3018820285797119
350  0.30186593532562256
387  0.30184853076934814
346  0.3017982542514801
347  0.3017815351486206
372  0.3017558157444
386  0.3017500340938568
345  0.30170637369155884
382  0.30165600776672363
354  0.30165231227874756
370  0.3016453683376312
357  0.3016258776187897
358  0.3016206920146942
380  0.30161726474761963
374  0.30160829424858093
355  0.30159568786621094
371  0.3015638589859009
363  0.30153846740722656
379  0.3015223443508148
378  0.30148985981941223
381  0.3014822006225586
368  0.3014640808105469
377  0.30146124958992004
361  0.30145683884620667
366  0.3014492392539978
376  0.3014393746852875
351  0.3014063239097595
359  0.3014031648635864
367  0.30140188336372375
369  0.3013957142829895
356  0.30137136578559875
360  0.30136963725090027
373  0.30133718252182007
384  0.30131834745407104
362  0.3013153672218323
365  0.30128028988838196
352  0.30126920342445374
353  0.30124813318252563
383  0.30123040080070496
375  0.30117204785346985
364  0.3011452257633209
178  0.3010300099849701
176  0.3009072244167328
514  0.30089160799980164
478  0.30068063735961914
177  0.30064019560813904
214  0.30046552419662476
175  0.3004564046859741
213  0.3004310727119446
516  0.30038759112358093
174  0.30035698413848877
185  0.3003108501434326
200  0.3003081679344177
182  0.30024489760398865
474  0.30021584033966064
199  0.30021023750305176
198  0.3002070188522339
210  0.3001592457294464
186  0.3000974655151367
173  0.30009204149246216
208  0.30001023411750793
191  0.29996198415756226
183  0.29991835355758667
484  0.29986271262168884
202  0.2998625934123993
511  0.2997860014438629
194  0.2997027039527893
205  0.2996857166290283
508  0.29966768622398376
195  0.2996346652507782
201  0.29961538314819336
209  0.2996059060096741
196  0.29956501722335815
189  0.2995489239692688
476  0.2995048761367798
179  0.299483984708786
187  0.29946237802505493
204  0.2994050681591034
513  0.2993922829627991
206  0.29937097430229187
212  0.2993508279323578
197  0.2993393540382385
184  0.2992846965789795
475  0.2992355227470398
207  0.29918012022972107
192  0.2990797758102417
181  0.29903340339660645
506  0.2989981472492218
180  0.2989945411682129
193  0.2989523112773895
479  0.29891061782836914
190  0.2988569140434265
211  0.2988348603248596
515  0.29879051446914673
510  0.2987734377384186
188  0.29877153038978577
509  0.2987397611141205
505  0.2986782193183899
486  0.2986678183078766
477  0.29865729808807373
498  0.29863592982292175
494  0.29862669110298157
203  0.29857656359672546
502  0.29855775833129883
499  0.2985290288925171
493  0.2985173761844635
497  0.29845017194747925
483  0.29837000370025635
512  0.29824841022491455
500  0.2982131540775299
490  0.29817962646484375
487  0.2981700003147125
496  0.298068642616272
504  0.2980312407016754
489  0.29800233244895935
492  0.298000693321228
480  0.297996461391449
507  0.2979571521282196
503  0.2979055643081665
485  0.2979012131690979
491  0.29778435826301575
488  0.29762789607048035
501  0.2974564731121063
495  0.29740259051322937
482  0.29713964462280273
481  0.2969266474246979
559  0.2711718678474426
564  0.2285909652709961
600  0.22820377349853516
560  0.22808553278446198
570  0.22802065312862396
597  0.22797799110412598
599  0.2276388257741928
594  0.22763369977474213
562  0.2276087999343872
561  0.22759659588336945
579  0.2275795042514801
565  0.22751106321811676
584  0.2274993658065796
588  0.2274402529001236
601  0.22743208706378937
573  0.2272931933403015
569  0.2272443324327469
572  0.22722689807415009
598  0.2272169291973114
592  0.22719326615333557
595  0.22717899084091187
566  0.22715379297733307
591  0.22709088027477264
583  0.2270849049091339
582  0.2270474135875702
590  0.22703637182712555
586  0.2270270586013794
576  0.22702351212501526
580  0.22700445353984833
596  0.22698216140270233
563  0.22692619264125824
577  0.22689196467399597
574  0.22680844366550446
593  0.2268058806657791
575  0.22679756581783295
589  0.22673971951007843
578  0.2267003059387207
585  0.226686492562294
581  0.2266688048839569
571  0.2266395539045334
568  0.22656512260437012
587  0.22644969820976257
567  0.22644522786140442
430  0.19109679758548737
215  0.16242556273937225
1032  0.13777858018875122
473  0.1095709279179573
471  0.05975271388888359
435  0.05968932434916496
433  0.05965549126267433
431  0.05957059934735298
432  0.05951813608407974
468  0.05949677899479866
441  0.05948786810040474
436  0.059442538768053055
470  0.059380605816841125
465  0.05936870351433754
472  0.05920637398958206
440  0.05918058753013611
454  0.05913926661014557
457  0.05913611128926277
466  0.05909338220953941
443  0.059027135372161865
459  0.059008121490478516
463  0.0590064637362957
444  0.058992933481931686
455  0.05898243188858032
467  0.05897236242890358
458  0.058930136263370514
434  0.058906037360429764
464  0.05888388678431511
450  0.058882374316453934
451  0.05887264758348465
460  0.05886606127023697
456  0.058860182762145996
452  0.05884978175163269
453  0.058841243386268616
437  0.058820612728595734
462  0.05879311263561249
442  0.05878680571913719
448  0.058763474225997925
445  0.05875838175415993
449  0.05868948996067047
469  0.0586833618581295
446  0.058680858463048935
447  0.058604758232831955
461  0.0585828460752964
439  0.05854128301143646
438  0.05851733684539795
602  0.03728644177317619
299  0.03165338933467865
263  0.03162034973502159
261  0.031562838703393936
264  0.03153238072991371
285  0.031515996903181076
259  0.03148822486400604
300  0.031468041241168976
282  0.03145990148186684
296  0.03145748749375343
260  0.031451016664505005
269  0.03145018219947815
268  0.03144285827875137
262  0.031442370265722275
292  0.03142603114247322
298  0.031415361911058426
293  0.03140382468700409
271  0.03140324354171753
291  0.03139278665184975
277  0.03138934448361397
294  0.03137786313891411
286  0.031369272619485855
272  0.031357694417238235
283  0.0313434824347496
265  0.03133522719144821
281  0.03133400157094002
295  0.03132912516593933
280  0.03131834790110588
288  0.03131103515625
284  0.0312933474779129
297  0.031279392540454865
275  0.03127804771065712
290  0.031274739652872086
267  0.031247593462467194
274  0.03124692663550377
266  0.031246919184923172
273  0.031244562938809395
287  0.03124351240694523
279  0.031230609863996506
270  0.031223785132169724
278  0.031213415786623955
276  0.031199930235743523
289  0.031154697760939598
947  0.02848193608224392
951  0.028426731005311012
949  0.028416959568858147
982  0.028410395607352257
959  0.02841026335954666
978  0.028388435021042824
973  0.028386706486344337
950  0.02838105894625187
984  0.028379512950778008
983  0.028373854234814644
976  0.028372103348374367
958  0.02837059274315834
986  0.028367437422275543
971  0.028363974764943123
960  0.028360316529870033
972  0.028354188427329063
974  0.02834935300052166
964  0.028334418311715126
952  0.028333334252238274
967  0.028330843895673752
979  0.028330130502581596
981  0.02832244522869587
969  0.028318770229816437
985  0.02831590361893177
954  0.028312724083662033
988  0.02830842137336731
955  0.028306785970926285
948  0.028304176405072212
957  0.02830389514565468
953  0.028297876939177513
965  0.02829578146338463
956  0.028291117399930954
962  0.028287481516599655
963  0.028281165286898613
968  0.028276531025767326
987  0.028276357799768448
980  0.02827300876379013
977  0.028270768001675606
975  0.028255915269255638
961  0.028237847611308098
970  0.028224773705005646
966  0.028201522305607796
946  0.027278393507003784
906  0.02450527623295784
912  0.024488305673003197
945  0.02448313869535923
930  0.02446897141635418
904  0.024468816816806793
939  0.024422505870461464
907  0.024403013288974762
908  0.02439361810684204
909  0.024368764832615852
925  0.02436520718038082
936  0.02436254918575287
915  0.02436104416847229
942  0.02432597242295742
943  0.024320287629961967
928  0.024312956258654594
918  0.024306651204824448
941  0.024304356426000595
922  0.024300986900925636
914  0.02429545298218727
933  0.024292927235364914
920  0.02428632602095604
921  0.024280643090605736
916  0.024267980828881264
937  0.024261854588985443
905  0.024260139092803
926  0.02425980009138584
924  0.02425909973680973
911  0.024254538118839264
935  0.024227764457464218
913  0.02422362193465233
940  0.024210777133703232
932  0.02420954778790474
938  0.024206282570958138
927  0.024180598556995392
917  0.024173466488718987
929  0.024172106757760048
919  0.02414894476532936
934  0.024132689461112022
931  0.024127576500177383
944  0.02412296086549759
923  0.02410803735256195
910  0.024106135591864586
301  0.018841207027435303
344  0.010147950612008572
172  0.008766296319663525
1161  0.008646576665341854
989  0.008509806357324123
1  0.007867693901062012
3  0.00781749002635479
41  0.007805420085787773
37  0.007802229840308428
19  0.007801687344908714
5  0.007799262180924416
27  0.007797874975949526
40  0.0077888378873467445
4  0.007787699811160564
16  0.007787640206515789
35  0.007783275097608566
28  0.007782907225191593
6  0.0077743795700371265
15  0.007771313656121492
14  0.007768959738314152
33  0.007765515707433224
2  0.00775846466422081
39  0.007757693994790316
38  0.007754792459309101
10  0.007749913726001978
25  0.007748076692223549
23  0.007747952360659838
36  0.0077467202208936214
42  0.007746464107185602
13  0.007745964918285608
18  0.007744327653199434
29  0.007743466645479202
9  0.007741635199636221
32  0.007736003026366234
12  0.0077353548258543015
21  0.007733096834272146
17  0.007731118239462376
34  0.007729863282293081
11  0.007728678174316883
20  0.007723443675786257
24  0.007718449924141169
22  0.007718384265899658
8  0.007716101594269276
7  0.007714561186730862
31  0.007712933234870434
30  0.007704124785959721
26  0.00769073236733675
903  0.0075402152724564075
43  0.007108153775334358
992  0.005467526614665985
990  0.005455863196402788
994  0.005450095981359482
1016  0.005441315472126007
998  0.005438991356641054
1025  0.005436487030237913
995  0.005426261108368635
993  0.0054252734407782555
1029  0.005424943752586842
1031  0.005420960020273924
1008  0.005413280799984932
1002  0.005412685219198465
1024  0.0054125236347317696
1026  0.005411345511674881
1022  0.005410878919064999
1011  0.005409675184637308
991  0.005409187637269497
999  0.005409094970673323
1007  0.005406910087913275
1023  0.0054041980765759945
1001  0.0054036290384829044
1000  0.005403292831033468
1019  0.0054009282030165195
1010  0.005399053450673819
1004  0.005398287903517485
1027  0.005398103501647711
1015  0.005395377986133099
1014  0.0053945970721542835
1028  0.005394446663558483
1003  0.005390009377151728
1006  0.005386830307543278
1012  0.00538653926923871
1017  0.0053836507722735405
1018  0.005378314759582281
1030  0.00537758506834507
1005  0.005376001354306936
997  0.0053719463758170605
1021  0.0053710113279521465
996  0.005368576850742102
1013  0.005364804994314909
1009  0.005360557232052088
1020  0.005360308103263378
1164  0.005209530703723431
1166  0.005189702846109867
1188  0.005184560548514128
1174  0.005182485096156597
1201  0.0051797498017549515
1162  0.005179123021662235
1197  0.005177396349608898
1163  0.005177010782063007
1165  0.005167581140995026
1203  0.005167399998754263
1173  0.005167397670447826
1187  0.00516521604731679
1199  0.005164856556802988
1172  0.005164136178791523
1195  0.005162164568901062
1175  0.005160866305232048
1170  0.005158617161214352
1198  0.005157012026757002
1196  0.005156370811164379
1179  0.005154481157660484
1167  0.005153607577085495
1180  0.005153532139956951
1176  0.005151931196451187
1177  0.005148014985024929
1171  0.0051475632935762405
1183  0.005147082265466452
1200  0.005143779329955578
1202  0.005142930429428816
1178  0.005142903421074152
1184  0.005141144618391991
1185  0.005140886642038822
1194  0.005139864981174469
133  0.0051380847580730915
1189  0.005136693362146616
1186  0.0051359450444579124
1182  0.005135285202413797
135  0.005134661681950092
1193  0.0051346030086278915
1191  0.005131795536726713
134  0.005130683071911335
1181  0.00512955617159605
1168  0.005127933342009783
170  0.0051267072558403015
1169  0.005125885363668203
167  0.0051191686652600765
1190  0.005116010084748268
1192  0.005115628708153963
148  0.005111371632665396
171  0.005107532255351543
132  0.005105598829686642
156  0.005104724317789078
157  0.005099012516438961
166  0.005098591558635235
146  0.005097645800560713
130  0.005095774307847023
152  0.005093650426715612
143  0.00509075541049242
142  0.005086109042167664
169  0.005083728116005659
131  0.005083450581878424
139  0.005081528797745705
138  0.005081357434391975
165  0.005080969538539648
151  0.005078967195004225
159  0.005078841932117939
145  0.005074520595371723
162  0.00507413549348712
154  0.005070605780929327
150  0.0050702826119959354
136  0.005069922190159559
155  0.005065392702817917
144  0.0050648110918700695
153  0.005062319803982973
140  0.005061532370746136
164  0.005059851799160242
168  0.0050596739165484905
147  0.005059498827904463
161  0.005059421993792057
149  0.005057446658611298
158  0.005054506007581949
163  0.005052928812801838
141  0.00504853343591094
160  0.005027702543884516
137  0.005015585571527481
258  0.004051393363624811
306  0.0029850632417947054
307  0.0029753849375993013
343  0.0029687238857150078
342  0.00296761910431087
314  0.002967068925499916
339  0.0029645096510648727
311  0.0029634879902005196
320  0.0029596230015158653
305  0.0029593417420983315
304  0.0029569691978394985
315  0.0029568818863481283
341  0.002956464421004057
324  0.0029549680184572935
312  0.0029536965303122997
328  0.002952128415927291
329  0.002951456233859062
337  0.0029514478519558907
325  0.00295142806135118
303  0.0029508741572499275
318  0.002948854584246874
335  0.0029486259445548058
331  0.002948350040242076
330  0.0029479083605110645
321  0.0029467721469700336
338  0.0029466303531080484
302  0.00294547900557518
336  0.0029454652685672045
333  0.0029454510658979416
310  0.0029441965743899345
308  0.0029441937804222107
316  0.002944188192486763
326  0.0029434494208544493
317  0.002943200059235096
327  0.0029430827125906944
334  0.0029416221659630537
340  0.0029414654709398746
322  0.002941015176475048
323  0.00293997535482049
319  0.002937235636636615
313  0.002934108953922987
332  0.002933348761871457
309  0.002929982729256153
129  0.002863815287128091
623  0.00279757147654891
607  0.002790430560708046
631  0.0027903402224183083
639  0.0027898771222680807
643  0.0027895416133105755
636  0.0027892086654901505
644  0.002788166282698512
614  0.0027879662811756134
633  0.0027873313520103693
605  0.0027868698816746473
629  0.0027867720928043127
622  0.0027864964213222265
619  0.0027855439111590385
637  0.0027847797609865665
627  0.002784546697512269
641  0.0027840500697493553
642  0.002782890573143959
640  0.0027828586753457785
635  0.0027803301345556974
626  0.002779501024633646
612  0.002779172034934163
618  0.002778881462290883
603  0.002778648631647229
606  0.002778142923489213
613  0.002778035821393132
615  0.0027775324415415525
632  0.0027767904102802277
604  0.002775942673906684
634  0.002775554545223713
609  0.0027753778267651796
610  0.00277485023252666
608  0.00277464697137475
625  0.0027743910904973745
630  0.0027735137846320868
611  0.0027719405479729176
620  0.0027719130739569664
621  0.0027712422888725996
624  0.0027709854766726494
617  0.002770861377939582
638  0.0027699617203325033
616  0.002768003847450018
628  0.0027673232834786177
1283  0.0027068338822573423
1250  0.002704498590901494
1284  0.002700406825169921
1252  0.0027001742273569107
1289  0.002699929056689143
1262  0.0026998610701411963
1287  0.0026992487255483866
1249  0.002699111355468631
1273  0.002698804484680295
1265  0.0026987623423337936
1260  0.0026975497603416443
1251  0.002697404706850648
1248  0.0026962878182530403
1274  0.0026952505577355623
1279  0.0026932903565466404
91  0.0026917511131614447
1286  0.002691574627533555
87  0.002691007684916258
90  0.002690874505788088
89  0.0026908235158771276
92  0.0026896221097558737
102  0.0026888162828981876
1281  0.0026883049868047237
1263  0.0026880211662501097
1282  0.002687421627342701
127  0.0026866053231060505
1288  0.002686036517843604
1261  0.002685543382540345
123  0.002685143845155835
100  0.0026850940193980932
1285  0.002685084007680416
1255  0.0026845107786357403
105  0.00268422975204885
126  0.002684020670130849
1278  0.002683536848053336
1269  0.0026834614109247923
1280  0.0026830965653061867
113  0.0026830951683223248
1268  0.002683037891983986
114  0.002682829974219203
1264  0.002682480262592435
121  0.002682013437151909
101  0.0026819189079105854
104  0.0026814332231879234
125  0.0026811552233994007
1256  0.0026800676714628935
95  0.0026799046900123358
99  0.0026796560268849134
124  0.0026795861776918173
1253  0.0026795645244419575
109  0.0026793682482093573
1259  0.0026793554425239563
103  0.002679143799468875
115  0.0026791286654770374
128  0.002678951481357217
122  0.002678715856745839
119  0.002678426681086421
1267  0.0026782751083374023
1271  0.002678031800314784
96  0.0026776576414704323
88  0.002677294658496976
1258  0.00267703365534544
111  0.002676762407645583
107  0.0026765663642436266
118  0.002675115829333663
1275  0.002674835966899991
1257  0.0026746857911348343
98  0.002674480900168419
106  0.0026743945199996233
110  0.0026733670383691788
120  0.0026732855476439
97  0.002673265291377902
1276  0.0026724354829639196
1277  0.0026722345501184464
108  0.0026722317561507225
1270  0.002672003349289298
1266  0.0026719917077571154
93  0.002671604510396719
1272  0.0026701511815190315
94  0.0026699048466980457
1254  0.0026693246327340603
116  0.002669233363121748
117  0.00266845291480422
112  0.0026666398625820875
1247  0.0025810759980231524
221  0.0025255049113184214
219  0.0025245598517358303
220  0.0025235682260245085
256  0.0025194401387125254
253  0.0025159423239529133
232  0.002513239160180092
242  0.0025127551052719355
218  0.0025099311023950577
257  0.002509093377739191
217  0.002507989527657628
243  0.0025077583268284798
240  0.002507545752450824
251  0.002505311742424965
229  0.002504515927284956
252  0.002503265393897891
237  0.0025008474476635456
238  0.0025004283525049686
228  0.002500105183571577
234  0.0024999515153467655
248  0.002499464200809598
222  0.002499400172382593
224  0.002499245572835207
216  0.0024989424273371696
226  0.0024989102967083454
235  0.0024988807272166014
255  0.002498032059520483
236  0.002497944049537182
225  0.00249776360578835
245  0.002497736131772399
241  0.0024976579006761312
239  0.0024967456702142954
254  0.002496676752343774
250  0.0024952131789177656
244  0.0024946576450020075
249  0.002494116546586156
231  0.002493601758033037
247  0.0024932152591645718
230  0.0024930634535849094
227  0.002492964966222644
233  0.00249149976298213
223  0.002484556520357728
246  0.0024830279871821404
1204  0.0008576399413868785
1206  0.0007337938295677304
1209  0.000733420776668936
1208  0.0007328263018280268
1240  0.0007326335762627423
1207  0.0007326307240873575
1238  0.0007320689619518816
1217  0.0007312099332921207
1231  0.0007311238441616297
1244  0.0007310201181098819
1246  0.0007307867053896189
1218  0.0007304848986677825
1232  0.0007301669102162123
1219  0.0007298850687220693
1230  0.0007298262789845467
1222  0.0007297636475414038
1205  0.0007297424599528313
1241  0.000729674706235528
1215  0.0007293781964108348
1216  0.0007292002555914223
1243  0.0007290953071787953
1242  0.0007286341278813779
1220  0.0007286064210347831
1236  0.0007284487364813685
1228  0.0007284251041710377
1239  0.0007283328450284898
1221  0.0007280223653651774
1214  0.0007278554257936776
1245  0.0007278259727172554
1213  0.0007278090342879295
1223  0.0007275482639670372
1226  0.0007271143258549273
1235  0.0007269030320458114
1210  0.0007268215995281935
1212  0.0007264320738613605
1237  0.0007261811988428235
1227  0.0007261252030730247
1234  0.0007259788108058274
1211  0.000725132878869772
1224  0.0007251013303175569
1233  0.0007248187903314829
1225  0.0007244262960739434
1229  0.0007238769321702421
864  0.0007053850567899644
887  0.0007043381338007748
902  0.0007043348159641027
865  0.0007042378420010209
863  0.00070409249747172
900  0.0007039077463559806
896  0.0007037939503788948
898  0.0007037920295260847
861  0.0007037356263026595
885  0.0007037101895548403
893  0.0007035706657916307
881  0.0007032777648419142
877  0.0007031811983324587
872  0.0007031738641671836
871  0.0007027561659924686
866  0.0007026256062090397
897  0.0007025027880445123
899  0.000702381192240864
869  0.0007023729267530143
873  0.0007023427169770002
892  0.0007021650671958923
890  0.0007019790355116129
882  0.0007017285097390413
879  0.0007016462623141706
895  0.0007016369490884244
883  0.0007015133160166442
875  0.000701471755746752
894  0.0007014303700998425
878  0.000701422686688602
886  0.000701377575751394
901  0.0007012920104898512
862  0.0007011837442405522
867  0.0007011195993982255
880  0.0007007785607129335
888  0.0007007292006164789
884  0.0007007061503827572
891  0.0007004687213338912
874  0.0007004113285802305
868  0.0007003789651207626
876  0.0007002201164141297
889  0.0007001096964813769
870  0.0006998548633418977
783  0.0006684557301923633
807  0.0006676986813545227
816  0.0006670220172964036
775  0.0006670149741694331
777  0.0006665955879725516
801  0.000666593317873776
778  0.0006663996027782559
789  0.0006654254393652081
785  0.000665418803691864
797  0.0006650681607425213
793  0.0006644295644946396
799  0.0006643602973781526
780  0.000664120598230511
796  0.0006640576757490635
782  0.0006638950435444713
812  0.0006638162885792553
810  0.0006637362530454993
813  0.0006634775782003999
806  0.000663410231936723
779  0.0006633195444010198
792  0.0006632597651332617
786  0.0006632495787926018
804  0.0006630439311265945
803  0.0006628113915212452
811  0.000662726815789938
788  0.0006625357200391591
791  0.0006625028909184039
809  0.0006624249508604407
814  0.00066236755810678
781  0.0006619557389058173
805  0.0006618794286623597
798  0.0006615397869609296
787  0.0006614808808080852
776  0.0006611011340282857
795  0.0006604418158531189
815  0.0006603747606277466
808  0.0006603609654121101
800  0.0006600544438697398
802  0.0006591269630007446
784  0.0006588038522750139
794  0.0006585335941053927
790  0.0006584416842088103
774  0.0005749628762714565
752  0.0004652709176298231
736  0.0004646316228900105
86  0.00046425708569586277
773  0.0004630928742699325
734  0.00046266111894510686
768  0.0004620747349690646
735  0.0004617937665898353
758  0.0004617059603333473
769  0.0004612498451024294
743  0.00046089576790109277
748  0.00046072996337898076
762  0.00046071282122284174
751  0.0004606116272043437
771  0.00046055912389419973
770  0.00046047879732213914
765  0.00046028001816011965
772  0.0004600990505423397
760  0.00046007975470274687
756  0.0004599723033607006
766  0.00045940768904984
764  0.0004590321041177958
742  0.0004584621055983007
732  0.00045793908066116273
744  0.00045793535537086427
754  0.0004571971367113292
761  0.0004570599121507257
759  0.00045694533037021756
755  0.0004565846174955368
763  0.00045644358033314347
741  0.00045642530312761664
767  0.00045629352098330855
740  0.00045601220335811377
733  0.00045588353532366455
737  0.00045575143303722143
750  0.0004549484292510897
749  0.0004549462755676359
739  0.0004548686556518078
757  0.0004547945281956345
747  0.00045468093594536185
738  0.00045454571954905987
746  0.00045432045590132475
753  0.0004541407688520849
745  0.00045325051178224385
44  0.00040714521310292184
47  0.0004066760011482984
48  0.0004062395601067692
49  0.000406142498832196
59  0.00040566042298451066
81  0.0004053451702930033
80  0.0004053101874887943
62  0.00040529374382458627
84  0.00040517246816307306
46  0.0004050774732604623
70  0.00040492592961527407
71  0.00040481481119059026
57  0.0004045700188726187
52  0.0004036897444166243
60  0.0004035607853438705
45  0.000403546349843964
83  0.00040354504017159343
85  0.0004035151796415448
79  0.00040333502693101764
58  0.0004030732670798898
56  0.0004030078125651926
65  0.0004028618277516216
61  0.0004027385439258069
53  0.00040261761751025915
76  0.00040249674930237234
78  0.0004023199144285172
75  0.00040218725916929543
66  0.00040215597255155444
64  0.00040214945329353213
82  0.00040200495277531445
72  0.0004019449697807431
77  0.00040191816515289247
63  0.0004018423205707222
68  0.000401557597797364
50  0.00040155131136998534
73  0.00040127671672962606
55  0.00040112240822054446
54  0.0004009155964013189
67  0.00040080398321151733
69  0.00040002301102504134
74  0.0003996462619397789
51  0.00039915580418892205
645  0.00036105167237110436
860  0.00015559968596789986
731  5.813588359160349e-05
817  5.598734423983842e-05
683  3.649980135378428e-05
670  3.649231439339928e-05
681  3.648626079666428e-05
649  3.6451030609896407e-05
656  3.643678064690903e-05
677  3.641840521595441e-05
684  3.641361035988666e-05
682  3.6407225707080215e-05
662  3.6406010622158647e-05
685  3.640406430349685e-05
646  3.636475230450742e-05
678  3.635355460573919e-05
650  3.63441213266924e-05
657  3.634218228398822e-05
679  3.6319350328994915e-05
668  3.631626896094531e-05
669  3.630089486250654e-05
672  3.629570346674882e-05
666  3.6290268326411024e-05
658  3.6288642149884254e-05
654  3.62877435691189e-05
687  3.628729245974682e-05
667  3.62543978553731e-05
652  3.625063254730776e-05
676  3.624949022196233e-05
664  3.624271630542353e-05
673  3.623279553721659e-05
686  3.622820076998323e-05
651  3.6223642382537946e-05
648  3.622194708441384e-05
665  3.622104850364849e-05
660  3.62037135346327e-05
653  3.6203680792823434e-05
675  3.619719063863158e-05
663  3.617500260588713e-05
661  3.616489266278222e-05
671  3.6140794691164047e-05
680  3.613383523770608e-05
647  3.611082138377242e-05
659  3.610135172493756e-05
655  3.606725294957869e-05
674  3.606508835218847e-05
688  1.3665799087902997e-05
855  1.0980200386256911e-05
821  1.0975645636790432e-05
854  1.0974316865031142e-05
842  1.0970623407047242e-05
857  1.0958535312965978e-05
834  1.0954470781143755e-05
856  1.0952465345326345e-05
822  1.09511593109346e-05
838  1.0949467650789302e-05
829  1.094855906558223e-05
828  1.0947182090603746e-05
850  1.094612707674969e-05
853  1.0944989298877772e-05
859  1.094251547328895e-05
844  1.0937757906503975e-05
849  1.0934826605080161e-05
818  1.0934806596196722e-05
820  1.0934055353573058e-05
840  1.0928113624686375e-05
848  1.09276134026004e-05
830  1.0917623512796126e-05
851  1.0917540748778265e-05
858  1.0917093277384993e-05
826  1.0915780876530334e-05
836  1.0903920156124514e-05
847  1.090188197849784e-05
823  1.0900457709794864e-05
852  1.090026034944458e-05
837  1.0896696039708331e-05
841  1.0896176718233619e-05
835  1.089381748897722e-05
824  1.0893120816035662e-05
845  1.0891614692809526e-05
832  1.0891449164773803e-05
839  1.0880476111196913e-05
833  1.0880143236136064e-05
846  1.0879126421059482e-05
831  1.0876761734834872e-05
825  1.087572400138015e-05
843  1.0874603503907565e-05
827  1.0859628673642874e-05
819  1.0857060260605067e-05
726  5.1883512242056895e-06
693  5.172517376195174e-06
729  5.1661336328834295e-06
709  5.162006345926784e-06
725  5.161957233212888e-06
691  5.160628461453598e-06
721  5.159083229955286e-06
699  5.158797648618929e-06
730  5.158084604772739e-06
700  5.150450760993408e-06
719  5.14986186317401e-06
692  5.1496258492989e-06
713  5.143990620126715e-06
720  5.143176622368628e-06
715  5.141980182088446e-06
723  5.139807853993261e-06
705  5.139729637448909e-06
708  5.139381755725481e-06
689  5.137112566444557e-06
728  5.13394888912444e-06
722  5.132926162332296e-06
724  5.1297697609697934e-06
727  5.1278470891702455e-06
690  5.125104507897049e-06
701  5.122358288645046e-06
694  5.12089309268049e-06
717  5.1180418267904315e-06
711  5.115187377668917e-06
716  5.105629952595336e-06
703  5.099153440824011e-06
718  5.098015662952093e-06
698  5.097373559692642e-06
704  5.09656229041866e-06
697  5.095813776279101e-06
714  5.095186679682229e-06
712  5.09453593622311e-06
706  5.0931848818436265e-06
702  5.090475497127045e-06
696  5.084163603896741e-06
707  5.0797389121726155e-06
710  5.078576123196399e-06
695  5.070586212241324e-06
