195  0.2702943682670593
196  0.2702943682670593
197  0.2702943682670593
198  0.2702943682670593
199  0.2702943682670593
200  0.2702943682670593
201  0.2702943682670593
202  0.2702943682670593
203  0.2702943682670593
204  0.2702943682670593
205  0.2702943682670593
206  0.2702943682670593
207  0.2702943682670593
208  0.2702943682670593
209  0.2702943682670593
210  0.2702943682670593
211  0.2702943682670593
212  0.2702943682670593
213  0.2702943682670593
214  0.2702943682670593
215  0.2702943682670593
216  0.2702943682670593
217  0.2702943682670593
218  0.2702943682670593
219  0.2702943682670593
220  0.2702943682670593
221  0.2702943682670593
222  0.2702943682670593
223  0.2702943682670593
224  0.2702943682670593
225  0.2702943682670593
226  0.2702943682670593
227  0.2702943682670593
228  0.2702943682670593
229  0.2702943682670593
230  0.2702943682670593
231  0.2702943682670593
232  0.2702943682670593
233  0.2702943682670593
234  0.2702943682670593
235  0.2702943682670593
236  0.2702943682670593
237  0.2702943682670593
238  0.2702943682670593
239  0.2702943682670593
240  0.2702943682670593
241  0.2702943682670593
437  0.2702943682670593
438  0.2702943682670593
439  0.2702943682670593
440  0.2702943682670593
441  0.2702943682670593
442  0.2702943682670593
443  0.2702943682670593
444  0.2702943682670593
445  0.2702943682670593
446  0.2702943682670593
447  0.2702943682670593
448  0.2702943682670593
449  0.2702943682670593
450  0.2702943682670593
451  0.2702943682670593
452  0.2702943682670593
453  0.2702943682670593
454  0.2702943682670593
455  0.2702943682670593
456  0.2702943682670593
457  0.2702943682670593
458  0.2702943682670593
459  0.2702943682670593
460  0.2702943682670593
461  0.2702943682670593
462  0.2702943682670593
463  0.2702943682670593
464  0.2702943682670593
465  0.2702943682670593
466  0.2702943682670593
467  0.2702943682670593
468  0.2702943682670593
469  0.2702943682670593
470  0.2702943682670593
471  0.2702943682670593
472  0.2702943682670593
473  0.2702943682670593
474  0.2702943682670593
475  0.2702943682670593
476  0.2702943682670593
477  0.2702943682670593
478  0.2702943682670593
479  0.2702943682670593
480  0.2702943682670593
481  0.2702943682670593
482  0.2702943682670593
483  0.2702943682670593
679  0.2702943682670593
680  0.2702943682670593
681  0.2702943682670593
682  0.2702943682670593
683  0.2702943682670593
684  0.2702943682670593
685  0.2702943682670593
686  0.2702943682670593
687  0.2702943682670593
688  0.2702943682670593
689  0.2702943682670593
690  0.2702943682670593
691  0.2702943682670593
692  0.2702943682670593
693  0.2702943682670593
694  0.2702943682670593
695  0.2702943682670593
696  0.2702943682670593
697  0.2702943682670593
698  0.2702943682670593
699  0.2702943682670593
700  0.2702943682670593
701  0.2702943682670593
702  0.2702943682670593
703  0.2702943682670593
704  0.2702943682670593
705  0.2702943682670593
706  0.2702943682670593
707  0.2702943682670593
708  0.2702943682670593
709  0.2702943682670593
710  0.2702943682670593
711  0.2702943682670593
712  0.2702943682670593
713  0.2702943682670593
714  0.2702943682670593
715  0.2702943682670593
716  0.2702943682670593
717  0.2702943682670593
718  0.2702943682670593
719  0.2702943682670593
720  0.2702943682670593
721  0.2702943682670593
722  0.2702943682670593
723  0.2702943682670593
724  0.2702943682670593
725  0.2702943682670593
775  0.2702943682670593
776  0.2702943682670593
777  0.2702943682670593
778  0.2702943682670593
779  0.2702943682670593
780  0.2702943682670593
781  0.2702943682670593
782  0.2702943682670593
783  0.2702943682670593
784  0.2702943682670593
785  0.2702943682670593
786  0.2702943682670593
787  0.2702943682670593
788  0.2702943682670593
789  0.2702943682670593
790  0.2702943682670593
791  0.2702943682670593
792  0.2702943682670593
793  0.2702943682670593
794  0.2702943682670593
795  0.2702943682670593
796  0.2702943682670593
797  0.2702943682670593
798  0.2702943682670593
799  0.2702943682670593
800  0.2702943682670593
801  0.2702943682670593
802  0.2702943682670593
803  0.2702943682670593
804  0.2702943682670593
805  0.2702943682670593
806  0.2702943682670593
807  0.2702943682670593
808  0.2702943682670593
809  0.2702943682670593
810  0.2702943682670593
811  0.2702943682670593
812  0.2702943682670593
813  0.2702943682670593
814  0.2702943682670593
815  0.2702943682670593
816  0.2702943682670593
817  0.2702943682670593
818  0.2702943682670593
819  0.2702943682670593
820  0.2702943682670593
821  0.2702943682670593
822  0.2702943682670593
969  0.2702943682670593
970  0.2702943682670593
971  0.2702943682670593
972  0.2702943682670593
973  0.2702943682670593
974  0.2702943682670593
975  0.2702943682670593
976  0.2702943682670593
977  0.2702943682670593
978  0.2702943682670593
979  0.2702943682670593
980  0.2702943682670593
981  0.2702943682670593
982  0.2702943682670593
983  0.2702943682670593
984  0.2702943682670593
985  0.2702943682670593
986  0.2702943682670593
987  0.2702943682670593
988  0.2702943682670593
989  0.2702943682670593
990  0.2702943682670593
991  0.2702943682670593
992  0.2702943682670593
993  0.2702943682670593
994  0.2702943682670593
995  0.2702943682670593
996  0.2702943682670593
997  0.2702943682670593
998  0.2702943682670593
999  0.2702943682670593
1000  0.2702943682670593
1001  0.2702943682670593
1002  0.2702943682670593
1003  0.2702943682670593
1004  0.2702943682670593
1005  0.2702943682670593
1006  0.2702943682670593
1007  0.2702943682670593
1008  0.2702943682670593
1009  0.2702943682670593
1010  0.2702943682670593
1011  0.2702943682670593
1012  0.2702943682670593
1013  0.2702943682670593
1014  0.2702943682670593
1015  0.2702943682670593
1307  0.2702943682670593
1308  0.2702943682670593
1309  0.2702943682670593
1310  0.2702943682670593
1311  0.2702943682670593
1312  0.2702943682670593
1313  0.2702943682670593
1314  0.2702943682670593
1315  0.2702943682670593
1316  0.2702943682670593
1317  0.2702943682670593
1318  0.2702943682670593
1319  0.2702943682670593
1320  0.2702943682670593
1321  0.2702943682670593
1322  0.2702943682670593
1323  0.2702943682670593
1324  0.2702943682670593
1325  0.2702943682670593
1326  0.2702943682670593
1327  0.2702943682670593
1328  0.2702943682670593
1329  0.2702943682670593
1330  0.2702943682670593
1331  0.2702943682670593
1332  0.2702943682670593
1333  0.2702943682670593
1334  0.2702943682670593
1335  0.2702943682670593
1336  0.2702943682670593
1337  0.2702943682670593
1338  0.2702943682670593
1339  0.2702943682670593
1340  0.2702943682670593
1341  0.2702943682670593
1342  0.2702943682670593
1343  0.2702943682670593
1344  0.2702943682670593
1345  0.2702943682670593
1346  0.2702943682670593
1347  0.2702943682670593
1348  0.2702943682670593
1349  0.2702943682670593
1350  0.2702943682670593
1351  0.2702943682670593
1352  0.2702943682670593
1353  0.2702943682670593
1354  0.2702943682670593
1368  0.270202100276947
1355  0.2702019512653351
1373  0.2701932191848755
1389  0.27018430829048157
1382  0.2701820731163025
1384  0.2701813280582428
1357  0.2701798975467682
1385  0.2701798677444458
1367  0.2701782286167145
1380  0.2701738476753235
1395  0.27016767859458923
1356  0.2701658010482788
1369  0.27016276121139526
1376  0.2701610326766968
1361  0.2701610028743744
1393  0.27016040682792664
1391  0.2701556980609894
1366  0.2701549828052521
1362  0.2701530158519745
1394  0.27015113830566406
1371  0.27014991641044617
1386  0.2701496183872223
1392  0.2701457738876343
1399  0.27014344930648804
1401  0.2701433598995209
1387  0.2701423764228821
1397  0.2701417803764343
1360  0.2701381742954254
1365  0.27013757824897766
1375  0.2701370418071747
1377  0.2701346278190613
1378  0.2701283097267151
1379  0.27012816071510315
1381  0.27012768387794495
1359  0.27012497186660767
1402  0.2701199948787689
1370  0.2701148986816406
1390  0.2701144814491272
1400  0.27011269330978394
1383  0.2701108455657959
1358  0.2701092064380646
1396  0.27010878920555115
1372  0.27010658383369446
1364  0.2701003849506378
1374  0.27008041739463806
1363  0.27008000016212463
1398  0.2700691819190979
1388  0.270040899515152
115  0.2699642777442932
304  0.2699611186981201
292  0.2698396146297455
315  0.2697997987270355
104  0.26975053548812866
316  0.2697176933288574
98  0.26966267824172974
297  0.2696322500705719
114  0.2696131765842438
293  0.26960036158561707
123  0.2695624530315399
127  0.2695571482181549
301  0.26955446600914
113  0.26955413818359375
131  0.26954081654548645
136  0.2695397436618805
99  0.269539475440979
112  0.26953408122062683
111  0.26952096819877625
321  0.26952025294303894
119  0.26951998472213745
102  0.2695043683052063
335  0.26947638392448425
309  0.2694714665412903
294  0.26945963501930237
312  0.269459068775177
331  0.26945626735687256
101  0.26944199204444885
327  0.2694389224052429
318  0.26943427324295044
132  0.26943349838256836
306  0.2694323658943176
122  0.26942816376686096
337  0.26940709352493286
133  0.26939961314201355
125  0.269398957490921
320  0.26939699053764343
130  0.26939550042152405
100  0.2693949043750763
305  0.2693948745727539
313  0.269389271736145
323  0.26938217878341675
296  0.2693731486797333
317  0.26937052607536316
143  0.26936668157577515
295  0.2693636119365692
121  0.26935866475105286
137  0.2693561911582947
107  0.2693477272987366
328  0.26934659481048584
128  0.26933956146240234
300  0.26933619379997253
139  0.269335001707077
145  0.26933401823043823
330  0.26932764053344727
108  0.2693236768245697
118  0.26931819319725037
322  0.2693171799182892
117  0.26931649446487427
302  0.2693043649196625
303  0.2692960202693939
110  0.2692800760269165
298  0.2692731022834778
307  0.269270658493042
103  0.269270122051239
109  0.2692648768424988
326  0.269241064786911
336  0.26923123002052307
105  0.2692205011844635
124  0.26921772956848145
299  0.2692171335220337
311  0.26920583844184875
129  0.26920342445373535
144  0.26920124888420105
338  0.2691993713378906
140  0.2691916525363922
138  0.2691832184791565
116  0.2691691219806671
333  0.26916685700416565
319  0.2691560387611389
308  0.2691449224948883
134  0.2691384255886078
120  0.2691253125667572
325  0.26911482214927673
314  0.2690734565258026
332  0.26907336711883545
126  0.26906824111938477
141  0.2690410614013672
334  0.26901134848594666
135  0.2689862847328186
310  0.26898229122161865
329  0.26896142959594727
142  0.26882538199424744
324  0.26868149638175964
106  0.2685565650463104
1101  0.26435866951942444
1096  0.2643224000930786
1095  0.26399150490760803
1097  0.2637386918067932
1066  0.26370009779930115
1086  0.26367542147636414
1090  0.26365232467651367
1067  0.26332634687423706
1068  0.26330316066741943
1110  0.2631871998310089
1093  0.2631586790084839
1094  0.26302024722099304
1085  0.2630111873149872
1083  0.26300516724586487
1106  0.26298123598098755
1078  0.26292771100997925
1105  0.2626827657222748
1088  0.26258960366249084
1069  0.26251116394996643
1071  0.2624813914299011
1092  0.26247331500053406
1075  0.2624232769012451
1080  0.2623034715652466
1070  0.2621845304965973
1087  0.26218029856681824
1074  0.26212748885154724
1103  0.26211488246917725
1091  0.2620266377925873
1109  0.2620081603527069
1077  0.26172691583633423
1102  0.2617187201976776
1076  0.26169371604919434
1081  0.26158809661865234
1107  0.2614511251449585
1073  0.26134803891181946
1111  0.26134079694747925
1072  0.2612426280975342
1084  0.2612239718437195
1089  0.261194109916687
1112  0.26116934418678284
1079  0.26091253757476807
1099  0.26085177063941956
1082  0.2608473300933838
1108  0.26072025299072266
1104  0.2605065107345581
1098  0.260354220867157
1100  0.2603430151939392
678  0.22815260291099548
1065  0.20655617117881775
436  0.12384489178657532
484  0.12288285791873932
534  0.08557572960853577
564  0.08552156388759613
535  0.08549058437347412
562  0.08545611798763275
569  0.08544480055570602
558  0.08541707694530487
536  0.08540409058332443
554  0.08532445877790451
578  0.0853174701333046
563  0.08525647968053818
553  0.08519531041383743
551  0.0851828008890152
537  0.08514874428510666
546  0.08511409908533096
574  0.08509764820337296
560  0.08509171009063721
565  0.08507953584194183
539  0.08504047244787216
543  0.08503441512584686
542  0.08500847965478897
561  0.08497610688209534
555  0.08497199416160583
545  0.08497103303670883
573  0.0849299430847168
556  0.0849277675151825
548  0.08487296104431152
577  0.08484548330307007
570  0.0848245695233345
538  0.08476528525352478
549  0.08474784344434738
571  0.08468713611364365
552  0.0846625566482544
580  0.08461859822273254
557  0.08461224287748337
559  0.08456727117300034
567  0.0845377966761589
566  0.08447956293821335
579  0.08447664976119995
540  0.08443635702133179
575  0.08442413806915283
550  0.08442328870296478
544  0.08442126214504242
547  0.08438551425933838
541  0.08437355607748032
576  0.08432602882385254
572  0.0841766893863678
568  0.08407953381538391
533  0.08163604140281677
242  0.08044876158237457
1016  0.07569777965545654
291  0.0706183910369873
630  0.058503590524196625
633  0.05849774181842804
631  0.05848018452525139
634  0.058410972356796265
644  0.05838032439351082
651  0.05837327241897583
632  0.05836840346455574
647  0.058355383574962616
645  0.05833680182695389
646  0.05832879990339279
636  0.058318834751844406
652  0.05828692018985748
654  0.05828642100095749
643  0.058285269886255264
664  0.05828123167157173
663  0.058281220495700836
660  0.05827811732888222
659  0.058267150074243546
655  0.05824777111411095
675  0.05823373794555664
662  0.058226507157087326
640  0.05822337791323662
649  0.05822074040770531
641  0.05821170657873154
661  0.058205496519804
657  0.05819942429661751
642  0.05819730460643768
668  0.05818933621048927
637  0.058186087757349014
677  0.05817648023366928
658  0.0581696517765522
639  0.058157358318567276
676  0.058157023042440414
666  0.058145735412836075
665  0.0581422783434391
635  0.058101970702409744
670  0.05809740349650383
671  0.05808832868933678
653  0.05808289721608162
650  0.05807710811495781
673  0.05806536227464676
667  0.058036964386701584
669  0.058020465075969696
672  0.05796542018651962
656  0.057934653013944626
648  0.057886820286512375
674  0.05783690884709358
638  0.057700831443071365
339  0.05264792591333389
968  0.04544990882277489
872  0.04511166363954544
873  0.04501356557011604
875  0.04499531537294388
917  0.044943757355213165
901  0.04493289440870285
902  0.044927459210157394
910  0.04484352096915245
889  0.044840969145298004
918  0.04483911395072937
874  0.04481976106762886
911  0.0447850301861763
896  0.044780995696783066
877  0.04477464035153389
897  0.04477059468626976
893  0.044745393097400665
883  0.04473746567964554
888  0.044733792543411255
886  0.04472775012254715
905  0.044726189225912094
915  0.044721972197294235
878  0.0447189062833786
904  0.04471366107463837
907  0.04470017924904823
887  0.04470006749033928
881  0.04467009752988815
885  0.04466838762164116
891  0.04466657340526581
903  0.04464566335082054
876  0.04463887959718704
900  0.04462713748216629
912  0.04458117112517357
894  0.04455691948533058
882  0.044549115002155304
899  0.044545888900756836
884  0.044542763382196426
895  0.04451454058289528
909  0.04451154172420502
906  0.04450700804591179
916  0.04450087249279022
879  0.04448354244232178
892  0.04447260871529579
914  0.04446633905172348
908  0.044460948556661606
898  0.044441644102334976
913  0.044428445398807526
890  0.04440271109342575
880  0.04435310512781143
919  0.03812587261199951
1403  0.026638438925147057
581  0.02267957478761673
485  0.021115880459547043
488  0.02109811268746853
486  0.021060490980744362
509  0.021051762625575066
530  0.02104024961590767
514  0.021036412566900253
515  0.021017184481024742
531  0.021011957898736
506  0.021011102944612503
502  0.021005915477871895
487  0.021003879606723785
513  0.020996220409870148
499  0.020989874377846718
500  0.020982448011636734
507  0.02098030410706997
496  0.0209690909832716
516  0.020959332585334778
494  0.020957861095666885
498  0.020955218002200127
532  0.020953213796019554
529  0.020941654220223427
512  0.02094104513525963
528  0.020934192463755608
501  0.020934075117111206
521  0.02093052677810192
510  0.020930074155330658
490  0.020927669480443
517  0.0209264624863863
523  0.020918069407343864
491  0.02091800421476364
489  0.020916486158967018
504  0.0209109578281641
508  0.02090924046933651
527  0.020907385274767876
495  0.020899705588817596
505  0.020898792892694473
519  0.020897921174764633
526  0.02089572884142399
520  0.020885741338133812
525  0.020878292620182037
524  0.020874852314591408
518  0.020865967497229576
497  0.020849479362368584
511  0.020846854895353317
493  0.02083311602473259
492  0.020803328603506088
522  0.02079184539616108
503  0.020788589492440224
1241  0.018362119793891907
1211  0.018329590559005737
1223  0.018321052193641663
1216  0.018296265974640846
1214  0.018268387764692307
1239  0.018263129517436028
1212  0.018262285739183426
1246  0.01825835555791855
1231  0.018255330622196198
1235  0.018247373402118683
1240  0.01823624223470688
1228  0.018235664814710617
1220  0.018228696659207344
1213  0.018228044733405113
1225  0.018223075196146965
1233  0.01821865700185299
1222  0.01821322739124298
1247  0.01821255497634411
1232  0.018204830586910248
1254  0.018204303458333015
1230  0.018199855461716652
1238  0.018193529918789864
1251  0.018193520605564117
1221  0.018190424889326096
1215  0.018184782937169075
1226  0.01818111166357994
1245  0.018178816884756088
1244  0.01817871443927288
1250  0.018177978694438934
1237  0.01817043498158455
1219  0.018165498971939087
1229  0.01816479302942753
1217  0.018163660541176796
1255  0.018154768273234367
1242  0.018152834847569466
1257  0.018151530995965004
1256  0.018147379159927368
1249  0.018145820125937462
1227  0.01814280077815056
1218  0.018139755353331566
1234  0.018135981634259224
1252  0.01813514530658722
1253  0.0181137602776289
1248  0.018109066411852837
1224  0.018108736723661423
1236  0.018102725967764854
1243  0.018081463873386383
1113  0.01740378327667713
629  0.015322583727538586
408  0.011302669532597065
417  0.011294003576040268
418  0.011289297603070736
419  0.011282387189567089
391  0.011280924081802368
388  0.01128037553280592
390  0.011275967583060265
409  0.011275755241513252
413  0.011275446973741055
424  0.011275012046098709
416  0.011274904944002628
415  0.011273639276623726
422  0.011271247640252113
392  0.01127066370099783
389  0.011267847381532192
420  0.011266934685409069
406  0.011266025714576244
410  0.011264491826295853
412  0.011263720691204071
411  0.011259175837039948
433  0.011254665441811085
429  0.011254091747105122
425  0.011250113137066364
404  0.011249949224293232
397  0.011248585768043995
421  0.011244004592299461
401  0.011241327039897442
407  0.011240786872804165
398  0.011240558698773384
428  0.011237166821956635
414  0.01123509556055069
426  0.01123333815485239
435  0.011231420561671257
434  0.011230128817260265
430  0.011226714588701725
432  0.011224432848393917
393  0.011223787441849709
400  0.011222374625504017
403  0.011222300119698048
395  0.011221437714993954
394  0.011221279390156269
402  0.011213910765945911
399  0.011207743547856808
396  0.011205475777387619
405  0.01119545754045248
431  0.011191874742507935
427  0.011190935969352722
423  0.011168036609888077
726  0.010129345580935478
582  0.009990712627768517
583  0.009970532730221748
594  0.009970316663384438
585  0.00996044185012579
612  0.009955137968063354
606  0.009951370768249035
587  0.009949153289198875
597  0.009936906397342682
586  0.009930186904966831
613  0.00992959551513195
588  0.009927448816597462
610  0.00992659106850624
592  0.00992532167583704
615  0.009923723526299
618  0.009920136071741581
602  0.009919475764036179
628  0.009919185191392899
596  0.009916160255670547
616  0.00991473812609911
611  0.009912552312016487
605  0.009912499226629734
599  0.00991083960980177
604  0.009909935295581818
584  0.009908617474138737
617  0.00990779884159565
625  0.009906072169542313
621  0.00990354735404253
626  0.009902401827275753
601  0.009901855140924454
603  0.0098983533680439
591  0.009898213669657707
608  0.009897736832499504
609  0.009892238304018974
595  0.009890683926641941
622  0.009890510700643063
593  0.009890025481581688
607  0.009886794723570347
624  0.009881171397864819
600  0.009879221208393574
627  0.009877183474600315
619  0.009869948960840702
598  0.009868588298559189
620  0.00986768864095211
589  0.009865764528512955
623  0.009858891367912292
590  0.009857225231826305
614  0.009848926216363907
194  0.009833866730332375
1210  0.008498463779687881
32  0.0063352738507092
30  0.006334912963211536
26  0.006332719698548317
4  0.006332503166049719
1  0.006330364849418402
37  0.006329935509711504
22  0.0063247098587453365
3  0.006324599497020245
2  0.006322528701275587
31  0.0063200402073562145
46  0.0063181472942233086
28  0.00631299102678895
14  0.006312597077339888
41  0.0063124713487923145
7  0.006308629177510738
5  0.006307720206677914
42  0.006305213086307049
21  0.006304726004600525
19  0.006303014699369669
23  0.006301237735897303
11  0.006300524342805147
10  0.006300201639533043
24  0.006299664732068777
33  0.006299428641796112
29  0.006298169493675232
6  0.006296322215348482
16  0.00629435945302248
45  0.00629318505525589
12  0.006290873512625694
38  0.006288701202720404
17  0.0062875752337276936
48  0.006284140516072512
27  0.00628412002697587
13  0.006283607799559832
25  0.006281041540205479
39  0.006279351189732552
8  0.006277408916503191
20  0.006276210304349661
47  0.006275743246078491
43  0.006275635678321123
9  0.006273156497627497
35  0.006272232159972191
15  0.006270972080528736
36  0.0062696379609405994
34  0.006268984172493219
18  0.006268301513046026
44  0.0062670097686350346
40  0.006253932602703571
387  0.005408274009823799
369  0.005139932967722416
343  0.005130427423864603
340  0.005127886775881052
368  0.005124968942254782
386  0.005120732821524143
341  0.005120317451655865
385  0.005113435443490744
384  0.005112123675644398
355  0.005109868478029966
370  0.005109403282403946
357  0.005108494311571121
363  0.005105865653604269
371  0.005105725023895502
351  0.005104179959744215
362  0.005103756207972765
353  0.0051030367612838745
361  0.005102143622934818
383  0.0051017808727920055
348  0.005101376213133335
345  0.005101338028907776
346  0.005099101923406124
354  0.005097856745123863
376  0.005097735207527876
364  0.00509757362306118
367  0.005097005516290665
359  0.005095361731946468
344  0.005093495361506939
382  0.005092811770737171
378  0.005092761013656855
372  0.005092362407594919
360  0.0050913747400045395
381  0.005089449230581522
342  0.0050879912450909615
356  0.005087286699563265
380  0.00508534163236618
379  0.005083829164505005
366  0.005081555340439081
365  0.00507865147665143
349  0.005078506655991077
374  0.005074691958725452
373  0.005073596257716417
375  0.005071433261036873
350  0.005070975515991449
347  0.00507091311737895
352  0.005069414619356394
377  0.005067917052656412
358  0.0050626471638679504
871  0.004118973854929209
823  0.0030908994376659393
1020  0.002694705966860056
1047  0.0026909923180937767
1017  0.0026891538873314857
1046  0.002686671447008848
1042  0.002686661435291171
1062  0.002686557825654745
1032  0.002686026506125927
1019  0.0026853419840335846
1018  0.0026850979775190353
1041  0.0026841836515814066
1028  0.0026834679301828146
1063  0.002683271188288927
1026  0.002682408783584833
1045  0.0026817123871296644
1034  0.002680861856788397
1039  0.0026803878135979176
1061  0.0026797428727149963
1064  0.002679545199498534
1038  0.0026794038712978363
1022  0.0026779950130730867
1031  0.002677719807252288
1048  0.0026773137506097555
1060  0.002675818046554923
1059  0.0026757034938782454
1056  0.002675507450476289
1052  0.0026753717102110386
1025  0.002674930030480027
1033  0.0026748194359242916
1044  0.002674696035683155
1049  0.0026745498180389404
1057  0.002674319315701723
1040  0.0026738501619547606
1055  0.0026733248960226774
1030  0.002673313720151782
1053  0.002672056667506695
1029  0.002671765862032771
1027  0.002671614522114396
1050  0.0026694335974752903
1036  0.002669400768354535
1037  0.0026689833030104637
1058  0.0026684373151510954
1043  0.002668310422450304
1024  0.002668267348781228
1023  0.0026673998218029737
1035  0.002667366759851575
1051  0.002666437067091465
1021  0.0026660554576665163
1054  0.002665369538590312
1142  0.0021643887739628553
1114  0.002160982694476843
1160  0.0021590946707874537
1129  0.0021576681174337864
1143  0.002157602459192276
1145  0.0021565351635217667
1117  0.0021557596046477556
1125  0.002155197551473975
1137  0.00215385970659554
1115  0.002153791021555662
1136  0.002152984729036689
1131  0.002152716275304556
1138  0.0021523928735405207
1158  0.0021522114984691143
1135  0.0021520680747926235
1156  0.0021519013680517673
1134  0.002151826396584511
1144  0.0021513996180146933
1122  0.0021513812243938446
1159  0.002151266671717167
1120  0.0021507672499865294
1127  0.0021504212636500597
1128  0.0021500438451766968
1119  0.0021499136928468943
1118  0.002149866661056876
1157  0.002149817533791065
1146  0.0021496631670743227
1140  0.002149210311472416
1141  0.0021490424405783415
1116  0.0021488748025149107
1150  0.0021487907506525517
1154  0.0021479781717061996
1124  0.002147926948964596
1133  0.002147071762010455
1152  0.0021469336934387684
1130  0.002146774670109153
1155  0.0021467620972543955
1148  0.0021457623224705458
1126  0.002145727863535285
1123  0.0021455746609717607
1153  0.0021452049259096384
1132  0.002144834492355585
1149  0.002144690603017807
1147  0.002144009107723832
1139  0.0021426945459097624
1151  0.0021416142117232084
1121  0.002139148535206914
97  0.0019177618669345975
1161  0.0012363948626443744
1258  0.0011441981187090278
774  0.0009036728297360241
836  0.0007897147443145514
824  0.0007858606404624879
847  0.0007852318813093007
829  0.0007849942776374519
827  0.0007846592925488949
833  0.0007845493382774293
854  0.0007842361810617149
49  0.0007841670303605497
848  0.0007840572507120669
838  0.0007838199962861836
825  0.0007834104471839964
860  0.0007830047979950905
853  0.0007820476312190294
858  0.0007819667807780206
830  0.000781637558247894
834  0.0007815425633452833
851  0.0007813865086063743
828  0.0007813348202034831
831  0.0007812998373992741
869  0.000781063106842339
862  0.000780989823397249
845  0.0007807769579812884
867  0.0007805661298334599
857  0.0007805627537891269
855  0.0007803630433045328
864  0.000780358212068677
844  0.000780343369115144
826  0.0007801968022249639
841  0.0007801729952916503
839  0.0007798356236889958
870  0.000779475609306246
863  0.0007792732212692499
846  0.0007787053473293781
843  0.0007786745554767549
837  0.0007784001063555479
859  0.0007783807814121246
842  0.0007783210021443665
866  0.0007779162260703743
865  0.0007777279824949801
840  0.0007772166864015162
852  0.000777173787355423
849  0.000776591885369271
832  0.0007761431625112891
850  0.0007757102721370757
835  0.0007742181769572198
868  0.0007737372652627528
861  0.0007724554161541164
856  0.0007717225234955549
951  0.00047932236338965595
923  0.00047917687334120274
920  0.000479174341307953
956  0.0004789964878000319
921  0.00047852389980107546
945  0.0004784258781000972
950  0.00047825140063650906
947  0.0004782026808243245
941  0.0004781719180755317
949  0.00047816347796469927
922  0.00047810966498218477
965  0.0004781041934620589
940  0.00047754874685779214
933  0.00047752668615430593
952  0.0004773714754264802
924  0.000477324181701988
943  0.0004772209213115275
960  0.00047720884322188795
948  0.00047712717787362635
961  0.00047708171769045293
942  0.0004770516825374216
938  0.0004768982471432537
936  0.0004768164944835007
929  0.00047674489906057715
926  0.00047663942677900195
931  0.0004764484183397144
946  0.0004763723991345614
930  0.0004762359312735498
935  0.0004761648888234049
962  0.0004758702125400305
954  0.0004758583672810346
932  0.0004755803965963423
925  0.0004755255940835923
928  0.0004754961119033396
964  0.00047547253780066967
966  0.00047546846326440573
957  0.0004754004767164588
944  0.0004753531247843057
967  0.0004752518725581467
958  0.00047512660967186093
927  0.00047503557289019227
939  0.00047475151950493455
934  0.00047460361383855343
937  0.00047457890468649566
963  0.0004745029436890036
953  0.00047437945613637567
955  0.00047437698231078684
959  0.00047431731945835054
1433  0.00034817084087990224
1407  0.0003473568649496883
1432  0.00034733040956780314
1419  0.0003472322423476726
1404  0.00034718852839432657
1450  0.00034705668804235756
1449  0.0003467971982900053
1435  0.0003466879716143012
1426  0.00034668645821511745
1405  0.00034651943133212626
1451  0.0003464467590674758
1425  0.00034644478000700474
1417  0.0003464399778749794
1421  0.00034639640944078565
1418  0.00034631285234354436
1415  0.00034629751462489367
1436  0.0003461991436779499
1434  0.0003461976593825966
1428  0.00034617094206623733
1427  0.0003461337764747441
1448  0.0003461229207459837
1406  0.00034598683123476803
1409  0.00034586727269925177
1412  0.00034582821535877883
1446  0.00034571680589579046
1440  0.0003457057464402169
1442  0.0003456475678831339
1447  0.0003456149424891919
1431  0.0003455976548139006
1420  0.00034553027944639325
1408  0.0003455088590271771
1424  0.00034545964444987476
1410  0.0003453610115684569
1413  0.00034532134304754436
1445  0.000345279200701043
1430  0.0003452538512647152
1444  0.0003452457895036787
1423  0.00034514014259912074
1429  0.00034492305712774396
1414  0.00034485844662413
1411  0.0003447744529694319
1416  0.0003446329792495817
1438  0.00034458618029020727
1443  0.00034448353108018637
1437  0.0003444204630795866
1439  0.0003442515735514462
1422  0.00034420189331285655
1441  0.0003436883562244475
755  0.00034266564762219787
756  0.0003420627908781171
727  0.0003418184642214328
773  0.0003417321131564677
742  0.00034153033629991114
758  0.0003414211387280375
730  0.0003413368249312043
728  0.00034082549973390996
771  0.0003407293406780809
749  0.00034063548082485795
750  0.00034043536288663745
769  0.0003404226736165583
738  0.0003404000890441239
744  0.0003402891452424228
748  0.00034023253829218447
751  0.0003401912108529359
772  0.00034006554051302373
747  0.00034000896266661584
735  0.00033985552727244794
740  0.00033985034679062665
733  0.0003398336411919445
754  0.00033978751162067056
757  0.0003397147520445287
770  0.0003396239480935037
731  0.0003396001411601901
741  0.00033958686981350183
763  0.00033958168933168054
759  0.0003395579115021974
753  0.00033950238139368594
732  0.00033946370240300894
729  0.0003392865473870188
768  0.00033925953903235495
765  0.00033908640034496784
767  0.00033903613802976906
736  0.0003389805497135967
743  0.00033893046202138066
746  0.0003389007179066539
739  0.00033886084565892816
737  0.0003387699252925813
761  0.0003383541770745069
760  0.0003381773130968213
745  0.00033809657907113433
764  0.00033802614780142903
766  0.00033794043702073395
752  0.0003376961103640497
762  0.00033768246066756546
734  0.0003376282111275941
50  0.0002667381486389786
51  0.00026630290085449815
62  0.0002662000770214945
53  0.0002661990583874285
80  0.0002657104341778904
74  0.0002656367141753435
55  0.0002651713730301708
78  0.00026503868866711855
73  0.00026493307086639106
96  0.000264899485046044
81  0.0002647798100952059
54  0.00026477675419300795
67  0.0002647585642989725
65  0.0002647272776812315
60  0.00026469421572983265
56  0.00026457844069227576
86  0.00026448132121004164
83  0.0002644041960593313
89  0.00026427992270328104
76  0.00026423230883665383
70  0.00026416731998324394
84  0.0002641667961142957
85  0.0002641539613250643
79  0.00026406103279441595
59  0.000263971189269796
93  0.00026394627639092505
72  0.0002638836158439517
64  0.00026380689814686775
94  0.00026372188585810363
52  0.00026369825354777277
69  0.00026369650731794536
77  0.00026368291582912207
71  0.00026349921245127916
61  0.0002634467091411352
92  0.00026340928161516786
90  0.00026337310555391014
95  0.0002632651594467461
75  0.00026320794131606817
63  0.0002630747330840677
57  0.00026299396995455027
68  0.00026294306735508144
88  0.0002627333451528102
66  0.00026272909599356353
87  0.0002626294153742492
91  0.0002625605557113886
58  0.0002624441694933921
82  0.0002612453536130488
146  0.0002445028512738645
1163  0.00015405502927023917
1164  0.00015403254656121135
1181  0.00015400597476400435
1189  0.00015399775293190032
1182  0.0001539968652650714
1162  0.00015398247342091054
1178  0.0001539808581583202
1196  0.00015395179798360914
1184  0.00015393373905681074
1183  0.0001539278746349737
1190  0.00015392713248729706
1166  0.00015392390196211636
1165  0.000153910688823089
1168  0.0001538628712296486
1194  0.00015385962615255266
1200  0.00015385141887236387
1199  0.00015384804282803088
1191  0.00015384760627057403
1175  0.0001538456854177639
1207  0.00015384364814963192
1195  0.00015383983554784209
1198  0.0001538279466331005
1208  0.0001538269134471193
1186  0.00015381225966848433
1185  0.00015380946570076048
1205  0.0001538019860163331
1180  0.0001537999341962859
1173  0.00015379904652945697
1167  0.00015379230899270624
1187  0.00015377647650893778
1192  0.0001537719217594713
1176  0.00015376400551758707
1197  0.00015376385999843478
1171  0.00015374158101622015
1172  0.0001537236967124045
1201  0.0001537175412522629
1193  0.0001537103671580553
1179  0.00015369804168585688
1209  0.00015369057655334473
1177  0.00015368426102213562
1203  0.00015365979925263673
1188  0.00015365555009339005
1204  0.0001535801129648462
1174  0.0001535317860543728
1202  0.0001535290211904794
1169  0.00015350822650361806
1170  0.00015339101082645357
1206  0.0001533559407107532
1306  0.0001415098231518641
175  0.00011261348845437169
147  0.00011254972196184099
171  0.00011246464418945834
177  0.00011246325448155403
152  0.00011244823690503836
158  0.00011244159395573661
182  0.00011240482854191214
159  0.00011239280865993351
148  0.00011237223952775821
167  0.00011232948600081727
176  0.00011229694064240903
156  0.00011229350639041513
168  0.00011229341180296615
169  0.00011226438800804317
190  0.00011224565969314426
164  0.00011222938337596133
191  0.00011222501052543521
186  0.00011219942825846374
173  0.00011219097359571606
149  0.00011216113489354029
166  0.00011215375707251951
150  0.00011215054837521166
193  0.00011212626850465313
178  0.00011210981028852984
151  0.00011208917567273602
187  0.00011208897194592282
162  0.00011207527859369293
183  0.00011207046918570995
184  0.00011206780618522316
161  0.00011206758790649474
155  0.00011203906615264714
180  0.00011203809845028445
157  0.00011202699533896521
181  0.00011199953587492928
165  0.00011199665459571406
172  0.00011199301661690697
153  0.0001119918524636887
174  0.00011199120490346104
188  0.00011197860294487327
160  0.00011193559475941584
154  0.00011185748007846996
170  0.00011185214680153877
192  0.0001118444706662558
163  0.00011183561582583934
179  0.00011180096043972299
189  0.00011173744132975116
185  0.0001117198626161553
244  0.00010126976849278435
249  0.00010125508561031893
247  0.00010118193313246593
262  0.00010101332009071484
243  0.00010099376231664792
257  0.00010098288476001471
256  0.00010097239282913506
246  0.00010093860328197479
245  0.00010092609591083601
284  0.0001009245534078218
265  0.00010091617878060788
255  0.00010091550211654976
260  0.00010089683928526938
263  0.00010086806287290528
258  0.00010086374095408246
288  0.00010083624511025846
275  0.0001008190301945433
279  0.00010079605272039771
281  0.00010079566709464416
276  0.00010079413914354518
253  0.00010078326158691198
274  0.00010075713362311944
270  0.00010075415048049763
264  0.00010073638259200379
250  0.00010073273006128147
278  0.00010071620636153966
277  0.00010071592987515032
254  0.00010068903065985069
271  0.00010068845585919917
280  0.00010067521361634135
259  0.00010066839604405686
252  0.0001006577440421097
285  0.00010063576337415725
286  0.00010063077206723392
269  0.00010061061766464263
273  0.00010058923362521455
290  0.00010058683255920187
268  0.0001005850062938407
267  0.00010055968596134335
266  0.00010054558515548706
283  0.00010046575334854424
248  0.00010046556417364627
289  0.00010045646922662854
282  0.00010044525697594509
272  0.0001004207442747429
261  0.0001003350771497935
287  0.00010019796900451183
251  9.997739834943786e-05
1288  5.548972330871038e-05
1305  5.547067485167645e-05
1287  5.5433127272408456e-05
1281  5.5427524785045534e-05
1262  5.542477447306737e-05
1259  5.541912469197996e-05
1274  5.541030259337276e-05
1260  5.540105121326633e-05
1304  5.5378812248818576e-05
1270  5.535563104785979e-05
1295  5.534982483368367e-05
1280  5.5347241868730634e-05
1282  5.534428419196047e-05
1289  5.5342010455206037e-05
1297  5.5337895901175216e-05
1299  5.533557487069629e-05
1264  5.53355275769718e-05
1276  5.533093644771725e-05
1273  5.532703289645724e-05
1291  5.52983365196269e-05
1267  5.5290849559241906e-05
1265  5.5290001910179853e-05
1272  5.528599285753444e-05
1300  5.528546898858622e-05
1261  5.5277403589570895e-05
1286  5.527508255909197e-05
1278  5.5262753448914737e-05
1290  5.526053791982122e-05
1266  5.5249947763513774e-05
1302  5.5232932936633006e-05
1263  5.523256186279468e-05
1298  5.523235449800268e-05
1293  5.521950515685603e-05
1275  5.521176353795454e-05
1269  5.5199336202349514e-05
1294  5.51970733795315e-05
1283  5.5171076382976025e-05
1279  5.5169814004329965e-05
1303  5.516776582226157e-05
1292  5.516597593668848e-05
1301  5.515987140825018e-05
1285  5.514093936653808e-05
1296  5.512506322702393e-05
1268  5.5115913710324094e-05
1284  5.5100463214330375e-05
1271  5.5065062042558566e-05
1277  5.49879259779118e-05
