1329  0.4296731948852539
1330  0.4296731948852539
1331  0.4296731948852539
1332  0.4296731948852539
1333  0.4296731948852539
1334  0.4296731948852539
1335  0.4296731948852539
1336  0.4296731948852539
1337  0.4296731948852539
1338  0.4296731948852539
1339  0.4296731948852539
1340  0.4296731948852539
1341  0.4296731948852539
1342  0.4296731948852539
1343  0.4296731948852539
1344  0.4296731948852539
1345  0.4296731948852539
1346  0.4296731948852539
1347  0.4296731948852539
1348  0.4296731948852539
1349  0.4296731948852539
1350  0.4296731948852539
1351  0.4296731948852539
1352  0.4296731948852539
1353  0.4296731948852539
1354  0.4296731948852539
1355  0.4296731948852539
1356  0.4296731948852539
1357  0.4296731948852539
1358  0.4296731948852539
1359  0.4296731948852539
1360  0.4296731948852539
1361  0.4296731948852539
1362  0.4296731948852539
1363  0.4296731948852539
1364  0.4296731948852539
1365  0.4296731948852539
1366  0.4296731948852539
1367  0.4296731948852539
1368  0.4296731948852539
1369  0.4296731948852539
1370  0.4296731948852539
1371  0.4296731948852539
1372  0.4296731948852539
1373  0.4296731948852539
1374  0.4296731948852539
1375  0.4296731948852539
1376  0.4296731948852539
1377  0.4296731948852539
1378  0.4296731948852539
1379  0.4296731948852539
1380  0.4296731948852539
1381  0.4296731948852539
1382  0.4296731948852539
1383  0.4296731948852539
1384  0.4296731948852539
1385  0.4296731948852539
1386  0.4289860129356384
1424  0.42775824666023254
1423  0.42767196893692017
1417  0.42763909697532654
1390  0.4276091456413269
1441  0.42760905623435974
1396  0.4275543987751007
1395  0.42749902606010437
1398  0.42749688029289246
1394  0.4274396002292633
1389  0.42743492126464844
1440  0.4272899329662323
1402  0.4272880554199219
1434  0.42725855112075806
1680  0.4272556006908417
1676  0.4272472858428955
1689  0.427224725484848
1419  0.4272071123123169
1435  0.4272071123123169
1387  0.42717620730400085
1210  0.4271044433116913
1429  0.42708930373191833
1681  0.42708349227905273
1690  0.42705556750297546
1397  0.42705053091049194
1433  0.42704007029533386
1421  0.42702192068099976
1192  0.427001953125
1406  0.42696279287338257
1692  0.42689964175224304
1729  0.4268849194049835
1400  0.4268836975097656
1190  0.4268818497657776
1411  0.42685356736183167
1388  0.42684000730514526
1407  0.42683878540992737
1391  0.42683660984039307
1159  0.4268215000629425
1418  0.4268094301223755
1203  0.4268038272857666
1695  0.42679622769355774
1204  0.4267932176589966
1167  0.4267730414867401
1165  0.42676225304603577
1428  0.42675504088401794
1422  0.4267371594905853
1392  0.42673325538635254
653  0.42673179507255554
1412  0.4267222285270691
1186  0.4267190992832184
1408  0.4267123341560364
1427  0.4267025291919708
1209  0.4266889691352844
1437  0.42668837308883667
1701  0.4266662299633026
1708  0.4266654849052429
1712  0.42665329575538635
1164  0.42664992809295654
1198  0.42664921283721924
1158  0.4266444444656372
1685  0.4266231954097748
1715  0.4265989363193512
660  0.4265942871570587
1684  0.4265872538089752
1188  0.4265863001346588
1426  0.4265807867050171
1702  0.4265747666358948
1732  0.4265674650669098
1399  0.42656344175338745
1160  0.42654457688331604
1163  0.42653733491897583
1688  0.4265100359916687
1180  0.4265073835849762
1193  0.4264982342720032
1414  0.42649486660957336
1442  0.4264886677265167
1723  0.4264698028564453
1156  0.4264310300350189
1401  0.42642179131507874
1157  0.42641741037368774
1409  0.4264070987701416
1171  0.4263695776462555
1405  0.42636337876319885
1425  0.4263586103916168
1710  0.4263584613800049
1722  0.42634814977645874
638  0.42633041739463806
646  0.42632952332496643
1176  0.4263075590133667
1166  0.4263021647930145
1202  0.42630043625831604
1211  0.42629337310791016
973  0.42628324031829834
1693  0.42628228664398193
1175  0.4262746572494507
1711  0.4262601137161255
1191  0.42625585198402405
1416  0.4262533485889435
1698  0.42624157667160034
1731  0.42623621225357056
1195  0.4262308180332184
1720  0.42622336745262146
1404  0.42621901631355286
1694  0.42621639370918274
1718  0.4262138903141022
1181  0.4261932671070099
1709  0.42618051171302795
1439  0.42618006467819214
1677  0.42616507411003113
1443  0.4261649250984192
1197  0.42616352438926697
1699  0.4261611998081207
1714  0.42616006731987
1161  0.426156610250473
1187  0.42615529894828796
1719  0.4261472523212433
1393  0.42612725496292114
1436  0.4261222183704376
644  0.42608463764190674
1432  0.42606663703918457
1728  0.42605769634246826
1420  0.4260500371456146
662  0.4260489344596863
1196  0.42604050040245056
1002  0.4260309934616089
1726  0.4260292053222656
656  0.4260186553001404
1703  0.42601850628852844
670  0.4260176420211792
1705  0.4260060489177704
1177  0.42598631978034973
1678  0.42598527669906616
1178  0.4259837865829468
1170  0.4259818196296692
672  0.4259718060493469
1691  0.42596596479415894
1717  0.42596226930618286
1679  0.42595651745796204
1724  0.42594271898269653
943  0.42592689394950867
688  0.42591944336891174
998  0.4259141683578491
1430  0.4259008467197418
1704  0.4259002208709717
991  0.42586445808410645
1721  0.425863653421402
671  0.42584091424942017
654  0.4258323609828949
1707  0.4258289933204651
1206  0.4258277714252472
1727  0.42582008242607117
983  0.4258172810077667
1169  0.4258110821247101
1174  0.4257979094982147
645  0.4257827401161194
1413  0.4257749915122986
686  0.4257715344429016
1713  0.42574214935302734
637  0.42572715878486633
1008  0.42572155594825745
996  0.425717830657959
655  0.42571455240249634
1730  0.4256996810436249
658  0.4256860315799713
1185  0.42567259073257446
682  0.4256689250469208
1173  0.4256591498851776
60  0.4256508946418762
1199  0.42564520239830017
968  0.42563945055007935
1183  0.42563819885253906
1205  0.4256286919116974
1168  0.425627201795578
666  0.425626665353775
687  0.42562589049339294
649  0.4256187975406647
926  0.42561328411102295
677  0.4256041347980499
640  0.4255639314651489
1716  0.4255549907684326
1212  0.42555326223373413
1686  0.4255414307117462
691  0.42553919553756714
639  0.425523042678833
1683  0.4255138039588928
959  0.4255073368549347
1029  0.4255019426345825
650  0.4255017638206482
1208  0.42549630999565125
1431  0.42548370361328125
957  0.42548301815986633
642  0.4254651665687561
1194  0.42545631527900696
679  0.42545267939567566
947  0.42544397711753845
1162  0.4254409372806549
1189  0.4254405200481415
1438  0.4254305958747864
988  0.42542076110839844
1403  0.4254154860973358
985  0.42539718747138977
1009  0.4253801107406616
692  0.42537155747413635
676  0.4253661334514618
1725  0.42536595463752747
982  0.4253619909286499
1415  0.42535072565078735
1030  0.4253259301185608
1022  0.42531195282936096
1700  0.42530354857444763
1201  0.4252859950065613
958  0.4252821207046509
678  0.4252711236476898
107  0.4252588748931885
669  0.4252515733242035
684  0.42522701621055603
683  0.4252212643623352
1017  0.42522087693214417
1687  0.4251958429813385
1696  0.42516621947288513
1036  0.4251561462879181
961  0.42515596747398376
689  0.42513999342918396
652  0.42513158917427063
1410  0.4251291751861572
986  0.42511749267578125
659  0.42510929703712463
1182  0.4251061677932739
657  0.42508047819137573
999  0.42507100105285645
643  0.4250498116016388
1018  0.4250498116016388
661  0.4250473976135254
930  0.42503130435943604
1706  0.4250231981277466
1179  0.4250139892101288
1028  0.42500296235084534
1207  0.4249879717826843
1003  0.4249859154224396
997  0.4249805510044098
690  0.4249792695045471
1014  0.42497897148132324
673  0.4249768555164337
91  0.42497488856315613
984  0.42496612668037415
1682  0.4249407649040222
665  0.42493683099746704
1038  0.4249334931373596
987  0.42492905259132385
993  0.4249194264411926
667  0.4249165952205658
1021  0.4249129295349121
992  0.4249107241630554
1019  0.42490899562835693
685  0.42490676045417786
1172  0.42489343881607056
647  0.4248930811882019
663  0.4248856008052826
675  0.4248698353767395
1032  0.42486682534217834
1024  0.42484986782073975
1000  0.4248462915420532
929  0.42483434081077576
1697  0.42482948303222656
935  0.4247818887233734
68  0.4247792959213257
1033  0.42477595806121826
944  0.4247717261314392
680  0.4247714877128601
651  0.42473676800727844
979  0.42473387718200684
641  0.42471879720687866
1006  0.42471522092819214
681  0.42467278242111206
960  0.4246673882007599
964  0.4246658980846405
664  0.4246298670768738
1184  0.42461785674095154
668  0.4246104657649994
1200  0.42460113763809204
1039  0.42456871271133423
648  0.42455151677131653
77  0.4245368242263794
940  0.42450302839279175
934  0.4245014190673828
1005  0.42449814081192017
995  0.42449402809143066
1037  0.42448288202285767
994  0.4244804382324219
1035  0.42445802688598633
1013  0.4244522750377655
928  0.4244511127471924
1026  0.4244311451911926
64  0.42441490292549133
975  0.42441439628601074
674  0.42438432574272156
925  0.4243800640106201
952  0.42437371611595154
78  0.4243362247943878
93  0.42433398962020874
1015  0.42426952719688416
69  0.4241960644721985
1031  0.424185186624527
989  0.4241848289966583
92  0.42418062686920166
102  0.4241727292537689
81  0.4241684377193451
1007  0.4241558909416199
972  0.4241231083869934
980  0.4241034984588623
1025  0.4240846037864685
113  0.42406195402145386
63  0.4240538477897644
98  0.4239816665649414
1012  0.42397284507751465
1016  0.4239458441734314
949  0.42394259572029114
99  0.42392489314079285
965  0.42391321063041687
969  0.42391160130500793
966  0.4238356649875641
951  0.4237746000289917
114  0.423758327960968
1023  0.4236903190612793
94  0.4236517548561096
1010  0.42364928126335144
927  0.42363858222961426
85  0.4236353933811188
95  0.4236038625240326
955  0.42359912395477295
1034  0.4235587418079376
62  0.4235273599624634
109  0.4235250949859619
86  0.42351049184799194
59  0.4235057830810547
948  0.4234866797924042
100  0.4234778881072998
89  0.4234720468521118
942  0.42346176505088806
990  0.42343807220458984
74  0.4234175980091095
946  0.42341673374176025
1004  0.42341384291648865
938  0.4233909547328949
83  0.4233635365962982
954  0.42334678769111633
1020  0.4233066141605377
106  0.42327842116355896
971  0.4232591688632965
931  0.423230916261673
974  0.42321640253067017
936  0.4232120215892792
72  0.42314082384109497
1011  0.4231008291244507
962  0.4230041801929474
76  0.42297929525375366
978  0.42296916246414185
933  0.4229530990123749
956  0.422929972410202
66  0.4229075014591217
1001  0.42289525270462036
950  0.4228712320327759
932  0.42275187373161316
61  0.42274877429008484
90  0.4227423369884491
79  0.4227076470851898
967  0.4226260483264923
945  0.42262041568756104
82  0.4226164221763611
937  0.4225374162197113
970  0.42253634333610535
112  0.42250263690948486
103  0.42247799038887024
977  0.4224105775356293
84  0.42238855361938477
108  0.4223480522632599
105  0.4223453402519226
67  0.4223262369632721
96  0.42222025990486145
80  0.4222066104412079
939  0.4221850633621216
88  0.422183632850647
941  0.4221804738044739
976  0.42216596007347107
101  0.4221585690975189
981  0.4221530258655548
1027  0.422132670879364
65  0.42210859060287476
70  0.4220321476459503
963  0.42201125621795654
104  0.42200759053230286
71  0.42186030745506287
110  0.42177045345306396
111  0.42167526483535767
73  0.42160564661026
115  0.421535462141037
953  0.4214577078819275
75  0.42063573002815247
97  0.4204667806625366
87  0.42028260231018066
1040  0.32824915647506714
1675  0.3142435848712921
636  0.3028053045272827
1050  0.3013649582862854
1060  0.30116626620292664
1066  0.30111703276634216
1046  0.3010885715484619
1057  0.3010350167751312
1058  0.3009824752807617
1074  0.30091166496276855
1041  0.3008977472782135
1094  0.30082541704177856
1070  0.3007248342037201
1086  0.30072328448295593
1092  0.30070552229881287
1054  0.3006514608860016
1064  0.3006318509578705
1076  0.30062147974967957
1055  0.3005127012729645
1068  0.3004762530326843
1091  0.30045610666275024
1042  0.30039581656455994
1075  0.30035850405693054
1080  0.3003268241882324
1077  0.3003016710281372
1087  0.3003006875514984
1083  0.3002946078777313
1053  0.3002901077270508
1045  0.3001667559146881
1071  0.30015936493873596
1059  0.3001525402069092
1084  0.3001132905483246
1088  0.3000994026660919
1049  0.3000466823577881
1090  0.29999807476997375
1096  0.299981027841568
1048  0.29998070001602173
1073  0.2999734580516815
1079  0.2999713122844696
1063  0.2999696433544159
1067  0.29994815587997437
1044  0.2999264597892761
1082  0.2999204099178314
1056  0.2999141812324524
1095  0.299905925989151
1085  0.29979538917541504
1051  0.2997480630874634
1052  0.2997395098209381
1072  0.2996934950351715
1043  0.29967159032821655
1093  0.2996404767036438
1078  0.29962408542633057
1081  0.2995971739292145
1089  0.29956498742103577
1065  0.29954925179481506
1061  0.2995169758796692
1069  0.2994970679283142
1062  0.2994670569896698
1047  0.29942452907562256
1097  0.20615838468074799
1526  0.1589967906475067
1512  0.1589452624320984
1519  0.1586483120918274
1504  0.15863563120365143
1554  0.15861406922340393
1528  0.15856586396694183
1536  0.15854144096374512
1548  0.1585315465927124
1553  0.15849941968917847
1510  0.15845653414726257
1532  0.15840017795562744
1503  0.15839749574661255
1552  0.15832975506782532
1520  0.15832887589931488
1524  0.1583239883184433
1542  0.15830938518047333
1549  0.15829668939113617
1522  0.15828675031661987
1514  0.1582430601119995
1515  0.15824027359485626
1533  0.15822726488113403
1538  0.15821737051010132
1557  0.15818284451961517
1530  0.15815910696983337
1544  0.15814480185508728
1545  0.1581418514251709
1516  0.1581411510705948
1509  0.15812426805496216
1556  0.15811778604984283
1508  0.15811611711978912
1506  0.158111572265625
1505  0.1580980122089386
1537  0.15805912017822266
1543  0.1580483615398407
1523  0.15800988674163818
1521  0.15799909830093384
1535  0.15799668431282043
1513  0.1579943150281906
1539  0.15796810388565063
1517  0.1579587161540985
1558  0.15787599980831146
1511  0.1578686237335205
1518  0.15785813331604004
1551  0.15782737731933594
1527  0.15782620012760162
1531  0.1578153520822525
1546  0.15779097378253937
1550  0.15776997804641724
1547  0.15776024758815765
1534  0.15774323046207428
1555  0.15773706138134003
1541  0.15767639875411987
1529  0.15767093002796173
1507  0.15758247673511505
1540  0.15753953158855438
1525  0.15750589966773987
1627  0.12240693718194962
1657  0.12238504737615585
1621  0.12237464636564255
1666  0.12237410992383957
1672  0.12225218117237091
1633  0.12219952046871185
1650  0.12219160050153732
1619  0.12218231707811356
1632  0.12217716872692108
1673  0.12217579782009125
1631  0.12213746458292007
1652  0.12210764735937119
1659  0.12209820747375488
1620  0.12209155410528183
1638  0.12208782881498337
1628  0.12207819521427155
1665  0.12207107245922089
1637  0.12204854190349579
1658  0.12200995534658432
1642  0.12199418246746063
1671  0.1219857707619667
1643  0.12197674065828323
1648  0.12196492403745651
1625  0.12196280807256699
1660  0.12192346900701523
1654  0.12192048132419586
1618  0.12188112735748291
1668  0.12185800820589066
1626  0.1218576431274414
1653  0.1218523159623146
1674  0.12182312458753586
1663  0.12182298302650452
1622  0.12181862443685532
1623  0.12179208546876907
1640  0.12176552414894104
1664  0.12176226824522018
1649  0.1217535063624382
1635  0.12174991518259048
1644  0.1217297613620758
1647  0.12167530506849289
1624  0.12165859341621399
1667  0.12163602560758591
1641  0.12163035571575165
1629  0.12161579728126526
1645  0.12159046530723572
1655  0.12154240906238556
1630  0.1215229406952858
1661  0.12150128185749054
1639  0.12146154046058655
1634  0.12140047550201416
1636  0.12130450457334518
1669  0.12130371481180191
1670  0.12129361182451248
1656  0.12119363993406296
1651  0.12108438462018967
1646  0.12102683633565903
1662  0.12065320461988449
693  0.10046301782131195
272  0.06347236782312393
258  0.06344763189554214
245  0.06338296830654144
241  0.06337597966194153
236  0.0633721873164177
265  0.06334749609231949
268  0.06333654373884201
254  0.0633249506354332
256  0.06328854709863663
252  0.06328627467155457
264  0.06328174471855164
242  0.06326629966497421
251  0.06325957924127579
244  0.06325729191303253
287  0.06325595080852509
234  0.0632505938410759
273  0.06325042247772217
274  0.06323769688606262
262  0.06323198974132538
247  0.0632309541106224
233  0.06322114914655685
246  0.06320098787546158
284  0.06319258362054825
280  0.06316167861223221
239  0.06312934309244156
261  0.06312896311283112
235  0.06308809667825699
279  0.06308620423078537
257  0.06308495253324509
266  0.06308487802743912
249  0.06306827068328857
267  0.06305854767560959
232  0.06304934620857239
288  0.06302321702241898
253  0.06301641464233398
285  0.06300878524780273
283  0.06299678236246109
250  0.06299500912427902
243  0.06298620998859406
263  0.06298273801803589
275  0.06296525150537491
282  0.06296200305223465
240  0.06295371800661087
259  0.06294617056846619
237  0.06293497234582901
270  0.06291228532791138
278  0.06290247291326523
281  0.06289070844650269
248  0.06289058178663254
286  0.06288379430770874
276  0.06288264691829681
255  0.06284882128238678
238  0.06278935819864273
277  0.06275185197591782
260  0.06268957257270813
269  0.06266932934522629
271  0.06264996528625488
1502  0.04966447502374649
1559  0.0198068805038929
289  0.016840342432260513
522  0.016774531453847885
569  0.01676909625530243
576  0.01676071248948574
560  0.01674862764775753
568  0.016746219247579575
575  0.016736995428800583
555  0.01673595979809761
530  0.016734186559915543
528  0.016719451174139977
540  0.016718290746212006
524  0.01671435683965683
541  0.01669969968497753
574  0.016698533669114113
545  0.016698259860277176
551  0.016697829589247704
529  0.016696160659193993
562  0.01669461838901043
564  0.016693640500307083
557  0.016686715185642242
525  0.0166862141340971
563  0.01668539270758629
543  0.016683561727404594
526  0.016683382913470268
556  0.016683358699083328
552  0.016681114211678505
566  0.01667911931872368
553  0.01667642779648304
521  0.016675826162099838
538  0.016675733029842377
523  0.016672300174832344
536  0.016670363023877144
558  0.016667915508151054
567  0.01666736975312233
546  0.016667015850543976
532  0.0166623517870903
570  0.016660023480653763
531  0.016653284430503845
571  0.0166475772857666
534  0.01664591394364834
561  0.016642987728118896
535  0.01664070226252079
539  0.016640225425362587
554  0.016639241948723793
527  0.016638515517115593
547  0.01662358269095421
544  0.016623301431536674
548  0.01661963015794754
577  0.016615593805909157
572  0.016615446656942368
537  0.016614051535725594
533  0.016612665727734566
573  0.01659957505762577
550  0.016596056520938873
542  0.01658056303858757
559  0.016556523740291595
565  0.016531813889741898
549  0.01648317277431488
1328  0.009536577388644218
116  0.009070945903658867
924  0.007129146717488766
1213  0.0053018974140286446
1288  0.005001254379749298
1295  0.0049927388317883015
1281  0.004992304835468531
1297  0.00498886639252305
1289  0.004988615866750479
1291  0.004984499420970678
1272  0.004979658406227827
1305  0.004979471676051617
1273  0.004979013465344906
1317  0.004978340119123459
1321  0.004975369665771723
1306  0.004975222982466221
1302  0.004973613657057285
1323  0.004970971494913101
1299  0.004968884401023388
1325  0.004968549590557814
1279  0.0049676187336444855
1277  0.004967072047293186
1318  0.004966998938471079
1322  0.004966430831700563
1278  0.004966306034475565
1301  0.004965783096849918
1314  0.004965233616530895
1292  0.004964524880051613
1311  0.004964152816683054
1274  0.004963332787156105
1280  0.004960917867720127
1290  0.004960515070706606
1285  0.004959874786436558
1308  0.004958936013281345
1313  0.004957437515258789
1284  0.004957185592502356
1307  0.004955833312124014
1287  0.004954921081662178
1283  0.004954598844051361
1316  0.004954526200890541
1326  0.004953633062541485
1310  0.004951414652168751
1276  0.004951318260282278
1293  0.004951062146574259
1312  0.0049507333897054195
1282  0.004949510097503662
1327  0.004948680754750967
1294  0.004947556182742119
1304  0.004947023466229439
1286  0.004945943597704172
1315  0.004944075830280781
1319  0.0049437968991696835
1275  0.0049432250671088696
1296  0.004942952189594507
1320  0.004942232742905617
1298  0.004941329825669527
1324  0.0049405586905777454
1303  0.0049354927614331245
1309  0.00492804916575551
1300  0.0049273292534053326
1271  0.0028437275905162096
578  0.0021149031817913055
1155  0.0019770250655710697
907  0.001651696627959609
893  0.0016503194347023964
887  0.001649594632908702
900  0.0016495803138241172
880  0.0016487042885273695
891  0.0016474176663905382
882  0.0016464971704408526
909  0.0016462580533698201
871  0.001646149205043912
903  0.001646144432015717
877  0.0016461412888020277
879  0.0016457565361633897
876  0.0016455231234431267
897  0.0016454769065603614
899  0.0016452355775982141
889  0.0016451472183689475
896  0.0016445497749373317
886  0.0016440431354567409
908  0.0016435915604233742
868  0.0016434126300737262
922  0.0016431590775027871
881  0.0016431559342890978
869  0.0016427234513685107
919  0.0016425286885350943
874  0.0016420454485341907
870  0.001641909359022975
902  0.0016417178558185697
914  0.0016415601130574942
878  0.0016407319344580173
892  0.0016404157504439354
884  0.001639664638787508
885  0.0016396497376263142
888  0.0016396420542150736
901  0.0016390645178034902
867  0.0016386713832616806
875  0.0016383732436224818
915  0.0016382664907723665
898  0.001636674627661705
910  0.0016363622853532434
918  0.0016359222354367375
923  0.0016357360873371363
883  0.001635683118365705
913  0.0016356379492208362
920  0.0016352587845176458
916  0.0016343800816684961
917  0.0016341250156983733
894  0.0016337259439751506
911  0.0016337228007614613
921  0.0016336824046447873
912  0.0016328714555129409
890  0.0016321984585374594
872  0.0016318029956892133
873  0.0016316763358190656
895  0.0016304106684401631
905  0.0016295415116474032
904  0.0016284838784486055
906  0.0016270061023533344
338  0.0006965578068047762
291  0.0006961304461583495
324  0.0006951704854145646
322  0.0006945483619347215
345  0.0006941433530300856
329  0.0006940223393030465
314  0.0006939300801604986
299  0.0006939128506928682
337  0.0006936595891602337
309  0.0006933023687452078
325  0.0006932723335921764
312  0.0006932700634934008
344  0.0006931924726814032
294  0.0006931121461093426
340  0.0006929344963282347
310  0.0006929166265763342
326  0.0006928651710040867
333  0.0006928496295586228
330  0.0006927172653377056
332  0.0006927066715434194
308  0.0006925904890522361
290  0.0006924060289748013
297  0.0006923899054527283
331  0.0006923103937879205
343  0.000692309404257685
320  0.0006922348402440548
295  0.0006922153988853097
335  0.0006919904262758791
317  0.0006916371057741344
336  0.0006916061392985284
327  0.0006915629492141306
313  0.0006914881523698568
316  0.000691414694301784
300  0.000691411376465112
293  0.0006913191173225641
341  0.0006912690587341785
298  0.00069098686799407
323  0.000690810673404485
307  0.0006907211500220001
304  0.0006906645721755922
292  0.0006905954796820879
321  0.0006905474001541734
296  0.0006903964094817638
315  0.0006903894827701151
319  0.0006902930908836424
305  0.0006901553133502603
306  0.000689881737343967
301  0.0006898784195072949
339  0.0006896986160427332
302  0.000689466018229723
303  0.0006892114179208875
334  0.0006890728836879134
311  0.0006889034411869943
342  0.0006888676434755325
346  0.0006885395268909633
328  0.0006867883494123816
318  0.000686244631651789
588  0.0006345913279801607
584  0.0006341103580780327
612  0.0006334268837235868
635  0.0006332781631499529
595  0.0006330150063149631
592  0.0006326459115371108
624  0.0006324005662463605
604  0.0006323236739262938
580  0.0006323104025796056
630  0.0006320652319118381
618  0.0006320296670310199
606  0.0006320113316178322
632  0.0006319516687653959
615  0.0006319474196061492
598  0.0006318971863947809
608  0.0006317896768450737
616  0.0006316936924122274
596  0.0006316870567388833
600  0.00063160719582811
626  0.000631516391877085
583  0.0006314931670203805
622  0.0006312690675258636
602  0.0006311917095445096
629  0.0006311886827461421
586  0.0006311589386314154
625  0.0006310605676844716
601  0.0006310224416665733
591  0.0006310166791081429
614  0.0006309758173301816
620  0.0006309691816568375
587  0.0006308828596957028
579  0.0006308765732683241
621  0.0006308056181296706
582  0.0006306884461082518
634  0.0006306571303866804
617  0.0006306060822680593
597  0.0006305837887339294
609  0.0006303789559751749
627  0.0006302765104919672
633  0.0006300178938545287
623  0.0006299320957623422
590  0.0006299294182099402
593  0.0006297979271039367
631  0.0006297187064774334
611  0.0006295084021985531
610  0.0006294630584307015
605  0.0006294531631283462
581  0.0006293458282016218
613  0.0006292054313234985
607  0.0006287903524935246
628  0.0006287462310865521
619  0.0006281404057517648
599  0.0006280024535953999
603  0.0006277424399740994
589  0.0006273937760852277
585  0.0006273656617850065
594  0.0006273040780797601
1617  0.00018812232883647084
819  0.00018439680570736527
866  0.000184150121640414
835  0.00018397218082100153
837  0.0001838560710893944
843  0.0001838392490753904
811  0.0001838034950196743
817  0.00018372271733824164
846  0.00018371886108070612
852  0.00018358702072873712
823  0.00018355496285948902
826  0.0001835526927607134
840  0.0001834756985772401
831  0.00018346626893617213
860  0.00018345995340496302
858  0.0001834347640397027
833  0.00018336290668230504
848  0.00018334470223635435
861  0.00018333476327825338
813  0.0001833233836805448
828  0.00018331484170630574
857  0.00018325103155802935
845  0.00018324753909837455
839  0.0001832103298511356
856  0.0001831891859183088
821  0.00018317346984986216
824  0.0001831160334404558
855  0.0001831160334404558
844  0.00018310904852114618
822  0.00018308006110601127
829  0.00018307760183233768
863  0.0001830585824791342
814  0.0001830554538173601
865  0.00018305369303561747
810  0.00018305091361980885
832  0.00018304900731891394
818  0.00018302717944607139
815  0.00018301652744412422
812  0.00018297745555173606
849  0.00018295789777766913
827  0.000182941512321122
853  0.00018293278117198497
851  0.00018285884289070964
864  0.00018283147073816508
847  0.00018281648226547986
862  0.0001828067033784464
838  0.00018276924674864858
836  0.00018276854825671762
854  0.00018273926980327815
820  0.00018267480481881648
830  0.00018264520622324198
859  0.0001826276129577309
816  0.0001826236111810431
842  0.0001825564104365185
834  0.0001824300707085058
825  0.00018225674284622073
841  0.00018224977247882634
850  0.00018216465832665563
1103  0.00015532840916421264
1146  0.00015507313946727663
1148  0.0001550456217955798
1124  0.00015493996033910662
1139  0.0001549364096717909
1130  0.00015493229147978127
1099  0.00015489432553295046
1108  0.00015485503536183387
1113  0.00015485163021367043
1138  0.00015483687457162887
1152  0.0001548328873468563
1107  0.00015481695299968123
1134  0.00015480763977393508
1128  0.0001548027794342488
1111  0.00015474448446184397
1129  0.00015473607345484197
1150  0.00015473163512069732
1101  0.00015472927771043032
1153  0.0001547058200230822
1120  0.00015470302605535835
1117  0.00015468990022782236
1116  0.00015468665515072644
1105  0.00015467219054698944
1110  0.0001546717539895326
1125  0.000154670124175027
1132  0.00015466540935449302
1147  0.0001546624698676169
1100  0.00015464711759705096
1102  0.00015463901218026876
1098  0.00015461808652617037
1141  0.00015458432608284056
1136  0.00015456543769687414
1131  0.00015451681974809617
1119  0.00015450650244019926
1142  0.00015450193313881755
1151  0.000154492212459445
1123  0.00015448970953002572
1118  0.00015448279737029225
1122  0.00015447086479980499
1112  0.00015446776524186134
1154  0.0001544297847431153
1121  0.00015439148410223424
1115  0.00015436764806509018
1133  0.0001543471880722791
1144  0.00015430715575348586
1127  0.00015430274652317166
1137  0.00015429935592692345
1126  0.0001542755198897794
1135  0.00015426581376232207
1149  0.00015425641322508454
1109  0.00015425214951392263
1143  0.00015425082528963685
1145  0.0001542478712508455
1140  0.00015424596494995058
1114  0.00015419772535096854
1104  0.00015415684902109206
1106  0.00015400494157802314
1239  0.0001186848312499933
1219  0.00011861490929732099
1233  0.00011859240476042032
1250  0.00011857553909067065
1247  0.00011847632413264364
1243  0.00011845755943795666
1257  0.0001184375723823905
1215  0.00011842538515338674
1259  0.00011841113882837817
1245  0.0001184067441499792
1226  0.00011837886268040165
1241  0.00011835877376142889
1260  0.00011835413897642866
1267  0.00011835413897642866
1249  0.00011833575263153762
1221  0.0001183306667371653
1253  0.00011831092706415802
1244  0.00011830652510980144
1222  0.00011830528092104942
1269  0.00011829806317109615
1235  0.00011829253344330937
1223  0.00011828486458398402
1255  0.00011828441347461194
1218  0.00011826919217128307
1236  0.0001182552077807486
1266  0.0001182494597742334
1231  0.00011824765533674508
1230  0.0001182376072392799
1228  0.00011821991938631982
1264  0.00011821292719105259
1261  0.00011820031068054959
1237  0.000118196927360259
1268  0.00011819591600215062
1227  0.00011818824714282528
1240  0.00011817381891887635
1251  0.00011817291670013219
1252  0.00011817246559076011
1270  0.00011816288315458223
1242  0.00011813676246674731
1217  0.0001181338302558288
1225  0.00011812942830147222
1265  0.0001181063344120048
1248  0.00011808933777501807
1256  0.0001180889958050102
1229  0.00011807605915237218
1262  0.00011805972462752834
1216  0.00011802212975453585
1224  0.0001179921964649111
1258  0.00011798848572652787
1214  0.00011795878526754677
1232  0.00011795754835475236
1254  0.00011786636605393142
1263  0.00011786333925556391
1246  0.00011785839160438627
1238  0.00011785062815761194
1234  0.00011782781803049147
1220  0.00011779355554608628
347  0.00011456068750703707
125  0.00010907899559242651
122  0.00010900808410951868
117  0.00010900598863372579
171  0.00010899529297603294
130  0.00010897004540311173
136  0.00010894604201894253
120  0.00010892474529100582
126  0.00010892163118114695
166  0.0001089029319700785
152  0.00010890126577578485
119  0.00010889722034335136
147  0.00010888361430261284
164  0.00010885828669415787
134  0.00010884832590818405
170  0.00010882144124479964
132  0.00010881201160373166
153  0.00010880826448556036
149  0.00010880131594603881
167  0.00010879487672355026
151  0.00010878647299250588
127  0.00010877081513172016
163  0.00010875743464566767
121  0.00010875733278226107
142  0.00010875194129766896
162  0.00010873378778342158
123  0.00010873203427763656
156  0.00010871585982386023
131  0.00010871192353079095
172  0.00010871098493225873
128  0.00010868590470636263
155  0.0001086791671696119
159  0.00010867035598494112
173  0.00010866631782846525
118  0.00010864435898838565
148  0.00010861431655939668
137  0.00010860746988328174
154  0.00010859877511393279
160  0.00010858355381060392
150  0.00010857226880034432
133  0.00010857040615519509
158  0.00010855496657313779
169  0.00010854783613467589
124  0.00010854483116418123
139  0.00010854007996385917
129  0.00010853468120330945
141  0.0001084696123143658
165  0.00010846651275642216
144  0.00010828276572283357
135  0.0001082768794731237
143  0.00010826294601429254
161  0.00010824374476214871
138  0.00010822919284692034
157  0.00010821349860634655
146  0.00010820731404237449
140  0.00010817450674949214
168  0.0001081621230696328
145  0.00010810788808157668
809  8.85694898897782e-05
231  8.851959864841774e-05
174  6.552872218890116e-05
200  5.653210246236995e-05
194  5.6464807130396366e-05
189  5.641179086524062e-05
228  5.640571907861158e-05
210  5.639560185954906e-05
192  5.6362536270171404e-05
209  5.6358883739449084e-05
187  5.635727211483754e-05
204  5.63545836484991e-05
211  5.634829722112045e-05
180  5.6346096243942156e-05
175  5.633813998429105e-05
184  5.632921966025606e-05
197  5.632637476082891e-05
207  5.630521627608687e-05
201  5.63021567359101e-05
220  5.630140731227584e-05
179  5.6298449635505676e-05
218  5.629453880828805e-05
221  5.627971768262796e-05
191  5.6273333029821515e-05
185  5.626533675240353e-05
213  5.625836274703033e-05
215  5.625836274703033e-05
202  5.625654011964798e-05
206  5.62556269869674e-05
188  5.623959077638574e-05
214  5.623905235552229e-05
203  5.623722972813994e-05
225  5.6229127949336544e-05
193  5.622612661682069e-05
176  5.621471063932404e-05
208  5.6212189520010725e-05
222  5.6212138588307425e-05
226  5.6208813475677744e-05
190  5.6208009482361376e-05
177  5.620704177999869e-05
217  5.6199056416517124e-05
229  5.619552393909544e-05
198  5.619155854219571e-05
230  5.6179665989475325e-05
223  5.617184433504008e-05
219  5.614725887426175e-05
227  5.6147153372876346e-05
183  5.614602559944615e-05
182  5.614286783384159e-05
178  5.6124990805983543e-05
199  5.611182132270187e-05
181  5.610973676084541e-05
205  5.6096843763953075e-05
224  5.609545769402757e-05
216  5.608946594293229e-05
212  5.6043430959107354e-05
196  5.603589306701906e-05
195  5.602814781013876e-05
186  5.600372969638556e-05
520  5.5301446991506964e-05
742  2.8999136702623218e-05
703  2.8932785426150076e-05
695  2.8916647352161817e-05
698  2.8913727874169126e-05
734  2.890768701035995e-05
720  2.890374707931187e-05
726  2.890167888836004e-05
735  2.888051858462859e-05
749  2.888007838919293e-05
713  2.8865486456197686e-05
699  2.8863116313004866e-05
716  2.8861688406323083e-05
697  2.884619425458368e-05
712  2.8841024686698802e-05
701  2.8837723220931366e-05
714  2.8837503123213537e-05
736  2.8834174372605048e-05
704  2.8819193175877444e-05
724  2.881776526919566e-05
694  2.8809712603106163e-05
718  2.880520696635358e-05
727  2.8804905014112592e-05
733  2.879782005038578e-05
707  2.879383464460261e-05
730  2.878870327549521e-05
748  2.8772921723430045e-05
737  2.8771552024409175e-05
708  2.8767955882358365e-05
728  2.8765021852450445e-05
741  2.876491089409683e-05
709  2.8761123758158647e-05
696  2.875868449336849e-05
747  2.875723112083506e-05
744  2.8753829610650428e-05
725  2.8753554943250492e-05
723  2.8751417630701326e-05
715  2.873886114684865e-05
743  2.8732065402437e-05
745  2.8731272323057055e-05
706  2.871425931516569e-05
739  2.8711547201965004e-05
729  2.8711467166431248e-05
746  2.870396747312043e-05
721  2.8692198611679487e-05
705  2.8685604775091633e-05
719  2.86828690150287e-05
711  2.867469265765976e-05
717  2.867217881430406e-05
738  2.8660582756856456e-05
750  2.865790702344384e-05
740  2.86471131403232e-05
731  2.8644273697864264e-05
702  2.8628704967559315e-05
710  2.859724554582499e-05
365  2.858227708202321e-05
353  2.8579226636793464e-05
700  2.8578790079336613e-05
391  2.8572656447067857e-05
352  2.857039544323925e-05
400  2.856448554666713e-05
360  2.8552229196066037e-05
355  2.8551521609188057e-05
364  2.8549913622555323e-05
385  2.854784543160349e-05
392  2.8544769520522095e-05
387  2.8544332963065244e-05
402  2.8544034648803063e-05
369  2.854286321962718e-05
404  2.8542672225739807e-05
366  2.8541666324599646e-05
377  2.8541393476189114e-05
357  2.853684600268025e-05
732  2.8536655008792877e-05
379  2.85358964902116e-05
384  2.8535463570733555e-05
395  2.8533857403090224e-05
349  2.853067053365521e-05
375  2.8529446353786625e-05
376  2.8529148039524443e-05
386  2.852778743545059e-05
389  2.8527298127301037e-05
367  2.8524415029096417e-05
371  2.8524305889732204e-05
381  2.8523598302854225e-05
373  2.8522510547190905e-05
401  2.8522428692667745e-05
722  2.8522319553303532e-05
361  2.852202123904135e-05
399  2.8521750209620222e-05
394  2.852055331459269e-05
370  2.851960016414523e-05
403  2.8518592444015667e-05
356  2.8518348699435592e-05
393  2.851351018762216e-05
350  2.8512122298707254e-05
388  2.851155113603454e-05
383  2.8509537514764816e-05
362  2.850540477083996e-05
359  2.8502878194558434e-05
390  2.850222881534137e-05
348  2.8497306630015373e-05
396  2.849051270459313e-05
374  2.849013253580779e-05
378  2.8489674150478095e-05
380  2.8487143936217763e-05
372  2.8478207241278142e-05
351  2.8476986699388362e-05
382  2.8476904844865203e-05
397  2.8476579245761968e-05
398  2.846037023118697e-05
363  2.845526614692062e-05
368  2.8442653274396434e-05
358  2.8440292226150632e-05
354  2.8421640308806673e-05
405  2.5135514079011045e-05
431  2.4597347874077968e-05
442  2.45944393100217e-05
422  2.4588880478404462e-05
439  2.4562139515182935e-05
450  2.456106449244544e-05
421  2.4550479793106206e-05
423  2.455001049384009e-05
444  2.454752757330425e-05
411  2.454481364111416e-05
415  2.453624620102346e-05
414  2.453547676850576e-05
436  2.4525510525563732e-05
461  2.4520084480172954e-05
457  2.4515620680176653e-05
428  2.4514076358173043e-05
452  2.4511995434295386e-05
454  2.4511620722478256e-05
440  2.4504095563315786e-05
448  2.4497692720615305e-05
408  2.449559178785421e-05
443  2.4491690055583604e-05
441  2.4491058866260573e-05
412  2.4488817871315405e-05
419  2.4488232156727463e-05
426  2.4484217647113837e-05
424  2.4483702873112634e-05
453  2.4482093067490496e-05
409  2.447987390041817e-05
445  2.4476861653965898e-05
433  2.4472683435305953e-05
406  2.4471704819006845e-05
459  2.4469954951200634e-05
425  2.446759754093364e-05
407  2.4466267859679647e-05
458  2.446500730002299e-05
413  2.4463373847538605e-05
420  2.4462395231239498e-05
418  2.446211510687135e-05
451  2.4460809072479606e-05
417  2.4460761778755113e-05
427  2.4454395315842703e-05
410  2.445425525365863e-05
435  2.445324935251847e-05
416  2.4452901925542392e-05
438  2.4447654141113162e-05
460  2.4443763322778977e-05
456  2.4440872948616743e-05
429  2.44377733906731e-05
432  2.443718767608516e-05
446  2.4435861632809974e-05
434  2.443425364617724e-05
447  2.442956974846311e-05
449  2.442172080918681e-05
455  2.4415803636657074e-05
437  2.4392182240262628e-05
430  2.433943700452801e-05
751  2.1917468984611332e-05
462  1.7842876331997104e-05
760  1.5156441804720089e-05
767  1.5148233615036588e-05
765  1.5131542568269651e-05
806  1.5128152881516144e-05
782  1.5121602700673975e-05
755  1.5118822375370655e-05
799  1.511799928266555e-05
807  1.5116976101126056e-05
754  1.5113991139514837e-05
763  1.5111944776435848e-05
788  1.5111311768123414e-05
783  1.5108097613847349e-05
771  1.5099642041604966e-05
777  1.5095712114998605e-05
759  1.5094127775228117e-05
769  1.509071807959117e-05
786  1.5089134649315383e-05
801  1.5088213331182487e-05
762  1.5088156942510977e-05
791  1.5088012332853395e-05
790  1.508716286480194e-05
753  1.5086975508893374e-05
805  1.5085724044183735e-05
798  1.5085265658854041e-05
766  1.5084920050867368e-05
761  1.5084186088643037e-05
752  1.5083322068676353e-05
772  1.5077224816195667e-05
757  1.5074911061674356e-05
764  1.5071415873535443e-05
808  1.5068168977450114e-05
787  1.5067378626554273e-05
793  1.5063441423990298e-05
756  1.5061963495099917e-05
804  1.5058272765600123e-05
795  1.5057682503538672e-05
797  1.5056893062137533e-05
785  1.5055672520247754e-05
768  1.505562977399677e-05
775  1.5053935385367367e-05
758  1.505341879237676e-05
778  1.5049527974042576e-05
794  1.5048840396048035e-05
800  1.5047635315568186e-05
774  1.5045109648781363e-05
776  1.5041693586681504e-05
781  1.50312262121588e-05
779  1.5029118912934791e-05
802  1.5028718735266011e-05
784  1.5024103959149215e-05
789  1.5023343621578533e-05
773  1.5021581930341199e-05
770  1.5018459635030013e-05
792  1.4985666894062888e-05
780  1.4975610611145385e-05
803  1.4972824828873854e-05
796  1.4954702237446327e-05
58  1.1948826795560308e-05
1444  7.515924608014757e-06
473  2.106912461385946e-06
472  2.1063701751700137e-06
468  2.104928398694028e-06
493  2.104237864841707e-06
492  2.104211716869031e-06
496  2.102777443724335e-06
517  2.102669213854824e-06
464  2.1025928162998753e-06
506  2.1024386569479248e-06
478  2.1019070572947385e-06
503  2.1018070128775435e-06
488  2.1012479010096285e-06
476  2.101141490129521e-06
482  2.1009493593737716e-06
498  2.1008590920246206e-06
466  2.1007047052989947e-06
495  2.1004984773753677e-06
504  2.1003343135816976e-06
519  2.10022790270159e-06
477  2.1000039396312786e-06
518  2.099873427141574e-06
490  2.099777475450537e-06
510  2.099691300827544e-06
467  2.0996233160985867e-06
481  2.099615358019946e-06
507  2.098870481859194e-06
513  2.098790446325438e-06
509  2.0987465632060776e-06
486  2.098692448271322e-06
485  2.098610366374487e-06
512  2.0983623016945785e-06
516  2.0982181467843475e-06
494  2.098141976603074e-06
511  2.0978579868824454e-06
502  2.0978000065952074e-06
474  2.0975439838366583e-06
484  2.097429842251586e-06
463  2.097425749525428e-06
480  2.096985781463445e-06
497  2.096775915561011e-06
465  2.0967700038454495e-06
489  2.0967177079000976e-06
499  2.095672471114085e-06
483  2.095600621032645e-06
470  2.095238869515015e-06
471  2.0951649730704958e-06
501  2.0950487851223443e-06
475  2.0950169528077822e-06
500  2.0938762190780835e-06
515  2.093135663017165e-06
469  2.091792794089997e-06
505  2.090486532324576e-06
514  2.090464477078058e-06
508  2.0903908080072142e-06
491  2.0899503851978807e-06
487  2.0886113816231955e-06
479  2.087305119857774e-06
1569  1.2166470924057649e-06
1561  1.216010332427686e-06
1565  1.2146172139182454e-06
1579  1.2137742260165396e-06
1570  1.2132082929383614e-06
1593  1.2126172350690467e-06
1600  1.211230255648843e-06
1608  1.2110327816117206e-06
1586  1.21100038086297e-06
1592  1.2107186648790957e-06
1582  1.2106055464755627e-06
1575  1.210440473187191e-06
1614  1.210440473187191e-06
1603  1.210393065775861e-06
1590  1.210048026223376e-06
1594  1.2099764035156113e-06
1615  1.2096222690161085e-06
1595  1.2091124972357647e-06
1578  1.2090732752767508e-06
1601  1.2088748917449266e-06
1610  1.2088185030734167e-06
1587  1.2086294418622856e-06
1607  1.2081085287718452e-06
1604  1.2078078270860715e-06
1560  1.2076581015207921e-06
1573  1.2076546909156605e-06
1596  1.2072067647750373e-06
1562  1.2067786201441777e-06
1564  1.206299884870532e-06
1589  1.2053856153215747e-06
1580  1.205331614073657e-06
1613  1.2049224551446969e-06
1606  1.2048650432916475e-06
1577  1.2048246844642563e-06
1571  1.2047869404341327e-06
1563  1.2046421034028754e-06
1583  1.2044467894156696e-06
1599  1.2044341701766825e-06
1567  1.2034249721182277e-06
1591  1.2033721077386872e-06
1585  1.2031036931148265e-06
1572  1.2028443734379834e-06
1598  1.202829480462242e-06
1597  1.2025346904920298e-06
1616  1.202155203827715e-06
1609  1.2014251069558668e-06
1574  1.2013128980470356e-06
1568  1.201037889586587e-06
1581  1.2007618579445989e-06
1612  1.20037259421224e-06
1611  1.1996527291557868e-06
1602  1.199349640046421e-06
1584  1.1988990991085302e-06
1566  1.1979436749243177e-06
1605  1.1970984132858575e-06
1576  1.1955993386436603e-06
1588  1.1922040812351042e-06
41  3.665030305910477e-07
13  3.6614494547393406e-07
16  3.6595116625903756e-07
27  3.658531397832121e-07
12  3.6578438766809995e-07
33  3.656243166005879e-07
43  3.65597117024663e-07
34  3.655577245353925e-07
21  3.654922124951554e-07
11  3.6544795989357226e-07
37  3.65165050197902e-07
25  3.6514902035378327e-07
14  3.651197744147794e-07
4  3.650985433978349e-07
35  3.650400515198271e-07
48  3.6490808952294174e-07
55  3.648834479008656e-07
53  3.648468975825381e-07
23  3.648364383934677e-07
2  3.648245865406352e-07
31  3.648103472642106e-07
15  3.647946869023144e-07
10  3.647839150744403e-07
19  3.647303685738734e-07
20  3.647202504453162e-07
32  3.6463609376369277e-07
56  3.646068762463983e-07
3  3.6460167507357255e-07
5  3.645957349363016e-07
30  3.645425579179573e-07
44  3.644758237442147e-07
8  3.644674961833516e-07
29  3.6444694728743343e-07
42  3.6442855844143196e-07
50  3.6437711514736293e-07
36  3.643732782165898e-07
22  3.6436668438000197e-07
9  3.6431524108593294e-07
46  3.6411276482795074e-07
17  3.6409923609426187e-07
1  3.64097132887764e-07
45  3.6407351444722735e-07
47  3.6402286696102237e-07
52  3.639714805103722e-07
7  3.6396627933754644e-07
49  3.6385065982358356e-07
28  3.638458281329804e-07
18  3.637906900166854e-07
54  3.6368314226820075e-07
38  3.6368209066495183e-07
26  3.636692724739987e-07
51  3.6356107102619717e-07
40  3.634418135334272e-07
6  3.63363483302237e-07
39  3.632851530710468e-07
24  3.631996037256613e-07
57  3.6317536000751716e-07
1458  9.536624823169859e-09
1450  9.501310849202582e-09
1445  9.492779007302943e-09
1464  9.479172113913137e-09
1461  9.47640721449261e-09
1470  9.47125666783677e-09
1471  9.469234285575112e-09
1453  9.46917921851309e-09
1449  9.467680861519057e-09
1480  9.466796235813035e-09
1484  9.465930261853828e-09
1459  9.458529071082467e-09
1477  9.455102478739263e-09
1468  9.453911431478446e-09
1498  9.450540794375684e-09
1447  9.449062865485303e-09
1500  9.447999715916922e-09
1460  9.44344247244544e-09
1492  9.442739035137038e-09
1483  9.442216786226254e-09
1490  9.440380033254314e-09
1479  9.43609546055768e-09
1481  9.434836023558546e-09
1446  9.432028491573874e-09
1491  9.430212166705587e-09
1467  9.42377553769802e-09
1488  9.423236413397262e-09
1462  9.421923685692946e-09
1501  9.41815070376606e-09
1455  9.415115798105944e-09
1454  9.40798905446627e-09
1486  9.406068812722879e-09
1487  9.400741518561517e-09
1494  9.400383582658378e-09
1493  9.395830780078995e-09
1469  9.395471955997436e-09
1495  9.394594435718773e-09
1476  9.392605804237064e-09
1474  9.391637689759591e-09
1499  9.391171396089248e-09
1457  9.386282862067219e-09
1478  9.38565580810291e-09
1456  9.385101584769018e-09
1448  9.384939936296632e-09
1472  9.381666110641618e-09
1497  9.379070853299254e-09
1465  9.377908227747866e-09
1463  9.377228771256796e-09
1496  9.37603150674704e-09
1485  9.372025822074193e-09
1466  9.370363152072514e-09
1473  9.366647013564489e-09
1475  9.36611144197741e-09
1452  9.347995266750786e-09
1482  9.32902644024125e-09
1451  9.328207539738287e-09
1489  9.30083032812945e-09
