356  0.2835347056388855
357  0.2835347056388855
358  0.2835347056388855
359  0.2835347056388855
360  0.2835347056388855
361  0.2835347056388855
362  0.2835347056388855
363  0.2835347056388855
364  0.2835347056388855
365  0.2835347056388855
366  0.2835347056388855
367  0.2835347056388855
368  0.2835347056388855
369  0.2835347056388855
370  0.2835347056388855
371  0.2835347056388855
372  0.2835347056388855
373  0.2835347056388855
374  0.2835347056388855
375  0.2835347056388855
376  0.2835347056388855
377  0.2835347056388855
378  0.2835347056388855
379  0.2835347056388855
380  0.2835347056388855
381  0.2835347056388855
382  0.2835347056388855
383  0.2835347056388855
384  0.2835347056388855
385  0.2835347056388855
386  0.2835347056388855
387  0.2835347056388855
388  0.2835347056388855
389  0.2835347056388855
390  0.2835347056388855
391  0.2835347056388855
392  0.2835347056388855
393  0.2835347056388855
394  0.2835347056388855
395  0.2835347056388855
396  0.2835347056388855
397  0.2835347056388855
398  0.2835347056388855
399  0.2835347056388855
400  0.2835347056388855
401  0.2835347056388855
402  0.2835347056388855
403  0.2835347056388855
404  0.2835347056388855
405  0.2835347056388855
406  0.2835347056388855
407  0.2835347056388855
408  0.2835347056388855
409  0.2835347056388855
410  0.2835347056388855
411  0.2835347056388855
412  0.2835347056388855
413  0.2835347056388855
828  0.2835347056388855
829  0.2835347056388855
830  0.2835347056388855
831  0.2835347056388855
832  0.2835347056388855
833  0.2835347056388855
834  0.2835347056388855
835  0.2835347056388855
836  0.2835347056388855
837  0.2835347056388855
838  0.2835347056388855
839  0.2835347056388855
840  0.2835347056388855
841  0.2835347056388855
842  0.2835347056388855
843  0.2835347056388855
844  0.2835347056388855
845  0.2835347056388855
846  0.2835347056388855
847  0.2835347056388855
848  0.2835347056388855
849  0.2835347056388855
850  0.2835347056388855
851  0.2835347056388855
852  0.2835347056388855
853  0.2835347056388855
854  0.2835347056388855
855  0.2835347056388855
856  0.2835347056388855
857  0.2835347056388855
858  0.2835347056388855
859  0.2835347056388855
860  0.2835347056388855
861  0.2835347056388855
862  0.2835347056388855
863  0.2835347056388855
864  0.2835347056388855
865  0.2835347056388855
866  0.2835347056388855
867  0.2835347056388855
868  0.2835347056388855
869  0.2835347056388855
870  0.2835347056388855
871  0.2835347056388855
872  0.2835347056388855
873  0.2835347056388855
874  0.2835347056388855
875  0.2835347056388855
876  0.2835347056388855
877  0.2835347056388855
878  0.2835347056388855
879  0.2835347056388855
880  0.2835347056388855
881  0.2835347056388855
882  0.2835347056388855
883  0.2835347056388855
884  0.2835347056388855
885  0.2835347056388855
1182  0.2835347056388855
1183  0.2835347056388855
1184  0.2835347056388855
1185  0.2835347056388855
1186  0.2835347056388855
1187  0.2835347056388855
1188  0.2835347056388855
1189  0.2835347056388855
1190  0.2835347056388855
1191  0.2835347056388855
1192  0.2835347056388855
1193  0.2835347056388855
1194  0.2835347056388855
1195  0.2835347056388855
1196  0.2835347056388855
1197  0.2835347056388855
1198  0.2835347056388855
1199  0.2835347056388855
1200  0.2835347056388855
1201  0.2835347056388855
1202  0.2835347056388855
1203  0.2835347056388855
1204  0.2835347056388855
1205  0.2835347056388855
1206  0.2835347056388855
1207  0.2835347056388855
1208  0.2835347056388855
1209  0.2835347056388855
1210  0.2835347056388855
1211  0.2835347056388855
1212  0.2835347056388855
1213  0.2835347056388855
1214  0.2835347056388855
1215  0.2835347056388855
1216  0.2835347056388855
1217  0.2835347056388855
1218  0.2835347056388855
1219  0.2835347056388855
1220  0.2835347056388855
1221  0.2835347056388855
1222  0.2835347056388855
1223  0.2835347056388855
1224  0.2835347056388855
1225  0.2835347056388855
1226  0.2835347056388855
1227  0.2835347056388855
1228  0.2835347056388855
1229  0.2835347056388855
1230  0.2835347056388855
1231  0.2835347056388855
1232  0.2835347056388855
1233  0.2835347056388855
1234  0.2835347056388855
1235  0.2835347056388855
1236  0.2835347056388855
1237  0.2835347056388855
1238  0.2835347056388855
1239  0.2835347056388855
1240  0.2835347056388855
1241  0.2835347056388855
1242  0.2835347056388855
1243  0.2835347056388855
1244  0.2835347056388855
1245  0.2835347056388855
1246  0.2835347056388855
1247  0.2835347056388855
1248  0.2835347056388855
1249  0.2835347056388855
1250  0.2835347056388855
1251  0.2835347056388855
1252  0.2835347056388855
1253  0.2835347056388855
1254  0.2835347056388855
1255  0.2835347056388855
1256  0.2835347056388855
1257  0.2835347056388855
1258  0.2835347056388855
1259  0.2835347056388855
1260  0.2835347056388855
1261  0.2835347056388855
1262  0.2835347056388855
1263  0.2835347056388855
1264  0.2835347056388855
1265  0.2835347056388855
1266  0.2835347056388855
1267  0.2835347056388855
1268  0.2835347056388855
1269  0.2835347056388855
1270  0.2835347056388855
1271  0.2835347056388855
1272  0.2835347056388855
1273  0.2835347056388855
1274  0.2835347056388855
1275  0.2835347056388855
1276  0.2835347056388855
1277  0.2835347056388855
1278  0.2835347056388855
1279  0.2835347056388855
1280  0.2835347056388855
1281  0.2835347056388855
1282  0.2835347056388855
1283  0.2835347056388855
1284  0.2835347056388855
1285  0.2835347056388855
1286  0.2835347056388855
1287  0.2835347056388855
1288  0.2835347056388855
1289  0.2835347056388855
1290  0.2835347056388855
1291  0.2835347056388855
1292  0.2835347056388855
1293  0.2835347056388855
1294  0.2835347056388855
1295  0.2835347056388855
1296  0.2835347056388855
1297  0.2835347056388855
1298  0.2835347056388855
1595  0.2835347056388855
1596  0.2835347056388855
1597  0.2835347056388855
1598  0.2835347056388855
1599  0.2835347056388855
1600  0.2835347056388855
1601  0.2835347056388855
1602  0.2835347056388855
1603  0.2835347056388855
1604  0.2835347056388855
1605  0.2835347056388855
1606  0.2835347056388855
1607  0.2835347056388855
1608  0.2835347056388855
1609  0.2835347056388855
1610  0.2835347056388855
1611  0.2835347056388855
1612  0.2835347056388855
1613  0.2835347056388855
1614  0.2835347056388855
1615  0.2835347056388855
1616  0.2835347056388855
1617  0.2835347056388855
1618  0.2835347056388855
1619  0.2835347056388855
1620  0.2835347056388855
1621  0.2835347056388855
1622  0.2835347056388855
1623  0.2835347056388855
1624  0.2835347056388855
1625  0.2835347056388855
1626  0.2835347056388855
1627  0.2835347056388855
1628  0.2835347056388855
1629  0.2835347056388855
1630  0.2835347056388855
1631  0.2835347056388855
1632  0.2835347056388855
1633  0.2835347056388855
1634  0.2835347056388855
1635  0.2835347056388855
1636  0.2835347056388855
1637  0.2835347056388855
1638  0.2835347056388855
1639  0.2835347056388855
1640  0.2835347056388855
1641  0.2835347056388855
1642  0.2835347056388855
1643  0.2835347056388855
1644  0.2835347056388855
1645  0.2835347056388855
1646  0.2835347056388855
1647  0.2835347056388855
1648  0.2835347056388855
1649  0.2835347056388855
1650  0.2835347056388855
1651  0.2835347056388855
1652  0.2835347056388855
1  0.28341978788375854
43  0.2833905816078186
5  0.28335508704185486
14  0.28335443139076233
33  0.283343642950058
13  0.28334078192710876
26  0.283332496881485
3  0.2833130359649658
50  0.2833009958267212
25  0.28329548239707947
46  0.2832788825035095
49  0.28327593207359314
10  0.2832629084587097
28  0.28325551748275757
2  0.2832484245300293
52  0.28324636816978455
7  0.2832275331020355
37  0.2832271456718445
11  0.28322651982307434
55  0.2832261025905609
41  0.2832240164279938
23  0.2832064926624298
58  0.283206045627594
36  0.2832052409648895
20  0.28319740295410156
31  0.28319066762924194
9  0.2831905782222748
45  0.28318554162979126
57  0.28318437933921814
48  0.2831827402114868
44  0.28317999839782715
18  0.2831650972366333
47  0.2831518352031708
19  0.28315073251724243
53  0.28314074873924255
32  0.2831386923789978
34  0.2831376791000366
4  0.28313639760017395
22  0.2831328213214874
8  0.2831285297870636
6  0.28312355279922485
56  0.2831125855445862
24  0.28311076760292053
16  0.2831053137779236
30  0.2831004559993744
17  0.2830987870693207
27  0.2830827236175537
40  0.28308215737342834
21  0.283078134059906
42  0.28307750821113586
35  0.28306856751441956
15  0.2830680012702942
59  0.2830674350261688
38  0.2830584645271301
54  0.2830532491207123
12  0.2830480933189392
39  0.28302839398384094
29  0.2830160856246948
51  0.28300702571868896
188  0.2820635437965393
197  0.2820205092430115
205  0.2820088863372803
226  0.2818514406681061
210  0.2818475365638733
211  0.28167200088500977
202  0.28166574239730835
213  0.2816210389137268
190  0.28160157799720764
218  0.28155869245529175
186  0.2815483808517456
179  0.281541109085083
208  0.28151392936706543
198  0.2815023362636566
235  0.28150200843811035
222  0.2814582884311676
217  0.28143054246902466
180  0.2814178168773651
227  0.2813735604286194
224  0.2813619077205658
231  0.28136152029037476
221  0.28132253885269165
279  0.28132006525993347
182  0.28131797909736633
194  0.28126898407936096
184  0.28126296401023865
195  0.281234472990036
232  0.2812190651893616
187  0.2812042236328125
192  0.28118401765823364
181  0.2811838984489441
207  0.281181663274765
199  0.2811774015426636
193  0.28117647767066956
209  0.28115999698638916
191  0.28115278482437134
203  0.2811421751976013
220  0.28112971782684326
215  0.281124472618103
216  0.2811182141304016
237  0.2810913920402527
223  0.28109005093574524
262  0.28108450770378113
236  0.281049907207489
204  0.2810400426387787
229  0.2810277044773102
185  0.2810274660587311
183  0.28102174401283264
214  0.2809806168079376
234  0.280973345041275
269  0.2809106707572937
200  0.2808969020843506
285  0.2808804214000702
212  0.2808292806148529
230  0.2808104455471039
196  0.28077638149261475
206  0.28074169158935547
201  0.28071901202201843
225  0.28070974349975586
189  0.280682772397995
243  0.28066155314445496
219  0.2804870903491974
228  0.2804809808731079
267  0.2804350256919861
291  0.28040769696235657
1536  0.2804056406021118
273  0.28038743138313293
247  0.28038015961647034
261  0.28037235140800476
239  0.28031066060066223
238  0.28024598956108093
241  0.28024497628211975
286  0.2802320122718811
1563  0.28017354011535645
1571  0.28016504645347595
1568  0.2801414132118225
1580  0.2801397442817688
1546  0.2801370918750763
1576  0.28012266755104065
1569  0.2801155149936676
233  0.28011345863342285
1584  0.2800913155078888
280  0.28004181385040283
276  0.2799776792526245
249  0.2799637019634247
272  0.2799598276615143
277  0.27993202209472656
288  0.27993136644363403
1589  0.2799307405948639
1547  0.27991971373558044
250  0.2798903286457062
1575  0.27987080812454224
275  0.2798498570919037
1555  0.27983754873275757
282  0.279824823141098
283  0.27974429726600647
256  0.27969473600387573
1593  0.27969005703926086
1566  0.27968013286590576
255  0.2796732783317566
268  0.27965331077575684
1567  0.2796139419078827
245  0.27959108352661133
1579  0.2795719504356384
1594  0.2795426845550537
1582  0.27951329946517944
263  0.27950578927993774
1560  0.27947643399238586
264  0.27944299578666687
1542  0.279440701007843
270  0.2794204354286194
289  0.2794203460216522
1565  0.2794110178947449
1537  0.27939122915267944
1548  0.2793706953525543
1553  0.279234379529953
1551  0.2792307734489441
1544  0.2792261242866516
274  0.2792208194732666
292  0.27921754121780396
1572  0.27920669317245483
1562  0.2791644334793091
244  0.27915990352630615
1556  0.2791535258293152
252  0.27914920449256897
1570  0.2790875732898712
242  0.27905797958374023
253  0.27905213832855225
1561  0.2790420651435852
1540  0.27897801995277405
1573  0.27896884083747864
1564  0.27896520495414734
1549  0.2789595425128937
246  0.27895835041999817
1574  0.2789495885372162
281  0.27890273928642273
1557  0.2788828909397125
293  0.27887895703315735
1539  0.2788122594356537
266  0.27879616618156433
1550  0.2787628769874573
1552  0.27875179052352905
1578  0.27874672412872314
284  0.27874207496643066
240  0.2787419259548187
1554  0.2787337005138397
1545  0.2787115275859833
1581  0.27868616580963135
1585  0.27868497371673584
1543  0.2786659002304077
1559  0.27866071462631226
251  0.2786307632923126
278  0.2786155641078949
259  0.27857619524002075
1577  0.27854281663894653
1541  0.27849656343460083
254  0.27847185730934143
1538  0.2784687280654907
290  0.27844324707984924
295  0.27838167548179626
287  0.27835744619369507
1588  0.27833154797554016
1558  0.27831000089645386
1592  0.2783058285713196
1587  0.2782967984676361
257  0.27829018235206604
265  0.27827706933021545
1586  0.2781701683998108
258  0.2781660556793213
1583  0.27800849080085754
260  0.2779883146286011
294  0.2779276371002197
1590  0.27792078256607056
271  0.2778886556625366
248  0.2778520882129669
1591  0.2778145372867584
1299  0.2449781596660614
1653  0.22129657864570618
1302  0.15501531958580017
1336  0.15474452078342438
1331  0.15469233691692352
1342  0.15465497970581055
1325  0.15449464321136475
1323  0.15446415543556213
1338  0.15446315705776215
1348  0.1543167531490326
1330  0.15424753725528717
1333  0.15423190593719482
1322  0.15418805181980133
1311  0.1540946513414383
1312  0.15407335758209229
1340  0.15402652323246002
1339  0.1540101170539856
1305  0.1538621187210083
1332  0.153856560587883
1313  0.153849795460701
1345  0.15384158492088318
1308  0.15377697348594666
1309  0.15374892950057983
1357  0.15374140441417694
1355  0.15373775362968445
1335  0.1537102609872818
1304  0.15369188785552979
1310  0.15366210043430328
1301  0.15363125503063202
1300  0.15360592305660248
1326  0.15358756482601166
1334  0.15358160436153412
1343  0.15351174771785736
1318  0.15349075198173523
1346  0.15346744656562805
1314  0.15338046848773956
1356  0.15329192578792572
1324  0.1532905399799347
1316  0.1532619297504425
1327  0.1532098650932312
1319  0.15318329632282257
1329  0.1530223935842514
1315  0.15300408005714417
1306  0.15299087762832642
1337  0.15294556319713593
1328  0.15291112661361694
1303  0.1529073268175125
1317  0.1529035121202469
1307  0.15286874771118164
1353  0.15284909307956696
1344  0.15281763672828674
1347  0.15269653499126434
1341  0.15268413722515106
1354  0.15258824825286865
1320  0.15250380337238312
1350  0.1524980366230011
1321  0.15246270596981049
1352  0.15235312283039093
1349  0.1522635966539383
1351  0.15209393203258514
178  0.1385301947593689
1102  0.10675664991140366
1066  0.10668464004993439
1106  0.10663314908742905
1100  0.10661985725164413
1095  0.10654588043689728
1089  0.106462761759758
1087  0.10645999014377594
1097  0.1064261645078659
1103  0.10637310892343521
1075  0.10629772394895554
1077  0.10623309761285782
1119  0.1062190979719162
1096  0.10618807375431061
1086  0.10611025243997574
1080  0.10610154271125793
1065  0.10610124468803406
1101  0.10608743131160736
1069  0.10606170445680618
1121  0.10605992376804352
1110  0.1060221791267395
1094  0.1059979796409607
1112  0.10599787533283234
1092  0.10598212480545044
1073  0.10597999393939972
1099  0.10597037523984909
1091  0.1059412807226181
1107  0.10593251883983612
1085  0.10593202710151672
1067  0.10592970252037048
1064  0.10589872300624847
1109  0.10589604079723358
1078  0.10589089244604111
1072  0.10589073598384857
1098  0.10588105767965317
1104  0.10587725788354874
1093  0.10587279498577118
1076  0.10586610436439514
1105  0.10586394369602203
1083  0.10583433508872986
1074  0.10582621395587921
1120  0.10579675436019897
1082  0.10578569769859314
1090  0.10577964037656784
1081  0.10570679605007172
1088  0.10569091141223907
1079  0.10566383600234985
1070  0.10566365718841553
1068  0.10565230250358582
1111  0.10563980787992477
1118  0.10563582181930542
1084  0.10563568025827408
1116  0.10562797635793686
1071  0.10562640428543091
1115  0.10554897040128708
1114  0.10553084313869476
1117  0.10553066432476044
1108  0.10544225573539734
1113  0.1053825244307518
1454  0.08058589696884155
1466  0.08049599081277847
1420  0.08049458265304565
1449  0.08047029376029968
1458  0.08046747744083405
1441  0.08044751733541489
1457  0.08043178170919418
1443  0.08042929321527481
1460  0.08042539656162262
1429  0.08042250573635101
1430  0.08038447797298431
1448  0.08037850260734558
1450  0.08034532517194748
1456  0.0803389847278595
1475  0.08033797889947891
1451  0.0803244337439537
1453  0.08029717206954956
1463  0.08029536157846451
1440  0.08027791231870651
1422  0.08026376366615295
1418  0.08023850619792938
1426  0.08022841066122055
1452  0.08022348582744598
1461  0.08021926134824753
1431  0.0802173763513565
1423  0.08020387589931488
1428  0.08020045608282089
1444  0.08018755167722702
1427  0.08018629997968674
1436  0.08015191555023193
1464  0.08013954013586044
1445  0.0801335796713829
1442  0.08012902736663818
1419  0.08012118935585022
1432  0.0800798237323761
1473  0.08007185161113739
1433  0.08006179332733154
1462  0.0800560936331749
1471  0.08004138618707657
1424  0.08001922816038132
1437  0.08000630885362625
1447  0.0800061747431755
1434  0.07999575138092041
1446  0.07997651398181915
1474  0.07997197657823563
1455  0.0799657478928566
1435  0.07996341586112976
1421  0.07989539951086044
1425  0.07987512648105621
1468  0.07983790338039398
1459  0.0798354372382164
1438  0.0798119306564331
1465  0.0798090249300003
1439  0.07977572828531265
1470  0.07977171987295151
1467  0.07976792007684708
1472  0.07975985109806061
1469  0.07960833609104156
414  0.06311741471290588
420  0.03751324862241745
827  0.03742896020412445
453  0.03731025382876396
457  0.03728222846984863
450  0.03725481033325195
446  0.03723805397748947
434  0.0371747650206089
433  0.03712918981909752
432  0.03711796924471855
415  0.037088364362716675
419  0.03704275190830231
422  0.03703789412975311
458  0.037037577480077744
440  0.03700956329703331
460  0.036992236971855164
448  0.03695455193519592
421  0.03695175424218178
442  0.03694600984454155
429  0.036943040788173676
444  0.03694181889295578
416  0.03693636506795883
445  0.03692734241485596
463  0.03692580759525299
418  0.03692078962922096
436  0.03691224753856659
452  0.03691072762012482
449  0.0368984080851078
451  0.03689676150679588
430  0.03689281642436981
424  0.036881137639284134
439  0.03688089922070503
441  0.036880381405353546
467  0.03687482699751854
443  0.036868706345558167
425  0.03683813661336899
447  0.036836836487054825
437  0.03682665154337883
454  0.03680930286645889
455  0.03680510073900223
468  0.03678269684314728
426  0.03675895556807518
466  0.03675881400704384
465  0.036749593913555145
427  0.03674491494894028
469  0.03673279285430908
428  0.03671509027481079
472  0.03670678660273552
423  0.0367024764418602
456  0.03668137639760971
461  0.03667696937918663
417  0.03664473071694374
459  0.03664128854870796
438  0.03661934658885002
431  0.036613885313272476
462  0.03659001737833023
470  0.03657178580760956
471  0.036553964018821716
464  0.03650571405887604
435  0.036456212401390076
1358  0.0364224798977375
1476  0.033945802599191666
355  0.028085118159651756
1122  0.023582784458994865
886  0.017358625307679176
1181  0.008755943737924099
797  0.003071591490879655
807  0.003064812161028385
774  0.0030590074602514505
794  0.0030582803301513195
781  0.003058068221434951
790  0.003056501504033804
806  0.0030560684390366077
769  0.003055211389437318
801  0.0030551389791071415
786  0.0030548020731657743
808  0.0030538756400346756
805  0.0030530712101608515
798  0.0030516579281538725
777  0.003050091676414013
809  0.0030487230978906155
812  0.00304781598970294
772  0.003046758472919464
793  0.0030460490379482508
779  0.0030459100380539894
800  0.0030458318069577217
811  0.0030457305256277323
783  0.0030440338887274265
795  0.0030432757921516895
815  0.003041574964299798
826  0.003041528631001711
776  0.0030407304875552654
810  0.0030406294390559196
817  0.0030404734425246716
770  0.003040441544726491
825  0.003039262257516384
824  0.003039140719920397
796  0.003038522321730852
802  0.0030382887925952673
804  0.0030369050800800323
773  0.0030364119447767735
791  0.0030361488461494446
814  0.0030360824894160032
780  0.003035816829651594
821  0.0030356785282492638
782  0.0030343655962496996
820  0.0030337681528180838
784  0.003033275017514825
771  0.0030326293781399727
787  0.0030325050465762615
778  0.0030317469500005245
785  0.0030314300674945116
813  0.0030310521833598614
799  0.003029130632057786
818  0.003028580918908119
819  0.003028580918908119
788  0.0030282640364021063
792  0.003027423284947872
803  0.0030268908012658358
823  0.0030237326864153147
816  0.0030219131149351597
775  0.003018134506419301
789  0.0030089369975030422
984  0.0030064976308494806
822  0.0030059260316193104
948  0.0029988177120685577
974  0.0029904779512435198
982  0.0029882523231208324
971  0.0029865310061722994
979  0.002985471859574318
985  0.0029823454096913338
973  0.002981404075399041
977  0.0029811745043843985
956  0.0029778287280350924
988  0.0029762748163193464
967  0.0029757595621049404
946  0.0029749025125056505
975  0.0029741188045591116
955  0.002973714843392372
978  0.0029717388097196817
951  0.0029710440430790186
968  0.0029707360081374645
992  0.0029696652200073004
994  0.002969081047922373
1003  0.002969016321003437
983  0.0029683331958949566
957  0.002967926673591137
958  0.0029675879050046206
972  0.0029668882489204407
998  0.002966230968013406
1001  0.0029659264255315065
989  0.0029656528495252132
959  0.002965494990348816
954  0.0029653485398739576
949  0.002965325955301523
1002  0.002964798593893647
962  0.002964756451547146
969  0.0029636374674737453
981  0.0029635305982083082
947  0.002962924540042877
1000  0.0029628966003656387
961  0.0029628314077854156
965  0.00296228239312768
960  0.002959092613309622
991  0.0029579924885183573
980  0.002957635559141636
976  0.0029564236756414175
993  0.0029562998097389936
996  0.0029560946859419346
964  0.002955279778689146
999  0.002954995958134532
952  0.002953476272523403
997  0.0029531558975577354
986  0.002952673239633441
953  0.0029523137491196394
966  0.0029521144460886717
970  0.0029519516974687576
987  0.002951598260551691
950  0.002949423622339964
963  0.002947158645838499
995  0.00294687831774354
990  0.002942961174994707
1654  0.00217826128937304
1664  0.0021766640711575747
1681  0.0021763532422482967
1702  0.002172756940126419
1694  0.0021725541446357965
1689  0.0021703329402953386
1686  0.0021698703058063984
1707  0.002169411862269044
1698  0.0021687804255634546
1711  0.002168735023587942
1673  0.00216810149140656
1687  0.002168024890124798
1678  0.002167270053178072
1660  0.002167016500607133
1693  0.0021669999696314335
1684  0.002166593912988901
1666  0.002166150603443384
1665  0.0021660043857991695
1683  0.002163970610126853
1688  0.0021633324213325977
1669  0.002163190394639969
1697  0.0021622723434120417
1685  0.0021621142514050007
1662  0.002162005053833127
1700  0.002160748466849327
1655  0.002160692820325494
1674  0.0021603351924568415
1658  0.0021599773317575455
1680  0.002159650670364499
1690  0.002159650670364499
1675  0.0021592644043266773
1703  0.002158637624233961
1671  0.0021584220230579376
1672  0.002158054383471608
1663  0.002157516311854124
1682  0.0021570504177361727
1668  0.0021569805685430765
1656  0.0021567135117948055
1692  0.0021549947559833527
1667  0.002154336543753743
1691  0.0021540597081184387
1677  0.0021540471352636814
1699  0.0021539407316595316
1657  0.002153803361579776
1676  0.0021536722779273987
1670  0.002153577981516719
1661  0.0021535204723477364
1706  0.0021530778612941504
1679  0.002152754459530115
1708  0.002152719534933567
1696  0.0021525761112570763
1659  0.0021520822774618864
1704  0.002152025233954191
1710  0.0021520128939300776
1695  0.0021496510598808527
1705  0.0021489737555384636
1701  0.0021471523214131594
1709  0.002142117591574788
1712  0.002045102883130312
1161  0.0014259531162679195
1125  0.0014254316920414567
1148  0.0014243773184716702
1159  0.0014230499509721994
1165  0.0014230405213311315
1154  0.0014229279477149248
1162  0.0014229023363441229
1155  0.0014222655445337296
1156  0.0014221342280507088
1134  0.0014217767165973783
1146  0.0014209779910743237
1180  0.0014208616921678185
1145  0.00142069929279387
1132  0.0014206208288669586
1150  0.0014205260667949915
1139  0.0014205193147063255
1179  0.001420312444679439
1157  0.0014202812453731894
1178  0.0014198458520695567
1144  0.0014198336284607649
1123  0.0014198229182511568
1160  0.0014197350246831775
1164  0.0014197133714333177
1128  0.001419641776010394
1131  0.0014196295524016023
1153  0.0014196052215993404
1136  0.0014194173272699118
1163  0.001419410458765924
1133  0.0014193793758749962
1166  0.0014193091774359345
1152  0.0014192172093316913
1124  0.0014191496884450316
1175  0.001418792991898954
1126  0.0014186820480972528
1135  0.0014186011394485831
1149  0.0014182485174387693
1151  0.0014181797159835696
1138  0.0014177286066114902
1168  0.0014176866970956326
1137  0.0014176178956404328
1171  0.0014172777300700545
1158  0.0014172452501952648
1169  0.0014171440852805972
1140  0.0014168228954076767
1127  0.0014168216148391366
1147  0.0014167838962748647
1173  0.0014166312757879496
1141  0.0014166233595460653
1143  0.0014162658480927348
1142  0.0014162036823108792
1174  0.0014161202125251293
1167  0.0014159880811348557
1172  0.0014159717829898
1170  0.0014158706180751324
1130  0.0014157574623823166
1176  0.0014155835378915071
1177  0.0014154688687995076
1129  0.0014153704978525639
945  0.0013580770464614034
689  0.0013103092787787318
656  0.0013074943562969565
663  0.001307299011386931
679  0.0013058080803602934
682  0.0013055880554020405
661  0.0013050622073933482
651  0.0013047439279034734
693  0.0013044060906395316
668  0.0013037080643698573
676  0.0013034224975854158
686  0.0013032747665420175
694  0.0013032486895099282
683  0.0013031009584665298
659  0.0013025624211877584
687  0.00130251154769212
672  0.0013024036306887865
673  0.0013023825595155358
680  0.0013018406461924314
670  0.0013011314440518618
688  0.0013008230598643422
678  0.0013005565851926804
690  0.0013004960492253304
665  0.0013004093198105693
662  0.0013002111809328198
708  0.001300134346820414
684  0.001300078583881259
654  0.0012999176979064941
697  0.0012999053578823805
658  0.0012996935984119773
677  0.0012996328296139836
696  0.0012996280565857887
655  0.0012994323624297976
660  0.0012994077987968922
707  0.0012993927812203765
675  0.0012992023257538676
691  0.0012991589028388262
669  0.0012988199014216661
685  0.0012987729860469699
681  0.0012985268840566278
664  0.0012984315399080515
666  0.0012980952160432935
657  0.001298054470680654
667  0.0012977455044165254
652  0.001297641545534134
699  0.001297574839554727
695  0.0012971337419003248
703  0.00129708054009825
692  0.0012967026559635997
705  0.001296681584790349
653  0.0012955940328538418
702  0.0012954077683389187
706  0.0012953756377100945
700  0.0012950104428455234
701  0.0012948241783306003
674  0.0012917878339067101
704  0.0012915147235617042
671  0.0012911409139633179
698  0.001288008876144886
650  0.000858027022331953
1535  0.0008458254742436111
1417  0.0007234055665321648
60  0.0007084183162078261
899  0.0007010381086729467
915  0.0007006246014498174
897  0.0006999499746598303
887  0.0006999452598392963
925  0.0006999092292971909
895  0.0006997298332862556
912  0.00069931719917804
892  0.0006993112037889659
916  0.0006992099224589765
919  0.0006989227258600295
904  0.0006988708046264946
913  0.0006988660898059607
924  0.0006988001987338066
909  0.000698699674103409
918  0.0006986763910390437
944  0.0006984040373936296
943  0.0006982217309996486
908  0.0006981717888265848
933  0.0006981478654779494
927  0.0006981166079640388
923  0.0006980373873375356
931  0.0006980234757065773
911  0.000697881099767983
929  0.0006977893062867224
928  0.0006977494340389967
891  0.000697711540851742
901  0.0006976145086809993
922  0.0006976051372475922
932  0.000697592506185174
896  0.0006975313299335539
935  0.0006975187570787966
888  0.0006974469288252294
939  0.0006974117131903768
890  0.0006973631680011749
926  0.0006973339477553964
914  0.0006971598486416042
930  0.0006970980321057141
894  0.000697095412760973
936  0.000697040930390358
937  0.0006970057729631662
906  0.0006969798123463988
903  0.000696829054504633
942  0.0006966982618905604
938  0.000696680333930999
921  0.0006966405198909342
898  0.0006966278306208551
920  0.0006964161293581128
905  0.0006963033229112625
893  0.0006959622842259705
900  0.0006959191523492336
917  0.0006956287543289363
934  0.0006956095458008349
940  0.0006955319549888372
902  0.000695343071129173
941  0.0006952496478334069
889  0.0006949548842385411
907  0.0006947568617761135
910  0.0006942664040252566
108  0.000550677243154496
92  0.0005503345746546984
70  0.0005496588419191539
95  0.0005489619798026979
84  0.0005489227478392422
79  0.0005489148898050189
102  0.000548842188436538
109  0.0005484379944391549
72  0.0005483527202159166
93  0.0005482691340148449
85  0.0005481651169247925
99  0.0005481494590640068
61  0.0005481154657900333
100  0.000548086769413203
62  0.000548037700355053
87  0.000547953590285033
66  0.0005478073726408184
90  0.0005477222730405629
73  0.0005469725583679974
114  0.0005469084717333317
91  0.0005466077127493918
64  0.0005464868736453354
103  0.0005464727873913944
106  0.0005463847774080932
98  0.0005460995016619563
105  0.0005460614920593798
111  0.0005460067768581212
68  0.0005458865780383348
96  0.0005457944935187697
113  0.0005457607330754399
76  0.0005457092192955315
97  0.0005457003717310727
63  0.0005455448990687728
80  0.0005455266800709069
67  0.000545506423804909
112  0.0005454029887914658
86  0.0005453801131807268
89  0.0005450749886222184
78  0.0005447514122352004
75  0.0005447478033602238
77  0.0005446507129818201
116  0.0005445287679322064
104  0.0005445054266601801
117  0.0005444716662168503
81  0.0005443631671369076
65  0.0005441614193841815
71  0.0005441261455416679
69  0.0005440099630504847
118  0.0005439321976155043
107  0.0005435533239506185
88  0.0005434030899778008
101  0.0005433668266050518
74  0.0005432948819361627
115  0.0005431234603747725
82  0.0005427581490948796
83  0.000542284979019314
110  0.0005422658286988735
94  0.0005417229258455336
597  0.00042235886212438345
630  0.0004222425341140479
617  0.0004219515831209719
592  0.0004218623216729611
631  0.0004217855166643858
629  0.0004217593523208052
604  0.00042151540401391685
609  0.00042147800559177995
623  0.0004214740183670074
603  0.00042145189945586026
620  0.0004214370856061578
621  0.0004214330401737243
600  0.0004212876665405929
635  0.00042124142055399716
618  0.0004211435152683407
632  0.0004208954342175275
638  0.00042086176108568907
624  0.00042080116691067815
602  0.0004207743040751666
619  0.00042073981603607535
628  0.0004206760204397142
648  0.0004206467710901052
634  0.0004206307348795235
625  0.0004204358847346157
616  0.0004202539857942611
627  0.00042022272828035057
605  0.00042020954424515367
599  0.00042015142389573157
649  0.0004200889961794019
613  0.0004199359973426908
640  0.00041975712520070374
601  0.00041974111809395254
637  0.00041971952305175364
626  0.0004196974914520979
595  0.0004196091031190008
614  0.0004195563087705523
611  0.00041953110485337675
593  0.00041951669845730066
610  0.0004194799403194338
647  0.0004194563371129334
644  0.00041945354314520955
596  0.0004194499342702329
641  0.00041939070797525346
608  0.0004193659406155348
633  0.0004193052009213716
607  0.000419208052335307
606  0.0004191672778688371
636  0.0004191349435131997
643  0.00041897236951626837
622  0.0004188988823443651
646  0.00041866215178743005
594  0.00041860670899040997
598  0.0004181870899628848
642  0.00041810658876784146
615  0.00041782049811445177
639  0.00041736746788956225
645  0.00041725768824107945
612  0.0004168700543232262
1748  0.0003754285571631044
1766  0.0003736864309757948
1752  0.00037297283415682614
1757  0.0003729472227860242
1753  0.00037291168700903654
1713  0.0003729092131834477
1771  0.0003725140995811671
1742  0.0003724416601471603
1728  0.00037243167753331363
1724  0.00037210097070783377
1761  0.00037205059197731316
1745  0.00037202576640993357
1744  0.00037195481127128005
1727  0.0003719083615578711
1740  0.0003719044616445899
1746  0.0003718006191775203
1723  0.00037178926868364215
1737  0.0003716886567417532
1741  0.0003715940401889384
1747  0.0003715738421306014
1743  0.00037150050047785044
1770  0.0003714991034939885
1765  0.000371398200513795
1733  0.00037130116834305227
1749  0.00037127957330085337
1734  0.00037126190727576613
1763  0.0003712180186994374
1729  0.0003711705794557929
1717  0.00037115043960511684
1719  0.0003711436875164509
1756  0.00037103542126715183
1759  0.00037100008921697736
1726  0.00037096967571415007
1732  0.0003708554431796074
1720  0.0003707875730469823
1754  0.00037065608194097877
1739  0.00037053070263937116
1722  0.00037049216916784644
1721  0.00037047170917503536
1735  0.0003704431001096964
1725  0.00037043142947368324
1731  0.0003704165865201503
1714  0.00037036644062027335
1750  0.0003702845424413681
1764  0.00037024501943960786
1762  0.0003701966779772192
1730  0.00037019490264356136
1736  0.0003701412642840296
1716  0.0003701116074807942
1718  0.00037000508746132255
1755  0.00036993809044361115
1738  0.000369933812180534
1769  0.0003698545042425394
1751  0.0003697980719152838
1760  0.0003697903302963823
1758  0.0003697772917803377
1715  0.00036949999048374593
1767  0.00036933511728420854
1768  0.0003691584279295057
1502  0.0003394939412828535
1517  0.000339374877512455
1522  0.00033920860732905567
1507  0.0003389348275959492
1479  0.00033885211450979114
1486  0.00033880106639117
1525  0.00033877717214636505
1488  0.00033862251439131796
1500  0.0003385618038009852
1485  0.00033841695403680205
1513  0.0003383814764674753
1481  0.0003382489085197449
1499  0.0003382427676115185
1534  0.000338180223479867
1489  0.000338094774633646
1516  0.000338048703270033
1520  0.00033793848706409335
1495  0.0003379040281288326
1482  0.0003377942193765193
1508  0.00033776776399463415
1478  0.00033767218701541424
1515  0.0003376238455530256
1519  0.000337600038619712
1503  0.0003374928783159703
1504  0.000337297999067232
1490  0.0003372523351572454
1532  0.0003371140919625759
1487  0.0003370623744558543
1510  0.0003370446793269366
1496  0.00033699104096740484
1511  0.00033694959711283445
1523  0.0003368246543686837
1509  0.00033679287298582494
1494  0.0003367890021763742
1477  0.00033674982842057943
1533  0.0003366875753272325
1484  0.00033667602110654116
1530  0.0003366050950717181
1512  0.00033654284197837114
1492  0.0003364546282682568
1514  0.0003363724972587079
1491  0.0003362429852131754
1483  0.0003362195857334882
1480  0.0003361631534062326
1501  0.00033601513132452965
1524  0.0003359350666869432
1493  0.000335872609866783
1531  0.00033553142566233873
1505  0.00033552985405549407
1498  0.0003354095679242164
1526  0.0003353482170496136
1529  0.0003353159117978066
1506  0.0003351295890752226
1528  0.0003350954211782664
1518  0.00033498808625154197
1497  0.0003349868056830019
1527  0.0003349698963575065
1521  0.0003348769969306886
1063  0.0002870412135962397
768  0.0002598936262074858
1384  0.00021870658383704722
1401  0.00021862421999685466
1361  0.0002183544565923512
1397  0.000218260582187213
1395  0.00021818566892761737
1390  0.00021811702754348516
1392  0.0002179158036597073
1398  0.00021788882440887392
1382  0.00021782939438708127
1391  0.00021771354658994824
1381  0.00021766932331956923
1370  0.00021756453497800976
1375  0.00021750066662207246
1402  0.00021747348364442587
1414  0.00021745875710621476
1364  0.0002174199908040464
1396  0.00021738599753007293
1368  0.00021732880850322545
1416  0.00021731326705776155
1372  0.0002172738895751536
1389  0.0002172678941860795
1360  0.00021722169185522944
1369  0.00021719952928833663
1399  0.00021719952928833663
1393  0.00021718131029047072
1400  0.0002171581145375967
1387  0.00021715358889196068
1371  0.0002171394880861044
1415  0.00021712499437853694
1385  0.00021711134468205273
1367  0.0002170941443182528
1388  0.00021707180712837726
1380  0.00021705937979277223
1362  0.0002169497311115265
1386  0.00021687486150767654
1411  0.00021684548119083047
1407  0.00021683701197616756
1394  0.00021679319615941495
1363  0.00021678576013073325
1359  0.0002167799830203876
1378  0.0002166875929106027
1404  0.000216680986341089
1373  0.00021664935047738254
1376  0.0002166361518902704
1405  0.0002166266494896263
1406  0.00021661425125785172
1377  0.00021661115169990808
1410  0.0002165952610084787
1366  0.00021658286277670413
1374  0.00021649699192494154
1412  0.00021647654648404568
1383  0.0002164761390304193
1409  0.00021646807726938277
1413  0.00021631456911563873
1403  0.0002162017917726189
1379  0.00021617417223751545
1365  0.00021614965226035565
1408  0.00021597887098323554
1004  0.00021097635908517987
473  0.00011095937225036323
119  9.606457024347037e-05
591  9.466605115449056e-05
151  8.393367170356214e-05
167  8.379906648769975e-05
161  8.376255573239177e-05
131  8.359227649634704e-05
123  8.355179306818172e-05
143  8.355179306818172e-05
149  8.354231249541044e-05
125  8.353689190698788e-05
144  8.351634460268542e-05
121  8.350710413651541e-05
146  8.349914423888549e-05
168  8.347685798071325e-05
132  8.346499089384452e-05
129  8.344883826794103e-05
170  8.341032662428916e-05
159  8.340222120750695e-05
154  8.340070053236559e-05
152  8.335021993843839e-05
138  8.333209552802145e-05
155  8.333209552802145e-05
164  8.3326936874073e-05
173  8.332034485647455e-05
158  8.329714910360053e-05
120  8.328006515512243e-05
150  8.326759416377172e-05
127  8.324012742377818e-05
162  8.321028872160241e-05
136  8.317236643051729e-05
134  8.315817103721201e-05
122  8.314929436892271e-05
165  8.31222569104284e-05
137  8.311869169119745e-05
128  8.311647252412513e-05
171  8.311298734042794e-05
135  8.310442353831604e-05
156  8.309166878461838e-05
148  8.306869131047279e-05
145  8.306180097861215e-05
176  8.30488934298046e-05
157  8.30407370813191e-05
126  8.30336066428572e-05
172  8.301508205477148e-05
175  8.299868932226673e-05
177  8.298223838210106e-05
141  8.297922613564879e-05
163  8.29646669444628e-05
140  8.295462612295523e-05
130  8.291595440823585e-05
124  8.290765254059806e-05
139  8.288567187264562e-05
166  8.28638585517183e-05
153  8.285903459182009e-05
160  8.284079376608133e-05
174  8.28180491225794e-05
147  8.279561006929725e-05
133  8.278235327452421e-05
142  8.267853263532743e-05
169  8.265772339655086e-05
709  7.905296661192551e-05
517  1.2547394362627529e-05
502  1.2543673619802576e-05
506  1.2543625416583382e-05
498  1.254307608178351e-05
504  1.254300423170207e-05
526  1.2541293472168036e-05
481  1.25410188047681e-05
491  1.254099333891645e-05
501  1.2540395800897386e-05
496  1.2539547242340632e-05
485  1.2539080671558622e-05
531  1.2537861948658247e-05
522  1.2537633665488102e-05
479  1.2537598195194732e-05
486  1.2537598195194732e-05
495  1.2537227121356409e-05
499  1.2536223039205652e-05
492  1.2535732821561396e-05
483  1.2535553651105147e-05
505  1.2535338100860827e-05
516  1.2534741472336464e-05
484  1.2533879271359183e-05
493  1.2533545486803632e-05
507  1.2533497283584438e-05
475  1.2533437256934121e-05
480  1.2533116205304395e-05
487  1.253269783774158e-05
528  1.2532565961009823e-05
513  1.2531955690064933e-05
477  1.2531740139820613e-05
490  1.2531310858321376e-05
518  1.2530987078207545e-05
508  1.2530497770057991e-05
509  1.2530497770057991e-05
511  1.2530366802820936e-05
519  1.2530067579064053e-05
512  1.2529829291452188e-05
474  1.2529578270914499e-05
489  1.2529493687907234e-05
478  1.2528980732895434e-05
482  1.2528956176538486e-05
529  1.2528907973319292e-05
520  1.252852689503925e-05
476  1.2528083971119486e-05
524  1.25279884741758e-05
497  1.2527534636319615e-05
515  1.2527522812888492e-05
510  1.2527057151601184e-05
503  1.2526985301519744e-05
514  1.2526555110525806e-05
488  1.2526543287094682e-05
525  1.2526102182164323e-05
527  1.2525956663012039e-05
494  1.2525312740763184e-05
523  1.2525049896794371e-05
530  1.2524632438726258e-05
521  1.2524513294920325e-05
500  1.2523603800218552e-05
296  1.178259844891727e-05
723  1.1605295185290743e-05
715  1.1605151485127863e-05
741  1.1604321116465144e-05
720  1.1603679013205692e-05
748  1.1603501661738846e-05
753  1.1602937775023747e-05
725  1.1602838640101254e-05
735  1.1601234291447327e-05
717  1.1601177902775817e-05
722  1.1601067853916902e-05
752  1.1600934158195741e-05
718  1.1599950084928423e-05
736  1.1599197932810057e-05
726  1.1598921446420718e-05
727  1.1598822311498225e-05
716  1.1598091987252701e-05
744  1.1598091987252701e-05
738  1.1597704542509746e-05
712  1.1596499462029897e-05
755  1.1596354852372315e-05
764  1.1596168405958451e-05
758  1.1596068361541256e-05
732  1.1595991054491606e-05
721  1.1595636351557914e-05
746  1.1595625437621493e-05
743  1.1595526302699e-05
742  1.1595448995649349e-05
749  1.1595161595323589e-05
710  1.159502880909713e-05
714  1.1594852367124986e-05
756  1.1594785064517055e-05
766  1.1594298484851606e-05
733  1.1593944691412617e-05
737  1.1593768249440473e-05
745  1.159374642156763e-05
713  1.1593436283874325e-05
739  1.1593159797484986e-05
719  1.1592441296670586e-05
729  1.1592319424380548e-05
765  1.1592009286687244e-05
747  1.1591888323891908e-05
763  1.1591856491577346e-05
767  1.1591756447160151e-05
761  1.159162275143899e-05
750  1.1591590919124428e-05
724  1.1590651411097497e-05
711  1.1590307622100227e-05
731  1.1589280802581925e-05
751  1.158918075816473e-05
730  1.1589125278987922e-05
762  1.1589003406697884e-05
760  1.1588142115215305e-05
728  1.1587356311792973e-05
740  1.1586782420636155e-05
759  1.158645136456471e-05
754  1.158437407866586e-05
734  1.1584074854908977e-05
757  1.1580685168155469e-05
532  6.691892849630676e-06
1044  5.91809521210962e-06
1008  5.916600002819905e-06
1016  5.9156691349926405e-06
1062  5.915511337661883e-06
1043  5.915167548664613e-06
1013  5.914946996199433e-06
1020  5.913097083976027e-06
1051  5.912882897973759e-06
1036  5.911885182285914e-06
1005  5.911648258916102e-06
1022  5.9110057009093e-06
1007  5.910475465498166e-06
1049  5.91026719121146e-06
1039  5.9101375882164575e-06
1026  5.909765604883432e-06
1025  5.909607807552675e-06
1014  5.909455467190128e-06
1041  5.90935405853088e-06
1034  5.9088356465508696e-06
1054  5.90860508964397e-06
1017  5.908581897529075e-06
1018  5.908356797590386e-06
1046  5.908029379497748e-06
1053  5.907669674343197e-06
1038  5.907274953642627e-06
1032  5.906779279030161e-06
1048  5.906091701035621e-06
1061  5.905675152462209e-06
1027  5.9054555094917305e-06
1028  5.90539366385201e-06
1045  5.905072157474933e-06
1059  5.90435229241848e-06
1011  5.904267709411215e-06
1019  5.904188583372161e-06
1040  5.903794317418942e-06
1023  5.9026515373261645e-06
1042  5.902398243051721e-06
1056  5.902353677811334e-06
1030  5.901801159780007e-06
1021  5.901773420191603e-06
1050  5.901345502934419e-06
1029  5.899798452446703e-06
1037  5.899162260902813e-06
1057  5.898729341424769e-06
1010  5.898420113226166e-06
1047  5.8978971537726466e-06
1060  5.8978575907531194e-06
1006  5.8975087995349895e-06
1024  5.896934908378171e-06
1009  5.896069524169434e-06
1031  5.895479262107983e-06
1012  5.894618425372755e-06
1015  5.8942309806298e-06
1035  5.8930672821588814e-06
1058  5.891330602025846e-06
1033  5.89099408898619e-06
1055  5.889258318347856e-06
1052  5.876225714018801e-06
538  5.10838663103641e-06
576  5.107665401737904e-06
563  5.099659119878197e-06
571  5.099299869470997e-06
558  5.0989688133995514e-06
540  5.098439032735769e-06
561  5.0979670049855486e-06
568  5.097267148812534e-06
557  5.095881988381734e-06
575  5.095585038361605e-06
550  5.094861080578994e-06
562  5.094525931781391e-06
554  5.092607352708001e-06
585  5.09143228555331e-06
552  5.090227659820812e-06
545  5.0892717808892485e-06
590  5.0892476792796515e-06
551  5.089174464956159e-06
537  5.088922534923768e-06
569  5.088801117381081e-06
533  5.088757006888045e-06
542  5.08818993694149e-06
564  5.087956651550485e-06
572  5.0878015827038325e-06
560  5.086637429485563e-06
566  5.086535111331614e-06
536  5.086370038043242e-06
549  5.086316832603188e-06
565  5.0863118303823285e-06
541  5.086108558316482e-06
544  5.0855069275712594e-06
573  5.084988060843898e-06
567  5.083737050881609e-06
547  5.083266842120793e-06
570  5.083082669443684e-06
589  5.082525149191497e-06
543  5.082370080344845e-06
578  5.080611117591616e-06
555  5.077665718999924e-06
559  5.077627065475099e-06
584  5.077321930002654e-06
548  5.077200967207318e-06
534  5.076857178210048e-06
546  5.076678007753799e-06
574  5.076537490822375e-06
587  5.075530680187512e-06
588  5.0749404181260616e-06
579  5.074276941741118e-06
582  5.073440206615487e-06
539  5.072975454822881e-06
581  5.071989107818808e-06
580  5.069919097877573e-06
577  5.069256530987332e-06
556  5.068951850262238e-06
586  5.06634705743636e-06
583  5.0659846237977035e-06
535  5.062574928160757e-06
553  5.062483523943229e-06
335  1.2968591818207642e-06
342  1.2965772384632146e-06
332  1.2964857205588487e-06
344  1.296340997214429e-06
328  1.2955364354638732e-06
302  1.2955191550645395e-06
334  1.2955191550645395e-06
298  1.29548220684228e-06
338  1.2954648127561086e-06
314  1.295387050959107e-06
315  1.2950016525792307e-06
321  1.2947497225468396e-06
326  1.2943830824951874e-06
350  1.2943744422955206e-06
297  1.2943398814968532e-06
348  1.2941078466610634e-06
300  1.2939708540216088e-06
301  1.293901732424274e-06
329  1.2938991176270065e-06
311  1.2938338613821543e-06
322  1.2937364317622269e-06
312  1.2936893654114101e-06
345  1.2936660596096772e-06
347  1.2934625601701555e-06
339  1.2933489870192716e-06
327  1.2933379593960126e-06
331  1.2932873687532265e-06
306  1.2932380286656553e-06
336  1.2930789807796828e-06
325  1.2928002206535893e-06
304  1.2925758028359269e-06
349  1.2924243719680817e-06
316  1.2922345149490866e-06
307  1.2921728966830415e-06
351  1.2921655070385896e-06
323  1.2919658729515504e-06
320  1.2919177834191942e-06
352  1.2917957974423189e-06
333  1.2916541436425177e-06
341  1.2916061677969992e-06
313  1.2916012792629772e-06
346  1.2915877505292883e-06
309  1.2914349554193905e-06
318  1.2913769751321524e-06
354  1.2912846614199225e-06
305  1.291012495130417e-06
303  1.2910003306387807e-06
299  1.2908881217299495e-06
324  1.2907529480798985e-06
319  1.2907034943054896e-06
340  1.2906001529700006e-06
330  1.2905460380352451e-06
337  1.2905152289022226e-06
343  1.2904304185212823e-06
308  1.2903318520329776e-06
317  1.2900304682261776e-06
310  1.2887257980764844e-06
353  1.288653265874018e-06
